0 0 2177.64 5.36538
0 1 2177.64 4.96154
0 2 2177.64 5.5
0 3 2177.64 5.17308
0 4 2177.64 4.63462
0 5 2177.64 4.19231
0 6 2177.64 4.71154
0 7 2177.64 3.28846
0 8 2177.64 3.53846
0 9 2177.64 2.92308
0 10 2177.64 2.65385
0 11 2177.64 2.63462
0 12 2177.64 2.69231
0 13 2177.64 2.01923
0 14 2177.64 1.86538
0 15 2177.64 2.32692
0 16 2177.64 2.86538
0 17 2177.64 3.38462
0 18 2177.64 4.36538
0 19 2177.64 5.07692
0 20 2177.64 6.82692
0 21 2177.64 7.44231
0 22 2177.64 7.57692
0 23 2177.64 9.07692
0 24 2177.64 9.69231
0 25 2177.64 10.4038
0 26 2177.64 10.7885
0 27 2177.64 10.3846
0 28 2177.64 10.5769
0 29 2177.64 8.65385
0 30 2177.64 9.05769
0 31 2177.64 9.09615
0 32 2177.64 9.07692
0 33 2177.64 8.48077
0 34 2177.64 8.86538
0 35 2177.64 8.15385
0 36 2177.64 8
0 37 2177.64 6.86538
0 38 2177.64 6.92308
0 39 2177.64 6.5
0 40 2177.64 6.25
0 41 2177.64 6.5
0 42 2177.64 6.13462
0 43 2177.64 6.34615
0 44 2177.64 6.90385
0 45 2177.64 6.57692
0 46 2177.64 5.15385
0 47 2177.64 5.57692
0 48 2177.64 5.03846
0 49 2177.64 5.26923
0 50 2177.64 4.28846
0 51 2177.64 4.32692
0 52 2177.64 3.38462
0 53 2177.64 3.71154
0 54 2177.64 2.86538
0 55 2177.64 2.61538
0 56 2177.64 2.38462
0 57 2177.64 2.15385
0 58 2177.64 2.09615
0 59 2177.64 2.05769
0 60 2177.64 2.01923
0 61 2177.64 1.63462
0 62 2177.64 2.09615
0 63 2177.64 1.69231
0 64 2177.64 2.36538
0 65 2177.64 2.90385
0 66 2177.64 3.69231
0 67 2177.64 5.32692
0 68 2177.64 6.32692
0 69 2177.64 6.75
0 70 2177.64 7.38462
0 71 2177.64 10.0962
0 72 2177.64 9.73077
0 73 2177.64 10.6346
0 74 2177.64 11.2885
0 75 2177.64 11.3269
0 76 2177.64 10.5577
0 77 2177.64 10.6346
0 78 2177.64 9.84615
0 79 2177.64 10.0769
0 80 2177.64 8.92308
0 81 2177.64 9.03846
0 82 2177.64 7.96154
0 83 2177.64 7.80769
0 84 2177.64 7.07692
0 85 2177.64 7.65385
0 86 2177.64 7.76923
0 87 2177.64 7.30769
0 88 2177.64 7.26923
0 89 2177.64 7.32692
0 90 2177.64 7.11538
0 91 2177.64 7
0 92 2177.64 6.09615
0 93 2177.64 5.75
0 94 2177.64 5.23077
0 95 2177.64 5.03846
0 96 2177.64 4.32692
0 97 2177.64 4.51923
0 98 2177.64 3.63462
0 99 2177.64 3.82692
0 100 2177.64 3.40385
0 101 2177.64 2.75
0 102 2177.64 2.63462
0 103 2177.64 1.96154
0 104 2177.64 2.11538
0 105 2177.64 2.01923
0 106 2177.64 1.59615
0 107 2177.64 1.75
0 108 2177.64 1.76923
0 109 2177.64 1.59615
0 110 2177.64 1.48077
0 111 2177.64 1.65385
0 112 2177.64 2.21154
0 113 2177.64 2.73077
0 114 2177.64 3.73077
0 115 2177.64 4.73077
0 116 2177.64 5.48077
0 117 2177.64 6.5
0 118 2177.64 7.17308
0 119 2177.64 8.82692
0 120 2177.64 8.78846
0 121 2177.64 10.3269
0 122 2177.64 9.67308
0 123 2177.64 10.3077
0 124 2177.64 9.94231
0 125 2177.64 10.0962
0 126 2177.64 10.0385
0 127 2177.64 8.61538
0 128 2177.64 9.53846
0 129 2177.64 8.59615
0 130 2177.64 8.09615
0 131 2177.64 7.25
0 132 2177.64 7
0 133 2177.64 6.61538
0 134 2177.64 6.53846
0 135 2177.64 7.11538
0 136 2177.64 5.94231
0 137 2177.64 6.76923
0 138 2177.64 6.5
0 139 2177.64 5.92308
0 140 2177.64 5.98077
0 141 2177.64 5.57692
0 142 2177.64 5.38462
0 143 2177.64 4.65385
0 144 2177.64 4.65385
0 145 2177.64 4.30769
0 146 2177.64 3.94231
0 147 2177.64 4
0 148 2177.64 2.94231
0 149 2177.64 2.94231
0 150 2177.64 2.80769
0 151 2177.64 2.34615
0 152 2177.64 2.51923
0 153 2177.64 1.98077
0 154 2177.64 2.05769
0 155 2177.64 1.80769
0 156 2177.64 1.76923
0 157 2177.64 1.76923
0 158 2177.64 1.82692
0 159 2177.64 1.86538
0 160 2177.64 2.36538
0 161 2177.64 2.69231
0 162 2177.64 3.90385
0 163 2177.64 5.09615
0 164 2177.64 6.05769
0 165 2177.64 7.32692
0 166 2177.64 8.59615
0 167 2177.64 8.5
0 168 2177.64 9.86538
0 169 2177.64 10.7885
0 170 2177.64 11.4423
0 171 2177.64 10.4038
0 172 2177.64 10.8654
0 173 2177.64 11.1346
0 174 2177.64 10.1154
0 175 2177.64 10.2115
0 176 2177.64 9.40385
0 177 2177.64 8.98077
0 178 2177.64 7.67308
0 179 2177.64 7.40385
0 180 2177.64 8.5
0 181 2177.64 7.84615
0 182 2177.64 7.86538
0 183 2177.64 7.36538
0 184 2177.64 6.98077
0 185 2177.64 7
0 186 2177.64 7.07692
0 187 2177.64 6.23077
0 188 2177.64 6.44231
0 189 2177.64 6.36538
0 190 2177.64 5.51923
0 191 2177.64 5.5
0 192 2177.64 4.49524
0 193 2177.64 4.81905
0 194 2177.64 4.68571
0 195 2177.64 3.71429
0 196 2177.64 3.50476
0 197 2177.64 3.27619
0 198 2177.64 2.7619
0 199 2177.64 2.72381
0 200 2177.64 2.81905
0 201 2177.64 2.57143
0 202 2177.64 2.28571
0 203 2177.64 2.30476
0 204 2177.64 1.94286
0 205 2177.64 2.0381
0 206 2177.64 1.6381
0 207 2177.64 1.54286
0 208 2177.64 2.66667
0 209 2177.64 3.04762
0 210 2177.64 3.86667
0 211 2177.64 4.95238
0 212 2177.64 5.6
0 213 2177.64 6.97143
0 214 2177.64 8.01905
0 215 2177.64 8.3619
0 216 2177.64 8.62857
0 217 2177.64 9.31429
0 218 2177.64 8.62857
0 219 2177.64 10.2857
0 220 2177.64 9.46667
0 221 2177.64 9.10476
0 222 2177.64 9.29524
0 223 2177.64 9.14286
0 224 2177.64 8.38095
0 225 2177.64 8.4
0 226 2177.64 7.00952
0 227 2177.64 7.65714
0 228 2177.64 7.04762
0 229 2177.64 6.72381
0 230 2177.64 6.70476
0 231 2177.64 7.06667
0 232 2177.64 5.9619
0 233 2177.64 6.60952
0 234 2177.64 6.24762
0 235 2177.64 6.7619
0 236 2177.64 5.31429
0 237 2177.64 5.75238
0 238 2177.64 5.18095
0 239 2177.64 5.58095
0 240 2177.64 4.8381
0 241 2177.64 5.10476
0 242 2177.64 4.26667
0 243 2177.64 4.38095
0 244 2177.64 3.71429
0 245 2177.64 3.88571
0 246 2177.64 3.48571
0 247 2177.64 3.67619
0 248 2177.64 3.02857
0 249 2177.64 3.33333
0 250 2177.64 2.41905
0 251 2177.64 2.32381
0 252 2177.64 2.8381
0 253 2177.64 2.87619
0 254 2177.64 2.91429
0 255 2177.64 2.57143
0 256 2177.64 2.68571
0 257 2177.64 3.2381
0 258 2177.64 3.90476
0 259 2177.64 4.70476
0 260 2177.64 5.6381
0 261 2177.64 5.2381
0 262 2177.64 6.81905
0 263 2177.64 7.37143
0 264 2177.64 8.4381
0 265 2177.64 8.53333
0 266 2177.64 8.8
0 267 2177.64 9.10476
0 268 2177.64 9.46667
0 269 2177.64 8.51429
0 270 2177.64 8.85714
0 271 2177.64 8.74286
0 272 2177.64 8.70476
0 273 2177.64 7.69524
0 274 2177.64 7.02857
0 275 2177.64 6.0381
0 276 2177.64 6.8
0 277 2177.64 6.87619
0 278 2177.64 6.99048
0 279 2177.64 6.66667
0 280 2177.64 6.51429
0 281 2177.64 5.90476
0 282 2177.64 6.17143
0 283 2177.64 6.07619
0 284 2177.64 7.31429
0 285 2177.64 6.24762
0 286 2177.64 6.30476
0 287 2177.64 6.22857
0 288 2177.64 4.91429
0 289 2177.64 5.6
0 290 2177.64 4.87619
0 291 2177.64 4.87619
0 292 2177.64 4.24762
0 293 2177.64 4.66667
0 294 2177.64 3.92381
0 295 2177.64 4.3619
0 296 2177.64 3.6381
0 297 2177.64 3.27619
0 298 2177.64 3.37143
0 299 2177.64 3.6381
0 300 2177.64 3.12381
0 301 2177.64 3.06667
0 302 2177.64 3.10476
0 303 2177.64 3.18095
0 304 2177.64 3.14286
0 305 2177.64 3.69524
0 306 2177.64 4.19048
0 307 2177.64 4.7619
0 308 2177.64 5.67619
0 309 2177.64 5.46667
0 310 2177.64 6.13333
0 311 2177.64 7.2
0 312 2177.64 7.92381
0 313 2177.64 8.53333
0 314 2177.64 8.30476
0 315 2177.64 10
0 316 2177.64 8.97143
0 317 2177.64 9.40952
0 318 2177.64 8.32381
0 319 2177.64 8.51429
0 320 2177.64 8.26667
0 321 2177.64 7.77143
0 322 2177.64 6.57143
0 323 2177.64 6.7619
0 324 2177.64 6.81905
0 325 2177.64 6.8381
0 326 2177.64 6.45714
0 327 2177.64 6.51429
0 328 2177.64 6.32381
0 329 2177.64 6.26667
0 330 2177.64 5.94286
0 331 2177.64 7.14286
0 332 2177.64 6.4
0 333 2177.64 6.57143
0 334 2177.64 5.6
0 335 2177.64 5.6381
1 0 2177.64 1.67308
1 1 2177.64 1.13462
1 2 2177.64 1.30769
1 3 2177.64 1.32692
1 4 2177.64 1.26923
1 5 2177.64 1.19231
1 6 2177.64 1.34615
1 7 2177.64 0.903846
1 8 2177.64 0.961538
1 9 2177.64 1.01923
1 10 2177.64 0.788462
1 11 2177.64 0.788462
1 12 2177.64 0.884615
1 13 2177.64 0.596154
1 14 2177.64 0.769231
1 15 2177.64 0.634615
1 16 2177.64 1.01923
1 17 2177.64 1.09615
1 18 2177.64 1.71154
1 19 2177.64 1.92308
1 20 2177.64 2.80769
1 21 2177.64 3.19231
1 22 2177.64 3.90385
1 23 2177.64 4.82692
1 24 2177.64 4.55769
1 25 2177.64 4.84615
1 26 2177.64 5.15385
1 27 2177.64 5.61538
1 28 2177.64 5
1 29 2177.64 5.15385
1 30 2177.64 4.05769
1 31 2177.64 4.36538
1 32 2177.64 4.28846
1 33 2177.64 4.34615
1 34 2177.64 4.13462
1 35 2177.64 3.73077
1 36 2177.64 3.80769
1 37 2177.64 3.21154
1 38 2177.64 2.98077
1 39 2177.64 3.44231
1 40 2177.64 3.19231
1 41 2177.64 3.30769
1 42 2177.64 2.92308
1 43 2177.64 3.07692
1 44 2177.64 2.28846
1 45 2177.64 1.90385
1 46 2177.64 2.32692
1 47 2177.64 1.92308
1 48 2177.64 2.19231
1 49 2177.64 1.90385
1 50 2177.64 1.71154
1 51 2177.64 1.28846
1 52 2177.64 1.42308
1 53 2177.64 1.17308
1 54 2177.64 0.923077
1 55 2177.64 1.03846
1 56 2177.64 1.09615
1 57 2177.64 0.730769
1 58 2177.64 0.673077
1 59 2177.64 0.634615
1 60 2177.64 0.807692
1 61 2177.64 0.846154
1 62 2177.64 0.692308
1 63 2177.64 0.653846
1 64 2177.64 0.807692
1 65 2177.64 1.23077
1 66 2177.64 1.55769
1 67 2177.64 1.82692
1 68 2177.64 2.46154
1 69 2177.64 3.13462
1 70 2177.64 3.09615
1 71 2177.64 3.59615
1 72 2177.64 4.63462
1 73 2177.64 4.76923
1 74 2177.64 4.57692
1 75 2177.64 4.98077
1 76 2177.64 4.63462
1 77 2177.64 4.07692
1 78 2177.64 3.69231
1 79 2177.64 3.90385
1 80 2177.64 3.61538
1 81 2177.64 3.78846
1 82 2177.64 2.86538
1 83 2177.64 3.53846
1 84 2177.64 3.19231
1 85 2177.64 3.07692
1 86 2177.64 2.98077
1 87 2177.64 3.30769
1 88 2177.64 2.36538
1 89 2177.64 2.84615
1 90 2177.64 2.36538
1 91 2177.64 2.36538
1 92 2177.64 2.19231
1 93 2177.64 2.13462
1 94 2177.64 2.21154
1 95 2177.64 1.69231
1 96 2177.64 1.73077
1 97 2177.64 1.78846
1 98 2177.64 1.63462
1 99 2177.64 1.26923
1 100 2177.64 1.44231
1 101 2177.64 1.23077
1 102 2177.64 1.09615
1 103 2177.64 1.11538
1 104 2177.64 1.01923
1 105 2177.64 0.826923
1 106 2177.64 0.711538
1 107 2177.64 0.673077
1 108 2177.64 0.576923
1 109 2177.64 0.365385
1 110 2177.64 0.615385
1 111 2177.64 0.653846
1 112 2177.64 0.653846
1 113 2177.64 0.75
1 114 2177.64 1.07692
1 115 2177.64 1.46154
1 116 2177.64 2.11538
1 117 2177.64 3.13462
1 118 2177.64 3.32692
1 119 2177.64 3.76923
1 120 2177.64 4.28846
1 121 2177.64 4.15385
1 122 2177.64 4.48077
1 123 2177.64 4.15385
1 124 2177.64 4.15385
1 125 2177.64 4.46154
1 126 2177.64 3.63462
1 127 2177.64 3.75
1 128 2177.64 3.25
1 129 2177.64 3.63462
1 130 2177.64 3.46154
1 131 2177.64 2.73077
1 132 2177.64 2.86538
1 133 2177.64 3.03846
1 134 2177.64 3.09615
1 135 2177.64 2.75
1 136 2177.64 2.73077
1 137 2177.64 2.28846
1 138 2177.64 2.98077
1 139 2177.64 2.25
1 140 2177.64 2.48077
1 141 2177.64 2.21154
1 142 2177.64 2.15385
1 143 2177.64 2.40385
1 144 2177.64 2.26923
1 145 2177.64 2.17308
1 146 2177.64 1.71154
1 147 2177.64 1.75
1 148 2177.64 1.21154
1 149 2177.64 1.42308
1 150 2177.64 1.48077
1 151 2177.64 0.942308
1 152 2177.64 1.23077
1 153 2177.64 0.942308
1 154 2177.64 1.11538
1 155 2177.64 0.826923
1 156 2177.64 0.634615
1 157 2177.64 0.653846
1 158 2177.64 0.673077
1 159 2177.64 0.615385
1 160 2177.64 0.884615
1 161 2177.64 1.21154
1 162 2177.64 1.30769
1 163 2177.64 1.88462
1 164 2177.64 2.42308
1 165 2177.64 2.94231
1 166 2177.64 3.01923
1 167 2177.64 3.53846
1 168 2177.64 4.26923
1 169 2177.64 4.55769
1 170 2177.64 4.03846
1 171 2177.64 4.46154
1 172 2177.64 4.13462
1 173 2177.64 4.48077
1 174 2177.64 3.40385
1 175 2177.64 3.53846
1 176 2177.64 3.53846
1 177 2177.64 3.07692
1 178 2177.64 2.94231
1 179 2177.64 2.75
1 180 2177.64 2.67308
1 181 2177.64 2.61538
1 182 2177.64 1.90385
1 183 2177.64 2.44231
1 184 2177.64 2.80769
1 185 2177.64 2.59615
1 186 2177.64 2.55769
1 187 2177.64 2.23077
1 188 2177.64 2.05769
1 189 2177.64 2.01923
1 190 2177.64 1.63462
1 191 2177.64 1.59615
1 192 2177.64 1.5619
1 193 2177.64 1.18095
1 194 2177.64 1.42857
1 195 2177.64 1.2
1 196 2177.64 1.1619
1 197 2177.64 0.819048
1 198 2177.64 1.06667
1 199 2177.64 0.990476
1 200 2177.64 0.971429
1 201 2177.64 0.666667
1 202 2177.64 0.87619
1 203 2177.64 0.666667
1 204 2177.64 0.685714
1 205 2177.64 0.609524
1 206 2177.64 0.533333
1 207 2177.64 0.438095
1 208 2177.64 0.819048
1 209 2177.64 0.990476
1 210 2177.64 1.46667
1 211 2177.64 1.67619
1 212 2177.64 2.4
1 213 2177.64 2.87619
1 214 2177.64 3.73333
1 215 2177.64 3.9619
1 216 2177.64 4.15238
1 217 2177.64 4.13333
1 218 2177.64 4.89524
1 219 2177.64 4.91429
1 220 2177.64 4.68571
1 221 2177.64 4.30476
1 222 2177.64 3.94286
1 223 2177.64 3.9619
1 224 2177.64 3.27619
1 225 2177.64 3.35238
1 226 2177.64 3.04762
1 227 2177.64 3.39048
1 228 2177.64 3.1619
1 229 2177.64 2.99048
1 230 2177.64 3.42857
1 231 2177.64 2.57143
1 232 2177.64 2.8
1 233 2177.64 3.06667
1 234 2177.64 2.74286
1 235 2177.64 2.57143
1 236 2177.64 2.15238
1 237 2177.64 2.34286
1 238 2177.64 2.09524
1 239 2177.64 2.15238
1 240 2177.64 1.88571
1 241 2177.64 1.79048
1 242 2177.64 1.79048
1 243 2177.64 1.44762
1 244 2177.64 1.5619
1 245 2177.64 1.48571
1 246 2177.64 1.6381
1 247 2177.64 1.42857
1 248 2177.64 1.48571
1 249 2177.64 1.00952
1 250 2177.64 1.14286
1 251 2177.64 1.10476
1 252 2177.64 1.29524
1 253 2177.64 0.895238
1 254 2177.64 1.06667
1 255 2177.64 0.761905
1 256 2177.64 1.1619
1 257 2177.64 1.10476
1 258 2177.64 1.9619
1 259 2177.64 1.71429
1 260 2177.64 2.41905
1 261 2177.64 2.11429
1 262 2177.64 3.10476
1 263 2177.64 3.37143
1 264 2177.64 3.94286
1 265 2177.64 3.86667
1 266 2177.64 4.0381
1 267 2177.64 3.67619
1 268 2177.64 3.71429
1 269 2177.64 4.64762
1 270 2177.64 3.5619
1 271 2177.64 3.50476
1 272 2177.64 3.37143
1 273 2177.64 3.77143
1 274 2177.64 3.31429
1 275 2177.64 3.39048
1 276 2177.64 3.27619
1 277 2177.64 3.06667
1 278 2177.64 2.72381
1 279 2177.64 2.62857
1 280 2177.64 2.19048
1 281 2177.64 2.85714
1 282 2177.64 2.22857
1 283 2177.64 2.49524
1 284 2177.64 2.05714
1 285 2177.64 1.82857
1 286 2177.64 2.22857
1 287 2177.64 1.9619
1 288 2177.64 2.19048
1 289 2177.64 1.84762
1 290 2177.64 1.6
1 291 2177.64 1.80952
1 292 2177.64 1.39048
1 293 2177.64 1.6381
1 294 2177.64 1.50476
1 295 2177.64 1.71429
1 296 2177.64 1.2
1 297 2177.64 1.58095
1 298 2177.64 1.42857
1 299 2177.64 1.14286
1 300 2177.64 1.35238
1 301 2177.64 0.971429
1 302 2177.64 1.00952
1 303 2177.64 0.761905
1 304 2177.64 1.06667
1 305 2177.64 1.31429
1 306 2177.64 1.39048
1 307 2177.64 2.01905
1 308 2177.64 1.92381
1 309 2177.64 2.05714
1 310 2177.64 2.74286
1 311 2177.64 2.70476
1 312 2177.64 3.02857
1 313 2177.64 3.90476
1 314 2177.64 3.6381
1 315 2177.64 3.86667
1 316 2177.64 3.75238
1 317 2177.64 3.82857
1 318 2177.64 3.21905
1 319 2177.64 3.67619
1 320 2177.64 3.48571
1 321 2177.64 2.95238
1 322 2177.64 2.72381
1 323 2177.64 2.68571
1 324 2177.64 2.99048
1 325 2177.64 2.55238
1 326 2177.64 2.3619
1 327 2177.64 2.64762
1 328 2177.64 2.38095
1 329 2177.64 2.38095
1 330 2177.64 2.05714
1 331 2177.64 2.11429
1 332 2177.64 1.86667
1 333 2177.64 1.67619
1 334 2177.64 1.48571
1 335 2177.64 1.10476
2 0 2177.64 4.28846
2 1 2177.64 3.96154
2 2 2177.64 4.09615
2 3 2177.64 3.38462
2 4 2177.64 3.53846
2 5 2177.64 3.30769
2 6 2177.64 3.65385
2 7 2177.64 2.55769
2 8 2177.64 2.53846
2 9 2177.64 2.5
2 10 2177.64 1.80769
2 11 2177.64 1.65385
2 12 2177.64 2.28846
2 13 2177.64 1.76923
2 14 2177.64 1.82692
2 15 2177.64 1.80769
2 16 2177.64 1.82692
2 17 2177.64 2.34615
2 18 2177.64 3.65385
2 19 2177.64 5.05769
2 20 2177.64 5.34615
2 21 2177.64 6.15385
2 22 2177.64 7.53846
2 23 2177.64 8.46154
2 24 2177.64 9.03846
2 25 2177.64 9
2 26 2177.64 8.75
2 27 2177.64 10.5192
2 28 2177.64 9.5
2 29 2177.64 9.67308
2 30 2177.64 8.42308
2 31 2177.64 8.13462
2 32 2177.64 8.03846
2 33 2177.64 8.48077
2 34 2177.64 6.76923
2 35 2177.64 6.46154
2 36 2177.64 6.46154
2 37 2177.64 6.84615
2 38 2177.64 7.19231
2 39 2177.64 6.42308
2 40 2177.64 6.51923
2 41 2177.64 6.55769
2 42 2177.64 5.82692
2 43 2177.64 6.19231
2 44 2177.64 5.23077
2 45 2177.64 4.88462
2 46 2177.64 4.88462
2 47 2177.64 4.13462
2 48 2177.64 4.88462
2 49 2177.64 4.19231
2 50 2177.64 4.15385
2 51 2177.64 3.88462
2 52 2177.64 3.40385
2 53 2177.64 3.26923
2 54 2177.64 2.40385
2 55 2177.64 2.73077
2 56 2177.64 1.98077
2 57 2177.64 2.15385
2 58 2177.64 1.5
2 59 2177.64 1.67308
2 60 2177.64 1.55769
2 61 2177.64 1.46154
2 62 2177.64 1.38462
2 63 2177.64 1.13462
2 64 2177.64 1.76923
2 65 2177.64 2.07692
2 66 2177.64 3.19231
2 67 2177.64 4.07692
2 68 2177.64 4.53846
2 69 2177.64 5.30769
2 70 2177.64 6.28846
2 71 2177.64 7.32692
2 72 2177.64 7.71154
2 73 2177.64 8.53846
2 74 2177.64 8.26923
2 75 2177.64 8.73077
2 76 2177.64 8.46154
2 77 2177.64 8.44231
2 78 2177.64 7.76923
2 79 2177.64 7.48077
2 80 2177.64 7.34615
2 81 2177.64 7.48077
2 82 2177.64 6.48077
2 83 2177.64 6.55769
2 84 2177.64 5.92308
2 85 2177.64 5.19231
2 86 2177.64 5.88462
2 87 2177.64 6.03846
2 88 2177.64 5.96154
2 89 2177.64 5.30769
2 90 2177.64 5.5
2 91 2177.64 5.59615
2 92 2177.64 6.11538
2 93 2177.64 6.05769
2 94 2177.64 5.25
2 95 2177.64 5.34615
2 96 2177.64 5.5
2 97 2177.64 5.03846
2 98 2177.64 4.44231
2 99 2177.64 3.98077
2 100 2177.64 4.25
2 101 2177.64 3.55769
2 102 2177.64 3.51923
2 103 2177.64 3.01923
2 104 2177.64 2.84615
2 105 2177.64 2.25
2 106 2177.64 1.71154
2 107 2177.64 1.76923
2 108 2177.64 1.57692
2 109 2177.64 1.57692
2 110 2177.64 1.80769
2 111 2177.64 1.5
2 112 2177.64 1.92308
2 113 2177.64 2.44231
2 114 2177.64 3.25
2 115 2177.64 4.32692
2 116 2177.64 4.59615
2 117 2177.64 4.84615
2 118 2177.64 6.57692
2 119 2177.64 7.59615
2 120 2177.64 8.51923
2 121 2177.64 8.30769
2 122 2177.64 9.21154
2 123 2177.64 9.82692
2 124 2177.64 8.34615
2 125 2177.64 8.23077
2 126 2177.64 7.92308
2 127 2177.64 7.57692
2 128 2177.64 6.94231
2 129 2177.64 6.94231
2 130 2177.64 6.17308
2 131 2177.64 6.13462
2 132 2177.64 5.94231
2 133 2177.64 6.11538
2 134 2177.64 6.42308
2 135 2177.64 6.32692
2 136 2177.64 6.26923
2 137 2177.64 5.96154
2 138 2177.64 5.34615
2 139 2177.64 5.21154
2 140 2177.64 5.42308
2 141 2177.64 4.44231
2 142 2177.64 4.65385
2 143 2177.64 4.46154
2 144 2177.64 4.23077
2 145 2177.64 4.69231
2 146 2177.64 3.63462
2 147 2177.64 3.55769
2 148 2177.64 3.55769
2 149 2177.64 3.51923
2 150 2177.64 2.51923
2 151 2177.64 3.07692
2 152 2177.64 2.17308
2 153 2177.64 2.46154
2 154 2177.64 2.05769
2 155 2177.64 1.59615
2 156 2177.64 1.92308
2 157 2177.64 1.48077
2 158 2177.64 1.28846
2 159 2177.64 1.5
2 160 2177.64 1.61538
2 161 2177.64 1.80769
2 162 2177.64 2.73077
2 163 2177.64 3.53846
2 164 2177.64 4.96154
2 165 2177.64 4.84615
2 166 2177.64 6.44231
2 167 2177.64 5.63462
2 168 2177.64 7.69231
2 169 2177.64 7.25
2 170 2177.64 8.19231
2 171 2177.64 8.69231
2 172 2177.64 7.34615
2 173 2177.64 7.88462
2 174 2177.64 6.92308
2 175 2177.64 6.98077
2 176 2177.64 6.61538
2 177 2177.64 7.11538
2 178 2177.64 5.90385
2 179 2177.64 5.94231
2 180 2177.64 6.53846
2 181 2177.64 5.34615
2 182 2177.64 5.75
2 183 2177.64 4.94231
2 184 2177.64 5.51923
2 185 2177.64 4.69231
2 186 2177.64 4.82692
2 187 2177.64 5.21154
2 188 2177.64 4.61538
2 189 2177.64 5.09615
2 190 2177.64 4.88462
2 191 2177.64 4.82692
2 192 2177.64 4.78095
2 193 2177.64 4.15238
2 194 2177.64 4.17143
2 195 2177.64 3.94286
2 196 2177.64 3.73333
2 197 2177.64 3.71429
2 198 2177.64 3.1619
2 199 2177.64 2.81905
2 200 2177.64 2.7619
2 201 2177.64 2.26667
2 202 2177.64 1.98095
2 203 2177.64 2.07619
2 204 2177.64 1.79048
2 205 2177.64 1.6
2 206 2177.64 1.52381
2 207 2177.64 1.10476
2 208 2177.64 1.9619
2 209 2177.64 2.26667
2 210 2177.64 3.37143
2 211 2177.64 3.92381
2 212 2177.64 4.45714
2 213 2177.64 5.90476
2 214 2177.64 6.4
2 215 2177.64 6.30476
2 216 2177.64 7.14286
2 217 2177.64 7.9619
2 218 2177.64 8.62857
2 219 2177.64 8.4381
2 220 2177.64 8.11429
2 221 2177.64 7.90476
2 222 2177.64 8.4381
2 223 2177.64 7.46667
2 224 2177.64 7.48571
2 225 2177.64 8.0381
2 226 2177.64 6.34286
2 227 2177.64 5.6381
2 228 2177.64 5.88571
2 229 2177.64 5.44762
2 230 2177.64 5.67619
2 231 2177.64 5.5619
2 232 2177.64 6
2 233 2177.64 5.6381
2 234 2177.64 4.47619
2 235 2177.64 4.87619
2 236 2177.64 5.06667
2 237 2177.64 5.08571
2 238 2177.64 3.92381
2 239 2177.64 3.82857
2 240 2177.64 3.94286
2 241 2177.64 3.9619
2 242 2177.64 3.27619
2 243 2177.64 3.50476
2 244 2177.64 3.25714
2 245 2177.64 3.2381
2 246 2177.64 2.85714
2 247 2177.64 2.66667
2 248 2177.64 2.8381
2 249 2177.64 2.24762
2 250 2177.64 2.34286
2 251 2177.64 2.20952
2 252 2177.64 2.41905
2 253 2177.64 2.22857
2 254 2177.64 1.75238
2 255 2177.64 1.65714
2 256 2177.64 2.15238
2 257 2177.64 2.49524
2 258 2177.64 3.14286
2 259 2177.64 3.58095
2 260 2177.64 4.49524
2 261 2177.64 4.3619
2 262 2177.64 5.6
2 263 2177.64 6.51429
2 264 2177.64 6.93333
2 265 2177.64 7.84762
2 266 2177.64 8.38095
2 267 2177.64 9.6381
2 268 2177.64 8.34286
2 269 2177.64 8.13333
2 270 2177.64 7.79048
2 271 2177.64 7.67619
2 272 2177.64 7.52381
2 273 2177.64 6.74286
2 274 2177.64 6.68571
2 275 2177.64 5.9619
2 276 2177.64 6.4381
2 277 2177.64 6.17143
2 278 2177.64 5.92381
2 279 2177.64 6.55238
2 280 2177.64 5.69524
2 281 2177.64 6.41905
2 282 2177.64 5.08571
2 283 2177.64 5.18095
2 284 2177.64 4.47619
2 285 2177.64 4.59048
2 286 2177.64 4.19048
2 287 2177.64 4.28571
2 288 2177.64 4.30476
2 289 2177.64 4.05714
2 290 2177.64 3.90476
2 291 2177.64 4.11429
2 292 2177.64 3.6
2 293 2177.64 3.84762
2 294 2177.64 3.6381
2 295 2177.64 2.81905
2 296 2177.64 3.33333
2 297 2177.64 3.21905
2 298 2177.64 3.27619
2 299 2177.64 2.72381
2 300 2177.64 2.11429
2 301 2177.64 2.32381
2 302 2177.64 2.01905
2 303 2177.64 1.46667
2 304 2177.64 1.75238
2 305 2177.64 2.41905
2 306 2177.64 2.66667
2 307 2177.64 3.37143
2 308 2177.64 4.11429
2 309 2177.64 4.53333
2 310 2177.64 5.33333
2 311 2177.64 5.37143
2 312 2177.64 6.13333
2 313 2177.64 5.75238
2 314 2177.64 7.04762
2 315 2177.64 7.33333
2 316 2177.64 6.32381
2 317 2177.64 6.26667
2 318 2177.64 6.13333
2 319 2177.64 6.17143
2 320 2177.64 5.65714
2 321 2177.64 5.80952
2 322 2177.64 5.33333
2 323 2177.64 5.14286
2 324 2177.64 4.91429
2 325 2177.64 5.5619
2 326 2177.64 5.12381
2 327 2177.64 5.08571
2 328 2177.64 4.91429
2 329 2177.64 4.85714
2 330 2177.64 4.55238
2 331 2177.64 4.60952
2 332 2177.64 4.19048
2 333 2177.64 4.57143
2 334 2177.64 4.53333
2 335 2177.64 4.07619
