0 0 1.56478 1.50476
0 1 1.26229 1.18095
0 2 1.43593 1.37143
0 3 1.26347 1.2
0 4 1.23782 1.18095
0 5 0.884916 0.8
0 6 1.13988 1.06667
0 7 1.02718 0.914286
0 8 1.03254 0.952381
0 9 0.692082 0.647619
0 10 0.955195 0.87619
0 11 0.727108 0.647619
0 12 0.750875 0.685714
0 13 0.66788 0.609524
0 14 0.603583 0.552381
0 15 0.539338 0.438095
0 16 0.897513 0.8
0 17 1.03885 0.971429
0 18 1.57707 1.48571
0 19 1.7754 1.69524
0 20 2.42198 2.34286
0 21 2.94385 2.87619
0 22 3.58728 3.5619
0 23 3.71562 3.69524
0 24 4.10124 4.07619
0 25 4.02904 3.9619
0 26 4.87824 4.85714
0 27 4.8062 4.78095
0 28 4.57348 4.55238
0 29 4.15507 4.13333
0 30 3.77497 3.75238
0 31 3.81856 3.79048
0 32 3.33613 3.25714
0 33 3.25132 3.18095
0 34 3.03006 3.00952
0 35 3.28875 3.27619
0 36 3.04863 3.02857
0 37 2.93565 2.87619
0 38 3.41032 3.39048
0 39 2.57569 2.55238
0 40 2.87743 2.85714
0 41 3.01141 2.99048
0 42 2.72558 2.70476
0 43 2.56826 2.49524
0 44 2.15423 2.09524
0 45 2.34868 2.26667
0 46 2.09857 2.0381
0 47 2.11209 2.0381
0 48 1.92891 1.86667
0 49 1.81511 1.75238
0 50 1.76363 1.71429
0 51 1.48106 1.40952
0 52 1.59847 1.54286
0 53 1.56019 1.50476
0 54 1.71292 1.65714
0 55 1.43296 1.37143
0 56 1.47686 1.40952
0 57 1.06145 0.990476
0 58 1.18354 1.10476
0 59 1.1578 1.08571
0 60 1.36762 1.25714
0 61 0.950354 0.87619
0 62 1.1166 1.04762
0 63 0.831693 0.742857
0 64 1.18436 1.12381
0 65 1.20504 1.12381
0 66 2.01794 1.9619
0 67 1.7188 1.65714
0 68 2.49982 2.45714
0 69 2.10795 2.05714
0 70 3.05825 2.99048
0 71 3.30018 3.27619
0 72 3.95876 3.94286
0 73 3.66683 3.6
0 74 3.92781 3.90476
0 75 3.58338 3.5619
0 76 3.49539 3.44762
0 77 4.66574 4.64762
0 78 3.40467 3.39048
0 79 3.39716 3.35238
0 80 3.24522 3.2
0 81 3.77569 3.75238
0 82 3.20576 3.2
0 83 3.31718 3.29524
0 84 3.1419 3.08571
0 85 3.07478 3.02857
0 86 2.64994 2.62857
0 87 2.68843 2.66667
0 88 2.13175 2.07619
0 89 2.89338 2.8381
0 90 2.18853 2.15238
0 91 2.45133 2.38095
0 92 2.07965 2.01905
0 93 1.95985 1.88571
0 94 2.24741 2.20952
0 95 1.92402 1.86667
0 96 2.17669 2.11429
0 97 1.92446 1.82857
0 98 1.56479 1.48571
0 99 1.86529 1.80952
0 100 1.42389 1.37143
0 101 1.68752 1.61905
0 102 1.52348 1.44762
0 103 1.72655 1.65714
0 104 1.18894 1.12381
0 105 1.6012 1.52381
0 106 1.42355 1.37143
0 107 1.19874 1.12381
0 108 1.44408 1.35238
0 109 1.02322 0.952381
0 110 1.06311 0.990476
0 111 0.820295 0.742857
0 112 1.1008 1.04762
0 113 1.35416 1.27619
0 114 1.42225 1.37143
0 115 2.0353 1.98095
0 116 1.93248 1.86667
0 117 2.09619 2.01905
0 118 2.64716 2.62857
0 119 2.53561 2.51429
0 120 2.91427 2.85714
0 121 3.75437 3.73333
0 122 3.68336 3.65714
0 123 3.75375 3.73333
0 124 3.59999 3.58095
0 125 3.74788 3.69524
0 126 3.22357 3.2
0 127 3.69902 3.67619
0 128 3.44467 3.42857
0 129 2.96504 2.93333
0 130 2.78723 2.74286
0 131 2.6306 2.60952
0 132 3.0142 2.99048
0 133 2.60902 2.59048
0 134 2.37668 2.30476
0 135 2.6493 2.59048
0 136 2.31321 2.24762
0 137 2.40671 2.34286
0 138 2.01506 1.94286
0 139 2.17773 2.09524
0 140 1.8876 1.86667
0 141 1.70361 1.6381
0 142 1.50225 1.44762
0 143 1.11683 1.04762
0 144 1.72856 1.6381
0 145 1.0986 1.00952
0 146 1.37099 1.27619
0 147 1.27556 1.21905
0 148 1.31947 1.2381
0 149 1.27271 1.2
0 150 1.38084 1.29524
0 151 0.971833 0.895238
0 152 0.992618 0.914286
0 153 1.08694 1.00952
0 154 0.845653 0.761905
0 155 0.863713 0.780952
0 156 0.928345 0.87619
0 157 0.653276 0.571429
0 158 0.828544 0.761905
0 159 0.698062 0.628571
0 160 1.08446 1.00952
0 161 1.15269 1.08571
0 162 1.75725 1.71429
0 163 1.867 1.80952
0 164 2.79004 2.7619
0 165 3.22342 3.2
0 166 3.79149 3.77143
0 167 4.51183 4.49524
0 168 4.32658 4.30476
0 169 4.76135 4.74286
0 170 4.97086 4.95238
0 171 5.50674 5.48571
0 172 4.7875 4.7619
0 173 5.01462 4.99048
0 174 3.94024 3.92381
0 175 4.20518 4.19048
0 176 4.15363 4.13333
0 177 4.2771 4.20952
0 178 4.03954 4
0 179 3.76747 3.75238
0 180 3.71377 3.69524
0 181 3.14905 3.12381
0 182 2.85308 2.8381
0 183 3.43374 3.40952
0 184 3.09677 3.06667
0 185 3.16407 3.14286
0 186 2.85403 2.81905
0 187 3.07483 3.04762
0 188 2.30015 2.20952
0 189 1.89382 1.82857
0 190 2.2885 2.22857
0 191 1.96681 1.90476
0 192 2.23329 2.15385
0 193 1.91243 1.84615
0 194 1.72764 1.67308
0 195 1.21688 1.17308
0 196 1.45243 1.36538
0 197 1.21972 1.13462
0 198 0.99042 0.884615
0 199 1.08125 1
0 200 1.16126 1.09615
0 201 0.805676 0.730769
0 202 0.717061 0.653846
0 203 0.689531 0.615385
0 204 0.878391 0.807692
0 205 0.94283 0.846154
0 206 0.744732 0.673077
0 207 0.749121 0.653846
0 208 0.915739 0.826923
0 209 1.28566 1.21154
0 210 1.60769 1.53846
0 211 1.85468 1.78846
0 212 2.42858 2.34615
0 213 2.98175 2.96154
0 214 3.02547 3
0 215 3.49026 3.46154
0 216 4.59681 4.57692
0 217 4.74322 4.69231
0 218 4.348 4.32692
0 219 4.6966 4.67308
0 220 4.4621 4.44231
0 221 3.94774 3.88462
0 222 3.50168 3.48077
0 223 3.71167 3.69231
0 224 3.36782 3.34615
0 225 3.71871 3.69231
0 226 2.84793 2.76923
0 227 3.37169 3.34615
0 228 3.13739 3.11538
0 229 2.94261 2.92308
0 230 2.97448 2.96154
0 231 3.13951 3.11538
0 232 2.38098 2.30769
0 233 2.85469 2.78846
0 234 2.33979 2.26923
0 235 2.37439 2.34615
0 236 2.17545 2.09615
0 237 2.01239 1.96154
0 238 2.15833 2.07692
0 239 1.73512 1.63462
0 240 1.74863 1.69231
0 241 1.79046 1.71154
0 242 1.64551 1.57692
0 243 1.34451 1.26923
0 244 1.49339 1.42308
0 245 1.27143 1.23077
0 246 1.13116 1.07692
0 247 1.2081 1.11538
0 248 1.11208 1.01923
0 249 0.91997 0.846154
0 250 0.771469 0.711538
0 251 0.747717 0.653846
0 252 0.63313 0.576923
0 253 0.404237 0.365385
0 254 0.697253 0.615385
0 255 0.669783 0.634615
0 256 0.700345 0.634615
0 257 0.805251 0.730769
0 258 1.16965 1.07692
0 259 1.48183 1.40385
0 260 2.05856 1.98077
0 261 3.05046 3
0 262 3.17582 3.15385
0 263 3.59375 3.57692
0 264 4.18726 4.17308
0 265 4.07842 4.05769
0 266 4.42523 4.40385
0 267 3.94926 3.88462
0 268 4.07733 4.05769
0 269 4.48583 4.46154
0 270 3.48656 3.46154
0 271 3.69567 3.67308
0 272 3.23616 3.21154
0 273 3.50352 3.48077
0 274 3.52866 3.5
0 275 2.65514 2.59615
0 276 2.6893 2.61538
0 277 3.01825 3
0 278 3.10449 3.07692
0 279 2.69366 2.63462
0 280 2.78642 2.71154
0 281 2.21664 2.13462
0 282 2.80575 2.78846
0 283 2.2244 2.17308
0 284 2.51108 2.44231
0 285 2.2149 2.15385
0 286 2.20012 2.13462
0 287 2.42075 2.40385
0 288 2.26941 2.19231
0 289 2.2175 2.13462
0 290 1.79197 1.71154
0 291 1.83591 1.75
0 292 1.28878 1.23077
0 293 1.45939 1.38462
0 294 1.56414 1.48077
0 295 1.02409 0.923077
0 296 1.27576 1.21154
0 297 0.939417 0.903846
0 298 1.18489 1.11538
0 299 0.89506 0.807692
0 300 0.757275 0.653846
0 301 0.762894 0.634615
0 302 0.756464 0.673077
0 303 0.669514 0.596154
0 304 0.936194 0.846154
0 305 1.25968 1.17308
0 306 1.43627 1.34615
0 307 1.90904 1.84615
0 308 2.43814 2.38462
0 309 2.90829 2.86538
0 310 2.85455 2.82692
0 311 3.50516 3.48077
0 312 4.26436 4.21154
0 313 4.31354 4.28846
0 314 3.84878 3.82692
0 315 4.23366 4.21154
0 316 3.96389 3.92308
0 317 4.38337 4.36538
0 318 3.33643 3.30769
0 319 3.44872 3.42308
0 320 3.35009 3.32692
0 321 3.04353 2.98077
0 322 3.01347 2.98077
0 323 2.76421 2.71154
0 324 2.58095 2.55769
0 325 2.54795 2.51923
0 326 1.82015 1.75
0 327 2.46548 2.40385
0 328 2.78886 2.76923
0 329 2.61387 2.59615
0 330 2.53967 2.51923
0 331 2.32221 2.25
0 332 2.10799 2.01923
0 333 2.04757 1.98077
0 334 1.68021 1.61538
0 335 1.62978 1.55769
1 0 4.84363 4.81905
1 1 4.19059 4.17143
1 2 4.16327 4.13333
1 3 3.92034 3.90476
1 4 3.71539 3.69524
1 5 3.8056 3.75238
1 6 3.20515 3.2
1 7 2.86375 2.81905
1 8 2.82053 2.78095
1 9 2.35824 2.28571
1 10 1.98289 1.94286
1 11 2.16139 2.09524
1 12 1.83057 1.77143
1 13 1.65856 1.58095
1 14 1.56342 1.48571
1 15 1.21016 1.10476
1 16 2.05936 2
1 17 2.30912 2.22857
1 18 3.46455 3.44762
1 19 3.88279 3.86667
1 20 4.3812 4.3619
1 21 5.88534 5.86667
1 22 6.50704 6.49524
1 23 6.51758 6.49524
1 24 7.38731 7.37143
1 25 7.99609 7.98095
1 26 8.8038 8.78095
1 27 8.54526 8.55238
1 28 8.04351 8.0381
1 29 8.07908 8.05714
1 30 8.87441 8.85714
1 31 7.43055 7.40952
1 32 7.48625 7.46667
1 33 8.17147 8.15238
1 34 6.38281 6.3619
1 35 5.69875 5.67619
1 36 6.01884 6
1 37 5.42382 5.40952
1 38 5.8651 5.84762
1 39 5.54329 5.52381
1 40 6.04981 6.01905
1 41 5.65628 5.6381
1 42 4.57227 4.55238
1 43 4.98728 4.97143
1 44 5.0656 5.04762
1 45 5.12473 5.10476
1 46 3.95924 3.94286
1 47 3.93752 3.86667
1 48 3.99779 3.98095
1 49 4.02262 3.98095
1 50 3.31146 3.2381
1 51 3.55764 3.54286
1 52 3.27818 3.25714
1 53 3.29708 3.27619
1 54 2.85438 2.8381
1 55 2.7323 2.66667
1 56 2.95496 2.93333
1 57 2.33912 2.28571
1 58 2.46268 2.41905
1 59 2.28544 2.20952
1 60 2.52564 2.45714
1 61 2.32077 2.26667
1 62 1.81704 1.75238
1 63 1.74564 1.67619
1 64 2.15735 2.09524
1 65 2.55044 2.47619
1 66 3.2162 3.18095
1 67 3.5383 3.52381
1 68 4.46667 4.45714
1 69 4.47528 4.45714
1 70 5.67398 5.65714
1 71 6.5524 6.53333
1 72 6.84348 6.81905
1 73 7.95269 7.94286
1 74 8.49299 8.49524
1 75 9.56816 9.5619
1 76 8.58929 8.57143
1 77 8.29872 8.28571
1 78 7.97881 7.9619
1 79 7.71094 7.69524
1 80 7.53902 7.52381
1 81 6.80137 6.78095
1 82 6.70188 6.68571
1 83 5.90357 5.88571
1 84 6.56697 6.55238
1 85 6.3935 6.38095
1 86 5.93636 5.92381
1 87 6.37671 6.3619
1 88 5.73308 5.71429
1 89 6.31679 6.30476
1 90 5.11747 5.10476
1 91 5.23896 5.21905
1 92 4.5033 4.47619
1 93 4.54758 4.53333
1 94 4.09021 4.07619
1 95 4.31738 4.30476
1 96 4.36893 4.3619
1 97 4.03808 4.01905
1 98 3.99566 3.94286
1 99 4.10365 4.0381
1 100 3.58833 3.58095
1 101 3.87748 3.86667
1 102 3.66943 3.65714
1 103 2.89571 2.87619
1 104 3.43701 3.39048
1 105 3.33967 3.29524
1 106 3.37924 3.31429
1 107 2.85372 2.78095
1 108 2.13626 2.09524
1 109 2.3299 2.30476
1 110 2.10609 2.05714
1 111 1.488 1.42857
1 112 1.79505 1.73333
1 113 2.46008 2.4
1 114 2.70642 2.68571
1 115 3.3711 3.35238
1 116 4.0761 4.05714
1 117 4.58567 4.57143
1 118 5.4056 5.37143
1 119 5.49827 5.48571
1 120 6.13406 6.11429
1 121 5.57961 5.5619
1 122 7.04087 7.02857
1 123 7.2345 7.21905
1 124 6.26537 6.24762
1 125 6.55055 6.53333
1 126 5.95676 5.94286
1 127 6.08991 6.07619
1 128 5.86461 5.84762
1 129 5.69033 5.67619
1 130 5.37633 5.33333
1 131 5.17536 5.1619
1 132 4.84831 4.8381
1 133 5.42443 5.40952
1 134 5.13234 5.12381
1 135 5.02108 5.00952
1 136 5.00658 4.99048
1 137 4.88939 4.87619
1 138 4.56731 4.55238
1 139 4.64806 4.62857
1 140 4.13251 4.11429
1 141 4.57049 4.55238
1 142 4.66119 4.59048
1 143 4.0589 4.0381
1 144 4.29612 4.24762
1 145 4.01918 4
1 146 4.12936 4.07619
1 147 3.49808 3.48571
1 148 3.51767 3.48571
1 149 3.23789 3.2
1 150 3.57653 3.52381
1 151 2.58463 2.51429
1 152 2.60275 2.53333
1 153 2.56493 2.49524
1 154 1.89947 1.80952
1 155 1.70438 1.6381
1 156 2.28759 2.22857
1 157 1.81446 1.75238
1 158 1.85025 1.79048
1 159 1.81629 1.75238
1 160 1.88005 1.80952
1 161 2.37484 2.30476
1 162 3.57501 3.54286
1 163 5.09549 5.04762
1 164 5.31661 5.25714
1 165 5.97875 5.9619
1 166 7.55022 7.54286
1 167 8.44416 8.41905
1 168 9.12476 9.10476
1 169 8.81264 8.8
1 170 8.77958 8.7619
1 171 10.3629 10.3619
1 172 9.48405 9.46667
1 173 9.63412 9.61905
1 174 8.49778 8.47619
1 175 8.04132 8.01905
1 176 8.07155 8.05714
1 177 8.61271 8.60952
1 178 6.85371 6.8381
1 179 6.34576 6.32381
1 180 6.35977 6.34286
1 181 6.98546 6.97143
1 182 7.17271 7.1619
1 183 6.30534 6.28571
1 184 6.40151 6.38095
1 185 6.68756 6.66667
1 186 5.94288 5.92381
1 187 6.17297 6.15238
1 188 5.10431 5.08571
1 189 4.94648 4.93333
1 190 4.89184 4.87619
1 191 4.11603 4.09524
1 192 4.86537 4.84615
1 193 4.15284 4.13462
1 194 4.22983 4.17308
1 195 3.98323 3.94231
1 196 3.41858 3.40385
1 197 3.33513 3.32692
1 198 2.50921 2.44231
1 199 2.78086 2.73077
1 200 2.0433 1.98077
1 201 2.20565 2.15385
1 202 1.55255 1.48077
1 203 1.78308 1.71154
1 204 1.64864 1.57692
1 205 1.55337 1.48077
1 206 1.45783 1.38462
1 207 1.21758 1.13462
1 208 1.89797 1.82692
1 209 2.17707 2.09615
1 210 3.2388 3.21154
1 211 4.1181 4.09615
1 212 4.59559 4.57692
1 213 5.32338 5.30769
1 214 6.36694 6.34615
1 215 7.37464 7.36538
1 216 7.82734 7.80769
1 217 8.30775 8.28846
1 218 8.16177 8.15385
1 219 8.58508 8.57692
1 220 8.5001 8.48077
1 221 8.49432 8.48077
1 222 7.67235 7.65385
1 223 7.6099 7.59615
1 224 7.57297 7.55769
1 225 7.54188 7.51923
1 226 6.54388 6.51923
1 227 6.5389 6.51923
1 228 6.05723 6.03846
1 229 5.03815 5.01923
1 230 5.78486 5.76923
1 231 6.24507 6.23077
1 232 5.90062 5.88462
1 233 5.32736 5.30769
1 234 5.74845 5.73077
1 235 5.65615 5.63462
1 236 6.05339 6.03846
1 237 6.2464 6.23077
1 238 5.26828 5.25
1 239 5.39803 5.38462
1 240 5.5196 5.5
1 241 5.23027 5.21154
1 242 4.55308 4.53846
1 243 3.92365 3.90385
1 244 4.32246 4.30769
1 245 3.65385 3.63462
1 246 3.55848 3.53846
1 247 3.11507 3.05769
1 248 2.82513 2.80769
1 249 2.31584 2.25
1 250 1.81838 1.73077
1 251 1.84622 1.78846
1 252 1.64583 1.55769
1 253 1.64184 1.55769
1 254 1.87831 1.80769
1 255 1.56298 1.51923
1 256 2.00246 1.92308
1 257 2.50506 2.44231
1 258 3.23036 3.21154
1 259 4.40045 4.38462
1 260 4.71382 4.69231
1 261 4.93467 4.92308
1 262 6.67256 6.67308
1 263 7.74315 7.73077
1 264 8.61283 8.59615
1 265 8.14889 8.15385
1 266 9.21209 9.19231
1 267 10.0781 10.0577
1 268 8.17406 8.15385
1 269 8.15433 8.13462
1 270 7.92287 7.90385
1 271 7.63088 7.61538
1 272 6.81099 6.78846
1 273 7.04973 7.03846
1 274 6.11198 6.09615
1 275 6.00411 5.98077
1 276 5.95827 5.94231
1 277 6.15821 6.13462
1 278 6.46004 6.44231
1 279 6.38545 6.36538
1 280 6.22814 6.21154
1 281 5.96034 5.94231
1 282 5.49423 5.48077
1 283 5.30769 5.28846
1 284 5.33023 5.30769
1 285 4.44354 4.42308
1 286 4.5589 4.53846
1 287 4.50047 4.48077
1 288 4.29261 4.25
1 289 4.67134 4.65385
1 290 3.57235 3.55769
1 291 3.57197 3.51923
1 292 3.55406 3.53846
1 293 3.66495 3.61538
1 294 2.61869 2.53846
1 295 3.20265 3.13462
1 296 2.25299 2.19231
1 297 2.59665 2.51923
1 298 2.16369 2.09615
1 299 1.66774 1.59615
1 300 1.961 1.90385
1 301 1.55061 1.48077
1 302 1.36742 1.30769
1 303 1.60364 1.51923
1 304 1.70412 1.61538
1 305 1.89315 1.84615
1 306 2.75613 2.69231
1 307 3.61901 3.55769
1 308 4.96709 4.96154
1 309 4.80711 4.78846
1 310 6.53455 6.51923
1 311 5.47822 5.46154
1 312 7.63535 7.61538
1 313 7.32882 7.30769
1 314 8.25551 8.23077
1 315 8.928 8.90385
1 316 7.13698 7.11538
1 317 7.66703 7.65385
1 318 6.6744 6.65385
1 319 6.80294 6.78846
1 320 6.67645 6.65385
1 321 7.15458 7.13462
1 322 5.88709 5.86538
1 323 5.98204 5.96154
1 324 6.30738 6.28846
1 325 5.22783 5.21154
1 326 5.80855 5.78846
1 327 4.86069 4.84615
1 328 5.50069 5.48077
1 329 4.56798 4.55769
1 330 4.86095 4.84615
1 331 5.26858 5.25
1 332 4.65125 4.61538
1 333 5.21209 5.19231
1 334 4.9784 4.96154
1 335 4.78898 4.76923
2 0 4.51504 4.49524
2 1 4.79654 4.78095
2 2 4.76617 4.74286
2 3 3.74951 3.73333
2 4 3.53078 3.50476
2 5 3.31813 3.25714
2 6 2.79138 2.72381
2 7 2.8462 2.8
2 8 2.88462 2.81905
2 9 2.56821 2.55238
2 10 2.38835 2.32381
2 11 2.3705 2.30476
2 12 1.97902 1.9619
2 13 2.10347 2.0381
2 14 1.70938 1.6381
2 15 1.62956 1.54286
2 16 2.69506 2.60952
2 17 3.08416 3.06667
2 18 3.76732 3.75238
2 19 5.03427 4.99048
2 20 5.7732 5.75238
2 21 7.00853 6.99048
2 22 8.03869 8.01905
2 23 8.43426 8.41905
2 24 8.47489 8.45714
2 25 9.48727 9.46667
2 26 8.51342 8.49524
2 27 10.2489 10.2286
2 28 9.65442 9.6381
2 29 9.10556 9.12381
2 30 9.04787 9.02857
2 31 9.39109 9.37143
2 32 8.38046 8.3619
2 33 8.45698 8.4381
2 34 7.03112 7.00952
2 35 7.73557 7.71429
2 36 7.04245 7.02857
2 37 6.87889 6.85714
2 38 6.57546 6.57143
2 39 7.08878 7.06667
2 40 5.88631 5.86667
2 41 6.68014 6.66667
2 42 6.2327 6.20952
2 43 6.75791 6.74286
2 44 5.40992 5.39048
2 45 5.82465 5.80952
2 46 5.18036 5.1619
2 47 5.59465 5.58095
2 48 4.83501 4.81905
2 49 5.10551 5.08571
2 50 4.37615 4.3619
2 51 4.39627 4.3619
2 52 3.73534 3.71429
2 53 3.86649 3.82857
2 54 3.50269 3.48571
2 55 3.74757 3.73333
2 56 3.03396 2.97143
2 57 3.33557 3.31429
2 58 2.40644 2.34286
2 59 2.40277 2.34286
2 60 2.8878 2.8381
2 61 2.8814 2.85714
2 62 2.93969 2.91429
2 63 2.6335 2.57143
2 64 2.79841 2.74286
2 65 3.23553 3.21905
2 66 3.88369 3.86667
2 67 4.84007 4.81905
2 68 5.6379 5.61905
2 69 5.19676 5.18095
2 70 6.85217 6.8381
2 71 7.44103 7.42857
2 72 8.56651 8.55238
2 73 8.70636 8.68571
2 74 8.79629 8.78095
2 75 9.2916 9.27619
2 76 9.50025 9.48571
2 77 8.37742 8.3619
2 78 8.85527 8.8381
2 79 8.85204 8.8381
2 80 8.89706 8.87619
2 81 7.67084 7.65714
2 82 7.159 7.14286
2 83 6.19261 6.17143
2 84 6.89711 6.87619
2 85 6.71711 6.70476
2 86 7.06894 7.04762
2 87 6.8381 6.81905
2 88 6.58885 6.57143
2 89 6.053 6.0381
2 90 6.18602 6.17143
2 91 6.13674 6.11429
2 92 7.31077 7.29524
2 93 6.25011 6.22857
2 94 6.43335 6.41905
2 95 6.32206 6.30476
2 96 4.9348 4.91429
2 97 5.67442 5.65714
2 98 4.94894 4.93333
2 99 4.95398 4.93333
2 100 4.29138 4.26667
2 101 4.64448 4.62857
2 102 3.96366 3.94286
2 103 4.33626 4.32381
2 104 3.68777 3.65714
2 105 3.27459 3.25714
2 106 3.37448 3.35238
2 107 3.66187 3.6
2 108 3.17647 3.14286
2 109 3.10841 3.08571
2 110 3.11035 3.06667
2 111 3.26161 3.2381
2 112 3.25019 3.18095
2 113 3.77888 3.75238
2 114 4.18895 4.17143
2 115 4.8124 4.8
2 116 5.78851 5.77143
2 117 5.4854 5.46667
2 118 6.18043 6.17143
2 119 7.27053 7.25714
2 120 8.11426 8.09524
2 121 8.87698 8.85714
2 122 8.30325 8.28571
2 123 10.2176 10.2095
2 124 9.20215 9.18095
2 125 9.25268 9.2381
2 126 8.52837 8.51429
2 127 8.60956 8.59048
2 128 8.09387 8.07619
2 129 7.92697 7.90476
2 130 6.53481 6.51429
2 131 6.83879 6.81905
2 132 6.82917 6.81905
2 133 6.91365 6.89524
2 134 6.45431 6.4381
2 135 6.64204 6.62857
2 136 6.37672 6.3619
2 137 6.26122 6.24762
2 138 5.99847 5.98095
2 139 7.14173 7.12381
2 140 6.42114 6.4
2 141 6.6098 6.59048
2 142 5.60071 5.58095
2 143 5.74994 5.73333
2 144 5.39161 5.37143
2 145 5.00894 4.99048
2 146 5.48588 5.46667
2 147 5.17775 5.1619
2 148 4.59438 4.57143
2 149 4.23157 4.20952
2 150 4.82016 4.8
2 151 3.3444 3.27619
2 152 3.50497 3.48571
2 153 2.93379 2.87619
2 154 2.69625 2.62857
2 155 2.68144 2.60952
2 156 2.77274 2.70476
2 157 2.06019 2
2 158 1.94709 1.86667
2 159 2.39295 2.32381
2 160 2.89369 2.8381
2 161 3.39531 3.37143
2 162 4.40671 4.38095
2 163 5.09029 5.06667
2 164 6.79911 6.78095
2 165 7.46863 7.44762
2 166 7.52291 7.50476
2 167 9.23723 9.21905
2 168 9.65321 9.6381
2 169 10.4238 10.4
2 170 10.7255 10.7048
2 171 10.4086 10.4
2 172 10.5752 10.5714
2 173 8.63268 8.60952
2 174 8.93474 8.91429
2 175 9.12047 9.10476
2 176 8.97352 8.95238
2 177 8.28531 8.26667
2 178 8.7588 8.74286
2 179 8.09669 8.07619
2 180 8.07602 8.05714
2 181 6.67247 6.64762
2 182 6.91671 6.89524
2 183 6.53728 6.51429
2 184 6.34302 6.32381
2 185 6.39853 6.38095
2 186 5.99943 5.98095
2 187 6.29014 6.26667
2 188 6.96694 6.95238
2 189 6.47637 6.45714
2 190 5.1426 5.12381
2 191 5.54229 5.52381
2 192 5.05996 5.03846
2 193 5.40064 5.38462
2 194 4.32444 4.30769
2 195 4.41459 4.38462
2 196 3.46443 3.44231
2 197 3.69797 3.67308
2 198 2.91306 2.86538
2 199 2.69999 2.63462
2 200 2.43061 2.36538
2 201 2.22341 2.13462
2 202 2.16745 2.09615
2 203 2.11244 2.03846
2 204 2.07095 2
2 205 1.68406 1.59615
2 206 2.13208 2.11538
2 207 1.77352 1.69231
2 208 2.32599 2.26923
2 209 2.98557 2.90385
2 210 3.73217 3.67308
2 211 5.36322 5.34615
2 212 6.38793 6.38462
2 213 6.89933 6.88462
2 214 7.40413 7.38462
2 215 10.1857 10.1731
2 216 9.63262 9.61538
2 217 10.9031 10.8846
2 218 11.6799 11.6538
2 219 11.7543 11.7308
2 220 10.7297 10.7115
2 221 10.7685 10.75
2 222 10.1781 10.1538
2 223 10.1587 10.1346
2 224 8.91477 8.90385
2 225 9.06529 9.03846
2 226 7.99778 7.98077
2 227 8.06076 8.03846
2 228 7.03765 7.01923
2 229 7.96127 7.96154
2 230 7.90661 7.88462
2 231 7.28423 7.26923
2 232 7.40727 7.38462
2 233 7.37287 7.34615
2 234 6.99999 6.98077
2 235 6.97563 6.96154
2 236 6.19417 6.17308
2 237 5.77157 5.75
2 238 5.33145 5.30769
2 239 5.059 5.03846
2 240 4.37019 4.34615
2 241 4.42481 4.40385
2 242 3.61789 3.59615
2 243 3.89092 3.86538
2 244 3.36409 3.34615
2 245 2.72319 2.67308
2 246 2.71161 2.63462
2 247 1.99961 1.92308
2 248 2.20855 2.13462
2 249 2.05346 2
2 250 1.65662 1.57692
2 251 1.83291 1.75
2 252 1.86679 1.78846
2 253 1.69375 1.61538
2 254 1.538 1.46154
2 255 1.74885 1.65385
2 256 2.21936 2.19231
2 257 2.76855 2.71154
2 258 3.83525 3.76923
2 259 4.73411 4.71154
2 260 5.54243 5.51923
2 261 6.58149 6.55769
2 262 7.21623 7.19231
2 263 8.88763 8.86538
2 264 8.80958 8.78846
2 265 10.5576 10.5385
2 266 9.72857 9.71154
2 267 10.3307 10.3077
2 268 10.1695 10.1538
2 269 10.2165 10.1923
2 270 10.2363 10.2115
2 271 8.58886 8.57692
2 272 9.73798 9.71154
2 273 8.65284 8.63462
2 274 8.13893 8.11538
2 275 7.53747 7.51923
2 276 7.27402 7.25
2 277 6.5985 6.57692
2 278 6.54069 6.51923
2 279 7.17508 7.15385
2 280 6.0243 6
2 281 6.92688 6.90385
2 282 6.53214 6.51923
2 283 5.92004 5.90385
2 284 6.11778 6.09615
2 285 5.64169 5.61538
2 286 5.53935 5.51923
2 287 4.65476 4.63462
2 288 4.68716 4.67308
2 289 4.38578 4.36538
2 290 4.02278 4
2 291 4.09721 4.03846
2 292 3.00307 2.94231
2 293 2.93848 2.88462
2 294 2.79341 2.73077
2 295 2.35903 2.28846
2 296 2.57486 2.51923
2 297 1.96464 1.92308
2 298 2.08212 2.01923
2 299 1.83627 1.78846
2 300 1.84502 1.76923
2 301 1.86426 1.78846
2 302 1.90827 1.80769
2 303 1.92362 1.86538
2 304 2.42659 2.40385
2 305 2.71907 2.69231
2 306 3.9254 3.90385
2 307 5.13753 5.11538
2 308 6.09886 6.07692
2 309 7.44605 7.42308
2 310 8.72523 8.71154
2 311 8.69794 8.69231
2 312 9.97871 9.96154
2 313 10.9462 10.9231
2 314 11.6217 11.5962
2 315 10.4447 10.4231
2 316 11.2949 11.2692
2 317 11.427 11.4038
2 318 10.4897 10.4615
2 319 10.4748 10.4615
2 320 9.55748 9.53846
2 321 9.07986 9.05769
2 322 7.67715 7.65385
2 323 7.40492 7.38462
2 324 8.85455 8.82692
2 325 8.02517 8.01923
2 326 7.96628 7.94231
2 327 7.45638 7.44231
2 328 7.05974 7.03846
2 329 7.14912 7.13462
2 330 7.08322 7.05769
2 331 6.19361 6.17308
2 332 6.44116 6.42308
2 333 6.32628 6.30769
2 334 5.48223 5.46154
2 335 5.58127 5.55769
