0 0 3.165782896073561 5.365384615384611
0 1 5.078133788500797 4.9615384615384555
0 2 3.8519387482707375 5.499999999999991
0 3 3.855004053143734 5.173076923076919
0 4 3.2456371957384405 4.634615384615379
0 5 3.71591585837349 4.192307692307688
0 6 3.268380211883854 4.711538461538457
0 7 2.8061265391218524 3.2884615384615383
0 8 2.6057834262167083 3.5384615384615365
0 9 4.357928132673185 2.9230769230769216
0 10 2.0143638843859595 2.6538461538461524
0 11 2.442128727820487 2.6346153846153832
0 12 2.3300256816526335 2.692307692307691
0 13 1.876517643462715 2.019230769230769
0 14 2.1884196968858785 1.8653846153846152
0 15 1.7658453116601838 2.3269230769230758
0 16 2.410998923889607 2.865384615384614
0 17 3.0581669736394734 3.384615384615383
0 18 2.469049016089708 4.365384615384609
0 19 2.735100011997919 5.076923076923073
0 20 4.397422939760325 6.8269230769230695
0 21 3.9637307571186335 7.442307692307683
0 22 4.225901266792786 7.576923076923068
0 23 4.973020155866147 9.076923076923075
0 24 4.514494808143385 9.692307692307688
0 25 4.8799099963344785 10.403846153846153
0 26 6.051161274297621 10.788461538461544
0 27 6.864819520591903 10.384615384615383
0 28 6.145673860686784 10.576923076923073
0 29 5.714047563798699 8.653846153846153
0 30 3.9520360383045907 9.057692307692305
0 31 5.222545950474443 9.09615384615384
0 32 6.007178277869032 9.076923076923077
0 33 4.520032210459375 8.480769230769226
0 34 4.816147560987118 8.86538461538461
0 35 4.736404543620912 8.153846153846146
0 36 8.665897356803688 7.999999999999991
0 37 3.36474121690823 6.865384615384608
0 38 4.838376595123742 6.923076923076916
0 39 4.3472097626526285 6.499999999999996
0 40 3.663041530534261 6.249999999999994
0 41 3.8134862843501094 6.499999999999995
0 42 5.700990580228831 6.134615384615378
0 43 3.958929986072202 6.346153846153841
0 44 6.429799641960279 6.903846153846147
0 45 4.605700846467038 6.576923076923068
0 46 4.185373730373956 5.153846153846151
0 47 3.2344327467811063 5.5769230769230695
0 48 3.274256669113407 5.038461538461534
0 49 5.120985552617033 5.269230769230762
0 50 2.6787077183490484 4.288461538461534
0 51 3.064915887418027 4.326923076923072
0 52 4.406825359018535 3.384615384615381
0 53 2.8398979549587047 3.7115384615384586
0 54 3.025692259931066 2.8653846153846136
0 55 2.4076281058487408 2.6153846153846145
0 56 2.233068392820149 2.3846153846153837
0 57 1.7839746273829746 2.1538461538461533
0 58 2.3771847832090187 2.096153846153846
0 59 2.770407450490568 2.057692307692307
0 60 2.045112088357958 2.0192307692307696
0 61 1.854735447069542 1.6346153846153848
0 62 1.825488626992107 2.096153846153846
0 63 1.530353558490353 1.692307692307692
0 64 2.1758164338195765 2.365384615384615
0 65 2.3146756602271243 2.9038461538461524
0 66 3.3215864204838494 3.69230769230769
0 67 4.894033539713363 5.326923076923071
0 68 5.765240425326444 6.32692307692307
0 69 4.391452322028248 6.749999999999993
0 70 3.9135857413516697 7.384615384615374
0 71 4.541947430634729 10.096153846153845
0 72 4.731363038796349 9.730769230769225
0 73 4.6584891633712795 10.634615384615383
0 74 4.8261788667685925 11.288461538461538
0 75 6.90701656316782 11.326923076923075
0 76 6.240088894409317 10.5576923076923
0 77 6.5966956141581985 10.634615384615381
0 78 4.8235538679752645 9.846153846153845
0 79 4.166010333541775 10.07692307692308
0 80 4.29194849454556 8.923076923076923
0 81 5.616671869319677 9.038461538461535
0 82 3.9820802275914478 7.961538461538455
0 83 4.837828506053275 7.807692307692304
0 84 4.039109118084663 7.0769230769230695
0 85 3.772492017963344 7.653846153846148
0 86 3.6624479172898403 7.769230769230762
0 87 4.143592017659119 7.307692307692299
0 88 3.750483045480648 7.269230769230762
0 89 3.813314748137584 7.32692307692307
0 90 5.023728091438593 7.115384615384609
0 91 4.028011034581888 6.999999999999993
0 92 3.9076142482799905 6.096153846153841
0 93 3.445196954365416 5.749999999999993
0 94 3.298074934568186 5.230769230769225
0 95 3.445865141869607 5.038461538461533
0 96 3.1855776290769495 4.326923076923072
0 97 3.736431618990271 4.5192307692307665
0 98 2.6476028907301963 3.6346153846153815
0 99 2.613248709531188 3.826923076923073
0 100 2.6240148531331933 3.403846153846151
0 101 4.5853117755318955 2.7499999999999996
0 102 4.101854845722195 2.634615384615382
0 103 2.0699654228264257 1.961538461538461
0 104 2.1945649085329033 2.115384615384615
0 105 2.1429388954489075 2.0192307692307687
0 106 2.1624871465129503 1.596153846153846
0 107 2.024317221027082 1.749999999999999
0 108 2.13178446510624 1.7692307692307694
0 109 1.7395024751668704 1.5961538461538463
0 110 3.6833191653677817 1.4807692307692306
0 111 1.7464608086950375 1.6538461538461537
0 112 1.8085651949908566 2.2115384615384612
0 113 2.755839682580999 2.730769230769229
0 114 2.70902564310549 3.7307692307692273
0 115 2.9662976479434287 4.730769230769227
0 116 3.017603505481795 5.480769230769225
0 117 4.81885979714024 6.499999999999995
0 118 4.026008257067769 7.173076923076919
0 119 9.318470258877054 8.807692307692307
0 120 4.8952388227974435 8.788461538461531
0 121 6.59976760630228 10.326923076923077
0 122 4.32468750319441 9.65384615384615
0 123 6.244635207830894 10.307692307692303
0 124 5.641539409020394 9.942307692307692
0 125 4.428605962031775 10.096153846153845
0 126 7.594191549865943 10.03846153846154
0 127 6.775404343534104 8.61538461538461
0 128 4.190340889551943 9.538461538461535
0 129 4.842479968808482 8.596153846153841
0 130 5.909279261100982 8.096153846153838
0 131 3.772510552702172 7.230769230769224
0 132 3.5819828868821944 6.999999999999994
0 133 3.9479418547670817 6.615384615384608
0 134 4.285110505279947 6.53846153846153
0 135 4.174326688931347 7.11538461538461
0 136 3.429936356268216 5.942307692307685
0 137 3.3329486007420974 6.749999999999993
0 138 4.337331700851596 6.499999999999995
0 139 3.5324602384895782 5.923076923076917
0 140 3.1425821510450676 5.980769230769223
0 141 3.1965570495472257 5.576923076923072
0 142 5.168255457889666 5.38461538461538
0 143 4.9812807640633485 4.653846153846149
0 144 3.5085854525447613 4.65384615384615
0 145 3.0222837459406255 4.307692307692307
0 146 2.8235098174892337 3.942307692307689
0 147 3.1150020655455775 3.9999999999999964
0 148 2.3864922268155806 2.94230769230769
0 149 2.5647645170258233 2.9423076923076907
0 150 2.3523546342859167 2.8076923076923066
0 151 4.090346364666113 2.346153846153845
0 152 2.393234049197135 2.5192307692307687
0 153 2.1951860221469754 1.9807692307692308
0 154 2.4949710907816836 2.057692307692308
0 155 2.5905160981463906 1.8076923076923082
0 156 1.686011237924013 1.7692307692307696
0 157 1.6348279325297224 1.769230769230769
0 158 2.0943796817106315 1.8269230769230766
0 159 1.9029487335225508 1.8653846153846159
0 160 1.6242339603163238 2.3653846153846154
0 161 2.605804581067068 2.692307692307691
0 162 2.7051003094796644 3.903846153846152
0 163 3.814480640682659 5.0961538461538405
0 164 3.2881685716532356 6.057692307692302
0 165 4.133074828343512 7.326923076923068
0 166 6.547959986574831 8.596153846153841
0 167 6.255829043039624 8.499999999999996
0 168 4.431736365670746 9.865384615384611
0 169 4.726438497096554 10.788461538461538
0 170 4.505104537945291 11.442307692307693
0 171 4.953974516143985 10.403846153846153
0 172 4.7813098008347925 10.865384615384613
0 173 5.581143745678484 11.134615384615389
0 174 6.9480631702874724 10.115384615384613
0 175 6.822433248045606 10.192307692307693
0 176 5.676516274529627 9.40384615384615
0 177 5.4807720251457885 8.980769230769228
0 178 4.125801832527401 7.653846153846146
0 179 3.8959395474893 7.403846153846147
0 180 3.7698982867196396 8.499999999999991
0 181 3.6973431011202655 7.84615384615384
0 182 4.037019049387992 7.865384615384606
0 183 4.401136662775704 7.36538461538461
0 184 5.653779631900457 6.980769230769223
0 185 4.346150388940465 6.999999999999991
0 186 4.146019741861746 7.076923076923073
0 187 4.935262729893538 6.230769230769224
0 188 3.8518000428358365 6.4423076923076845
0 189 5.316252206056717 6.365384615384608
0 190 4.557121719186896 5.519230769230765
0 191 3.1677104056479903 5.499999999999992
0 192 4.585515519581799 4.495238095238092
0 193 4.748805307595682 4.819047619047615
0 194 4.054595539226834 4.6857142857142815
0 195 2.9573617238746452 3.7142857142857117
0 196 3.781573512506481 3.5047619047619034
0 197 4.288451413806475 3.276190476190473
0 198 2.351366394412255 2.7619047619047614
0 199 5.053523987452926 2.723809523809522
0 200 2.7503804971762476 2.819047619047617
0 201 3.135732014233109 2.57142857142857
0 202 3.034281860414245 2.2857142857142847
0 203 5.482030543931296 2.3047619047619032
0 204 2.8680228783912756 1.9428571428571426
0 205 5.914891087654827 2.0380952380952384
0 206 2.2085261586998213 1.6380952380952385
0 207 1.877542884452675 1.5428571428571431
0 208 2.6780746897917345 2.6666666666666665
0 209 3.390701588009952 3.0476190476190452
0 210 3.91217140530295 3.866666666666664
0 211 4.770733185307342 4.952380952380947
0 212 3.086835793267863 5.599999999999995
0 213 3.965689746516702 6.971428571428563
0 214 7.253275698443865 8.01904761904761
0 215 4.621487580723867 8.361904761904754
0 216 6.878213260558365 8.628571428571421
0 217 7.871207334659548 9.314285714285704
0 218 6.354086876082824 8.62857142857142
0 219 7.195289604480974 10.285714285714274
0 220 7.167351763833927 9.466666666666654
0 221 6.119656976431884 9.104761904761897
0 222 7.095795144515511 9.295238095238084
0 223 5.4908692739338365 9.142857142857135
0 224 4.490297427558928 8.38095238095237
0 225 6.8502171815750375 8.399999999999991
0 226 4.978561664448152 7.009523809523802
0 227 4.560669624139172 7.657142857142853
0 228 4.683008144627563 7.047619047619042
0 229 3.227877045206114 6.723809523809518
0 230 4.008838657833971 6.704761904761898
0 231 6.004182999360778 7.066666666666658
0 232 3.766215850560743 5.961904761904755
0 233 4.254711856850372 6.609523809523799
0 234 4.5600169877582575 6.247619047619041
0 235 7.584977055553341 6.7619047619047565
0 236 4.572954596891679 5.314285714285709
0 237 5.360473326623144 5.752380952380945
0 238 3.8006712905775175 5.180952380952374
0 239 3.4971490828831526 5.580952380952375
0 240 4.719116621152552 4.838095238095233
0 241 4.528896058351384 5.104761904761899
0 242 3.3353088963782573 4.266666666666663
0 243 3.1103519254555363 4.380952380952377
0 244 3.8206129676715563 3.7142857142857117
0 245 4.112415434396151 3.8857142857142826
0 246 3.311373128905833 3.4857142857142827
0 247 3.5267651008287895 3.6761904761904733
0 248 2.6596154845897373 3.0285714285714276
0 249 3.886588601502781 3.3333333333333313
0 250 2.8079818581335174 2.4190476190476176
0 251 3.1145955754336594 2.3238095238095235
0 252 3.536290453413427 2.8380952380952364
0 253 3.3466704993015033 2.876190476190475
0 254 3.10573792932935 2.914285714285714
0 255 2.855188684052634 2.57142857142857
0 256 2.597026548761098 2.685714285714285
0 257 2.8180912509136893 3.2380952380952346
0 258 3.5214123287817314 3.9047619047619024
0 259 5.732215146007934 4.704761904761902
0 260 4.037564303227507 5.6380952380952305
0 261 3.710121851246307 5.238095238095233
0 262 4.15289637859543 6.819047619047611
0 263 5.793866772335218 7.371428571428564
0 264 4.569755115984054 8.438095238095231
0 265 5.220330813613132 8.533333333333326
0 266 4.439376586406031 8.799999999999988
0 267 4.417455806088496 9.104761904761896
0 268 5.093254162015435 9.466666666666656
0 269 6.329764653391009 8.514285714285707
0 270 5.943177480939941 8.857142857142849
0 271 4.857569065210297 8.742857142857135
0 272 4.210722527707222 8.704761904761895
0 273 6.678504639611963 7.6952380952380866
0 274 6.248917475894965 7.02857142857142
0 275 6.231748393408995 6.038095238095231
0 276 5.031593316260585 6.799999999999993
0 277 5.107026327009208 6.8761904761904695
0 278 3.837441509006634 6.990476190476182
0 279 7.281697820150496 6.666666666666661
0 280 6.726883600534038 6.51428571428571
0 281 5.121079044642414 5.904761904761897
0 282 5.259855197509907 6.171428571428562
0 283 3.516107465186291 6.0761904761904715
0 284 6.306486849605555 7.314285714285707
0 285 6.8067294751920775 6.247619047619041
0 286 4.4139249159920055 6.2857142857142785
0 287 5.495585058950134 6.228571428571422
0 288 5.631889569990508 4.91428571428571
0 289 3.2662178975301686 5.599999999999995
0 290 5.512581441419098 4.876190476190473
0 291 3.084361518708859 4.876190476190473
0 292 4.749012387264874 4.247619047619046
0 293 3.5987308444306594 4.666666666666662
0 294 5.156823938646268 3.9238095238095205
0 295 4.795222155848358 4.361904761904758
0 296 6.198060311858184 3.638095238095235
0 297 2.7287194503658303 3.276190476190475
0 298 2.5735310742719295 3.371428571428569
0 299 3.819812470034392 3.638095238095236
0 300 3.250063361524205 3.1238095238095216
0 301 3.807187283060785 3.066666666666665
0 302 5.121566820371664 3.1047619047619017
0 303 2.891353583702547 3.18095238095238
0 304 2.793430118082845 3.1428571428571397
0 305 3.0876898044648717 3.6952380952380937
0 306 4.5483064243868405 4.190476190476186
0 307 3.977561848285825 4.7619047619047565
0 308 5.579870142468215 5.676190476190467
0 309 3.1396549994102 5.466666666666659
0 310 5.285921859376751 6.1333333333333275
0 311 5.189933535580912 7.1999999999999895
0 312 6.7504911844578785 7.923809523809516
0 313 7.041038562676895 8.533333333333324
0 314 7.251839916636467 8.304761904761897
0 315 5.589821023445627 9.999999999999982
0 316 5.275363585121662 8.97142857142856
0 317 12.350517744111482 9.409523809523801
0 318 4.9397415173507735 8.323809523809514
0 319 5.656225085930129 8.514285714285705
0 320 4.50295220380683 8.26666666666666
0 321 4.411244458276623 7.771428571428565
0 322 6.2314388164852295 6.571428571428564
0 323 4.676168901480035 6.761904761904753
0 324 7.417848421377913 6.819047619047609
0 325 6.906027010321615 6.8380952380952325
0 326 5.806338014803191 6.457142857142849
0 327 4.574827740009653 6.514285714285706
0 328 7.164108354756207 6.323809523809518
0 329 5.994366825676254 6.266666666666658
0 330 6.062909136201345 5.942857142857137
0 331 4.547670040477939 7.142857142857135
0 332 5.599638115849528 6.3999999999999915
0 333 3.432698961720235 6.571428571428564
0 334 4.386363674342869 5.599999999999993
0 335 5.796659342672654 5.638095238095232
1 0 1.4419601022728998 1.673076923076923
1 1 1.6042480001438506 1.1346153846153848
1 2 1.294213665759417 1.3076923076923082
1 3 1.7421157347185119 1.3269230769230773
1 4 1.9437860864740037 1.2692307692307696
1 5 1.6557005437649948 1.192307692307692
1 6 1.3476844730641904 1.3461538461538467
1 7 1.303035960220227 0.9038461538461542
1 8 1.5405513248486233 0.9615384615384617
1 9 1.8037298637186463 1.0192307692307694
1 10 1.1048788483351264 0.788461538461539
1 11 1.0944694252733094 0.7884615384615388
1 12 2.998998468761762 0.8846153846153851
1 13 1.1944802222763615 0.596153846153846
1 14 1.3616095739443599 0.7692307692307694
1 15 0.9569484038650887 0.6346153846153845
1 16 3.5992030886615503 1.0192307692307696
1 17 2.229612711030583 1.096153846153846
1 18 2.2326452570804207 1.7115384615384615
1 19 2.3851944509466634 1.923076923076923
1 20 2.013422241688976 2.8076923076923057
1 21 2.4742507934538644 3.1923076923076903
1 22 4.785849214930283 3.9038461538461515
1 23 3.4489063839307694 4.826923076923072
1 24 3.4591673905110487 4.557692307692302
1 25 3.0816569878842444 4.846153846153841
1 26 5.070625854246975 5.15384615384615
1 27 5.56957118242774 5.615384615384611
1 28 5.038395901750135 4.999999999999995
1 29 3.2970005620136313 5.153846153846148
1 30 3.334603966862352 4.057692307692304
1 31 2.9221186873842337 4.365384615384612
1 32 3.8084721820428213 4.288461538461536
1 33 2.626559969446096 4.346153846153841
1 34 4.918060697395025 4.1346153846153815
1 35 3.091531868559882 3.7307692307692277
1 36 4.0561086672732785 3.807692307692304
1 37 2.176550454721149 3.211538461538459
1 38 4.59542963261262 2.9807692307692304
1 39 2.9381941742262168 3.442307692307688
1 40 2.367297425280939 3.1923076923076907
1 41 2.5959361389376214 3.3076923076923053
1 42 2.191121186178286 2.9230769230769207
1 43 2.4962774904102485 3.0769230769230744
1 44 2.1744797686523762 2.2884615384615383
1 45 1.7746511338442024 1.9038461538461537
1 46 1.9324278019259462 2.3269230769230758
1 47 1.9416131123491978 1.9230769230769234
1 48 1.968833477765722 2.192307692307692
1 49 1.7767165470958992 1.9038461538461546
1 50 1.7958671457924122 1.711538461538461
1 51 1.6433652599666788 1.2884615384615385
1 52 1.9383125977192097 1.4230769230769227
1 53 1.250545196151303 1.1730769230769227
1 54 1.046723361732987 0.9230769230769235
1 55 1.2351646062967951 1.0384615384615388
1 56 1.338420850646022 1.0961538461538463
1 57 1.2863120418625102 0.730769230769231
1 58 1.005710381357594 0.6730769230769231
1 59 1.2228555722394832 0.6346153846153847
1 60 1.2739973271162064 0.8076923076923079
1 61 1.133006065693555 0.8461538461538463
1 62 0.9860437078576049 0.6923076923076926
1 63 1.7001303041722164 0.653846153846154
1 64 1.053471815017671 0.8076923076923076
1 65 1.9576696947827896 1.230769230769231
1 66 1.765127527356009 1.557692307692307
1 67 1.7250168133392532 1.826923076923077
1 68 2.1680945873563413 2.46153846153846
1 69 3.133208061517694 3.1346153846153806
1 70 3.266757684905672 3.096153846153844
1 71 3.06220072786676 3.5961538461538436
1 72 3.6427500234835306 4.615384615384611
1 73 3.6106240939966403 4.769230769230766
1 74 2.9966089389451667 4.576923076923072
1 75 3.121205470018367 4.9807692307692255
1 76 2.828770068036722 4.634615384615378
1 77 2.766669263304256 4.076923076923073
1 78 2.514486031983994 3.6923076923076903
1 79 2.996437496598118 3.903846153846151
1 80 3.844438442168578 3.615384615384613
1 81 2.6228568882038523 3.788461538461534
1 82 2.6957460601023793 2.865384615384614
1 83 2.634760775046091 3.5384615384615348
1 84 2.2484514485766005 3.1923076923076894
1 85 2.2451030670104193 3.0769230769230744
1 86 3.4149745068852297 2.9807692307692277
1 87 2.1645170965329124 3.307692307692306
1 88 2.350776473825381 2.3653846153846145
1 89 2.6395246406626907 2.846153846153844
1 90 2.0909457493394505 2.365384615384614
1 91 2.627960403122852 2.3653846153846154
1 92 1.9866359158450158 2.1923076923076916
1 93 3.9705296627634237 2.134615384615384
1 94 3.5468764197966816 2.2115384615384612
1 95 1.5292888343573177 1.6923076923076923
1 96 2.2678937653405153 1.7307692307692313
1 97 2.023660239757175 1.7884615384615394
1 98 2.4459462561973573 1.6346153846153846
1 99 1.7754515229123424 1.2692307692307698
1 100 1.967469033550081 1.4423076923076927
1 101 1.9410212466919128 1.2307692307692308
1 102 4.118913769998765 1.0961538461538465
1 103 2.327221831288904 1.1153846153846159
1 104 1.168696870174246 1.0192307692307696
1 105 1.0898646624211297 0.8269230769230771
1 106 1.7232619570945518 0.7115384615384616
1 107 1.0636097285431443 0.6730769230769231
1 108 3.325239823061646 0.576923076923077
1 109 1.06659791103862 0.36538461538461525
1 110 0.9667135672464402 0.6153846153846155
1 111 1.9487146350563302 0.653846153846154
1 112 0.9922277339562371 0.6538461538461539
1 113 1.3802986740907106 0.7500000000000002
1 114 1.474389400933195 1.0769230769230773
1 115 1.708204489390174 1.4615384615384617
1 116 2.8497073721628245 2.115384615384614
1 117 2.651155607826742 3.134615384615382
1 118 2.5500302029389195 3.326923076923075
1 119 3.2468713672698377 3.7692307692307665
1 120 2.8684048100422688 4.288461538461534
1 121 2.789062246854823 4.15384615384615
1 122 2.993701983503262 4.480769230769227
1 123 3.0005896136230925 4.153846153846151
1 124 3.3625691815514864 4.153846153846151
1 125 3.3973384449253667 4.461538461538459
1 126 3.099275834089747 3.6346153846153815
1 127 3.187092944851909 3.7499999999999973
1 128 2.559035027517464 3.2499999999999982
1 129 3.475636443437566 3.6346153846153815
1 130 2.0767658792671915 3.461538461538459
1 131 2.283014223715223 2.7307692307692295
1 132 2.4215204266949146 2.8653846153846128
1 133 2.3161758338789338 3.038461538461536
1 134 2.0439687181379402 3.0961538461538445
1 135 2.613906809794133 2.749999999999998
1 136 2.2019386087815245 2.7307692307692286
1 137 2.5514593390067244 2.2884615384615374
1 138 4.568429180195308 2.980769230769228
1 139 3.048909843027951 2.2499999999999996
1 140 2.077203914450065 2.4807692307692286
1 141 2.3907289545283783 2.211538461538461
1 142 1.905727666951229 2.1538461538461537
1 143 1.8705014300236757 2.4038461538461524
1 144 2.0055300915245238 2.269230769230768
1 145 2.2728233911587625 2.1730769230769225
1 146 1.6945488942212208 1.7115384615384621
1 147 1.6758989393292665 1.7499999999999996
1 148 1.505250966224631 1.2115384615384615
1 149 1.852930792148485 1.4230769230769236
1 150 1.5698093016285506 1.4807692307692308
1 151 1.9046925572868034 0.9423076923076924
1 152 1.593066460915051 1.2307692307692315
1 153 1.4591928957314992 0.9423076923076926
1 154 1.3965152929520073 1.1153846153846152
1 155 2.1156387854206495 0.8269230769230772
1 156 0.966092575426174 0.6346153846153846
1 157 0.9849044064711591 0.6538461538461537
1 158 1.4521230732816564 0.6730769230769229
1 159 3.5555140757144943 0.6153846153846153
1 160 1.2404166230370117 0.8846153846153848
1 161 1.673334899840949 1.211538461538462
1 162 3.603406359154193 1.3076923076923082
1 163 1.7815274288327403 1.8846153846153855
1 164 2.4622069754000573 2.423076923076921
1 165 2.1929396848043634 2.94230769230769
1 166 1.9434045622474105 3.019230769230767
1 167 2.8244151708935497 3.5384615384615374
1 168 5.493299543611961 4.269230769230766
1 169 2.3832957514281943 4.557692307692304
1 170 2.766290375558089 4.038461538461534
1 171 3.4870418312969047 4.461538461538458
1 172 3.2213563138226666 4.134615384615381
1 173 3.0190805260969915 4.480769230769227
1 174 2.1678100527560265 3.403846153846151
1 175 2.566678374931958 3.5384615384615365
1 176 2.6732225953514077 3.538461538461537
1 177 3.0643508870326412 3.0769230769230758
1 178 2.3848630327434233 2.9423076923076916
1 179 2.3787074232927536 2.749999999999998
1 180 2.5191888651975716 2.673076923076921
1 181 2.0609228017441428 2.615384615384613
1 182 1.7692996821167504 1.903846153846154
1 183 2.196788678842721 2.442307692307691
1 184 2.1022449556732887 2.807692307692306
1 185 2.35512351509551 2.5961538461538454
1 186 2.079300030984002 2.5576923076923075
1 187 2.106501009336105 2.2307692307692295
1 188 1.9207559147279427 2.0576923076923084
1 189 2.224683262554861 2.0192307692307696
1 190 1.6208329295037007 1.6346153846153841
1 191 1.7861856672239012 1.596153846153846
1 192 4.338636981389466 1.561904761904762
1 193 1.9928614942747676 1.180952380952381
1 194 2.165318955433261 1.4285714285714288
1 195 1.6487658444449265 1.2000000000000002
1 196 1.2729031773717274 1.1619047619047622
1 197 1.423370276217868 0.8190476190476192
1 198 1.567007792693258 1.0666666666666667
1 199 1.121446944804677 0.9904761904761911
1 200 1.1709889255420571 0.9714285714285721
1 201 0.9523515360400343 0.6666666666666669
1 202 4.182418129528639 0.8761904761904763
1 203 0.96311067208757 0.6666666666666667
1 204 0.9594031140252693 0.6857142857142857
1 205 0.967672032514233 0.6095238095238095
1 206 1.3726170214124656 0.5333333333333332
1 207 1.7087372862468893 0.43809523809523804
1 208 1.2767787395092305 0.8190476190476196
1 209 2.407299530162097 0.9904761904761912
1 210 1.8753465642331877 1.4666666666666675
1 211 2.338381346687427 1.6761904761904765
1 212 2.2038987834410566 2.3999999999999986
1 213 2.5898360111648224 2.8761904761904735
1 214 3.1170042360032446 3.733333333333331
1 215 3.1125537130369185 3.9619047619047594
1 216 3.2648492286486985 4.152380952380948
1 217 3.8034776223741478 4.13333333333333
1 218 5.7443346253063075 4.895238095238091
1 219 3.2255126903239355 4.914285714285709
1 220 4.085956647816286 4.68571428571428
1 221 5.463351666995819 4.304761904761902
1 222 3.433349985756911 3.9428571428571404
1 223 4.522020164544864 3.9619047619047594
1 224 3.9659404706934414 3.2761904761904743
1 225 3.9470038417513944 3.3523809523809494
1 226 3.1210050294564753 3.0476190476190443
1 227 4.833492320349153 3.3904761904761886
1 228 3.177986108079926 3.16190476190476
1 229 4.1076933627388525 2.99047619047619
1 230 2.515135035034782 3.428571428571426
1 231 4.837732972193609 2.5714285714285703
1 232 5.085872976189894 2.799999999999997
1 233 3.205413488156679 3.0666666666666655
1 234 1.8495420606137363 2.7428571428571424
1 235 2.529881216733434 2.5714285714285694
1 236 1.6264569770307313 2.152380952380952
1 237 2.559886062847049 2.342857142857141
1 238 2.3157945198258454 2.0952380952380936
1 239 1.9404457572391742 2.152380952380952
1 240 4.998001855767813 1.8857142857142861
1 241 2.4776949424987724 1.79047619047619
1 242 1.6115676875690845 1.7904761904761906
1 243 2.7931525359018172 1.4476190476190476
1 244 2.3696265225864837 1.542857142857143
1 245 2.68654540311709 1.4857142857142858
1 246 2.7177080926619586 1.6380952380952383
1 247 3.8647099439537187 1.4285714285714295
1 248 4.855884564416664 1.485714285714286
1 249 1.550555480017735 1.0095238095238104
1 250 1.7783633287876761 1.1428571428571432
1 251 4.234015024918579 1.1047619047619053
1 252 1.2330875025353938 1.295238095238095
1 253 2.0316476965586103 0.8952380952380953
1 254 3.4315810297464795 1.0666666666666669
1 255 1.1316891278447128 0.7619047619047619
1 256 2.474117129816439 1.161904761904762
1 257 1.7484763517404003 1.1047619047619048
1 258 2.234387413472794 1.961904761904762
1 259 4.562301562782451 1.7142857142857137
1 260 2.2765495195765695 2.419047619047617
1 261 2.3607210422140996 2.114285714285714
1 262 5.310577474106471 3.1047619047619026
1 263 3.925676807469253 3.3714285714285688
1 264 5.306465669025419 3.942857142857141
1 265 4.446840133794288 3.866666666666663
1 266 2.952874937813565 4.038095238095234
1 267 2.9071469818935363 3.6761904761904733
1 268 2.726357882486751 3.7142857142857117
1 269 3.4988938514625936 4.6476190476190435
1 270 4.852039372629821 3.5619047619047595
1 271 3.6819177144964867 3.5047619047619025
1 272 2.2374479883426766 3.371428571428568
1 273 2.6456476953221424 3.7714285714285696
1 274 3.004658778221567 3.3142857142857105
1 275 3.1764774065136994 3.390476190476187
1 276 4.46456733164517 3.276190476190474
1 277 3.371762670509069 3.0666666666666638
1 278 2.7328210203283736 2.7238095238095217
1 279 4.866001756481621 2.6285714285714277
1 280 2.57477148745866 2.19047619047619
1 281 2.8867384872274675 2.8571428571428545
1 282 2.518640456697944 2.228571428571427
1 283 2.7971863108690314 2.495238095238094
1 284 1.7175331266275171 2.0571428571428565
1 285 2.6251659441331996 1.8285714285714285
1 286 1.992359094127069 2.2285714285714286
1 287 4.664089605311774 1.9619047619047625
1 288 2.4002399955079476 2.190476190476189
1 289 1.5104498227448548 1.8476190476190475
1 290 2.2021138617034417 1.6000000000000005
1 291 1.9971966181308938 1.8095238095238102
1 292 2.0042819796803766 1.3904761904761906
1 293 2.5152401165545166 1.638095238095238
1 294 2.349493165279978 1.5047619047619045
1 295 2.534423356720385 1.7142857142857146
1 296 1.9660242940392907 1.2000000000000002
1 297 1.4133860307716495 1.580952380952381
1 298 2.211313520135528 1.4285714285714284
1 299 2.2070134800436043 1.1428571428571432
1 300 1.334553278430514 1.3523809523809525
1 301 1.717144655775666 0.9714285714285715
1 302 1.536133244179007 1.0095238095238097
1 303 1.000301544168253 0.7619047619047621
1 304 1.232811863084139 1.066666666666667
1 305 1.675158792979519 1.314285714285715
1 306 2.5839959992274633 1.3904761904761909
1 307 4.597122171860493 2.019047619047619
1 308 2.97149683188136 1.9238095238095243
1 309 1.8430279352088392 2.057142857142857
1 310 3.1418411515514526 2.7238095238095226
1 311 2.885642371175308 2.704761904761903
1 312 2.7115814459418046 3.0285714285714267
1 313 4.247714236180246 3.9047619047619015
1 314 3.209898859141574 3.6380952380952363
1 315 2.9064502825958844 3.8666666666666636
1 316 3.149716010059701 3.7523809523809493
1 317 2.9481461776314513 3.8285714285714265
1 318 6.229685963934809 3.219047619047616
1 319 5.141353782864018 3.6761904761904725
1 320 3.7673420441167607 3.4857142857142827
1 321 3.6308647003134213 2.952380952380951
1 322 2.6675640421624114 2.7238095238095226
1 323 3.150356631078359 2.6857142857142846
1 324 2.6690798264111693 2.99047619047619
1 325 5.748221099485516 2.5523809523809518
1 326 2.3775382554206193 2.3619047619047606
1 327 5.347506187602374 2.647619047619046
1 328 2.0818391288163136 2.3809523809523787
1 329 2.8972719558608717 2.3809523809523796
1 330 3.7067506762723577 2.057142857142857
1 331 2.091118355532794 2.114285714285714
1 332 1.8413888552172166 1.8666666666666665
1 333 1.6687419364022968 1.6761904761904762
1 334 2.7951312347742894 1.485714285714286
1 335 3.4494583085538935 1.1047619047619048
2 0 3.140409956356356 4.288461538461534
2 1 3.1557529730237652 3.961538461538459
2 2 2.8279362960852246 4.096153846153843
2 3 2.510686429998155 3.3846153846153824
2 4 3.1609636937189873 3.5192307692307656
2 5 2.925823780756867 3.3076923076923057
2 6 2.8030176190302605 3.6538461538461506
2 7 2.7676111379154773 2.5576923076923066
2 8 2.20906507906327 2.5384615384615383
2 9 2.089193126819659 2.4999999999999987
2 10 1.4617427020989044 1.8076923076923077
2 11 2.1482720465786675 1.6538461538461542
2 12 2.030033501043544 2.2884615384615365
2 13 2.457796639289289 1.7692307692307692
2 14 2.268009051639573 1.8269230769230764
2 15 2.1521591360139 1.8076923076923082
2 16 2.1873826218099337 1.8269230769230762
2 17 2.1738628592817766 2.3461538461538445
2 18 2.681311019939861 3.6538461538461506
2 19 4.19394711231069 5.0576923076923
2 20 4.863244522262207 5.3461538461538405
2 21 4.410603555026756 6.153846153846144
2 22 4.713301231815047 7.538461538461529
2 23 6.2319860516298125 8.46153846153846
2 24 5.186618507998951 9.038461538461535
2 25 4.364914600621463 8.999999999999993
2 26 4.999069565011878 8.749999999999996
2 27 4.661233925771002 10.51923076923076
2 28 4.272278052951522 9.5
2 29 4.608830239200731 9.67307692307692
2 30 5.834785705463509 8.42307692307692
2 31 6.74014112811821 8.134615384615378
2 32 5.954052746910467 8.038461538461531
2 33 4.28169596279565 8.480769230769228
2 34 4.97546732954525 6.749999999999992
2 35 3.8318634027933114 6.4615384615384555
2 36 5.4239120747486185 6.4615384615384555
2 37 5.051992911029802 6.84615384615384
2 38 4.92037413147712 7.192307692307684
2 39 5.519205646743468 6.423076923076916
2 40 5.62031260771292 6.519230769230766
2 41 3.3696570443310154 6.557692307692302
2 42 3.431429487092034 5.82692307692307
2 43 3.6861869276761623 6.192307692307687
2 44 5.243426777852589 5.230769230769224
2 45 3.10467954968394 4.884615384615381
2 46 4.20503039632454 4.884615384615379
2 47 3.0920835988672164 4.1346153846153815
2 48 4.161212624963772 4.8846153846153815
2 49 4.887748167369118 4.192307692307688
2 50 4.735208049530541 4.153846153846148
2 51 3.768270530348526 3.8846153846153815
2 52 3.2793826341003114 3.403846153846151
2 53 3.5297066984529013 3.269230769230767
2 54 2.5303651730921626 2.4038461538461537
2 55 2.4882627777885973 2.7307692307692295
2 56 2.28261875951546 1.9807692307692304
2 57 1.8375583071630752 2.1538461538461533
2 58 1.7775597565055679 1.5000000000000009
2 59 3.8399263442373917 1.6730769230769231
2 60 1.9530238065774796 1.5576923076923073
2 61 1.377965701623017 1.4615384615384617
2 62 1.497959029203549 1.384615384615385
2 63 1.1854049882715025 1.134615384615385
2 64 3.974206777657572 1.7692307692307685
2 65 2.1496273904428347 2.0769230769230775
2 66 2.739359789919211 3.1923076923076894
2 67 2.9771123321106043 4.076923076923073
2 68 2.801663749594307 4.538461538461536
2 69 5.315578090805172 5.307692307692303
2 70 4.042685903433581 6.28846153846153
2 71 6.731281041507226 7.326923076923069
2 72 3.9853250901482196 7.711538461538455
2 73 4.248001843372492 8.538461538461537
2 74 5.9872056229304365 8.269230769230763
2 75 4.444901274280572 8.730769230769228
2 76 4.006595451853358 8.461538461538458
2 77 4.55769424140827 8.442307692307686
2 78 3.6666208824422943 7.769230769230762
2 79 3.9860746803498674 7.480769230769223
2 80 4.177532140952774 7.346153846153838
2 81 4.206622519778275 7.4807692307692255
2 82 3.6150911346458234 6.480769230769221
2 83 5.553407748403197 6.5576923076923
2 84 3.553335063100322 5.923076923076918
2 85 3.162331593920146 5.192307692307688
2 86 5.835963691180894 5.88461538461538
2 87 3.4108855150008734 6.038461538461533
2 88 5.480491692831526 5.9615384615384555
2 89 3.286630918120012 5.307692307692305
2 90 4.557750719125278 5.499999999999995
2 91 3.889690449232058 5.5961538461538405
2 92 3.5149305996615725 6.115384615384607
2 93 3.643280431625561 6.0576923076923
2 94 5.847057369267858 5.249999999999994
2 95 4.012401680298955 5.34615384615384
2 96 3.190058863497923 5.499999999999995
2 97 2.882798222310652 5.038461538461533
2 98 4.001816422374529 4.442307692307688
2 99 2.37033920358677 3.9807692307692277
2 100 3.794829973849074 4.249999999999995
2 101 2.786225982485622 3.557692307692305
2 102 2.5261775604077603 3.5192307692307647
2 103 2.524911103615741 3.019230769230766
2 104 2.7468955060401963 2.846153846153845
2 105 2.2148436442173742 2.2499999999999987
2 106 1.4267964741567578 1.7115384615384615
2 107 2.5509751948751784 1.7692307692307687
2 108 3.8212901760437026 1.5769230769230762
2 109 1.6045327419246846 1.576923076923077
2 110 2.1376666193912324 1.8076923076923075
2 111 1.8036555529924558 1.4999999999999993
2 112 1.5994676716817748 1.9230769230769231
2 113 2.3914914076906606 2.4423076923076916
2 114 2.900719167205949 3.249999999999998
2 115 4.84050425549212 4.326923076923073
2 116 2.9780516856494543 4.5961538461538405
2 117 3.5053501088627987 4.84615384615384
2 118 5.574206685578481 6.576923076923071
2 119 6.042850512802533 7.59615384615384
2 120 3.905578611408076 8.519230769230763
2 121 6.758037483289278 8.307692307692303
2 122 4.274961096208499 9.211538461538456
2 123 6.002016705732062 9.826923076923073
2 124 3.713013796942939 8.346153846153843
2 125 6.175682265904113 8.230769230769225
2 126 4.141693446116543 7.923076923076916
2 127 6.3704009225919815 7.576923076923067
2 128 4.172969484931379 6.942307692307684
2 129 3.430592491180161 6.9423076923076845
2 130 3.472183691298934 6.173076923076918
2 131 3.678629420552684 6.134615384615381
2 132 2.947097782838709 5.942307692307686
2 133 4.119018574916474 6.11538461538461
2 134 4.642439136584401 6.423076923076919
2 135 4.0989674529813795 6.3269230769230695
2 136 3.297146700701347 6.269230769230762
2 137 3.000738616775524 5.961538461538455
2 138 7.930935781952714 5.34615384615384
2 139 3.9879239863071336 5.2115384615384555
2 140 3.055582399052716 5.423076923076915
2 141 3.3268927170861176 4.442307692307688
2 142 4.074278687294342 4.653846153846149
2 143 3.674247647802446 4.461538461538458
2 144 3.284549878713649 4.230769230769226
2 145 2.9856720052278902 4.692307692307686
2 146 2.8037142522550784 3.634615384615381
2 147 3.1713849761962756 3.5576923076923035
2 148 2.554287149026635 3.557692307692307
2 149 2.891237479107955 3.519230769230765
2 150 2.031609748247289 2.519230769230768
2 151 2.402648637728298 3.0769230769230744
2 152 2.6247542078142567 2.1730769230769225
2 153 2.2710543840034076 2.461538461538461
2 154 2.0010323809911204 2.0576923076923075
2 155 1.717039779054909 1.596153846153845
2 156 2.787929611394304 1.9230769230769231
2 157 1.442002105868458 1.4807692307692308
2 158 1.4635978429550316 1.288461538461539
2 159 1.5755281193001742 1.5000000000000002
2 160 1.4366847364731994 1.6153846153846154
2 161 2.323225746075777 1.8076923076923075
2 162 2.3181303082222273 2.730769230769229
2 163 3.1374243995027506 3.5384615384615365
2 164 3.8466162897813185 4.961538461538456
2 165 2.966831228609101 4.846153846153842
2 166 3.4592487024012746 6.4423076923076845
2 167 5.739773000325873 5.63461538461538
2 168 6.051099818739454 7.692307692307683
2 169 3.7796200404536786 7.249999999999991
2 170 5.480701927051101 8.192307692307686
2 171 4.863909332315015 8.692307692307686
2 172 4.532032711555438 7.3461538461538405
2 173 5.872380795729402 7.884615384615377
2 174 4.423692298530614 6.923076923076918
2 175 5.288863634267792 6.980769230769222
2 176 3.3031036765122197 6.615384615384609
2 177 8.871309104657135 7.115384615384608
2 178 3.0954249249496684 5.903846153846148
2 179 3.430402476426383 5.942307692307691
2 180 5.727082236574821 6.538461538461531
2 181 5.319980537568951 5.346153846153841
2 182 5.401611523424217 5.749999999999992
2 183 4.2503659622336425 4.942307692307686
2 184 5.032840980204814 5.519230769230764
2 185 3.337240048759596 4.692307692307687
2 186 3.484589040075857 4.826923076923071
2 187 7.893464750359029 5.2115384615384555
2 188 4.17900008416699 4.61538461538461
2 189 3.5020374127453664 5.096153846153843
2 190 2.7078224116775993 4.884615384615379
2 191 3.2930363770238325 4.826923076923072
2 192 3.3215359298543037 4.780952380952377
2 193 3.694911816737391 4.152380952380949
2 194 4.768032743737486 4.171428571428568
2 195 7.440652027271455 3.94285714285714
2 196 2.8175899945370517 3.7142857142857117
2 197 3.184764071985559 3.7142857142857113
2 198 3.1590034654692984 3.16190476190476
2 199 2.315147576210384 2.819047619047618
2 200 2.9872376119957256 2.761904761904761
2 201 2.5058330101929966 2.2666666666666666
2 202 5.925268849789725 1.9809523809523801
2 203 2.298466913950737 2.0761904761904764
2 204 2.604023839231206 1.7904761904761908
2 205 1.8427500779702253 1.6
2 206 4.321748453333021 1.523809523809524
2 207 1.1141688886560062 1.1047619047619048
2 208 4.72998022822948 1.9619047619047625
2 209 2.852507953282696 2.266666666666666
2 210 2.668908278028023 3.3714285714285688
2 211 3.5877847868821737 3.923809523809521
2 212 4.267628649784074 4.457142857142854
2 213 4.1478864170582765 5.88571428571428
2 214 3.449069275297897 6.399999999999993
2 215 4.684234814985248 6.3047619047618975
2 216 4.765383131404754 7.142857142857135
2 217 7.620902808862754 7.961904761904754
2 218 7.097030464088543 8.62857142857142
2 219 6.8376928278053075 8.43809523809523
2 220 8.47699877774983 8.114285714285707
2 221 5.927465347172914 7.904761904761894
2 222 8.24171346767767 8.438095238095231
2 223 3.903541160795983 7.466666666666659
2 224 5.009689730993962 7.485714285714279
2 225 4.088564362038512 8.038095238095227
2 226 3.7462469554837083 6.3428571428571345
2 227 4.3258983945115785 5.638095238095233
2 228 6.606064946453297 5.88571428571428
2 229 4.122091678988938 5.447619047619041
2 230 3.813658035447658 5.676190476190469
2 231 6.115790988570163 5.561904761904757
2 232 7.640170103099401 5.999999999999993
2 233 4.428601672171338 5.638095238095231
2 234 3.3749137618490836 4.476190476190473
2 235 3.405885644884568 4.876190476190473
2 236 3.1209237782201105 5.06666666666666
2 237 3.6930707140998718 5.08571428571428
2 238 4.768018579258112 3.92380952380952
2 239 3.1815446537542154 3.8285714285714243
2 240 3.627576937372263 3.9428571428571395
2 241 5.484484419055144 3.961904761904758
2 242 5.096383963331259 3.276190476190474
2 243 4.128538889647636 3.5047619047619034
2 244 3.247968421384711 3.257142857142853
2 245 3.1192804210504073 3.219047619047616
2 246 2.687857354493403 2.857142857142855
2 247 2.837395510013969 2.6666666666666656
2 248 3.7804486183449155 2.838095238095238
2 249 3.3895454608515108 2.2476190476190463
2 250 3.9124247456430985 2.342857142857141
2 251 3.4624415437757805 2.209523809523809
2 252 2.237618043388837 2.4190476190476184
2 253 3.4539679135791683 2.228571428571428
2 254 2.264886500712717 1.7523809523809522
2 255 2.422806714593888 1.6571428571428566
2 256 4.117582335979385 2.1523809523809514
2 257 4.897130992017042 2.4952380952380944
2 258 2.7315139300601383 3.14285714285714
2 259 5.3179718122464426 3.580952380952379
2 260 3.6174118421171206 4.495238095238092
2 261 4.672352248073494 4.361904761904758
2 262 5.930010778615266 5.599999999999993
2 263 5.383743295004785 6.514285714285708
2 264 5.558002604459129 6.933333333333325
2 265 4.114355677145273 7.8476190476190375
2 266 6.008545481534041 8.380952380952374
2 267 5.542699549576991 9.638095238095227
2 268 6.670152686728985 8.342857142857135
2 269 5.841075723486266 8.133333333333324
2 270 8.346411893144953 7.790476190476183
2 271 5.400904169635284 7.6761904761904685
2 272 6.439250172524038 7.523809523809514
2 273 6.4205520532233775 6.7428571428571376
2 274 4.793527757942728 6.685714285714279
2 275 6.008848891398961 5.961904761904754
2 276 3.950069008258192 6.438095238095231
2 277 4.759091988724031 6.171428571428565
2 278 6.214534507265042 5.923809523809515
2 279 6.209654516158926 6.552380952380945
2 280 3.0917076253293096 5.695238095238088
2 281 6.591084332464542 6.419047619047611
2 282 3.7324310481117915 5.085714285714281
2 283 4.314197783664371 5.180952380952376
2 284 5.6186820681051115 4.476190476190471
2 285 4.149259390366262 4.590476190476188
2 286 4.11949422895481 4.190476190476187
2 287 5.696080837944226 4.285714285714282
2 288 6.287797106973639 4.304761904761903
2 289 4.765969027892926 4.057142857142854
2 290 5.315570980108633 3.904761904761901
2 291 5.77966726936501 4.11428571428571
2 292 7.533721714766125 3.5999999999999988
2 293 5.984314845017277 3.847619047619045
2 294 3.5112993354581628 3.6380952380952367
2 295 2.5076693564981234 2.8190476190476175
2 296 5.001346490775214 3.333333333333329
2 297 2.989515960352882 3.2190476190476174
2 298 3.9094599802503636 3.276190476190474
2 299 7.985572822807005 2.723809523809523
2 300 2.880075915161999 2.114285714285714
2 301 2.4402317026453413 2.3238095238095235
2 302 5.174727883376774 2.019047619047619
2 303 2.141615458890059 1.4666666666666672
2 304 2.944000135858504 1.752380952380952
2 305 5.409563923994638 2.419047619047618
2 306 5.069613949145027 2.6666666666666647
2 307 3.4973644769010117 3.3714285714285688
2 308 3.9857633884183867 4.114285714285709
2 309 3.030778323688214 4.53333333333333
2 310 8.002385130897324 5.333333333333328
2 311 5.048517885370544 5.371428571428568
2 312 5.281022405066352 6.133333333333324
2 313 6.576518015339242 5.752380952380944
2 314 4.036583744458406 7.047619047619042
2 315 6.7744568691876985 7.333333333333325
2 316 4.242134109835211 6.323809523809516
2 317 6.973650644098719 6.266666666666663
2 318 3.6541835477937488 6.1333333333333275
2 319 5.48707261090763 6.171428571428562
2 320 3.6597994061228754 5.657142857142852
2 321 10.284959794427175 5.809523809523802
2 322 6.579342896086583 5.333333333333326
2 323 3.2612338164944696 5.142857142857138
2 324 4.328472102543265 4.914285714285709
2 325 6.106772378681859 5.561904761904756
2 326 6.711566315122885 5.123809523809515
2 327 3.4822158626519664 5.08571428571428
2 328 3.894287641620257 4.91428571428571
2 329 3.321211549462483 4.857142857142851
2 330 5.70179258473486 4.5523809523809495
2 331 2.998590711055318 4.609523809523806
2 332 5.1726553376942705 4.190476190476185
2 333 3.6441837857198336 4.571428571428568
2 334 5.914859688446342 4.533333333333329
2 335 2.757235984122811 4.0761904761904715
