0 0 2.67819 5.36538
0 1 2.43923 4.96154
0 2 2.74357 5.5
0 3 2.56758 5.17308
0 4 2.23346 4.63462
0 5 1.97561 4.19231
0 6 2.29923 4.71154
0 7 1.44667 3.28846
0 8 1.62292 3.53846
0 9 1.41586 2.92308
0 10 1.11063 2.65385
0 11 1.10663 2.63462
0 12 1.13146 2.69231
0 13 0.835986 2.01923
0 14 0.789398 1.86538
0 15 0.968383 2.32692
0 16 1.40551 2.86538
0 17 1.49533 3.38462
0 18 2.07664 4.36538
0 19 2.52256 5.07692
0 20 3.41485 6.82692
0 21 3.72661 7.44231
0 22 3.7877 7.57692
0 23 4.54437 9.07692
0 24 4.84935 9.69231
0 25 5.2082 10.4038
0 26 5.39822 10.7885
0 27 5.19394 10.3846
0 28 5.2977 10.5769
0 29 4.33537 8.65385
0 30 4.53229 9.05769
0 31 4.55603 9.09615
0 32 4.54281 9.07692
0 33 4.24356 8.48077
0 34 4.43664 8.86538
0 35 4.08258 8.15385
0 36 4.00586 8
0 37 3.43422 6.86538
0 38 3.46482 6.92308
0 39 3.25242 6.5
0 40 3.12658 6.25
0 41 3.2529 6.5
0 42 3.06928 6.13462
0 43 3.17514 6.34615
0 44 3.45795 6.90385
0 45 3.29223 6.57692
0 46 2.56053 5.15385
0 47 2.78536 5.57692
0 48 2.50098 5.03846
0 49 2.62605 5.26923
0 50 2.03412 4.28846
0 51 2.06926 4.32692
0 52 1.51063 3.38462
0 53 1.68617 3.71154
0 54 1.29254 2.86538
0 55 1.25484 2.61538
0 56 0.980085 2.38462
0 57 0.911509 2.15385
0 58 0.874443 2.09615
0 59 0.852122 2.05769
0 60 0.837018 2.01923
0 61 0.75255 1.63462
0 62 0.948243 2.09615
0 63 0.728177 1.69231
0 64 1.00332 2.36538
0 65 1.27247 2.90385
0 66 1.75158 3.69231
0 67 2.64844 5.32692
0 68 3.16311 6.32692
0 69 3.37822 6.75
0 70 3.69686 7.38462
0 71 5.05604 10.0962
0 72 4.8716 9.73077
0 73 5.32468 10.6346
0 74 5.65626 11.2885
0 75 5.67428 11.3269
0 76 5.28716 10.5577
0 77 5.32689 10.6346
0 78 4.9282 9.84615
0 79 5.04874 10.0769
0 80 4.4638 8.92308
0 81 4.52427 9.03846
0 82 3.98571 7.96154
0 83 3.90809 7.80769
0 84 3.54123 7.07692
0 85 3.82824 7.65385
0 86 3.8886 7.76923
0 87 3.65373 7.30769
0 88 3.63992 7.26923
0 89 3.66738 7.32692
0 90 3.56246 7.11538
0 91 3.5008 7
0 92 3.05281 6.09615
0 93 2.87548 5.75
0 94 2.59708 5.23077
0 95 2.46403 5.03846
0 96 2.05732 4.32692
0 97 2.16506 4.51923
0 98 1.65592 3.63462
0 99 1.84177 3.82692
0 100 1.53982 3.40385
0 101 1.34484 2.75
0 102 1.18056 2.63462
0 103 0.812074 1.96154
0 104 0.900663 2.11538
0 105 0.829411 2.01923
0 106 0.731575 1.59615
0 107 0.714696 1.75
0 108 0.743873 1.76923
0 109 0.692887 1.59615
0 110 0.699086 1.48077
0 111 0.76554 1.65385
0 112 0.95169 2.21154
0 113 1.16892 2.73077
0 114 1.78297 3.73077
0 115 2.27151 4.73077
0 116 2.7395 5.48077
0 117 3.25461 6.5
0 118 3.58931 7.17308
0 119 4.41863 8.82692
0 120 4.40076 8.78846
0 121 5.16997 10.3269
0 122 4.84108 9.67308
0 123 5.16227 10.3077
0 124 4.9791 9.94231
0 125 5.05411 10.0962
0 126 5.02311 10.0385
0 127 4.31169 8.61538
0 128 4.77731 9.53846
0 129 4.30414 8.59615
0 130 4.05264 8.09615
0 131 3.62863 7.25
0 132 3.50431 7
0 133 3.31023 6.61538
0 134 3.27135 6.53846
0 135 3.56197 7.11538
0 136 2.97434 5.94231
0 137 3.3879 6.76923
0 138 3.25331 6.5
0 139 2.9593 5.92308
0 140 2.99307 5.98077
0 141 2.79061 5.57692
0 142 2.68913 5.38462
0 143 2.2575 4.65385
0 144 2.23926 4.65385
0 145 2.03918 4.30769
0 146 1.82514 3.94231
0 147 1.93676 4
0 148 1.24416 2.94231
0 149 1.4109 2.94231
0 150 1.24427 2.80769
0 151 1.10442 2.34615
0 152 1.08675 2.51923
0 153 0.816996 1.98077
0 154 0.892811 2.05769
0 155 0.753024 1.80769
0 156 0.744302 1.76923
0 157 0.722394 1.76923
0 158 0.751134 1.82692
0 159 0.829614 1.86538
0 160 0.99293 2.36538
0 161 1.14791 2.69231
0 162 1.8217 3.90385
0 163 2.53167 5.09615
0 164 3.03226 6.05769
0 165 3.66841 7.32692
0 166 4.30307 8.59615
0 167 4.25358 8.5
0 168 4.93788 9.86538
0 169 5.39934 10.7885
0 170 5.73025 11.4423
0 171 5.21272 10.4038
0 172 5.44352 10.8654
0 173 5.57771 11.1346
0 174 5.0658 10.1154
0 175 5.11025 10.2115
0 176 4.70624 9.40385
0 177 4.49341 8.98077
0 178 3.84081 7.67308
0 179 3.70395 7.40385
0 180 4.25742 8.5
0 181 3.92672 7.84615
0 182 3.94086 7.86538
0 183 3.68639 7.36538
0 184 3.49426 6.98077
0 185 3.50379 7
0 186 3.54328 7.07692
0 187 3.11678 6.23077
0 188 3.22538 6.44231
0 189 3.18627 6.36538
0 190 2.7565 5.51923
0 191 2.74928 5.5
0 192 2.1776 4.49524
0 193 2.35709 4.81905
0 194 2.28634 4.68571
0 195 1.70734 3.71429
0 196 1.62571 3.50476
0 197 1.41713 3.27619
0 198 1.14339 2.7619
0 199 1.13808 2.72381
0 200 1.4262 2.81905
0 201 1.19344 2.57143
0 202 1.01763 2.28571
0 203 0.981934 2.30476
0 204 0.805402 1.94286
0 205 0.845047 2.0381
0 206 0.740194 1.6381
0 207 0.702264 1.54286
0 208 1.15992 2.66667
0 209 1.49971 3.04762
0 210 1.82316 3.86667
0 211 2.38729 4.95238
0 212 2.79524 5.6
0 213 3.49095 6.97143
0 214 4.01252 8.01905
0 215 4.18475 8.3619
0 216 4.32031 8.62857
0 217 4.66516 9.31429
0 218 4.317 8.62857
0 219 5.14985 10.2857
0 220 4.7408 9.46667
0 221 4.55575 9.10476
0 222 4.65479 9.29524
0 223 4.57539 9.14286
0 224 4.19422 8.38095
0 225 4.20528 8.4
0 226 3.50974 7.00952
0 227 3.83337 7.65714
0 228 3.52623 7.04762
0 229 3.36463 6.72381
0 230 3.35403 6.70476
0 231 3.53665 7.06667
0 232 2.98301 5.9619
0 233 3.30692 6.60952
0 234 3.12833 6.24762
0 235 3.38536 6.7619
0 236 2.64123 5.31429
0 237 2.87432 5.75238
0 238 2.56004 5.18095
0 239 2.78639 5.58095
0 240 2.37869 4.8381
0 241 2.5322 5.10476
0 242 2.04597 4.26667
0 243 2.10294 4.38095
0 244 1.72837 3.71429
0 245 1.79206 3.88571
0 246 1.64559 3.48571
0 247 1.76978 3.67619
0 248 1.46637 3.02857
0 249 1.64529 3.33333
0 250 1.10695 2.41905
0 251 1.07926 2.32381
0 252 1.37841 2.8381
0 253 1.40154 2.87619
0 254 1.26312 2.91429
0 255 1.12197 2.57143
0 256 1.25091 2.68571
0 257 1.41346 3.2381
0 258 1.81135 3.90476
0 259 2.24989 4.70476
0 260 2.81784 5.6381
0 261 2.6039 5.2381
0 262 3.41352 6.81905
0 263 3.68903 7.37143
0 264 4.22419 8.4381
0 265 4.26996 8.53333
0 266 4.40568 8.8
0 267 4.55615 9.10476
0 268 4.73894 9.46667
0 269 4.25787 8.51429
0 270 4.43714 8.85714
0 271 4.37637 8.74286
0 272 4.35874 8.70476
0 273 3.84923 7.69524
0 274 3.51743 7.02857
0 275 3.02182 6.0381
0 276 3.4043 6.8
0 277 3.44069 6.87619
0 278 3.49951 6.99048
0 279 3.33417 6.66667
0 280 3.262 6.51429
0 281 2.95304 5.90476
0 282 3.0876 6.17143
0 283 3.04192 6.07619
0 284 3.66152 7.31429
0 285 3.12729 6.24762
0 286 3.15504 6.30476
0 287 3.11812 6.22857
0 288 2.42266 4.91429
0 289 2.79896 5.6
0 290 2.39488 4.87619
0 291 2.40652 4.87619
0 292 2.01384 4.24762
0 293 2.23457 4.66667
0 294 1.8869 3.92381
0 295 2.07222 4.3619
0 296 1.68612 3.6381
0 297 1.58244 3.27619
0 298 1.69742 3.37143
0 299 1.6179 3.6381
0 300 1.35879 3.12381
0 301 1.38341 3.06667
0 302 1.45188 3.10476
0 303 1.37094 3.18095
0 304 1.42665 3.14286
0 305 1.74447 3.69524
0 306 1.95817 4.19048
0 307 2.2852 4.7619
0 308 2.83564 5.67619
0 309 2.72915 5.46667
0 310 3.06543 6.13333
0 311 3.6024 7.2
0 312 3.96774 7.92381
0 313 4.27154 8.53333
0 314 4.15946 8.30476
0 315 5.00316 10
0 316 4.49231 8.97143
0 317 4.70809 9.40952
0 318 4.16585 8.32381
0 319 4.26077 8.51429
0 320 4.1398 8.26667
0 321 3.89325 7.77143
0 322 3.2885 6.57143
0 323 3.38628 6.7619
0 324 3.41081 6.81905
0 325 3.42461 6.8381
0 326 3.23076 6.45714
0 327 3.26024 6.51429
0 328 3.16687 6.32381
0 329 3.13525 6.26667
0 330 2.97045 5.94286
0 331 3.57757 7.14286
0 332 3.2033 6.4
0 333 3.29061 6.57143
0 334 2.80125 5.6
0 335 2.81714 5.6381
1 0 0.731948 1.67308
1 1 0.569091 1.13462
1 2 0.644361 1.30769
1 3 0.643326 1.32692
1 4 0.612024 1.26923
1 5 0.588074 1.19231
1 6 0.638659 1.34615
1 7 0.375942 0.903846
1 8 0.511432 0.961538
1 9 0.478001 1.01923
1 10 0.339377 0.788462
1 11 0.336018 0.788462
1 12 0.451566 0.884615
1 13 0.383401 0.596154
1 14 0.336744 0.769231
1 15 0.30976 0.634615
1 16 0.513352 1.01923
1 17 0.460624 1.09615
1 18 0.746165 1.71154
1 19 0.798139 1.92308
1 20 1.20116 2.80769
1 21 1.47588 3.19231
1 22 1.79177 3.90385
1 23 2.32144 4.82692
1 24 2.19917 4.55769
1 25 2.37354 4.84615
1 26 2.56191 5.15385
1 27 2.80547 5.61538
1 28 2.47269 5
1 29 2.54957 5.15385
1 30 1.94507 4.05769
1 31 2.09601 4.36538
1 32 2.03734 4.28846
1 33 2.06113 4.34615
1 34 1.97421 4.13462
1 35 1.75666 3.73077
1 36 1.85262 3.80769
1 37 1.57339 3.21154
1 38 1.43592 2.98077
1 39 1.54031 3.44231
1 40 1.58108 3.19231
1 41 1.52957 3.30769
1 42 1.24502 2.92308
1 43 1.40485 3.07692
1 44 0.988779 2.28846
1 45 0.791532 1.90385
1 46 0.956803 2.32692
1 47 0.796785 1.92308
1 48 0.959842 2.19231
1 49 0.78302 1.90385
1 50 0.743237 1.71154
1 51 0.623644 1.28846
1 52 0.674834 1.42308
1 53 0.513525 1.17308
1 54 0.387538 0.923077
1 55 0.445774 1.03846
1 56 0.539606 1.09615
1 57 0.449297 0.730769
1 58 0.315482 0.673077
1 59 0.314703 0.634615
1 60 0.347711 0.807692
1 61 0.36012 0.846154
1 62 0.318677 0.692308
1 63 0.316571 0.653846
1 64 0.33183 0.807692
1 65 0.613996 1.23077
1 66 0.722915 1.55769
1 67 0.813091 1.82692
1 68 1.20589 2.46154
1 69 1.44696 3.13462
1 70 1.35196 3.09615
1 71 1.74265 3.59615
1 72 2.22497 4.63462
1 73 2.2872 4.76923
1 74 2.19646 4.57692
1 75 2.45859 4.98077
1 76 2.21514 4.63462
1 77 1.94073 4.07692
1 78 1.74255 3.69231
1 79 1.799 3.90385
1 80 1.61381 3.61538
1 81 1.79436 3.78846
1 82 1.38582 2.86538
1 83 1.58812 3.53846
1 84 1.52741 3.19231
1 85 1.47124 3.07692
1 86 1.32393 2.98077
1 87 1.63624 3.30769
1 88 1.02612 2.36538
1 89 1.32289 2.84615
1 90 1.05398 2.36538
1 91 1.14083 2.36538
1 92 0.945272 2.19231
1 93 0.883903 2.13462
1 94 0.926815 2.21154
1 95 0.771476 1.69231
1 96 0.707272 1.73077
1 97 0.759516 1.78846
1 98 0.670087 1.63462
1 99 0.619783 1.26923
1 100 0.673247 1.44231
1 101 0.563752 1.23077
1 102 0.532397 1.09615
1 103 0.527611 1.11538
1 104 0.51321 1.01923
1 105 0.340863 0.826923
1 106 0.324529 0.711538
1 107 0.360619 0.673077
1 108 0.379242 0.576923
1 109 0.182099 0.365385
1 110 0.40353 0.615385
1 111 0.306284 0.653846
1 112 0.405935 0.653846
1 113 0.340934 0.75
1 114 0.513101 1.07692
1 115 0.695888 1.46154
1 116 0.879266 2.11538
1 117 1.52996 3.13462
1 118 1.48249 3.32692
1 119 1.73037 3.76923
1 120 2.02055 4.28846
1 121 1.98411 4.15385
1 122 2.14557 4.48077
1 123 1.97447 4.15385
1 124 1.96478 4.15385
1 125 2.13342 4.46154
1 126 1.72329 3.63462
1 127 1.7463 3.75
1 128 1.44746 3.25
1 129 1.72636 3.63462
1 130 1.7177 3.46154
1 131 1.17636 2.73077
1 132 1.2276 2.86538
1 133 1.5374 3.03846
1 134 1.32218 3.09615
1 135 1.26776 2.75
1 136 1.37011 2.73077
1 137 0.995466 2.28846
1 138 1.46834 2.98077
1 139 0.960082 2.25
1 140 1.11983 2.48077
1 141 0.968336 2.21154
1 142 0.886064 2.15385
1 143 1.01942 2.40385
1 144 0.990471 2.26923
1 145 0.915978 2.17308
1 146 0.731804 1.71154
1 147 0.749357 1.75
1 148 0.513695 1.21154
1 149 0.667192 1.42308
1 150 0.69952 1.48077
1 151 0.387747 0.942308
1 152 0.597801 1.23077
1 153 0.39536 0.942308
1 154 0.535487 1.11538
1 155 0.430282 0.826923
1 156 0.307572 0.634615
1 157 0.322637 0.653846
1 158 0.313525 0.673077
1 159 0.321874 0.615385
1 160 0.420176 0.884615
1 161 0.608916 1.21154
1 162 0.586904 1.30769
1 163 0.817791 1.88462
1 164 1.03489 2.42308
1 165 1.44852 2.94231
1 166 1.28243 3.01923
1 167 1.59776 3.53846
1 168 2.05562 4.26923
1 169 2.18815 4.55769
1 170 1.90213 4.03846
1 171 2.12113 4.46154
1 172 1.99642 4.13462
1 173 2.14239 4.48077
1 174 1.56725 3.40385
1 175 1.69437 3.53846
1 176 1.70763 3.53846
1 177 1.46438 3.07692
1 178 1.25303 2.94231
1 179 1.23772 2.75
1 180 1.16835 2.67308
1 181 1.16825 2.61538
1 182 0.791274 1.90385
1 183 1.12813 2.44231
1 184 1.21258 2.80769
1 185 1.1673 2.59615
1 186 1.2168 2.55769
1 187 0.961027 2.23077
1 188 0.864421 2.05769
1 189 0.891706 2.01923
1 190 0.714719 1.63462
1 191 0.693495 1.59615
1 192 0.711371 1.5619
1 193 0.499723 1.18095
1 194 0.6854 1.42857
1 195 0.581171 1.2
1 196 0.585808 1.1619
1 197 0.387267 0.819048
1 198 0.553958 1.06667
1 199 0.427919 0.990476
1 200 0.498062 0.971429
1 201 0.4258 0.666667
1 202 0.394847 0.87619
1 203 0.416317 0.666667
1 204 0.327199 0.685714
1 205 0.279091 0.609524
1 206 0.25521 0.533333
1 207 0.257996 0.438095
1 208 0.353143 0.819048
1 209 0.487483 0.990476
1 210 0.676704 1.46667
1 211 0.754903 1.67619
1 212 1.10473 2.41905
1 213 1.26663 2.87619
1 214 1.72779 3.73333
1 215 1.85856 3.9619
1 216 1.98655 4.15238
1 217 1.91671 4.13333
1 218 2.35464 4.89524
1 219 2.41512 4.91429
1 220 2.25663 4.68571
1 221 2.05763 4.30476
1 222 1.83508 3.94286
1 223 1.81856 3.9619
1 224 1.47723 3.27619
1 225 1.65157 3.35238
1 226 1.31649 3.04762
1 227 1.61007 3.39048
1 228 1.3987 3.1619
1 229 1.53486 2.99048
1 230 1.57974 3.42857
1 231 1.11966 2.57143
1 232 1.18858 2.8
1 233 1.35703 3.06667
1 234 1.32417 2.74286
1 235 1.12456 2.57143
1 236 0.995864 2.15238
1 237 1.05522 2.34286
1 238 0.919926 2.09524
1 239 0.914246 2.15238
1 240 0.770616 1.88571
1 241 0.749029 1.79048
1 242 0.734893 1.79048
1 243 0.673793 1.44762
1 244 0.722303 1.5619
1 245 0.709315 1.48571
1 246 0.770447 1.6381
1 247 0.680034 1.42857
1 248 0.72114 1.48571
1 249 0.508641 1.00952
1 250 0.535228 1.14286
1 251 0.535316 1.10476
1 252 0.606935 1.29524
1 253 0.400272 0.895238
1 254 0.480907 1.06667
1 255 0.371732 0.761905
1 256 0.567299 1.1619
1 257 0.553932 1.10476
1 258 0.838797 1.9619
1 259 0.800305 1.71429
1 260 1.144 2.41905
1 261 0.918172 2.11429
1 262 1.37123 3.10476
1 263 1.65194 3.37143
1 264 1.8921 3.94286
1 265 1.80867 3.86667
1 266 1.92309 4.0381
1 267 1.65719 3.67619
1 268 1.78401 3.71429
1 269 2.23935 4.64762
1 270 1.6284 3.5619
1 271 1.59231 3.50476
1 272 1.61256 3.37143
1 273 1.82663 3.77143
1 274 1.47649 3.31429
1 275 1.64313 3.39048
1 276 1.51871 3.27619
1 277 1.2906 3.06667
1 278 1.14119 2.72381
1 279 1.1445 2.62857
1 280 0.997863 2.19048
1 281 1.26257 2.85714
1 282 1.03728 2.22857
1 283 1.1117 2.49524
1 284 0.872151 2.05714
1 285 0.813517 1.82857
1 286 0.945222 2.22857
1 287 0.840274 1.9619
1 288 0.933579 2.19048
1 289 0.808244 1.84762
1 290 0.717751 1.6
1 291 0.759054 1.80952
1 292 0.665595 1.39048
1 293 0.715061 1.6381
1 294 0.718882 1.50476
1 295 0.73759 1.71429
1 296 0.538159 1.2
1 297 0.710104 1.58095
1 298 0.651784 1.42857
1 299 0.501004 1.14286
1 300 0.629815 1.35238
1 301 0.453323 0.971429
1 302 0.489399 1.00952
1 303 0.331384 0.761905
1 304 0.539364 1.06667
1 305 0.591532 1.31429
1 306 0.678358 1.39048
1 307 0.856491 2.01905
1 308 0.801007 1.92381
1 309 0.86449 2.05714
1 310 1.17265 2.74286
1 311 1.28474 2.70476
1 312 1.2856 3.02857
1 313 1.86145 3.90476
1 314 1.70742 3.6381
1 315 1.8531 3.86667
1 316 1.72518 3.75238
1 317 1.80089 3.82857
1 318 1.43364 3.21905
1 319 1.7774 3.67619
1 320 1.67523 3.48571
1 321 1.34482 2.95238
1 322 1.33274 2.72381
1 323 1.12841 2.68571
1 324 1.50291 2.99048
1 325 1.08796 2.55238
1 326 1.01416 2.3619
1 327 1.13426 2.64762
1 328 0.985081 2.38095
1 329 1.00524 2.38095
1 330 0.905184 2.05714
1 331 0.889489 2.11429
1 332 0.794981 1.86667
1 333 0.726035 1.67619
1 334 0.713874 1.48571
1 335 0.524295 1.10476
2 0 2.04408 4.28846
2 1 1.84587 3.96154
2 2 1.93363 4.09615
2 3 1.61453 3.38462
2 4 1.57281 3.53846
2 5 1.52654 3.30769
2 6 1.71336 3.65385
2 7 1.05955 2.55769
2 8 1.17881 2.53846
2 9 1.17201 2.5
2 10 0.800367 1.80769
2 11 0.67066 1.65385
2 12 1.03505 2.28846
2 13 0.765802 1.76923
2 14 0.745661 1.82692
2 15 0.746869 1.80769
2 16 0.768331 1.82692
2 17 1.01546 2.34615
2 18 1.76107 3.65385
2 19 2.49457 5.05769
2 20 2.64804 5.34615
2 21 3.07762 6.15385
2 22 3.7679 7.53846
2 23 4.23613 8.46154
2 24 4.51684 9.03846
2 25 4.50357 9
2 26 4.38202 8.75
2 27 5.26455 10.5192
2 28 4.75889 9.5
2 29 4.84377 9.67308
2 30 4.2166 8.42308
2 31 4.06644 8.13462
2 32 4.01969 8.03846
2 33 4.2431 8.48077
2 34 3.38658 6.76923
2 35 3.231 6.46154
2 36 3.23355 6.46154
2 37 3.42451 6.84615
2 38 3.59618 7.19231
2 39 3.21455 6.42308
2 40 3.26277 6.51923
2 41 3.28182 6.55769
2 42 2.91333 5.82692
2 43 3.09819 6.19231
2 44 2.60359 5.23077
2 45 2.40785 4.88462
2 46 2.39727 4.88462
2 47 1.97482 4.13462
2 48 2.3524 4.88462
2 49 1.98156 4.19231
2 50 1.96054 4.15385
2 51 1.78604 3.88462
2 52 1.55306 3.40385
2 53 1.59692 3.26923
2 54 1.06022 2.40385
2 55 1.36824 2.73077
2 56 0.858 1.98077
2 57 0.901753 2.15385
2 58 0.701541 1.5
2 59 0.704958 1.67308
2 60 0.666046 1.55769
2 61 0.657012 1.46154
2 62 0.670883 1.38462
2 63 0.576288 1.13462
2 64 0.845948 1.76923
2 65 0.874434 2.07692
2 66 1.51366 3.19231
2 67 1.89357 4.07692
2 68 2.19674 4.57692
2 69 2.64556 5.30769
2 70 3.14758 6.28846
2 71 3.66655 7.32692
2 72 3.85888 7.71154
2 73 4.27613 8.53846
2 74 4.13474 8.26923
2 75 4.36728 8.73077
2 76 4.23609 8.46154
2 77 4.22445 8.44231
2 78 3.88885 7.76923
2 79 3.73787 7.48077
2 80 3.67633 7.34615
2 81 3.74358 7.48077
2 82 3.24477 6.48077
2 83 3.28067 6.55769
2 84 2.96071 5.92308
2 85 2.58128 5.19231
2 86 2.94191 5.88462
2 87 3.02022 6.03846
2 88 2.97638 5.96154
2 89 2.64591 5.30769
2 90 2.74383 5.5
2 91 2.79514 5.59615
2 92 3.0593 6.11538
2 93 3.03107 6.05769
2 94 2.61476 5.25
2 95 2.66937 5.34615
2 96 2.74734 5.5
2 97 2.49872 5.03846
2 98 2.1175 4.44231
2 99 1.92136 3.98077
2 100 2.01392 4.25
2 101 1.69374 3.55769
2 102 1.61663 3.51923
2 103 1.27946 3.01923
2 104 1.39294 2.84615
2 105 0.929386 2.25
2 106 0.731805 1.71154
2 107 0.785051 1.76923
2 108 0.699874 1.57692
2 109 0.710501 1.57692
2 110 0.747447 1.80769
2 111 0.705304 1.5
2 112 0.806896 1.92308
2 113 1.05995 2.44231
2 114 1.53496 3.25
2 115 2.05203 4.32692
2 116 2.1901 4.59615
2 117 2.33352 4.84615
2 118 3.28782 6.57692
2 119 3.80222 7.59615
2 120 4.26338 8.51923
2 121 4.15644 8.30769
2 122 4.60995 9.21154
2 123 4.92106 9.82692
2 124 4.17848 8.34615
2 125 4.12066 8.23077
2 126 3.96573 7.92308
2 127 3.79068 7.57692
2 128 3.47134 6.94231
2 129 3.47422 6.94231
2 130 3.08722 6.17308
2 131 3.07082 6.13462
2 132 2.96782 5.94231
2 133 3.06172 6.11538
2 134 3.21314 6.42308
2 135 3.16642 6.32692
2 136 3.13413 6.26923
2 137 2.97925 5.96154
2 138 2.65823 5.34615
2 139 2.5944 5.21154
2 140 2.70258 5.42308
2 141 2.11572 4.44231
2 142 2.25931 4.65385
2 143 2.14799 4.46154
2 144 1.99634 4.23077
2 145 2.29833 4.69231
2 146 1.6545 3.63462
2 147 1.59018 3.55769
2 148 1.59182 3.55769
2 149 1.63586 3.51923
2 150 1.06421 2.51923
2 151 1.39153 3.07692
2 152 0.895199 2.17308
2 153 1.1258 2.46154
2 154 0.930272 2.05769
2 155 0.711957 1.59615
2 156 0.789913 1.92308
2 157 0.669888 1.48077
2 158 0.630823 1.28846
2 159 0.697851 1.5
2 160 0.666927 1.61538
2 161 0.748645 1.80769
2 162 1.29342 2.73077
2 163 1.68607 3.53846
2 164 2.43123 4.96154
2 165 2.37141 4.84615
2 166 3.22309 6.44231
2 167 2.81049 5.63462
2 168 3.84896 7.69231
2 169 3.63002 7.25
2 170 4.11258 8.21154
2 171 4.35179 8.69231
2 172 3.67577 7.34615
2 173 3.94266 7.88462
2 174 3.46408 6.92308
2 175 3.49252 6.98077
2 176 3.31195 6.61538
2 177 3.56234 7.11538
2 178 2.95233 5.90385
2 179 2.97195 5.94231
2 180 3.26968 6.53846
2 181 2.66314 5.34615
2 182 2.8764 5.75
2 183 2.43599 4.94231
2 184 2.75779 5.51923
2 185 2.248 4.69231
2 186 2.37154 4.82692
2 187 2.59344 5.21154
2 188 2.2037 4.61538
2 189 2.52542 5.09615
2 190 2.41144 4.88462
2 191 2.36081 4.82692
2 192 2.34624 4.78095
2 193 1.94075 4.15238
2 194 1.96435 4.17143
2 195 1.85948 3.94286
2 196 1.80691 3.73333
2 197 1.75335 3.71429
2 198 1.4023 3.1619
2 199 1.4135 2.81905
2 200 1.28687 2.7619
2 201 0.950054 2.26667
2 202 0.848888 1.98095
2 203 0.909581 2.07619
2 204 0.73745 1.79048
2 205 0.706584 1.6
2 206 0.685496 1.52381
2 207 0.459029 1.10476
2 208 0.798732 1.9619
2 209 0.954298 2.26667
2 210 1.55141 3.37143
2 211 1.8332 3.92381
2 212 2.13277 4.45714
2 213 2.94886 5.90476
2 214 3.19869 6.4
2 215 3.15433 6.30476
2 216 3.57666 7.14286
2 217 3.98146 7.9619
2 218 4.31889 8.62857
2 219 4.21748 8.4381
2 220 4.05512 8.11429
2 221 3.9551 7.90476
2 222 4.22278 8.4381
2 223 3.73641 7.46667
2 224 3.74312 7.48571
2 225 4.01985 8.0381
2 226 3.17444 6.34286
2 227 2.8235 5.65714
2 228 2.94366 5.88571
2 229 2.7175 5.44762
2 230 2.8351 5.67619
2 231 2.77753 5.5619
2 232 2.9983 6
2 233 2.81685 5.6381
2 234 2.13813 4.47619
2 235 2.37716 4.87619
2 236 2.5173 5.06667
2 237 2.50484 5.08571
2 238 1.84498 3.92381
2 239 1.81376 3.82857
2 240 1.8255 3.94286
2 241 1.86209 3.9619
2 242 1.44181 3.27619
2 243 1.67685 3.50476
2 244 1.59708 3.25714
2 245 1.58441 3.2381
2 246 1.2392 2.85714
2 247 1.21627 2.66667
2 248 1.4288 2.8381
2 249 0.937897 2.24762
2 250 1.05827 2.34286
2 251 0.945987 2.20952
2 252 1.0958 2.41905
2 253 0.95687 2.22857
2 254 0.763735 1.75238
2 255 0.768153 1.65714
2 256 0.946314 2.15238
2 257 1.09488 2.49524
2 258 1.48762 3.14286
2 259 1.66607 3.58095
2 260 2.14453 4.49524
2 261 2.07863 4.3619
2 262 2.79265 5.6
2 263 3.25909 6.51429
2 264 3.47163 6.93333
2 265 3.92502 7.84762
2 266 4.19256 8.38095
2 267 4.82253 9.6381
2 268 4.17465 8.34286
2 269 4.06962 8.13333
2 270 3.89772 7.79048
2 271 3.8411 7.67619
2 272 3.76553 7.52381
2 273 3.37541 6.74286
2 274 3.34506 6.68571
2 275 2.98183 5.9619
2 276 3.22207 6.4381
2 277 3.08899 6.17143
2 278 2.9614 5.92381
2 279 3.27819 6.55238
2 280 2.84461 5.69524
2 281 3.21004 6.41905
2 282 2.52288 5.08571
2 283 2.57044 5.18095
2 284 2.1422 4.47619
2 285 2.19593 4.59048
2 286 1.98143 4.19048
2 287 2.01771 4.28571
2 288 2.04715 4.30476
2 289 1.92548 4.05714
2 290 1.8245 3.90476
2 291 1.97311 4.11429
2 292 1.65512 3.6
2 293 1.85191 3.84762
2 294 1.76761 3.6381
2 295 1.21308 2.81905
2 296 1.48148 3.33333
2 297 1.47293 3.21905
2 298 1.48445 3.27619
2 299 1.19382 2.72381
2 300 0.975536 2.11429
2 301 0.988111 2.32381
2 302 0.853408 2.01905
2 303 0.682635 1.46667
2 304 0.81327 1.75238
2 305 1.04189 2.41905
2 306 1.14363 2.66667
2 307 1.57937 3.37143
2 308 1.94931 4.11429
2 309 2.16322 4.53333
2 310 2.65195 5.33333
2 311 2.66896 5.37143
2 312 3.06795 6.13333
2 313 2.87659 5.75238
2 314 3.52531 7.04762
2 315 3.67063 7.33333
2 316 3.16019 6.32381
2 317 3.13646 6.26667
2 318 3.06605 6.13333
2 319 3.08201 6.17143
2 320 2.82552 5.65714
2 321 2.90223 5.80952
2 322 2.64703 5.33333
2 323 2.55027 5.14286
2 324 2.36001 4.91429
2 325 2.77127 5.5619
2 326 2.53869 5.12381
2 327 2.51433 5.08571
2 328 2.42201 4.91429
2 329 2.3841 4.85714
2 330 2.19908 4.55238
2 331 2.20516 4.60952
2 332 1.99673 4.19048
2 333 2.19132 4.57143
2 334 2.16382 4.53333
2 335 1.95698 4.07619
