0 0 0.44311818784734874 5.365384615384611
0 1 0.4214902502500735 4.961538461538456
0 2 0.44514588138719985 5.499999999999995
0 3 0.42659574606524975 5.173076923076918
0 4 0.41091544203380503 4.63461538461538
0 5 0.3926238973758298 4.192307692307689
0 6 0.41182395957315027 4.711538461538457
0 7 0.3569059014272069 3.2884615384615357
0 8 0.36737500697247727 3.5384615384615357
0 9 0.3388062278761125 2.923076923076922
0 10 0.32042403114660845 2.653846153846152
0 11 0.32230275418892773 2.6346153846153824
0 12 0.31936676905514083 2.6923076923076907
0 13 0.2819486971289791 2.0192307692307683
0 14 0.28157546550877 1.8653846153846148
0 15 0.30713747936157637 2.3269230769230758
0 16 0.3347635984209634 2.8653846153846123
0 17 0.3611027778527781 3.384615384615381
0 18 0.4005331680271257 4.365384615384612
0 19 0.43094554975534705 5.07692307692307
0 20 0.5046582179604264 6.826923076923069
0 21 0.5165894516290314 7.442307692307685
0 22 0.5200602933591204 7.576923076923068
0 23 0.569267996524207 9.076923076923077
0 24 0.5810940273534415 9.692307692307688
0 25 0.6023488660808888 10.403846153846152
0 26 0.6148570849105568 10.788461538461544
0 27 0.6066347594184938 10.384615384615385
0 28 0.6088294763494165 10.576923076923082
0 29 0.5505116879318058 8.653846153846148
0 30 0.5639842796138669 9.057692307692305
0 31 0.5594193146025425 9.096153846153845
0 32 0.562534373322334 9.076923076923075
0 33 0.5432392936246092 8.480769230769225
0 34 0.5540265087501606 8.865384615384611
0 35 0.5347389371587822 8.153846153846146
0 36 0.5291007286386008 7.999999999999994
0 37 0.49558566050974656 6.86538461538461
0 38 0.5004916776542343 6.923076923076915
0 39 0.48583908487264676 6.499999999999994
0 40 0.4767584999645271 6.249999999999992
0 41 0.484119513412127 6.499999999999994
0 42 0.46786491903576927 6.134615384615379
0 43 0.479716645527685 6.346153846153839
0 44 0.5001829255301058 6.903846153846151
0 45 0.48677718369175643 6.576923076923072
0 46 0.43240116459271627 5.153846153846148
0 47 0.4443224825435644 5.57692307692307
0 48 0.4257718172328506 5.038461538461535
0 49 0.4373273998275258 5.269230769230764
0 50 0.39566518714190724 4.288461538461534
0 51 0.396307163613948 4.326923076923072
0 52 0.3596623167816349 3.3846153846153815
0 53 0.37007120105388736 3.711538461538459
0 54 0.3326228272735006 2.865384615384614
0 55 0.32505891517166197 2.6153846153846136
0 56 0.3094446680293193 2.3846153846153832
0 57 0.301631371719126 2.1538461538461533
0 58 0.2949518758772734 2.096153846153846
0 59 0.29134084692492523 2.0576923076923066
0 60 0.2869199284580939 2.019230769230769
0 61 0.2718279320570264 1.6346153846153837
0 62 0.29471955757073764 2.0961538461538463
0 63 0.27033201814047336 1.6923076923076925
0 64 0.3110915479811374 2.365384615384613
0 65 0.33537046315065927 2.9038461538461524
0 66 0.37288561061902387 3.6923076923076894
0 67 0.4379601003408406 5.326923076923072
0 68 0.4750238336507675 6.3269230769230695
0 69 0.4967847172039519 6.749999999999992
0 70 0.5128297849652813 7.38461538461538
0 71 0.5989602979399447 10.09615384615385
0 72 0.5840576940817854 9.730769230769234
0 73 0.6114021868200936 10.634615384615383
0 74 0.6339596392336719 11.28846153846154
0 75 0.6316358034695477 11.326923076923082
0 76 0.6022034750179822 10.55769230769231
0 77 0.6079749575793885 10.63461538461539
0 78 0.58716353541805 9.84615384615385
0 79 0.5907102416645862 10.076923076923077
0 80 0.5542717723809397 8.92307692307692
0 81 0.5592883247483499 9.038461538461538
0 82 0.5386063205630246 7.9615384615384555
0 83 0.5255411281375817 7.8076923076922995
0 84 0.500021686170468 7.076923076923069
0 85 0.5142315693899665 7.653846153846147
0 86 0.515409812751647 7.769230769230762
0 87 0.5111879102121782 7.307692307692303
0 88 0.500607659252757 7.26923076923076
0 89 0.5063496198926298 7.32692307692307
0 90 0.49401316441608883 7.11538461538461
0 91 0.4946673246445781 6.999999999999993
0 92 0.4718589588511591 6.09615384615384
0 93 0.4556547524877995 5.749999999999993
0 94 0.4355458969507671 5.2307692307692255
0 95 0.42545562841387313 5.038461538461532
0 96 0.40139627138797684 4.326923076923072
0 97 0.4082165036335262 4.5192307692307665
0 98 0.37140839987331864 3.634615384615381
0 99 0.3844944770480938 3.826923076923074
0 100 0.35252925165305043 3.4038461538461515
0 101 0.32778166052194957 2.749999999999998
0 102 0.3225924806633031 2.634615384615383
0 103 0.28814884655466705 1.9615384615384608
0 104 0.2975798769398364 2.115384615384615
0 105 0.28932494935611525 2.019230769230769
0 106 0.2678073122275376 1.5961538461538465
0 107 0.27572165580120495 1.7499999999999996
0 108 0.2790775280099988 1.7692307692307687
0 109 0.2694516432785573 1.596153846153846
0 110 0.25854609830294034 1.480769230769231
0 111 0.2720960705493829 1.6538461538461542
0 112 0.3016146615055843 2.211538461538461
0 113 0.32727842070123414 2.730769230769229
0 114 0.37654317957197325 3.7307692307692286
0 115 0.4233176474502 4.730769230769227
0 116 0.447940327912573 5.480769230769226
0 117 0.48445682811567164 6.499999999999992
0 118 0.5050968459893528 7.173076923076916
0 119 0.5569974216531124 8.826923076923071
0 120 0.557783573183605 8.788461538461533
0 121 0.5971608213503157 10.32692307692308
0 122 0.5839990693287505 9.673076923076918
0 123 0.6071297406430773 10.307692307692305
0 124 0.5931776735330322 9.94230769230769
0 125 0.5927612862664565 10.09615384615385
0 126 0.5891935094122912 10.03846153846154
0 127 0.5503479837884174 8.615384615384611
0 128 0.5803375782144542 9.538461538461535
0 129 0.550904873030662 8.59615384615384
0 130 0.53274604537094 8.096153846153841
0 131 0.5052786479427684 7.249999999999994
0 132 0.501223047304707 6.999999999999995
0 133 0.48619501702852896 6.615384615384608
0 134 0.48168211963913343 6.538461538461534
0 135 0.5031524811789699 7.115384615384608
0 136 0.4624972271321419 5.942307692307685
0 137 0.4880844827006802 6.769230769230764
0 138 0.48061409828615137 6.499999999999995
0 139 0.4593353860537378 5.923076923076919
0 140 0.46256770718312185 5.980769230769224
0 141 0.4504805189248853 5.57692307692307
0 142 0.44353031042526364 5.384615384615379
0 143 0.41488305712220397 4.653846153846148
0 144 0.410747296518037 4.653846153846149
0 145 0.3988549275401874 4.307692307692302
0 146 0.3888779761993241 3.9423076923076876
0 147 0.3880295220105658 3.999999999999997
0 148 0.3356050906369445 2.9423076923076907
0 149 0.33909336343518964 2.9423076923076907
0 150 0.3308884114602349 2.8076923076923053
0 151 0.30329249459926866 2.3461538461538454
0 152 0.3159889402208671 2.519230769230768
0 153 0.28666239954026934 1.98076923076923
0 154 0.2922788537441029 2.0576923076923066
0 155 0.2776756402384428 1.807692307692308
0 156 0.27693224195264565 1.769230769230769
0 157 0.27819368212312523 1.7692307692307685
0 158 0.28161723389884397 1.8269230769230769
0 159 0.27985554388951617 1.8653846153846145
0 160 0.31092207266972266 2.3653846153846145
0 161 0.3298907617162147 2.692307692307692
0 162 0.38662893782929114 3.90384615384615
0 163 0.4375197385674365 5.096153846153839
0 164 0.47233443584106677 6.057692307692302
0 165 0.5096696404951033 7.3269230769230695
0 166 0.5599580377368026 8.596153846153843
0 167 0.5416904510774538 8.499999999999996
0 168 0.5971152516770114 9.865384615384617
0 169 0.6154217863028209 10.788461538461538
0 170 0.6323927124872543 11.4423076923077
0 171 0.6087348505287573 10.403846153846157
0 172 0.613895701575253 10.865384615384619
0 173 0.6305547657265022 11.13461538461539
0 174 0.5939619724980132 10.115384615384622
0 175 0.5946448089678994 10.211538461538462
0 176 0.5807102892136198 9.403846153846152
0 177 0.5621795403665442 8.980769230769225
0 178 0.5186533074220697 7.673076923076916
0 179 0.4984725407629877 7.403846153846147
0 180 0.5412419257516633 8.499999999999996
0 181 0.5269098890942729 7.846153846153838
0 182 0.5255442488608404 7.865384615384609
0 183 0.5100167602762997 7.365384615384608
0 184 0.49744731094845174 6.9807692307692255
0 185 0.498128705085661 6.999999999999994
0 186 0.5064581006779758 7.07692307692307
0 187 0.46664404268673676 6.230769230769225
0 188 0.487401369957274 6.442307692307685
0 189 0.47376067581013787 6.365384615384611
0 190 0.4476524603262308 5.519230769230765
0 191 0.4424281124221216 5.499999999999994
0 192 0.41284869986031947 4.495238095238091
0 193 0.4201419071203422 4.819047619047614
0 194 0.4147337767430777 4.6857142857142815
0 195 0.3767891354846156 3.7142857142857126
0 196 0.36254307478930337 3.504761904761901
0 197 0.35441814892129286 3.2761904761904734
0 198 0.3273237046975784 2.76190476190476
0 199 0.3304038618409233 2.723809523809523
0 200 0.3347640027368142 2.8190476190476175
0 201 0.3236662021018535 2.57142857142857
0 202 0.3027705233356661 2.2857142857142843
0 203 0.3075957062420335 2.3047619047619032
0 204 0.2898372837678221 1.9428571428571422
0 205 0.2899274483469979 2.0380952380952375
0 206 0.2753143841505157 1.6380952380952374
0 207 0.2661816709702765 1.542857142857143
0 208 0.3256596491231106 2.6666666666666647
0 209 0.3463903613823249 3.0476190476190452
0 210 0.3819499241715121 3.8666666666666645
0 211 0.4247398471555344 4.952380952380948
0 212 0.45491751732282065 5.599999999999995
0 213 0.5008572000708741 6.9714285714285635
0 214 0.5354111822680881 8.01904761904761
0 215 0.5549921510808833 8.361904761904755
0 216 0.5619875020587548 8.62857142857142
0 217 0.5799788402487709 9.3142857142857
0 218 0.5550584921521033 8.62857142857142
0 219 0.5971823899247104 10.285714285714274
0 220 0.576520573496935 9.466666666666656
0 221 0.569074531789688 9.104761904761897
0 222 0.576581893486436 9.295238095238084
0 223 0.5618841033403095 9.142857142857137
0 224 0.5490802018919223 8.380952380952372
0 225 0.549975881861419 8.399999999999991
0 226 0.5038979876658456 7.009523809523804
0 227 0.527486949366596 7.65714285714285
0 228 0.5013027561385893 7.0476190476190395
0 229 0.49056975909026135 6.7238095238095195
0 230 0.4908590608908886 6.704761904761899
0 231 0.4981794668180989 7.066666666666658
0 232 0.4595427288838076 5.961904761904754
0 233 0.48400677745860043 6.609523809523802
0 234 0.4752145445426379 6.24761904761904
0 235 0.4915226009825403 6.761904761904755
0 236 0.44159079891125785 5.31428571428571
0 237 0.45944607673781873 5.752380952380944
0 238 0.4405463877368078 5.180952380952374
0 239 0.4528460215009394 5.5809523809523744
0 240 0.4201414076593152 4.838095238095233
0 241 0.4292413842801832 5.104761904761898
0 242 0.40046247825816816 4.266666666666662
0 243 0.40021176607622383 4.380952380952378
0 244 0.37587080226293773 3.714285714285711
0 245 0.37754838726072 3.8857142857142835
0 246 0.3637815370738406 3.485714285714283
0 247 0.37463599271448345 3.6761904761904733
0 248 0.3437252900616001 3.0285714285714267
0 249 0.35483498781954503 3.3333333333333313
0 250 0.31205925682432045 2.419047619047618
0 251 0.31209761399654723 2.3238095238095218
0 252 0.3323892937445478 2.8380952380952364
0 253 0.33354782495190677 2.8761904761904744
0 254 0.33632567617725606 2.9142857142857115
0 255 0.3208251085032353 2.57142857142857
0 256 0.32266447480302934 2.685714285714284
0 257 0.35253299913924785 3.2380952380952364
0 258 0.38953595064788604 3.9047619047619015
0 259 0.4238741731968519 4.704761904761899
0 260 0.46119594978944706 5.638095238095231
0 261 0.43967729000571215 5.238095238095235
0 262 0.49989819617774545 6.819047619047611
0 263 0.5272248366629672 7.371428571428563
0 264 0.5539022183600918 8.438095238095228
0 265 0.555145281484633 8.533333333333324
0 266 0.5596018072214763 8.799999999999986
0 267 0.569007109190934 9.104761904761894
0 268 0.5746395009271695 9.466666666666658
0 269 0.5510756513672926 8.514285714285707
0 270 0.5638522873968123 8.857142857142845
0 271 0.5601288006417946 8.742857142857133
0 272 0.5682091241133014 8.704761904761892
0 273 0.5297330951950316 7.6952380952380866
0 274 0.5014102616457435 7.028571428571423
0 275 0.46796035555795024 6.038095238095231
0 276 0.49598989015004075 6.799999999999993
0 277 0.4980761560830957 6.876190476190469
0 278 0.49896683033968925 6.9904761904761825
0 279 0.48952614324925253 6.66666666666666
0 280 0.4871495399033906 6.514285714285706
0 281 0.4600594461006732 5.904761904761898
0 282 0.4710727592093888 6.171428571428563
0 283 0.4670078755343161 6.07619047619047
0 284 0.5086197581465103 7.314285714285709
0 285 0.4782885548592231 6.247619047619043
0 286 0.47862223716767605 6.3047619047619
0 287 0.47889756253832294 6.228571428571423
0 288 0.42681807667589394 4.9142857142857075
0 289 0.45625029098352976 5.599999999999995
0 290 0.42401534801769275 4.876190476190473
0 291 0.42895770919746784 4.876190476190472
0 292 0.4008690474979449 4.247619047619042
0 293 0.41422181014181597 4.666666666666664
0 294 0.388346501932972 3.923809523809519
0 295 0.4001280366886995 4.361904761904759
0 296 0.3692573940444971 3.6380952380952363
0 297 0.35387452239480155 3.2761904761904743
0 298 0.357046437707092 3.3714285714285697
0 299 0.36201785156802657 3.6380952380952354
0 300 0.34867785148226493 3.123809523809522
0 301 0.3467215264918038 3.066666666666664
0 302 0.34564163987370167 3.1047619047619026
0 303 0.3485393480125053 3.180952380952378
0 304 0.3447691301798674 3.1428571428571406
0 305 0.37058123988028346 3.695238095238092
0 306 0.3911996777647121 4.190476190476187
0 307 0.4156075830601522 4.761904761904757
0 308 0.453823876665202 5.676190476190471
0 309 0.452872759918512 5.4666666666666615
0 310 0.471651471243862 6.1333333333333275
0 311 0.5130002241049675 7.19999999999999
0 312 0.5375638131807264 7.923809523809514
0 313 0.5546178658767834 8.533333333333323
0 314 0.5500366915525793 8.304761904761897
0 315 0.597145076749637 9.99999999999999
0 316 0.5702579709676868 8.971428571428559
0 317 0.5867005437605051 9.409523809523797
0 318 0.5475667083968335 8.323809523809517
0 319 0.5573317242238629 8.514285714285704
0 320 0.5427512324519319 8.266666666666659
0 321 0.5253404275049001 7.771428571428564
0 322 0.4912353478918314 6.571428571428565
0 323 0.5011065882036354 6.761904761904757
0 324 0.4893389005754245 6.819047619047613
0 325 0.49534657095237783 6.838095238095229
0 326 0.4884694522871755 6.457142857142849
0 327 0.4837706735430474 6.514285714285708
0 328 0.48389380000024174 6.323809523809517
0 329 0.47271957309048357 6.266666666666661
0 330 0.463662638583535 5.942857142857137
0 331 0.5164969926584191 7.142857142857136
0 332 0.48160723278350004 6.399999999999995
0 333 0.4882650118957284 6.571428571428564
0 334 0.45312687071831553 5.599999999999995
0 335 0.45211702856345554 5.638095238095231
1 0 0.27145824130425866 1.6730769230769238
1 1 0.2371097311459866 1.1346153846153848
1 2 0.2528913722146208 1.3076923076923073
1 3 0.24683256588474087 1.3269230769230773
1 4 0.24718649811878932 1.2692307692307692
1 5 0.24257478439485786 1.1923076923076923
1 6 0.2507011164487378 1.3461538461538465
1 7 0.22188235233551654 0.9038461538461541
1 8 0.22747285243060925 0.9615384615384619
1 9 0.230592570735573 1.0192307692307698
1 10 0.21336582154190464 0.7884615384615388
1 11 0.21193916882530353 0.7884615384615387
1 12 0.2155161759487524 0.8846153846153849
1 13 0.19734541589812699 0.5961538461538463
1 14 0.2104062383214489 0.7692307692307693
1 15 0.20379833790482524 0.6346153846153846
1 16 0.23046080774355868 1.0192307692307694
1 17 0.2304792401762412 1.0961538461538463
1 18 0.27592206266582336 1.711538461538461
1 19 0.28715557209271425 1.9230769230769227
1 20 0.3345022900041327 2.8076923076923053
1 21 0.3510411643727782 3.1923076923076894
1 22 0.384453055825121 3.903846153846149
1 23 0.4232702747249719 4.826923076923073
1 24 0.4100750826318551 4.557692307692303
1 25 0.4297053625242631 4.8461538461538405
1 26 0.4336739316215897 5.153846153846149
1 27 0.4502664125156949 5.615384615384609
1 28 0.4279540377836525 4.999999999999995
1 29 0.431722860674796 5.15384615384615
1 30 0.3913828904671898 4.057692307692305
1 31 0.4032291211552881 4.365384615384611
1 32 0.4041044571901629 4.288461538461535
1 33 0.3941417235762356 4.346153846153841
1 34 0.386262716636794 4.1346153846153815
1 35 0.37601345517941215 3.730769230769229
1 36 0.3833078080516304 3.807692307692305
1 37 0.35073276407384835 3.2115384615384595
1 38 0.3349276907215589 2.980769230769229
1 39 0.3616354638213792 3.4423076923076903
1 40 0.3529848309528076 3.192307692307689
1 41 0.3544466768178126 3.3076923076923044
1 42 0.33608290141614644 2.9230769230769202
1 43 0.3473486845329139 3.0769230769230744
1 44 0.30186407644022245 2.288461538461538
1 45 0.2874927830916351 1.9038461538461533
1 46 0.30172772556317334 2.3269230769230753
1 47 0.28745379384850356 1.923076923076923
1 48 0.3016393548938647 2.1923076923076916
1 49 0.28291462283360763 1.9038461538461542
1 50 0.27054556147251957 1.7115384615384612
1 51 0.24439513871821952 1.288461538461539
1 52 0.25613609927024517 1.4230769230769231
1 53 0.2401521044218307 1.1730769230769238
1 54 0.22420522933815948 0.9230769230769234
1 55 0.22591262790836528 1.0384615384615388
1 56 0.23374405991441682 1.0961538461538465
1 57 0.20920703422436943 0.7307692307692311
1 58 0.2065253231755862 0.6730769230769232
1 59 0.2024545302490625 0.6346153846153847
1 60 0.21299918507717505 0.8076923076923078
1 61 0.2156512571637597 0.8461538461538464
1 62 0.20501958713485482 0.6923076923076925
1 63 0.20279776369418023 0.653846153846154
1 64 0.21412853115915348 0.8076923076923079
1 65 0.24465053129480802 1.2307692307692306
1 66 0.2685269872691853 1.557692307692307
1 67 0.2845043314843372 1.826923076923077
1 68 0.31571752289827826 2.461538461538461
1 69 0.3485225731550018 3.1346153846153824
1 70 0.347701605388739 3.0961538461538436
1 71 0.37047284259489105 3.5961538461538414
1 72 0.4130282176766719 4.634615384615381
1 73 0.4165519500915568 4.769230769230762
1 74 0.40996641580877413 4.576923076923072
1 75 0.42523478997730757 4.980769230769226
1 76 0.4069258073842611 4.63461538461538
1 77 0.39022331266489424 4.076923076923075
1 78 0.3742239781071973 3.6923076923076903
1 79 0.3799198176109557 3.9038461538461497
1 80 0.3654605273021769 3.615384615384612
1 81 0.3759083905762062 3.7884615384615334
1 82 0.32976139964399215 2.8653846153846128
1 83 0.36789108227627415 3.5384615384615348
1 84 0.34830545432189336 3.1923076923076885
1 85 0.3438534603331994 3.0769230769230758
1 86 0.34179679764959636 2.9807692307692277
1 87 0.3564634830022213 3.3076923076923044
1 88 0.3073707249810806 2.365384615384614
1 89 0.33550143715274355 2.846153846153844
1 90 0.31047199502279427 2.3653846153846145
1 91 0.308106638222514 2.365384615384614
1 92 0.3048345048223855 2.192307692307692
1 93 0.2978936177986714 2.1346153846153837
1 94 0.30184216349205584 2.211538461538461
1 95 0.271730476241619 1.6923076923076918
1 96 0.2736527850839922 1.7307692307692306
1 97 0.2757102023815653 1.7884615384615388
1 98 0.2658236466206514 1.6346153846153844
1 99 0.24376506061587955 1.269230769230769
1 100 0.2581578091386425 1.442307692307693
1 101 0.2441634239058922 1.230769230769231
1 102 0.23622975554291797 1.0961538461538467
1 103 0.23727181381569046 1.1153846153846156
1 104 0.23179818190225793 1.0192307692307694
1 105 0.2191991955615921 0.8269230769230772
1 106 0.20587928645707393 0.7115384615384616
1 107 0.20400838053431963 0.6730769230769231
1 108 0.1985105161146534 0.576923076923077
1 109 0.1816885997858517 0.36538461538461525
1 110 0.20198403862963016 0.6153846153846154
1 111 0.2044254890327031 0.6538461538461539
1 112 0.20107689857637837 0.653846153846154
1 113 0.2102368869595325 0.7500000000000003
1 114 0.23709614258625064 1.076923076923077
1 115 0.2596365873664969 1.4615384615384615
1 116 0.297281193639155 2.1153846153846145
1 117 0.34567275774018047 3.134615384615383
1 118 0.35890397674696395 3.326923076923074
1 119 0.37578755172391126 3.769230769230765
1 120 0.4014763596145509 4.288461538461534
1 121 0.39181589675611717 4.153846153846151
1 122 0.40643869282347966 4.480769230769226
1 123 0.38836431082401834 4.15384615384615
1 124 0.3978600446458947 4.15384615384615
1 125 0.40191943037549965 4.461538461538457
1 126 0.3692498441565351 3.634615384615382
1 127 0.3766584382914507 3.7499999999999973
1 128 0.34676096509441523 3.2499999999999973
1 129 0.36917837576104645 3.6346153846153824
1 130 0.3627750002138816 3.461538461538459
1 131 0.3242915660039426 2.7307692307692277
1 132 0.33360870140023957 2.8653846153846128
1 133 0.33762664897871586 3.0384615384615357
1 134 0.34782557290880683 3.0961538461538445
1 135 0.33103459300432236 2.7499999999999982
1 136 0.3253763528902086 2.73076923076923
1 137 0.30834768962192366 2.2884615384615365
1 138 0.34036431741266876 2.9807692307692286
1 139 0.30496342313700125 2.249999999999999
1 140 0.31730300442848874 2.4807692307692295
1 141 0.29751443401171557 2.211538461538461
1 142 0.295879682210413 2.1538461538461533
1 143 0.30947821928009217 2.4038461538461533
1 144 0.30452148572718424 2.269230769230768
1 145 0.29925629898001593 2.1730769230769225
1 146 0.27523776244662845 1.7115384615384615
1 147 0.2726773020926105 1.7499999999999993
1 148 0.24190572805926308 1.2115384615384617
1 149 0.25411546560654197 1.423076923076923
1 150 0.2585839928072333 1.4807692307692304
1 151 0.22529467260898753 0.9423076923076925
1 152 0.24369130136066888 1.2307692307692308
1 153 0.21921843195513474 0.9423076923076924
1 154 0.23627165526237714 1.1153846153846152
1 155 0.21276292985123205 0.8269230769230768
1 156 0.20031699497188185 0.6346153846153846
1 157 0.20371035953489416 0.653846153846154
1 158 0.20581257439298342 0.6730769230769232
1 159 0.20158661579968298 0.6153846153846155
1 160 0.2188718146430151 0.8846153846153851
1 161 0.2433177027429039 1.2115384615384617
1 162 0.24395424959854603 1.3076923076923073
1 163 0.2874648206764436 1.8846153846153835
1 164 0.312381465452399 2.4230769230769216
1 165 0.33781095465288397 2.9423076923076903
1 166 0.34359555282872234 3.0192307692307674
1 167 0.3664705777958047 3.5384615384615357
1 168 0.3955128495678633 4.269230769230765
1 169 0.4181707234541199 4.557692307692302
1 170 0.38966811958145287 4.038461538461536
1 171 0.41008330362072976 4.461538461538458
1 172 0.3874188943428723 4.1346153846153815
1 173 0.4102544556123207 4.480769230769226
1 174 0.36435981887770846 3.40384615384615
1 175 0.36586903764474077 3.538461538461537
1 176 0.366334774834964 3.5384615384615357
1 177 0.3441359781251914 3.076923076923076
1 178 0.3322183430383807 2.9423076923076903
1 179 0.3265996014213902 2.749999999999997
1 180 0.32865861637401034 2.6730769230769202
1 181 0.31983868122189457 2.615384615384614
1 182 0.2829620708509073 1.9038461538461533
1 183 0.31339660437109873 2.4423076923076907
1 184 0.33080423310796825 2.807692307692307
1 185 0.32199493680395924 2.596153846153844
1 186 0.3202064002247123 2.557692307692307
1 187 0.30103883481933524 2.2307692307692295
1 188 0.29389932975057653 2.057692307692308
1 189 0.2916207656322289 2.0192307692307687
1 190 0.26686578462475286 1.6346153846153837
1 191 0.2699940165762397 1.5961538461538463
1 192 0.26263510941100426 1.561904761904762
1 193 0.23911805156993868 1.1809523809523812
1 194 0.25683139206939015 1.428571428571429
1 195 0.2433961002060617 1.2
1 196 0.24036252331253585 1.1619047619047616
1 197 0.2161225573142565 0.8190476190476195
1 198 0.2358922183621817 1.066666666666667
1 199 0.23075535068318076 0.990476190476191
1 200 0.226894531542499 0.9714285714285722
1 201 0.2042592435655009 0.6666666666666665
1 202 0.21908256990727326 0.8761904761904764
1 203 0.203793255217389 0.6666666666666665
1 204 0.20576488479061938 0.6857142857142858
1 205 0.19835126205577633 0.6095238095238097
1 206 0.19559152449968156 0.5333333333333332
1 207 0.19085617814445952 0.438095238095238
1 208 0.21719854943829817 0.8190476190476195
1 209 0.22919924527353225 0.9904761904761907
1 210 0.26075935126132466 1.466666666666667
1 211 0.26831204932988306 1.6761904761904756
1 212 0.31021187750065987 2.419047619047618
1 213 0.33296067392642315 2.8761904761904744
1 214 0.3793533109049371 3.7333333333333285
1 215 0.3829527693845871 3.9619047619047585
1 216 0.4024456289894762 4.152380952380949
1 217 0.3905090059203115 4.133333333333329
1 218 0.4340246634249419 4.8952380952380885
1 219 0.4273526610174556 4.914285714285709
1 220 0.41540919123375863 4.685714285714281
1 221 0.4028473812801756 4.3047619047619
1 222 0.3867259048271784 3.94285714285714
1 223 0.38665557646148097 3.961904761904758
1 224 0.3556788621306624 3.2761904761904734
1 225 0.3609295295457184 3.3523809523809502
1 226 0.34171787924689156 3.0476190476190457
1 227 0.3558254388996886 3.3904761904761886
1 228 0.34924911669578984 3.1619047619047604
1 229 0.34197952612773164 2.9904761904761883
1 230 0.3586556453780243 3.4285714285714257
1 231 0.32199338965613955 2.5714285714285703
1 232 0.33801799927938814 2.7999999999999985
1 233 0.34557058966406434 3.0666666666666655
1 234 0.3276876938219226 2.742857142857141
1 235 0.32057942923189375 2.5714285714285694
1 236 0.29866074080602895 2.1523809523809514
1 237 0.3114778148673202 2.3428571428571416
1 238 0.29420607087683853 2.0952380952380953
1 239 0.2991485421089052 2.1523809523809523
1 240 0.282782072704409 1.885714285714285
1 241 0.27952881866529167 1.7904761904761903
1 242 0.2810405678234743 1.79047619047619
1 243 0.25464332815206986 1.4476190476190476
1 244 0.2642695103259598 1.561904761904762
1 245 0.26101177565278577 1.485714285714285
1 246 0.26884600098843303 1.638095238095238
1 247 0.2513676389490269 1.4285714285714282
1 248 0.2588869221580787 1.4857142857142858
1 249 0.2324644186414721 1.0095238095238102
1 250 0.24036104242897346 1.142857142857143
1 251 0.23609431531480177 1.1047619047619053
1 252 0.2462279070916594 1.2952380952380946
1 253 0.2194389447625084 0.8952380952380956
1 254 0.23262800116684282 1.066666666666667
1 255 0.20800128427343278 0.7619047619047623
1 256 0.23810648810532026 1.1619047619047618
1 257 0.23733868712759734 1.104761904761905
1 258 0.28671349919440087 1.9619047619047616
1 259 0.27967166473125665 1.7142857142857137
1 260 0.3142648268133689 2.419047619047618
1 261 0.30221437120753986 2.1142857142857134
1 262 0.34640656790863594 3.104761904761902
1 263 0.35869418943273884 3.3714285714285697
1 264 0.3856103105341703 3.94285714285714
1 265 0.374001557349891 3.8666666666666623
1 266 0.388574627131001 4.038095238095233
1 267 0.37661855106620323 3.6761904761904725
1 268 0.37557306358511544 3.7142857142857104
1 269 0.40947883947072994 4.6476190476190435
1 270 0.3733952409414874 3.5619047619047586
1 271 0.36237296655575807 3.504761904761901
1 272 0.3523289685313936 3.371428571428569
1 273 0.38063201178543643 3.7714285714285682
1 274 0.36159132065133015 3.314285714285713
1 275 0.3651966951153673 3.390476190476186
1 276 0.35613047492804994 3.276190476190473
1 277 0.3465521263326011 3.0666666666666638
1 278 0.3327821077514433 2.7238095238095217
1 279 0.3265019977352621 2.6285714285714286
1 280 0.2991175551051491 2.19047619047619
1 281 0.3330996221751085 2.8571428571428554
1 282 0.304090415190002 2.228571428571428
1 283 0.31514013778053196 2.495238095238094
1 284 0.2912472172754023 2.057142857142857
1 285 0.2829096638848574 1.8285714285714278
1 286 0.3065199287409864 2.2285714285714273
1 287 0.2871781267710665 1.9619047619047616
1 288 0.2961838398171321 2.1904761904761894
1 289 0.28068615018022786 1.847619047619047
1 290 0.26839546196701614 1.5999999999999994
1 291 0.28023627329822615 1.8095238095238089
1 292 0.2569537206489719 1.3904761904761909
1 293 0.2719110543633191 1.6380952380952383
1 294 0.2629147366311203 1.5047619047619045
1 295 0.2733865926532001 1.714285714285714
1 296 0.24159807010295287 1.2000000000000004
1 297 0.2679692475388786 1.5809523809523813
1 298 0.2568615798022505 1.4285714285714286
1 299 0.23755249038204868 1.1428571428571432
1 300 0.25298905663864707 1.3523809523809522
1 301 0.22410318950401947 0.9714285714285716
1 302 0.2301405467554315 1.00952380952381
1 303 0.20952736768736607 0.7619047619047621
1 304 0.23242614939300174 1.0666666666666669
1 305 0.24531046735794312 1.314285714285714
1 306 0.25355446292680817 1.3904761904761904
1 307 0.29139254258021047 2.019047619047618
1 308 0.28944680665192657 1.9238095238095234
1 309 0.2949819065493228 2.0571428571428565
1 310 0.3311271076857741 2.7428571428571416
1 311 0.32977508777630316 2.7047619047619036
1 312 0.3432293009672466 3.028571428571426
1 313 0.38491435774181704 3.904761904761901
1 314 0.3726722199754336 3.638095238095234
1 315 0.38378452523355083 3.8666666666666623
1 316 0.3795272159922163 3.752380952380949
1 317 0.3798712138172466 3.8285714285714247
1 318 0.35232180434823385 3.219047619047616
1 319 0.37846810492796157 3.676190476190473
1 320 0.36614092225225725 3.485714285714283
1 321 0.34031099256073366 2.9523809523809508
1 322 0.3276311743851841 2.7238095238095235
1 323 0.3292759322087976 2.6857142857142837
1 324 0.341939217343978 2.9904761904761883
1 325 0.3256939656037542 2.5523809523809513
1 326 0.3097745749895651 2.3619047619047597
1 327 0.32572882421000476 2.6476190476190467
1 328 0.31209899206481023 2.38095238095238
1 329 0.3116626094925568 2.3809523809523796
1 330 0.29609836364709585 2.0571428571428574
1 331 0.29314060697649097 2.1142857142857134
1 332 0.2857354393051042 1.8666666666666665
1 333 0.2743575614960088 1.676190476190476
1 334 0.26004584139159176 1.4857142857142853
1 335 0.2372744913491469 1.1047619047619048
2 0 0.3951362898697533 4.288461538461535
2 1 0.3777955310380238 3.9615384615384595
2 2 0.3831189666165058 4.096153846153843
2 3 0.3593311282417401 3.384615384615382
2 4 0.35890289581770457 3.5384615384615365
2 5 0.35238032385066 3.3076923076923053
2 6 0.37042927926767205 3.6538461538461497
2 7 0.31536580003699144 2.557692307692306
2 8 0.31581613047040674 2.5384615384615374
2 9 0.3127844300787381 2.499999999999999
2 10 0.2760621923105078 1.8076923076923068
2 11 0.26830580744885824 1.6538461538461542
2 12 0.30444371766548317 2.2884615384615383
2 13 0.27844566349689764 1.769230769230769
2 14 0.2765811210053967 1.8269230769230764
2 15 0.2754949299110578 1.8076923076923077
2 16 0.27482236910880675 1.8269230769230773
2 17 0.3055022697413433 2.3461538461538445
2 18 0.3732531088143845 3.653846153846151
2 19 0.43288264213550187 5.057692307692303
2 20 0.43235883562023636 5.3461538461538405
2 21 0.4713779107936578 6.153846153846147
2 22 0.5131966818423046 7.538461538461532
2 23 0.5449423803819383 8.46153846153846
2 24 0.5748407750663134 9.03846153846153
2 25 0.5688666323930396 8.999999999999995
2 26 0.558350189186912 8.749999999999998
2 27 0.6077566816837737 10.519230769230766
2 28 0.5762662416426898 9.5
2 29 0.5826040403927195 9.673076923076927
2 30 0.5463610324028402 8.423076923076916
2 31 0.5281553821135841 8.134615384615378
2 32 0.5342663185985637 8.038461538461531
2 33 0.5419309665573748 8.480769230769228
2 34 0.49629057981059793 6.769230769230763
2 35 0.47782189778328876 6.461538461538455
2 36 0.47802562005610905 6.461538461538457
2 37 0.48577040912021446 6.84615384615384
2 38 0.49524476865901645 7.192307692307687
2 39 0.4714850871385248 6.423076923076915
2 40 0.48325213544311224 6.519230769230763
2 41 0.4855324431352292 6.557692307692301
2 42 0.45310148869151123 5.826923076923071
2 43 0.47173362443481165 6.1923076923076845
2 44 0.4315757717045017 5.2307692307692255
2 45 0.42316658374072186 4.88461538461538
2 46 0.4157970379704632 4.884615384615378
2 47 0.38772995360007656 4.1346153846153815
2 48 0.4169502056681512 4.884615384615381
2 49 0.39481409766096476 4.192307692307689
2 50 0.3898232208696475 4.15384615384615
2 51 0.38166852178815525 3.8846153846153815
2 52 0.358508805583408 3.4038461538461506
2 53 0.34664922623393474 3.2692307692307656
2 54 0.31301849467702125 2.403846153846153
2 55 0.32201559735061913 2.73076923076923
2 56 0.28767698520192353 1.9807692307692302
2 57 0.2957131656267891 2.1538461538461533
2 58 0.2616394414805401 1.4999999999999991
2 59 0.27365492052217666 1.6730769230769222
2 60 0.2601980273071366 1.5576923076923075
2 61 0.25743835557985784 1.4615384615384615
2 62 0.24963046993711785 1.3846153846153844
2 63 0.23779849641739062 1.1346153846153848
2 64 0.2720114453199641 1.7692307692307692
2 65 0.29453781516460836 2.076923076923076
2 66 0.3527563029192127 3.192307692307689
2 67 0.38745393526509614 4.076923076923075
2 68 0.40932516287147913 4.576923076923072
2 69 0.4392365368095259 5.307692307692303
2 70 0.4814426056832543 6.28846153846153
2 71 0.5047162044286775 7.32692307692307
2 72 0.5211119424478731 7.7115384615384555
2 73 0.5496677571645735 8.538461538461531
2 74 0.5443373378789184 8.26923076923076
2 75 0.5531858579702417 8.73076923076923
2 76 0.5495690049441315 8.461538461538453
2 77 0.5494870168084338 8.442307692307688
2 78 0.5143263951591294 7.769230769230764
2 79 0.5075474601102129 7.480769230769223
2 80 0.5119280474298078 7.346153846153839
2 81 0.5126044721140511 7.480769230769225
2 82 0.48224840757526916 6.480769230769224
2 83 0.4892079964511123 6.557692307692302
2 84 0.46065380860618943 5.923076923076917
2 85 0.4336929745703335 5.192307692307686
2 86 0.4572372661179666 5.88461538461538
2 87 0.4615498246840496 6.038461538461531
2 88 0.45881450361876724 5.961538461538455
2 89 0.439756278396055 5.307692307692303
2 90 0.44872271478369713 5.499999999999994
2 91 0.44722374548460636 5.5961538461538405
2 92 0.4623043150942712 6.115384615384609
2 93 0.46417868808020896 6.0576923076923
2 94 0.4360448471609252 5.249999999999994
2 95 0.43779634122171807 5.346153846153841
2 96 0.44311595788774083 5.499999999999995
2 97 0.4291657651559448 5.038461538461535
2 98 0.40583411615241954 4.442307692307689
2 99 0.38129800534916475 3.9807692307692286
2 100 0.3985923874256355 4.249999999999997
2 101 0.3678874698839669 3.5576923076923053
2 102 0.3653591898836934 3.5192307692307665
2 103 0.3399154129091308 3.0192307692307674
2 104 0.3330456316298886 2.846153846153844
2 105 0.3030652531267074 2.2499999999999982
2 106 0.2730196522167572 1.711538461538462
2 107 0.27390511544119783 1.769230769230769
2 108 0.2629919776523315 1.5769230769230766
2 109 0.26397850862083655 1.5769230769230773
2 110 0.2783619260614035 1.8076923076923075
2 111 0.2609847400759138 1.5
2 112 0.28565534114062113 1.9230769230769236
2 113 0.3154763653834602 2.442307692307691
2 114 0.357559206596124 3.2499999999999973
2 115 0.39790001606853365 4.326923076923072
2 116 0.4120047219349128 4.596153846153841
2 117 0.4237222624007516 4.84615384615384
2 118 0.48209888811548407 6.57692307692307
2 119 0.5151005437984452 7.596153846153838
2 120 0.5503809184917324 8.519230769230765
2 121 0.5517568986703053 8.307692307692298
2 122 0.5717470741951345 9.21153846153846
2 123 0.5954567231088029 9.826923076923073
2 124 0.5444093774476185 8.346153846153841
2 125 0.5434924413691206 8.230769230769221
2 126 0.5285404115559934 7.9230769230769145
2 127 0.520482062258415 7.57692307692307
2 128 0.49254287720407514 6.942307692307685
2 129 0.49197616084900625 6.942307692307685
2 130 0.46696334697650577 6.173076923076915
2 131 0.4634988679298796 6.134615384615376
2 132 0.4614571622300735 5.9423076923076845
2 133 0.46474398839066705 6.11538461538461
2 134 0.47748812014566633 6.423076923076916
2 135 0.4720568595900576 6.32692307692307
2 136 0.47533785529856587 6.269230769230761
2 137 0.4634512461991662 5.9615384615384555
2 138 0.4455992480603018 5.346153846153841
2 139 0.43390868582075104 5.2115384615384555
2 140 0.442730290239293 5.423076923076917
2 141 0.39923556594729814 4.442307692307688
2 142 0.4166440977231959 4.65384615384615
2 143 0.4077770570104584 4.461538461538458
2 144 0.3953052284485157 4.230769230769226
2 145 0.4170146630945393 4.692307692307688
2 146 0.37219988616102667 3.634615384615383
2 147 0.3617124734139001 3.557692307692306
2 148 0.3677844137473908 3.5576923076923066
2 149 0.3589965818968733 3.5192307692307665
2 150 0.31392945611687023 2.519230769230768
2 151 0.33749904240501755 3.0769230769230753
2 152 0.2953469475491239 2.173076923076922
2 153 0.3141262234588112 2.4615384615384603
2 154 0.28670517496625575 2.057692307692307
2 155 0.26095807914997193 1.5961538461538463
2 156 0.28318800770870933 1.923076923076923
2 157 0.25812858015769613 1.4807692307692302
2 158 0.24806140160095763 1.2884615384615383
2 159 0.26157584595705013 1.4999999999999996
2 160 0.2687643014261146 1.6153846153846154
2 161 0.28138978163829803 1.8076923076923082
2 162 0.3220039071803823 2.730769230769229
2 163 0.3628871772262792 3.5384615384615357
2 164 0.4248527975448522 4.961538461538456
2 165 0.4247290206988736 4.846153846153843
2 166 0.4696397877580119 6.442307692307688
2 167 0.44592599294962065 5.634615384615381
2 168 0.5156664095256318 7.692307692307682
2 169 0.5107199807939745 7.249999999999995
2 170 0.5429246211025589 8.211538461538455
2 171 0.5597476876787296 8.692307692307688
2 172 0.5110159333481638 7.346153846153841
2 173 0.5287519136618233 7.884615384615378
2 174 0.49601262485935654 6.923076923076917
2 175 0.4946408215002215 6.98076923076922
2 176 0.4827419347537153 6.615384615384609
2 177 0.510584309282382 7.115384615384609
2 178 0.45842696496588287 5.90384615384615
2 179 0.4618293022254158 5.9423076923076845
2 180 0.4782453173379801 6.538461538461531
2 181 0.43063599988684076 5.3461538461538405
2 182 0.4506004993606441 5.749999999999994
2 183 0.42045385641515015 4.942307692307688
2 184 0.4522016627563319 5.519230769230763
2 185 0.4150749244135995 4.692307692307687
2 186 0.4182884719636023 4.826923076923071
2 187 0.43918902847491376 5.211538461538455
2 188 0.4073262095729619 4.61538461538461
2 189 0.4261596612912525 5.0961538461538405
2 190 0.4222778907119245 4.88461538461538
2 191 0.42335821329216716 4.826923076923072
2 192 0.41770323459953684 4.780952380952376
2 193 0.39162710700974634 4.152380952380949
2 194 0.38936047375924937 4.171428571428569
2 195 0.39075866186087377 3.9428571428571395
2 196 0.37814052331467274 3.73333333333333
2 197 0.37768808582371716 3.7142857142857117
2 198 0.3472243898621023 3.1619047619047596
2 199 0.33044372244128556 2.819047619047617
2 200 0.33303275075177063 2.76190476190476
2 201 0.30564111839279007 2.2666666666666653
2 202 0.28823316770335417 1.980952380952381
2 203 0.2962287438677432 2.0761904761904755
2 204 0.2791863615174726 1.7904761904761903
2 205 0.2657300267511097 1.6
2 206 0.2583416886882101 1.523809523809524
2 207 0.23855660174723725 1.1047619047619048
2 208 0.29055436155429937 1.9619047619047616
2 209 0.3081453620067513 2.2666666666666657
2 210 0.3636923691844704 3.3714285714285674
2 211 0.3843185389953649 3.9238095238095205
2 212 0.40604967641880685 4.457142857142855
2 213 0.469606844063158 5.904761904761897
2 214 0.4769337434447438 6.399999999999993
2 215 0.48466973452355744 6.3047619047618975
2 216 0.5151090041237224 7.142857142857135
2 217 0.5313543303568276 7.961904761904754
2 218 0.5551628849309065 8.628571428571416
2 219 0.5444977865659636 8.438095238095226
2 220 0.5378315091080612 8.114285714285705
2 221 0.5313557561434292 7.904761904761899
2 222 0.5519685083441505 8.438095238095228
2 223 0.5166897572228911 7.466666666666659
2 224 0.516920744540179 7.485714285714278
2 225 0.5368370453411025 8.038095238095229
2 226 0.4800062563395695 6.342857142857136
2 227 0.44952267185936673 5.65714285714285
2 228 0.460877837311475 5.885714285714283
2 229 0.44329966571456825 5.4476190476190425
2 230 0.4492648975842384 5.676190476190471
2 231 0.4551919819191908 5.561904761904756
2 232 0.4594684630807993 5.9999999999999964
2 233 0.45197790769649127 5.638095238095234
2 234 0.4101903388707793 4.476190476190471
2 235 0.4259848565073978 4.87619047619047
2 236 0.43348543756241753 5.066666666666662
2 237 0.43554696797078535 5.085714285714278
2 238 0.3840373427142731 3.923809523809522
2 239 0.37552434566030557 3.8285714285714256
2 240 0.3906489844591613 3.94285714285714
2 241 0.3779152688906304 3.9619047619047594
2 242 0.3525712411607549 3.2761904761904734
2 243 0.36737718565592525 3.5047619047619025
2 244 0.35296531101822715 3.257142857142856
2 245 0.354841364181375 3.238095238095236
2 246 0.34176174219744043 2.8571428571428545
2 247 0.32718982297185645 2.6666666666666665
2 248 0.3311397329535106 2.8380952380952356
2 249 0.303108947500498 2.2476190476190463
2 250 0.3100848577351553 2.342857142857143
2 251 0.30394320721993356 2.209523809523809
2 252 0.3111833982032192 2.419047619047618
2 253 0.2951120573655792 2.2285714285714273
2 254 0.2749654597709164 1.7523809523809524
2 255 0.2654992507783006 1.6571428571428568
2 256 0.2954824136153614 2.152380952380952
2 257 0.31457058247147174 2.4952380952380935
2 258 0.35356623201296034 3.1428571428571406
2 259 0.3715369417532126 3.580952380952378
2 260 0.40562006152103625 4.495238095238093
2 261 0.39973646129145 4.361904761904757
2 262 0.4498832308172789 5.599999999999996
2 263 0.49410117226366934 6.514285714285709
2 264 0.5049285181462899 6.933333333333326
2 265 0.5281905083621007 7.847619047619041
2 266 0.5404200390709274 8.38095238095237
2 267 0.5763569365087146 9.638095238095227
2 268 0.5522035250247163 8.342857142857133
2 269 0.5387279461004907 8.133333333333324
2 270 0.5327811595927531 7.790476190476182
2 271 0.5280879979160211 7.6761904761904685
2 272 0.517491794373064 7.523809523809515
2 273 0.491448441796424 6.7428571428571376
2 274 0.49374119042339204 6.685714285714278
2 275 0.467024318769309 5.961904761904756
2 276 0.48257525442943516 6.438095238095232
2 277 0.47201664618392863 6.171428571428565
2 278 0.4666622908446982 5.923809523809518
2 279 0.49144861174543775 6.552380952380946
2 280 0.4452461805043003 5.69523809523809
2 281 0.47854977972895046 6.4190476190476105
2 282 0.4281122213962791 5.08571428571428
2 283 0.4307111844327723 5.180952380952377
2 284 0.407656580933672 4.476190476190473
2 285 0.4083587188878769 4.590476190476188
2 286 0.3910028529483787 4.190476190476187
2 287 0.3962599035471365 4.285714285714282
2 288 0.39856470370259117 4.3047619047619
2 289 0.39590692820101575 4.057142857142854
2 290 0.3795537377795579 3.904761904761902
2 291 0.38573184350649525 4.114285714285711
2 292 0.368412989083953 3.599999999999998
2 293 0.382881477052722 3.8476190476190437
2 294 0.3723295010008197 3.638095238095236
2 295 0.33007080045942505 2.819047619047617
2 296 0.3537004048511395 3.3333333333333317
2 297 0.3465884322460688 3.2190476190476165
2 298 0.35028523376194654 3.276190476190474
2 299 0.3180050754255067 2.7238095238095226
2 300 0.29437568107243456 2.114285714285714
2 301 0.31004830234591885 2.323809523809522
2 302 0.29081726126265445 2.0190476190476185
2 303 0.2547783391511715 1.4666666666666661
2 304 0.26925390664761645 1.7523809523809526
2 305 0.3095989187598913 2.419047619047618
2 306 0.3279136592361568 2.666666666666665
2 307 0.3621375657156713 3.371428571428569
2 308 0.4004764986681993 4.114285714285711
2 309 0.4086951006864852 4.533333333333329
2 310 0.44151152246610215 5.333333333333328
2 311 0.4434244594127685 5.3714285714285674
2 312 0.47433569147956356 6.133333333333327
2 313 0.4579796496589054 5.752380952380945
2 314 0.5044318408051889 7.047619047619042
2 315 0.5127810839617997 7.333333333333327
2 316 0.47850304855620773 6.3238095238095156
2 317 0.4745237725769492 6.2666666666666595
2 318 0.46664049393033546 6.133333333333326
2 319 0.4719757099373347 6.1714285714285655
2 320 0.4638900310540765 5.657142857142851
2 321 0.4537551853956279 5.809523809523804
2 322 0.43808908737163 5.3333333333333295
2 323 0.4337203095431278 5.142857142857138
2 324 0.4285096228987743 4.914285714285711
2 325 0.4480269893759621 5.561904761904755
2 326 0.433487463759595 5.12380952380952
2 327 0.4276754319920037 5.085714285714281
2 328 0.42617630366000925 4.9142857142857075
2 329 0.4210563265348066 4.857142857142853
2 330 0.4096267233034972 4.552380952380949
2 331 0.4110932990942354 4.609523809523805
2 332 0.4023607078072821 4.190476190476185
2 333 0.41149647508015913 4.571428571428566
2 334 0.40925819701661503 4.533333333333328
2 335 0.39236440501328035 4.076190476190472
