0 0 0.6244684948586525 1.504761904761905
0 1 0.5050135788546308 1.1809523809523808
0 2 0.5878864454102898 1.3714285714285717
0 3 0.5248052970475743 1.2000000000000002
0 4 0.5064112398747697 1.1809523809523812
0 5 0.4008449407009792 0.8000000000000003
0 6 0.4876820862640664 1.0666666666666667
0 7 0.41054027249476055 0.9142857142857144
0 8 0.45502351090350907 0.9523809523809524
0 9 0.3328975525571683 0.6476190476190479
0 10 0.44072247218713295 0.8761904761904761
0 11 0.360357232460659 0.6476190476190476
0 12 0.3832876698419891 0.6857142857142858
0 13 0.34374398353108954 0.6095238095238096
0 14 0.2940003942658119 0.5523809523809523
0 15 0.24810312953078995 0.4380952380952381
0 16 0.3988550704793868 0.8000000000000002
0 17 0.4614065320558376 0.9714285714285715
0 18 0.5900421124419178 1.4857142857142858
0 19 0.6506041971128128 1.695238095238095
0 20 0.7878705857669768 2.342857142857143
0 21 0.8759089846374892 2.8761904761904766
0 22 0.9635159721235889 3.561904761904762
0 23 0.9790244254511007 3.6952380952380954
0 24 1.04607564454638 4.076190476190476
0 25 1.0244762367546116 3.961904761904762
0 26 1.1373548844603572 4.857142857142856
0 27 1.1278611881375773 4.780952380952381
0 28 1.1256052874097133 4.552380952380953
0 29 1.0540507887877846 4.133333333333333
0 30 1.0077711800340763 3.7523809523809524
0 31 1.0094619883256117 3.7904761904761908
0 32 0.9217492251521314 3.2571428571428562
0 33 0.9171175507720216 3.1809523809523808
0 34 0.8725565503518344 3.0095238095238095
0 35 0.9084353564220086 3.276190476190476
0 36 0.8622020139501014 3.0285714285714285
0 37 0.8742683591504068 2.8761904761904757
0 38 0.9295610496937079 3.3904761904761895
0 39 0.7906792004894015 2.552380952380953
0 40 0.8282973471547581 2.8571428571428568
0 41 0.8804635470562087 2.9904761904761905
0 42 0.8231945487402079 2.704761904761904
0 43 0.807112917864065 2.495238095238095
0 44 0.7293660278241297 2.0952380952380945
0 45 0.7547845313269229 2.2666666666666666
0 46 0.7282869386707123 2.038095238095238
0 47 0.7254622583536494 2.0380952380952384
0 48 0.6683596042835076 1.8666666666666671
0 49 0.6568085932097684 1.7523809523809524
0 50 0.6194245749494108 1.7142857142857144
0 51 0.583606563935393 1.4095238095238098
0 52 0.5989682064644892 1.5428571428571427
0 53 0.5749338808296024 1.5047619047619047
0 54 0.638075256479941 1.6571428571428575
0 55 0.5480500364302509 1.3714285714285714
0 56 0.5746732684292872 1.40952380952381
0 57 0.4691797870992389 0.9904761904761906
0 58 0.5045454531495746 1.1047619047619046
0 59 0.5078102946560148 1.0857142857142859
0 60 0.47811469046451743 1.2571428571428571
0 61 0.4447527692067406 0.8761904761904765
0 62 0.47107560715470365 1.0476190476190474
0 63 0.3486713813331618 0.742857142857143
0 64 0.5047152142730281 1.123809523809524
0 65 0.48691472920199486 1.1238095238095238
0 66 0.7140330205757949 1.9619047619047616
0 67 0.6286397579178348 1.657142857142857
0 68 0.7991630766890292 2.457142857142857
0 69 0.7277618863617425 2.057142857142857
0 70 0.8645599827783019 2.9904761904761896
0 71 0.9346526458179047 3.276190476190476
0 72 1.0257811958047072 3.942857142857143
0 73 1.0051952290970338 3.5999999999999996
0 74 1.0124779569727695 3.9047619047619047
0 75 0.9488367986872839 3.561904761904762
0 76 0.9509712011100326 3.447619047619047
0 77 1.1152540879062016 4.647619047619048
0 78 0.9622034630337103 3.3904761904761904
0 79 0.9464383412299592 3.352380952380952
0 80 0.8941675881436684 3.1999999999999997
0 81 0.9796232117540105 3.7523809523809524
0 82 0.9329795282200168 3.200000000000001
0 83 0.9258510776082272 3.2952380952380955
0 84 0.9004550895615016 3.0857142857142854
0 85 0.8922181103693426 3.028571428571428
0 86 0.8241680955719212 2.6285714285714286
0 87 0.8042855559913381 2.6666666666666665
0 88 0.7140777671417161 2.076190476190476
0 89 0.870540589238906 2.8380952380952373
0 90 0.7424589360558121 2.1523809523809523
0 91 0.7690283715081432 2.38095238095238
0 92 0.7155578509610538 2.019047619047619
0 93 0.6562728997571374 1.885714285714286
0 94 0.7483232825831305 2.2095238095238097
0 95 0.6900189132927422 1.8666666666666663
0 96 0.7519153826005623 2.1142857142857148
0 97 0.6554727713931825 1.8285714285714285
0 98 0.5986538021890837 1.485714285714286
0 99 0.6488270185502553 1.8095238095238093
0 100 0.5805373521656205 1.3714285714285714
0 101 0.6170253936133879 1.6190476190476193
0 102 0.5964225268192633 1.4476190476190478
0 103 0.6373341245288922 1.6571428571428573
0 104 0.5039910685370029 1.1238095238095243
0 105 0.5896228677681318 1.5238095238095242
0 106 0.5714646004333054 1.3714285714285712
0 107 0.5126114377852276 1.1238095238095238
0 108 0.5581547383227577 1.3523809523809525
0 109 0.44149019414827295 0.9523809523809523
0 110 0.4683169420202026 0.9904761904761905
0 111 0.3873415321556458 0.7428571428571429
0 112 0.48044891631092446 1.0476190476190477
0 113 0.5449084638081633 1.2761904761904763
0 114 0.5668278734451931 1.371428571428571
0 115 0.7225097708132125 1.980952380952381
0 116 0.6734341809659342 1.866666666666667
0 117 0.7058432207152564 2.019047619047619
0 118 0.8290784652516066 2.6285714285714277
0 119 0.7639939734595481 2.5142857142857142
0 120 0.8718019124947192 2.8571428571428568
0 121 0.9904138094483186 3.7333333333333334
0 122 0.9740800596796616 3.657142857142858
0 123 0.9960773113164362 3.7333333333333325
0 124 0.9676827747974895 3.58095238095238
0 125 1.0070998536014024 3.6952380952380945
0 126 0.9060070466941669 3.1999999999999997
0 127 0.9763920908648628 3.6761904761904773
0 128 0.948469636635924 3.4285714285714293
0 129 0.8798925600698306 2.9333333333333327
0 130 0.8568540903862859 2.742857142857143
0 131 0.8260256930801745 2.6095238095238096
0 132 0.8491908488240816 2.99047619047619
0 133 0.7980389810096933 2.5904761904761893
0 134 0.7654840281359664 2.3047619047619046
0 135 0.831675355734652 2.5904761904761897
0 136 0.7658627442424919 2.2476190476190476
0 137 0.7685578545211309 2.3428571428571434
0 138 0.6858713414239713 1.942857142857143
0 139 0.7093639680025976 2.095238095238096
0 140 0.6742946862314715 1.8666666666666665
0 141 0.6312316479280727 1.6380952380952383
0 142 0.5935395132993336 1.4476190476190474
0 143 0.4917587470091961 1.0476190476190477
0 144 0.6089659055420072 1.6380952380952378
0 145 0.47721186216007444 1.0095238095238097
0 146 0.5125013976982522 1.2761904761904763
0 147 0.5323430132294709 1.219047619047619
0 148 0.5130740586967018 1.2380952380952384
0 149 0.49495381540197614 1.2000000000000002
0 150 0.5500170515126803 1.2952380952380953
0 151 0.43918135321490487 0.8952380952380953
0 152 0.4218378338671853 0.9142857142857145
0 153 0.4636771655527725 1.0095238095238097
0 154 0.3921934949700093 0.7619047619047618
0 155 0.3842298012914149 0.780952380952381
0 156 0.4444548031745368 0.8761904761904765
0 157 0.33751173999001 0.5714285714285714
0 158 0.4141060862877157 0.761904761904762
0 159 0.34435163731754015 0.6285714285714286
0 160 0.4839804269363518 1.0095238095238097
0 161 0.5123223650881288 1.0857142857142859
0 162 0.6188970420800148 1.7142857142857142
0 163 0.672031706905209 1.8095238095238093
0 164 0.8429869799546347 2.761904761904761
0 165 0.9063133239063239 3.1999999999999997
0 166 0.985662716158785 3.771428571428571
0 167 1.0928845373190392 4.495238095238095
0 168 1.073039866241005 4.304761904761905
0 169 1.1322245307967904 4.742857142857142
0 170 1.172105663938224 4.9523809523809526
0 171 1.2257793724645745 5.485714285714284
0 172 1.1426869023397455 4.761904761904762
0 173 1.1794197743567787 4.9904761904761905
0 174 1.0359255906112301 3.9238095238095236
0 175 1.0539736706920744 4.190476190476191
0 176 1.0364964419518112 4.133333333333333
0 177 1.0863300259459316 4.2095238095238106
0 178 1.0399726996880363 4
0 179 1.013846583120813 3.7523809523809524
0 180 0.9775420455546988 3.6952380952380945
0 181 0.8689455150637617 3.1238095238095243
0 182 0.853251030308412 2.8380952380952382
0 183 0.9752342928696869 3.4095238095238094
0 184 0.866860872489233 3.066666666666667
0 185 0.9230693979688468 3.142857142857142
0 186 0.8564384902761022 2.819047619047619
0 187 0.8604980093427547 3.0476190476190474
0 188 0.7216448212936103 2.2095238095238092
0 189 0.6663267724723585 1.8285714285714292
0 190 0.7607882192765839 2.228571428571428
0 191 0.6868883536502852 1.9047619047619044
0 192 0.7356176956264756 2.1538461538461533
0 193 0.6766524436532325 1.8461538461538463
0 194 0.6472381032347994 1.6730769230769234
0 195 0.5141286874333796 1.173076923076923
0 196 0.5647546231754959 1.3653846153846152
0 197 0.482388591706819 1.134615384615385
0 198 0.3985175858912454 0.8846153846153848
0 199 0.45456084177562683 1
0 200 0.500080658390656 1.096153846153846
0 201 0.38725221274845556 0.730769230769231
0 202 0.3469381261096338 0.653846153846154
0 203 0.33793911291379186 0.6153846153846154
0 204 0.40745484867912857 0.8076923076923076
0 205 0.419709968580011 0.8461538461538463
0 206 0.3526657035541416 0.6730769230769231
0 207 0.34205502005735733 0.653846153846154
0 208 0.408623471136848 0.8269230769230768
0 209 0.5411733386557641 1.2115384615384615
0 210 0.6050608321393441 1.5384615384615388
0 211 0.6416673387167894 1.7884615384615383
0 212 0.7787521328745881 2.3461538461538454
0 213 0.8902748144362972 2.9615384615384603
0 214 0.867859903118086 2.9999999999999996
0 215 0.9554177304924506 3.461538461538461
0 216 1.0984736874996648 4.576923076923077
0 217 1.1529704981413955 4.6923076923076925
0 218 1.0483044157331136 4.326923076923077
0 219 1.1274757185040358 4.6730769230769225
0 220 1.0959576355889922 4.4423076923076925
0 221 1.0192388562623307 3.884615384615385
0 222 0.9550887832504296 3.4807692307692304
0 223 0.9874937913292199 3.692307692307692
0 224 0.9160504641807077 3.346153846153846
0 225 0.956406403751409 3.692307692307691
0 226 0.8287575975840907 2.769230769230769
0 227 0.9274743734975275 3.3461538461538463
0 228 0.8766693541809913 3.115384615384615
0 229 0.8625224198868037 2.9230769230769216
0 230 0.8673837857666234 2.961538461538461
0 231 0.8759147893983091 3.115384615384615
0 232 0.7413440291900338 2.307692307692308
0 233 0.8675831917298805 2.788461538461538
0 234 0.7523182539677608 2.2692307692307696
0 235 0.754110232926804 2.3461538461538463
0 236 0.6993625415352451 2.096153846153846
0 237 0.6691934654329573 1.961538461538462
0 238 0.7010703668168757 2.0769230769230775
0 239 0.5924680243118782 1.6346153846153846
0 240 0.6399680711442329 1.6923076923076927
0 241 0.6447541182471009 1.7115384615384615
0 242 0.6261188823012052 1.5769230769230764
0 243 0.5326275099919845 1.2692307692307692
0 244 0.5660948430457156 1.4230769230769231
0 245 0.5109348398940594 1.2307692307692308
0 246 0.48942795484728363 1.0769230769230769
0 247 0.46418467512451894 1.1153846153846156
0 248 0.4486712191271197 1.0192307692307694
0 249 0.38290244397924017 0.8461538461538461
0 250 0.38130767725371 0.7115384615384618
0 251 0.3502822714607371 0.6538461538461541
0 252 0.32249185068405933 0.5769230769230769
0 253 0.2426162496434246 0.3653846153846153
0 254 0.3188158848971878 0.6153846153846155
0 255 0.3480815946522677 0.6346153846153848
0 256 0.3539024165691609 0.6346153846153845
0 257 0.381527092214042 0.7307692307692308
0 258 0.450683984198756 1.0769230769230769
0 259 0.5640128384320839 1.4038461538461535
0 260 0.6918041286467239 1.980769230769231
0 261 0.8705473620099169 2.999999999999999
0 262 0.8895540135362207 3.1538461538461537
0 263 0.9667406747615251 3.5769230769230766
0 264 1.0719213245931143 4.1730769230769225
0 265 1.0493676593641372 4.0576923076923075
0 266 1.0825842777401395 4.403846153846153
0 267 1.0208118849960406 3.8846153846153837
0 268 1.024186065537672 4.0576923076923075
0 269 1.0590172158686662 4.461538461538462
0 270 0.9587246157213632 3.4615384615384617
0 271 0.9797535096858724 3.673076923076923
0 272 0.8961155687818704 3.2115384615384617
0 273 0.9344757999571282 3.4807692307692295
0 274 0.9201025151484964 3.4999999999999996
0 275 0.7787436368673831 2.5961538461538463
0 276 0.839898725945498 2.6153846153846145
0 277 0.87722296065106 3.0000000000000004
0 278 0.8684210443311668 3.076923076923077
0 279 0.8106838516840291 2.6346153846153837
0 280 0.8453680036097345 2.7115384615384617
0 281 0.7118519298529766 2.134615384615384
0 282 0.8419812954116733 2.7884615384615388
0 283 0.7163770653086416 2.173076923076923
0 284 0.7916781480382049 2.4423076923076925
0 285 0.7243982233789088 2.153846153846154
0 286 0.7236335214754814 2.1346153846153846
0 287 0.7709011379665704 2.4038461538461533
0 288 0.7253226143080638 2.1923076923076925
0 289 0.72183581957638 2.1346153846153846
0 290 0.6275081105691135 1.7115384615384617
0 291 0.6437807084091064 1.7500000000000002
0 292 0.5240403411736383 1.2307692307692308
0 293 0.5577403414298897 1.3846153846153846
0 294 0.5727024791318953 1.480769230769231
0 295 0.4294029341790771 0.9230769230769231
0 296 0.5098635311360749 1.2115384615384617
0 297 0.4117778250139895 0.9038461538461537
0 298 0.4838324281020777 1.1153846153846156
0 299 0.42355979236201363 0.8076923076923077
0 300 0.33874331891071807 0.6538461538461542
0 301 0.3304740747552722 0.6346153846153847
0 302 0.3520259083506612 0.6730769230769231
0 303 0.34054999259640406 0.5961538461538463
0 304 0.42346717868385975 0.8461538461538461
0 305 0.5226255424764679 1.1730769230769234
0 306 0.5489746402059336 1.3461538461538463
0 307 0.6773563938953089 1.8461538461538463
0 308 0.7789448369223165 2.384615384615385
0 309 0.8451629973574318 2.8653846153846154
0 310 0.7943711331915547 2.8269230769230766
0 311 0.935156333197591 3.480769230769231
0 312 1.0484792018493656 4.21153846153846
0 313 1.0373338745038574 4.2884615384615365
0 314 1.0021598840644501 3.826923076923076
0 315 1.0344503714901108 4.211538461538461
0 316 1.0271395420007299 3.923076923076923
0 317 1.0918858413780834 4.365384615384615
0 318 0.896004378321535 3.3076923076923075
0 319 0.9222333391223759 3.4230769230769234
0 320 0.9309609421840171 3.326923076923077
0 321 0.8788370329871015 2.980769230769231
0 322 0.8693934941473818 2.980769230769231
0 323 0.8296901109176342 2.7115384615384612
0 324 0.7952166383189128 2.557692307692308
0 325 0.7986560128334452 2.5192307692307696
0 326 0.6565284537107088 1.7499999999999996
0 327 0.7780889114712196 2.4038461538461533
0 328 0.8443961095792807 2.7692307692307696
0 329 0.7713565992695499 2.5961538461538463
0 330 0.7870263188949135 2.5192307692307696
0 331 0.7399417776381021 2.2499999999999996
0 332 0.6936655763477316 2.019230769230769
0 333 0.6990252506753913 1.9807692307692308
0 334 0.6079938485337718 1.6153846153846159
0 335 0.6036333828723938 1.5576923076923077
1 0 1.1399610274365484 4.81904761904762
1 1 1.0450484243446043 4.171428571428572
1 2 1.0744438810132235 4.133333333333333
1 3 1.034831889225418 3.904761904761904
1 4 0.9906029732407123 3.6952380952380937
1 5 1.0078665868803864 3.7523809523809533
1 6 0.9210745513975662 3.2
1 7 0.8644799723028757 2.819047619047619
1 8 0.8373158586394759 2.7809523809523804
1 9 0.7638428426004834 2.285714285714286
1 10 0.7053158024473702 1.942857142857143
1 11 0.734842121402428 2.0952380952380953
1 12 0.6718340557935432 1.7714285714285714
1 13 0.6006666470423563 1.5809523809523813
1 14 0.5823081049281 1.4857142857142858
1 15 0.4446832549594411 1.1047619047619048
1 16 0.7087113628937096 1.9999999999999998
1 17 0.7482313298472355 2.228571428571428
1 18 0.9630477607848497 3.447619047619047
1 19 1.0305795370370874 3.866666666666665
1 20 1.0912110638326142 4.3619047619047615
1 21 1.2745931207381782 5.866666666666665
1 22 1.3613925222085919 6.495238095238095
1 23 1.3462512018409916 6.495238095238095
1 24 1.4179126634274113 7.371428571428571
1 25 1.5126681782880305 7.980952380952381
1 26 1.5810309461388876 8.78095238095238
1 27 1.5810706260753618 8.552380952380949
1 28 1.5245102735512823 8.038095238095236
1 29 1.5374402274491574 8.057142857142857
1 30 1.5971845837075933 8.857142857142856
1 31 1.443678813332423 7.409523809523811
1 32 1.4679173781044772 7.466666666666664
1 33 1.5360133921398211 8.152380952380952
1 34 1.320762904237181 6.3619047619047615
1 35 1.2329066939620454 5.676190476190476
1 36 1.2903465800608278 5.999999999999999
1 37 1.244836400501969 5.409523809523807
1 38 1.2856348142231178 5.847619047619046
1 39 1.2297349655236138 5.523809523809524
1 40 1.3426935213185007 6.01904761904762
1 41 1.2375734311822257 5.638095238095237
1 42 1.105522552402622 4.552380952380953
1 43 1.1875046008016972 4.9714285714285715
1 44 1.1672159272755454 5.047619047619047
1 45 1.1678425942733313 5.104761904761905
1 46 1.0469405111800127 3.942857142857143
1 47 1.0336563585132692 3.8666666666666663
1 48 1.0524726831208615 3.980952380952381
1 49 1.0418187044484055 3.980952380952381
1 50 0.9294637691092638 3.2380952380952372
1 51 0.9720564734730468 3.5428571428571423
1 52 0.9313062867880786 3.2571428571428567
1 53 0.9184203216580367 3.2761904761904765
1 54 0.8279992230739727 2.8380952380952373
1 55 0.839447336390568 2.666666666666666
1 56 0.8264440948441492 2.933333333333333
1 57 0.7700590373920768 2.2857142857142856
1 58 0.7781984779411101 2.419047619047619
1 59 0.7534091590765953 2.2095238095238092
1 60 0.7724277100507818 2.4571428571428564
1 61 0.7570081780281632 2.266666666666666
1 62 0.6547864527909296 1.7523809523809528
1 63 0.6459555033828595 1.6761904761904765
1 64 0.7356706206974243 2.0952380952380953
1 65 0.8033275881030822 2.4761904761904763
1 66 0.9349419713330586 3.18095238095238
1 67 0.9837494738642178 3.523809523809524
1 68 1.0730322377856953 4.457142857142856
1 69 1.100633237531906 4.457142857142856
1 70 1.2664026210705213 5.6571428571428575
1 71 1.3539839235017763 6.533333333333331
1 72 1.3745744213715207 6.819047619047618
1 73 1.5493158566514673 7.942857142857141
1 74 1.582279898994271 8.495238095238095
1 75 1.6837984128151113 9.561904761904762
1 76 1.5794171170734113 8.57142857142857
1 77 1.5421586416001598 8.285714285714281
1 78 1.5099741970708263 7.961904761904762
1 79 1.4482583465867789 7.6952380952380945
1 80 1.4718001365764186 7.523809523809525
1 81 1.3753655743773854 6.780952380952381
1 82 1.3545707814296901 6.685714285714286
1 83 1.2928521479623294 5.885714285714285
1 84 1.3819098836479835 6.552380952380952
1 85 1.3588187904745246 6.38095238095238
1 86 1.300694448553657 5.923809523809524
1 87 1.3575253504873637 6.361904761904762
1 88 1.2750660917747318 5.7142857142857135
1 89 1.356897735672208 6.304761904761905
1 90 1.2044933120837213 5.104761904761904
1 91 1.202858641711709 5.219047619047619
1 92 1.1326944248905422 4.476190476190475
1 93 1.113376198918455 4.533333333333333
1 94 1.0715358478182004 4.076190476190477
1 95 1.096205384917269 4.304761904761905
1 96 1.1006652148393041 4.3619047619047615
1 97 1.061626998742277 4.019047619047618
1 98 1.0476354566344015 3.9428571428571435
1 99 1.041650089744599 4.038095238095237
1 100 0.9859999314064474 3.58095238095238
1 101 1.0401331580380706 3.8666666666666667
1 102 1.0122907599066497 3.6571428571428557
1 103 0.8675620463265646 2.8761904761904766
1 104 0.9623667109088363 3.3904761904761904
1 105 0.9232387359403125 3.2952380952380946
1 106 0.9640749113597553 3.314285714285714
1 107 0.8477009081133379 2.78095238095238
1 108 0.7338317919689363 2.0952380952380953
1 109 0.7597574454459372 2.3047619047619046
1 110 0.7193648283708254 2.057142857142857
1 111 0.5985418751886027 1.428571428571428
1 112 0.6822584652421468 1.7333333333333334
1 113 0.7966817838372172 2.3999999999999995
1 114 0.83205225967649 2.685714285714286
1 115 0.9499670297818564 3.3523809523809516
1 116 1.0285891861203293 4.057142857142856
1 117 1.131077352557128 4.57142857142857
1 118 1.2427359436101164 5.371428571428572
1 119 1.2608831012966653 5.485714285714284
1 120 1.3113602775085946 6.114285714285714
1 121 1.2603891724911844 5.56190476190476
1 122 1.4289700603567295 7.028571428571428
1 123 1.448854593025689 7.219047619047616
1 124 1.327625562434354 6.247619047619047
1 125 1.3595294511217835 6.533333333333333
1 126 1.3068229154548827 5.942857142857142
1 127 1.3166092390734758 6.076190476190476
1 128 1.298018374785781 5.847619047619049
1 129 1.2998078809203228 5.6761904761904765
1 130 1.2589059550413413 5.333333333333332
1 131 1.20763685425633 5.16190476190476
1 132 1.1619271956564645 4.838095238095237
1 133 1.2433978989514594 5.409523809523808
1 134 1.217986441583054 5.123809523809523
1 135 1.2011547998834626 5.0095238095238095
1 136 1.164469057070809 4.99047619047619
1 137 1.191332365073637 4.876190476190475
1 138 1.133315824692238 4.552380952380951
1 139 1.1454187732747518 4.628571428571428
1 140 1.0824369042101882 4.114285714285714
1 141 1.1126072654915926 4.552380952380951
1 142 1.1408659477510654 4.590476190476191
1 143 1.0490385809170413 4.038095238095238
1 144 1.0829103220241154 4.247619047619046
1 145 1.0443693017739981 3.999999999999999
1 146 1.0853018838189068 4.076190476190476
1 147 0.9843020362064298 3.4857142857142858
1 148 0.9779359659015479 3.4857142857142853
1 149 0.9311434380802589 3.1999999999999997
1 150 0.9733486945507833 3.523809523809524
1 151 0.8137424508057094 2.5142857142857147
1 152 0.8036305784301173 2.533333333333333
1 153 0.7999500433592788 2.4952380952380944
1 154 0.6515851001700556 1.8095238095238095
1 155 0.6432480409274596 1.6380952380952385
1 156 0.7526122381553788 2.228571428571429
1 157 0.6356128536972441 1.7523809523809524
1 158 0.6727354113703804 1.7904761904761903
1 159 0.6758422568727231 1.7523809523809528
1 160 0.6915321275603773 1.80952380952381
1 161 0.7915866856369824 2.304761904761904
1 162 0.98500744315129 3.5428571428571427
1 163 1.1962903501028344 5.047619047619047
1 164 1.2178850180404834 5.257142857142856
1 165 1.3022566896020775 5.96190476190476
1 166 1.4811826935654453 7.542857142857143
1 167 1.548405292590076 8.419047619047616
1 168 1.6233527127641474 9.104761904761904
1 169 1.606400709847124 8.8
1 170 1.573077501131143 8.761904761904761
1 171 1.7687709224762416 10.361904761904762
1 172 1.650115166487542 9.466666666666665
1 173 1.6750752716296982 9.619047619047619
1 174 1.5675848922529843 8.476190476190476
1 175 1.5351580583685884 8.019047619047617
1 176 1.5284711402909856 8.057142857142857
1 177 1.588984274909558 8.60952380952381
1 178 1.3821865889992762 6.838095238095237
1 179 1.3296000268706911 6.323809523809521
1 180 1.3600878007147694 6.342857142857142
1 181 1.4362788720362074 6.9714285714285715
1 182 1.4430962611827762 7.16190476190476
1 183 1.3245045041203352 6.285714285714284
1 184 1.3424135820693048 6.38095238095238
1 185 1.3561446476541001 6.666666666666667
1 186 1.2774090604064712 5.923809523809523
1 187 1.3089940872656853 6.152380952380955
1 188 1.20043803097681 5.085714285714285
1 189 1.1855479368253985 4.933333333333333
1 190 1.1716819822316682 4.876190476190476
1 191 1.0632617402746536 4.095238095238095
1 192 1.1448083109007507 4.846153846153847
1 193 1.0803419630684652 4.134615384615385
1 194 1.1040817320346674 4.1730769230769225
1 195 1.0303125228169332 3.942307692307692
1 196 0.9694051652754894 3.4038461538461533
1 197 0.9457410454499919 3.3269230769230766
1 198 0.786238798865186 2.4423076923076916
1 199 0.8573022810331193 2.7307692307692313
1 200 0.7061175861584162 1.9807692307692308
1 201 0.7262263576625015 2.1538461538461537
1 202 0.5932700762575835 1.480769230769231
1 203 0.6382960336248217 1.7115384615384621
1 204 0.631814613332471 1.5769230769230775
1 205 0.5942176751240336 1.4807692307692308
1 206 0.5664579388513112 1.3846153846153844
1 207 0.4805471338330304 1.1346153846153848
1 208 0.6756528231831778 1.826923076923077
1 209 0.7184084668262047 2.096153846153846
1 210 0.9399094948429239 3.211538461538461
1 211 1.0300551400323044 4.096153846153846
1 212 1.110913575050354 4.576923076923077
1 213 1.2278885854667156 5.307692307692308
1 214 1.3478793826583653 6.346153846153847
1 215 1.4629082027308349 7.365384615384616
1 216 1.4602871097382986 7.807692307692308
1 217 1.547339866366819 8.28846153846154
1 218 1.5522971170694482 8.153846153846153
1 219 1.5825852921251407 8.576923076923078
1 220 1.5527872930735322 8.48076923076923
1 221 1.568366389448323 8.48076923076923
1 222 1.4690796995896174 7.653846153846154
1 223 1.4604579070378152 7.596153846153844
1 224 1.4593761021376845 7.5576923076923075
1 225 1.4525103168485716 7.519230769230769
1 226 1.3283908937930167 6.51923076923077
1 227 1.353185619070046 6.519230769230769
1 228 1.2820022599223604 6.038461538461538
1 229 1.1709937543230853 5.019230769230767
1 230 1.275944263320681 5.769230769230767
1 231 1.31555097060932 6.230769230769229
1 232 1.2901909936191795 5.884615384615384
1 233 1.1905939083971262 5.307692307692306
1 234 1.27127471894434 5.73076923076923
1 235 1.231692358024153 5.634615384615385
1 236 1.3314172128447435 6.0384615384615365
1 237 1.3231997600815564 6.230769230769231
1 238 1.2096292261950115 5.250000000000001
1 239 1.2311366299537903 5.384615384615384
1 240 1.2271778652577237 5.499999999999998
1 241 1.1868836414069313 5.211538461538461
1 242 1.1012642898452825 4.538461538461538
1 243 1.0015781605536391 3.9038461538461533
1 244 1.0834370301245155 4.307692307692307
1 245 0.993931802764984 3.6346153846153846
1 246 0.9767777009847328 3.5384615384615374
1 247 0.9053576557124097 3.057692307692308
1 248 0.8628446328518424 2.807692307692308
1 249 0.7675872294413806 2.2499999999999996
1 250 0.6234820590029744 1.7307692307692308
1 251 0.6883247162957674 1.7884615384615385
1 252 0.6221482422016635 1.557692307692308
1 253 0.6136788099374374 1.557692307692308
1 254 0.6667972578982896 1.8076923076923084
1 255 0.5883215152859829 1.519230769230769
1 256 0.6656107673634893 1.9230769230769231
1 257 0.7822309800610915 2.4423076923076925
1 258 0.9162313130186749 3.2115384615384612
1 259 1.1062417619477247 4.384615384615384
1 260 1.13136627862792 4.692307692307692
1 261 1.1713972940025532 4.9230769230769225
1 262 1.3794813808367494 6.6730769230769225
1 263 1.495337462615782 7.730769230769231
1 264 1.5628625132963914 8.596153846153847
1 265 1.5195484370797896 8.153846153846153
1 266 1.630797949994403 9.192307692307692
1 267 1.6995289755121978 10.057692307692308
1 268 1.4780234700524575 8.153846153846152
1 269 1.5172949972527396 8.134615384615383
1 270 1.4898859461152127 7.903846153846154
1 271 1.4606733220955475 7.615384615384614
1 272 1.3505108957808647 6.788461538461537
1 273 1.425827464871042 7.038461538461538
1 274 1.2843994938198242 6.096153846153847
1 275 1.2739696676187635 5.98076923076923
1 276 1.2796314906582935 5.9423076923076925
1 277 1.281638128736931 6.134615384615384
1 278 1.3374232326952673 6.4423076923076925
1 279 1.3242985173860944 6.365384615384614
1 280 1.3220996882692564 6.211538461538463
1 281 1.2854348373211597 5.942307692307692
1 282 1.234592238491567 5.480769230769229
1 283 1.2175749942176362 5.288461538461538
1 284 1.1922518243950606 5.3076923076923075
1 285 1.0890547836429343 4.423076923076922
1 286 1.1059089197854757 4.538461538461537
1 287 1.1114885026953798 4.48076923076923
1 288 1.0792322459229549 4.249999999999999
1 289 1.1301850148197 4.653846153846153
1 290 0.9714317442859679 3.5576923076923075
1 291 0.9919476646872961 3.5192307692307687
1 292 0.9718744767398569 3.5384615384615374
1 293 0.9966229876648304 3.6153846153846154
1 294 0.7937579732129139 2.538461538461538
1 295 0.9206880052944436 3.134615384615385
1 296 0.762517844865898 2.192307692307692
1 297 0.785620138068489 2.5192307692307687
1 298 0.7273255610287704 2.096153846153846
1 299 0.629278267460698 1.5961538461538467
1 300 0.6958196499033036 1.903846153846154
1 301 0.6028376138126471 1.4807692307692304
1 302 0.5491838357501918 1.3076923076923075
1 303 0.6063264711328269 1.5192307692307692
1 304 0.5940589900187269 1.6153846153846156
1 305 0.6601693873858825 1.8461538461538465
1 306 0.8387416748901044 2.692307692307692
1 307 0.9824742404779684 3.557692307692307
1 308 1.1766494181211045 4.961538461538461
1 309 1.137728528525437 4.788461538461537
1 310 1.3511497504136571 6.519230769230769
1 311 1.2662102881700954 5.461538461538463
1 312 1.4664390501238982 7.615384615384615
1 313 1.434091226901587 7.307692307692307
1 314 1.5280916386993197 8.23076923076923
1 315 1.5625317266320764 8.903846153846152
1 316 1.4195106074018569 7.115384615384616
1 317 1.4819337025297925 7.653846153846154
1 318 1.3597598574614664 6.653846153846153
1 319 1.379277226027319 6.788461538461537
1 320 1.355040416565291 6.653846153846152
1 321 1.3941221618142372 7.1346153846153815
1 322 1.279977683348188 5.865384615384616
1 323 1.2772965371512093 5.961538461538461
1 324 1.3330114599331933 6.2884615384615365
1 325 1.220432061366601 5.211538461538463
1 326 1.25516642307076 5.788461538461538
1 327 1.1813674872876416 4.846153846153846
1 328 1.2100990631637063 5.48076923076923
1 329 1.120775135425844 4.5576923076923075
1 330 1.1512442813625596 4.846153846153845
1 331 1.1953568398608416 5.249999999999999
1 332 1.129073523309669 4.615384615384614
1 333 1.1807904857968836 5.192307692307692
1 334 1.1642647570559632 4.961538461538461
1 335 1.1622583966367868 4.769230769230768
2 0 1.1192227772020977 4.495238095238095
2 1 1.1610369282589015 4.780952380952381
2 2 1.1129286234187892 4.742857142857143
2 3 1.0035760926323096 3.733333333333334
2 4 0.9460987558413612 3.5047619047619047
2 5 0.9313466009951716 3.257142857142857
2 6 0.8526378417016262 2.7238095238095235
2 7 0.8713028846162387 2.8
2 8 0.8699030328719677 2.819047619047619
2 9 0.8036343544481183 2.552380952380952
2 10 0.7723547704370426 2.323809523809524
2 11 0.7784163002908097 2.304761904761904
2 12 0.6886554935469729 1.9619047619047616
2 13 0.7316698654140489 2.0380952380952375
2 14 0.6015381974534181 1.638095238095238
2 15 0.6024214536051551 1.542857142857143
2 16 0.793946638415269 2.609523809523809
2 17 0.8727834094795641 3.0666666666666664
2 18 1.0017036263664358 3.752380952380953
2 19 1.185700502892718 4.990476190476189
2 20 1.2507434634036059 5.7523809523809515
2 21 1.395346077885752 6.99047619047619
2 22 1.4946614495325035 8.019047619047619
2 23 1.555555399678945 8.419047619047618
2 24 1.5595637250113583 8.457142857142856
2 25 1.6552455910228496 9.466666666666663
2 26 1.5548811372699662 8.495238095238093
2 27 1.722642324498107 10.228571428571428
2 28 1.6793646600916345 9.638095238095238
2 29 1.5953508760330242 9.123809523809523
2 30 1.61917029561691 9.02857142857143
2 31 1.641804020584613 9.371428571428568
2 32 1.533224047390137 8.361904761904762
2 33 1.566529991622134 8.438095238095237
2 34 1.3719756117181705 7.009523809523809
2 35 1.4749335911386134 7.7142857142857135
2 36 1.4108199417165295 7.028571428571427
2 37 1.3798437504225594 6.857142857142855
2 38 1.3811115316507567 6.57142857142857
2 39 1.4153077286902764 7.066666666666665
2 40 1.2801761049553602 5.866666666666664
2 41 1.3853336279104969 6.666666666666665
2 42 1.3075703999754678 6.209523809523809
2 43 1.3452618418934192 6.742857142857142
2 44 1.2300063501989844 5.39047619047619
2 45 1.2568099448837662 5.809523809523808
2 46 1.1878179679193177 5.161904761904761
2 47 1.2595530915550261 5.58095238095238
2 48 1.1656718764744378 4.819047619047619
2 49 1.197460707864889 5.0857142857142845
2 50 1.110094790568186 4.3619047619047615
2 51 1.0898789682795818 4.361904761904761
2 52 0.9811074562908377 3.714285714285713
2 53 1.016723022459736 3.8285714285714287
2 54 0.95846653057563 3.4857142857142858
2 55 1.015387942468874 3.7333333333333325
2 56 0.8837712476148826 2.971428571428571
2 57 0.9173113571443768 3.3142857142857136
2 58 0.7711239157305138 2.342857142857143
2 59 0.7667631314875216 2.3428571428571425
2 60 0.8502406592084529 2.8380952380952373
2 61 0.8471767641906678 2.857142857142857
2 62 0.8567668789672154 2.914285714285715
2 63 0.8285199588793889 2.5714285714285716
2 64 0.8334879880195232 2.742857142857143
2 65 0.9214921604936462 3.2190476190476183
2 66 1.013920975698134 3.8666666666666663
2 67 1.1256050932589405 4.81904761904762
2 68 1.2148291167764045 5.619047619047619
2 69 1.2139918601612933 5.180952380952379
2 70 1.388228020680212 6.838095238095239
2 71 1.4383623364996516 7.428571428571428
2 72 1.5608128814831577 8.552380952380952
2 73 1.5646792077824068 8.685714285714285
2 74 1.5962810548237953 8.78095238095238
2 75 1.6348000384147428 9.276190476190477
2 76 1.6600725933633793 9.485714285714286
2 77 1.555214191019962 8.36190476190476
2 78 1.5794772491296722 8.838095238095239
2 79 1.581516125274558 8.838095238095239
2 80 1.57352963652783 8.876190476190477
2 81 1.4664238677565085 7.657142857142857
2 82 1.4290010044198456 7.142857142857142
2 83 1.293785609202018 6.17142857142857
2 84 1.4026813319616391 6.876190476190477
2 85 1.3626082348027604 6.704761904761903
2 86 1.409954837733194 7.047619047619047
2 87 1.4004937862430844 6.819047619047619
2 88 1.3503034969306256 6.571428571428569
2 89 1.3068702273770416 6.038095238095237
2 90 1.3468889383362832 6.171428571428569
2 91 1.2958116918196534 6.114285714285714
2 92 1.433999611041121 7.295238095238094
2 93 1.3307155202621253 6.228571428571429
2 94 1.3483774187094093 6.419047619047617
2 95 1.3335974585809862 6.3047619047619055
2 96 1.1617143046031433 4.914285714285713
2 97 1.2629489743514206 5.657142857142857
2 98 1.168937484513819 4.933333333333334
2 99 1.1522069115867546 4.933333333333333
2 100 1.0315721187818172 4.266666666666666
2 101 1.1332712096545048 4.628571428571428
2 102 1.0170585491743802 3.9428571428571426
2 103 1.1029291460494661 4.3238095238095235
2 104 1.012971009093333 3.6571428571428575
2 105 0.9268950004189801 3.257142857142857
2 106 0.9198990972953125 3.352380952380952
2 107 0.9918943600748634 3.5999999999999996
2 108 0.914074685620763 3.142857142857143
2 109 0.8923511761400376 3.085714285714285
2 110 0.9031551271586493 3.066666666666665
2 111 0.9184173009629492 3.2380952380952377
2 112 0.9018878744419804 3.1809523809523803
2 113 0.9833329406770865 3.752380952380951
2 114 1.0569422596555547 4.171428571428571
2 115 1.1832363785078435 4.799999999999999
2 116 1.267885343690631 5.771428571428573
2 117 1.243447856951315 5.466666666666666
2 118 1.3226743887627725 6.171428571428571
2 119 1.4437833210335964 7.257142857142856
2 120 1.511529282078176 8.095238095238095
2 121 1.59492167728368 8.857142857142858
2 122 1.5683085843237188 8.285714285714285
2 123 1.7579506736718016 10.209523809523809
2 124 1.6077635130855386 9.18095238095238
2 125 1.6566760381526868 9.238095238095235
2 126 1.5941480850080834 8.514285714285714
2 127 1.5796932106543526 8.590476190476188
2 128 1.5264189654058145 8.076190476190476
2 129 1.493067142866018 7.904761904761904
2 130 1.360550751580089 6.514285714285715
2 131 1.3783415680155446 6.819047619047618
2 132 1.4133690084429429 6.819047619047618
2 133 1.4271427661137126 6.895238095238095
2 134 1.3576746198923453 6.4380952380952365
2 135 1.3938838329722214 6.628571428571427
2 136 1.3397143311669077 6.3619047619047615
2 137 1.3402141001309702 6.247619047619047
2 138 1.3104406973659468 5.980952380952379
2 139 1.4207688019999356 7.1238095238095225
2 140 1.3504880984283496 6.4
2 141 1.3272822115231748 6.590476190476189
2 142 1.2582339137878318 5.58095238095238
2 143 1.278955849215148 5.733333333333333
2 144 1.2097227896253142 5.371428571428572
2 145 1.1882877792060471 4.9904761904761905
2 146 1.2484951301755982 5.466666666666667
2 147 1.1941865842624513 5.161904761904761
2 148 1.1139512732769432 4.571428571428571
2 149 1.0687477809473775 4.209523809523809
2 150 1.1417460378511815 4.8
2 151 0.9462864027338052 3.2761904761904765
2 152 0.9507587518855833 3.485714285714285
2 153 0.8744291159744237 2.8761904761904757
2 154 0.818789370181957 2.6285714285714286
2 155 0.8199979770681821 2.60952380952381
2 156 0.8297622534588296 2.7047619047619045
2 157 0.7009070170726591 2
2 158 0.6716868899706314 1.8666666666666667
2 159 0.7636313747487972 2.323809523809523
2 160 0.8654210433655808 2.838095238095238
2 161 0.9100504764092328 3.3714285714285714
2 162 1.0592566621029251 4.3809523809523805
2 163 1.1668310773182928 5.0666666666666655
2 164 1.3824140582942108 6.780952380952381
2 165 1.4437049742804853 7.447619047619045
2 166 1.4652193866720395 7.504761904761903
2 167 1.6286564075322543 9.219047619047616
2 168 1.6941925353379315 9.63809523809524
2 169 1.7267818143827995 10.399999999999999
2 170 1.7407829575857032 10.7047619047619
2 171 1.7501041094720613 10.4
2 172 1.7707910878736486 10.571428571428571
2 173 1.541330646165021 8.60952380952381
2 174 1.6144128171760648 8.914285714285713
2 175 1.6165577734657752 9.104761904761906
2 176 1.5968881201021714 8.95238095238095
2 177 1.5189887665650992 8.266666666666664
2 178 1.594450621232568 8.742857142857142
2 179 1.52730962161899 8.076190476190476
2 180 1.5119849196817285 8.057142857142855
2 181 1.359580759006753 6.647619047619048
2 182 1.3907277941209146 6.895238095238095
2 183 1.3437168761688976 6.5142857142857125
2 184 1.3254361547545168 6.3238095238095235
2 185 1.3407054495208335 6.380952380952382
2 186 1.2988104036067833 5.980952380952381
2 187 1.3054542120312027 6.2666666666666675
2 188 1.4030025775054251 6.95238095238095
2 189 1.3451428928074527 6.457142857142856
2 190 1.1936701473849343 5.123809523809523
2 191 1.2281947843697036 5.523809523809522
2 192 1.1690376733251282 5.0384615384615365
2 193 1.2199685408485763 5.384615384615384
2 194 1.0837822289161443 4.3076923076923075
2 195 1.074087035139489 4.384615384615384
2 196 0.9459703063241298 3.4423076923076925
2 197 0.9602393994472698 3.6730769230769225
2 198 0.8741709143189528 2.865384615384616
2 199 0.8329151707556313 2.634615384615384
2 200 0.7804099735376894 2.365384615384615
2 201 0.7253592164456175 2.1346153846153846
2 202 0.7440832346444458 2.096153846153846
2 203 0.7034171623638934 2.0384615384615383
2 204 0.7128320077566471 1.9999999999999996
2 205 0.6135484591136442 1.5961538461538463
2 206 0.711291670194102 2.115384615384616
2 207 0.6289776466533907 1.6923076923076927
2 208 0.7402669583877519 2.2692307692307687
2 209 0.8629315524474245 2.9038461538461533
2 210 1.0118774468291962 3.6730769230769234
2 211 1.2238116866252544 5.346153846153844
2 212 1.3352232773165995 6.384615384615385
2 213 1.396511094231884 6.884615384615385
2 214 1.4446349980988749 7.384615384615386
2 215 1.7029794678576398 10.173076923076923
2 216 1.6561226798233035 9.615384615384619
2 217 1.7784127784582737 10.884615384615383
2 218 1.822844858486636 11.653846153846157
2 219 1.8291325635609914 11.73076923076923
2 220 1.7382720442648614 10.71153846153846
2 221 1.7462132145829048 10.750000000000002
2 222 1.686305582488482 10.153846153846155
2 223 1.684170606861126 10.134615384615385
2 224 1.6217830531548718 8.903846153846155
2 225 1.5981072159162104 9.03846153846154
2 226 1.4910196039343744 7.980769230769231
2 227 1.4847872736790682 8.038461538461538
2 228 1.4058080185728037 7.019230769230768
2 229 1.4611022609057571 7.96153846153846
2 230 1.4759645528861636 7.884615384615384
2 231 1.4463985229776224 7.269230769230767
2 232 1.4421785571576122 7.384615384615383
2 233 1.4077085729622798 7.346153846153846
2 234 1.4082533210336046 6.980769230769231
2 235 1.4148409965766051 6.96153846153846
2 236 1.2933946610794707 6.173076923076922
2 237 1.2459412346800967 5.749999999999998
2 238 1.1966049880891079 5.3076923076923075
2 239 1.1651660855231771 5.038461538461537
2 240 1.0522838553899536 4.346153846153845
2 241 1.0953764145875475 4.403846153846153
2 242 0.9837609659483858 3.5961538461538467
2 243 0.9940411141393896 3.8653846153846154
2 244 0.9420294752423823 3.346153846153846
2 245 0.8494088144228847 2.6730769230769225
2 246 0.8314108820403477 2.6346153846153846
2 247 0.7009089254120353 1.923076923076923
2 248 0.7301899757246233 2.134615384615385
2 249 0.7167155525153761 2
2 250 0.5942425472684112 1.5769230769230766
2 251 0.6475182412418853 1.75
2 252 0.6377213725085208 1.7884615384615383
2 253 0.597020817228665 1.6153846153846154
2 254 0.5934457849366657 1.4615384615384617
2 255 0.6191163233650974 1.6538461538461537
2 256 0.6829491140444651 2.1923076923076925
2 257 0.8454977240385734 2.7115384615384612
2 258 0.9997669809741219 3.769230769230769
2 259 1.1162379102510451 4.711538461538462
2 260 1.212975551578933 5.519230769230769
2 261 1.3477797699336531 6.557692307692307
2 262 1.4172599794874294 7.1923076923076925
2 263 1.6013273195514468 8.865384615384615
2 264 1.5787653114513893 8.788461538461538
2 265 1.7164411536405266 10.53846153846154
2 266 1.6746638046734832 9.711538461538465
2 267 1.7311278763647426 10.307692307692307
2 268 1.6923502131078418 10.153846153846155
2 269 1.6859104100819244 10.192307692307693
2 270 1.7104186132622374 10.211538461538462
2 271 1.5667327899383807 8.576923076923078
2 272 1.6487173971140672 9.711538461538465
2 273 1.5533903798122426 8.634615384615385
2 274 1.4900019363884671 8.115384615384615
2 275 1.4492634344254063 7.519230769230768
2 276 1.4155945206293563 7.249999999999998
2 277 1.3493912976171183 6.576923076923075
2 278 1.3443363304714169 6.519230769230767
2 279 1.379314840354924 7.153846153846153
2 280 1.2636786232263455 6.000000000000001
2 281 1.4025315673641425 6.903846153846152
2 282 1.3485269276293979 6.51923076923077
2 283 1.2893807818672438 5.903846153846152
2 284 1.2929321038606236 6.096153846153846
2 285 1.2307343607419814 5.615384615384614
2 286 1.2107758087221197 5.51923076923077
2 287 1.1214996266598003 4.634615384615385
2 288 1.1306762991388628 4.6730769230769225
2 289 1.0686285753333162 4.365384615384616
2 290 0.9978008888742957 4.000000000000001
2 291 1.0459068184854672 4.038461538461538
2 292 0.866320189250329 2.9423076923076925
2 293 0.8771407072567979 2.8846153846153846
2 294 0.8234002384281689 2.7307692307692295
2 295 0.769958694999083 2.2884615384615388
2 296 0.8060995108152809 2.519230769230769
2 297 0.7043967207246693 1.9230769230769234
2 298 0.7093520993664759 2.0192307692307696
2 299 0.6675545899669395 1.7884615384615383
2 300 0.6244755177212733 1.7692307692307692
2 301 0.6431416720905562 1.7884615384615379
2 302 0.6351665057910025 1.8076923076923077
2 303 0.6789853363309322 1.8653846153846156
2 304 0.7507532502839829 2.403846153846154
2 305 0.8067536459755601 2.692307692307693
2 306 1.0320982496310307 3.9038461538461537
2 307 1.1759391421014553 5.115384615384614
2 308 1.2733752568178287 6.076923076923074
2 309 1.4236580140694648 7.423076923076922
2 310 1.5469677132494086 8.711538461538463
2 311 1.589255167119558 8.692307692307695
2 312 1.6704225656586966 9.961538461538462
2 313 1.7623994137608272 10.923076923076925
2 314 1.8347644652588835 11.596153846153848
2 315 1.7169247617150711 10.423076923076923
2 316 1.7964098227852514 11.26923076923077
2 317 1.8008331850500057 11.403846153846155
2 318 1.7217723277829233 10.461538461538465
2 319 1.7342488829174556 10.461538461538463
2 320 1.6503343860042803 9.53846153846154
2 321 1.5803539252116392 9.05769230769231
2 322 1.469494355507347 7.653846153846154
2 323 1.4447198003215425 7.384615384615384
2 324 1.5457091643224343 8.826923076923077
2 325 1.4691978974342164 8.01923076923077
2 326 1.463584411879941 7.9423076923076925
2 327 1.4514631804695715 7.442307692307691
2 328 1.415191479241006 7.038461538461537
2 329 1.4189856042998894 7.134615384615384
2 330 1.3557692908806187 7.0576923076923075
2 331 1.3021966870056885 6.173076923076923
2 332 1.326614961613258 6.4230769230769225
2 333 1.329557152147495 6.307692307692306
2 334 1.203682344281899 5.461538461538462
2 335 1.2450436825753561 5.557692307692307
