0 0 2016563.6914876336 1.4095238095238094
0 1 2704597.460180813 1.1619047619047624
0 2 3604446.8152821637 1.3333333333333333
0 3 2417539.756213101 1.180952380952381
0 4 1850122.6943725855 1.1047619047619048
0 5 1094152.637338715 0.7428571428571431
0 6 1151067.8717371894 1.0666666666666669
0 7 1461084.861071272 0.9523809523809528
0 8 1005781.2078085106 0.8761904761904766
0 9 1367038.8316365953 0.6095238095238095
0 10 1889083.6988101194 0.7428571428571432
0 11 885472.4713362317 0.6095238095238095
0 12 871618.7758647851 0.5714285714285714
0 13 917207.133441281 0.5523809523809523
0 14 693242.6724566356 0.5142857142857141
0 15 881241.2681955284 0.438095238095238
0 16 1845602.0347517475 0.723809523809524
0 17 1747716.7339362444 0.9142857142857148
0 18 2898996.4777177256 1.4476190476190476
0 19 3701560.886930199 1.542857142857143
0 20 4903885.268373176 2.2857142857142847
0 21 2968189.743909736 2.6666666666666656
0 22 3744538.411956924 3.5428571428571396
0 23 3748652.2995981234 3.6952380952380914
0 24 6321958.361995806 3.866666666666663
0 25 4745063.832631217 3.8857142857142812
0 26 5389658.480003195 4.7047619047619
0 27 5707371.3356618155 4.533333333333329
0 28 4494777.010806716 4.323809523809519
0 29 4584188.085788201 4.171428571428566
0 30 7582114.720487959 3.6761904761904733
0 31 5689275.464735059 3.7904761904761872
0 32 5996277.41864321 3.1428571428571392
0 33 7955119.994651937 3.104761904761902
0 34 3935344.17599773 2.8380952380952356
0 35 4198612.79609239 3.180952380952378
0 36 2640749.4344545472 3.0095238095238073
0 37 3601068.1429977193 2.914285714285712
0 38 3559268.0809684736 3.199999999999997
0 39 2563993.5369705767 2.380952380952379
0 40 3707265.8653701474 2.4761904761904745
0 41 2900006.4514758354 2.95238095238095
0 42 5095450.497655744 2.571428571428571
0 43 5638663.553339854 2.419047619047617
0 44 2473758.419438188 1.961904761904761
0 45 2716167.6510230424 2.2285714285714273
0 46 3966397.7177595124 1.9809523809523806
0 47 4254541.377461814 2.0380952380952375
0 48 5302483.7170824995 1.7333333333333332
0 49 3014116.411851702 1.6571428571428566
0 50 3933776.8315282483 1.6571428571428577
0 51 1896159.8233729524 1.3142857142857145
0 52 2526192.8181899604 1.485714285714286
0 53 1307026.8770481076 1.4476190476190471
0 54 2600908.7868140712 1.5809523809523809
0 55 2881488.151374838 1.2952380952380957
0 56 3154364.896804648 1.3714285714285712
0 57 1115377.7443274707 0.914285714285715
0 58 1976621.417544255 1.0857142857142859
0 59 838892.1790376409 1.0095238095238102
0 60 1595515.0420075392 1.2571428571428571
0 61 1436053.594679277 0.8380952380952384
0 62 1997345.1136486537 1.0476190476190477
0 63 1435905.6471827773 0.7047619047619049
0 64 1519534.7251781563 1.1238095238095238
0 65 1548635.4837316847 1.0476190476190483
0 66 4200698.325454531 1.8476190476190482
0 67 2410208.2130487347 1.5619047619047615
0 68 2077180.2908754086 2.228571428571428
0 69 3738121.6228157193 1.9999999999999996
0 70 6640548.61733994 3.0285714285714262
0 71 3282132.1739973994 3.1619047619047587
0 72 8452676.646642867 3.771428571428568
0 73 5886935.2517241 3.6380952380952345
0 74 6010658.288236949 3.8666666666666636
0 75 6844074.301647572 3.466666666666663
0 76 6247378.066576174 3.523809523809521
0 77 7014149.061170079 4.399999999999996
0 78 9015030.082336778 3.2952380952380924
0 79 4436881.038878835 3.257142857142855
0 80 6710893.356553949 3.1619047619047596
0 81 3655735.634482804 3.638095238095236
0 82 1898083.6304345292 3.1428571428571415
0 83 3660251.1744779684 3.1428571428571397
0 84 4671502.516952114 3.180952380952377
0 85 4853288.23082561 2.9904761904761887
0 86 1788571.1436608876 2.4761904761904763
0 87 3840329.3115964183 2.476190476190474
0 88 3963273.5443046205 2.076190476190476
0 89 5107865.816124012 2.685714285714283
0 90 1558186.9964424078 2.0761904761904755
0 91 4172170.552788369 2.36190476190476
0 92 5674195.929401426 1.9809523809523804
0 93 3879418.9850469893 1.7142857142857144
0 94 4883169.0200807275 2.152380952380952
0 95 3573688.5420508245 1.8095238095238093
0 96 5027256.639036653 2.076190476190475
0 97 3482367.6156731 1.7333333333333332
0 98 3228483.9925596276 1.485714285714286
0 99 3436979.786177957 1.7142857142857137
0 100 3350697.361293239 1.4095238095238098
0 101 3996830.3398374426 1.6
0 102 1481568.3195597657 1.3904761904761904
0 103 4740224.798411651 1.6000000000000003
0 104 1937147.419260247 1.123809523809524
0 105 2241304.2526913406 1.4285714285714282
0 106 1321508.9586535746 1.295238095238095
0 107 1913245.5061268387 1.0857142857142863
0 108 2318102.1045082863 1.3142857142857145
0 109 1331803.6310953242 0.9333333333333338
0 110 1424797.5561237421 0.9714285714285718
0 111 1783326.1439172388 0.723809523809524
0 112 1382717.55989619 1.047619047619048
0 113 2746325.7144640526 1.2571428571428576
0 114 4405067.660624292 1.371428571428571
0 115 3210770.4511874313 1.8857142857142852
0 116 3223379.200681789 1.7904761904761897
0 117 3169989.892182537 2.0190476190476185
0 118 2977770.6715994347 2.5714285714285703
0 119 3614023.5430800463 2.5333333333333314
0 120 3609202.762109187 2.895238095238092
0 121 4145661.960957506 3.5238095238095193
0 122 3945577.5221593287 3.4666666666666646
0 123 8993883.888815923 3.6380952380952354
0 124 4756755.807009281 3.504761904761902
0 125 9417469.154952582 3.561904761904759
0 126 3975815.7805974428 3.0285714285714267
0 127 5758905.197078205 3.4095238095238067
0 128 3543796.668213854 3.199999999999997
0 129 6134767.223290846 2.742857142857141
0 130 5087818.910797104 2.6666666666666647
0 131 4214489.729907737 2.4571428571428555
0 132 6064616.308260575 2.8761904761904744
0 133 2830782.158309488 2.3809523809523805
0 134 4743125.617918594 2.1714285714285704
0 135 3367248.5712184766 2.438095238095236
0 136 4235355.076940766 2.266666666666665
0 137 5207403.202663706 2.171428571428571
0 138 4031880.2303120005 1.9428571428571424
0 139 3598461.270984793 2.057142857142857
0 140 2623477.985397956 1.6952380952380943
0 141 1405758.2872815756 1.4095238095238094
0 142 3188767.031263889 1.3714285714285717
0 143 1645837.3763484594 0.9904761904761912
0 144 6515735.296115677 1.6190476190476186
0 145 1875515.7976306991 1.0095238095238102
0 146 1586651.7085517817 1.161904761904762
0 147 4168654.2221179744 1.2190476190476194
0 148 1847586.7924150485 1.1619047619047624
0 149 2275582.6267594155 1.123809523809524
0 150 2052968.5320303023 1.2190476190476194
0 151 1471786.3506486358 0.8952380952380958
0 152 1258801.2790923798 0.8952380952380956
0 153 1266190.8253788122 0.933333333333334
0 154 1189865.9972589656 0.7809523809523812
0 155 1413884.8043035704 0.7619047619047622
0 156 3455779.1601000917 0.8571428571428575
0 157 862374.3609037735 0.5714285714285714
0 158 1267663.5991513296 0.7047619047619049
0 159 429267.01819342014 0.6285714285714286
0 160 1574970.7050150242 1.0285714285714291
0 161 2573629.536350375 1.066666666666667
0 162 4412118.4439685345 1.5619047619047617
0 163 2068241.4856946347 1.771428571428571
0 164 4487198.270654693 2.685714285714283
0 165 4794567.057555173 2.9523809523809508
0 166 9437928.632805726 3.599999999999996
0 167 6411351.93200216 4.380952380952377
0 168 8789008.887649063 4.152380952380948
0 169 3626103.3269944508 4.476190476190472
0 170 6754423.666492922 4.819047619047616
0 171 12828740.49900348 5.180952380952377
0 172 5023090.03453438 4.552380952380948
0 173 7397463.424290784 4.8190476190476135
0 174 6196106.958224187 3.8285714285714247
0 175 5454204.5455819685 4.133333333333329
0 176 9016116.395916773 3.885714285714282
0 177 6900117.549141364 4.0952380952380905
0 178 5718754.230136411 3.73333333333333
0 179 3689175.731220962 3.580952380952378
0 180 3958715.9863119167 3.485714285714283
0 181 2735297.5857016644 3.0095238095238073
0 182 3477912.1100912974 2.857142857142855
0 183 5826424.042096499 3.2952380952380933
0 184 6306367.1316657 2.9523809523809494
0 185 6221891.417825311 3.1428571428571406
0 186 3140799.7184064966 2.7238095238095217
0 187 6030932.103289637 2.895238095238092
0 188 4309680.846953599 2.1904761904761902
0 189 1833417.455812156 1.7333333333333334
0 190 3246412.01392022 2.095238095238095
0 191 3721637.911023677 1.8285714285714285
0 192 1782586.0291764936 2.1153846153846145
0 193 3539634.774679696 1.8269230769230769
0 194 1293214.8326284734 1.5769230769230766
0 195 1341869.37579279 1.2692307692307692
0 196 3651417.9394445117 1.384615384615384
0 197 609638.9075090582 1.0384615384615388
0 198 453031.8169832942 0.8653846153846158
0 199 951392.0999503231 0.9615384615384618
0 200 946308.1618678139 1.0192307692307696
0 201 462385.7930919096 0.6730769230769234
0 202 340918.08154545416 0.5961538461538461
0 203 600205.2110315058 0.6153846153846152
0 204 1745014.5899282417 0.75
0 205 415334.40370005043 0.7884615384615389
0 206 955349.4169531134 0.653846153846154
0 207 607676.5580845478 0.6346153846153848
0 208 720759.6366934037 0.7692307692307694
0 209 878103.0235129206 1.1346153846153846
0 210 649851.4886041057 1.5
0 211 814437.0514045336 1.7307692307692302
0 212 1839715.8617768046 2.326923076923076
0 213 3176471.4365312257 2.865384615384612
0 214 1550252.2746302076 2.8269230769230744
0 215 1787422.4698884455 3.288461538461535
0 216 3804418.6728763743 4.442307692307687
0 217 3778325.03178533 4.615384615384612
0 218 1749282.1917358197 4.288461538461536
0 219 2860287.3331111674 4.480769230769226
0 220 3112455.3385041743 4.3653846153846105
0 221 3118160.99046507 3.846153846153842
0 222 3555405.2524244036 3.3846153846153824
0 223 2449473.2639364605 3.6346153846153806
0 224 954068.6389769994 3.4615384615384572
0 225 2635781.6274811486 3.442307692307689
0 226 2526082.7835247084 2.673076923076921
0 227 1630187.4793014985 3.346153846153844
0 228 2306396.363907442 2.884615384615383
0 229 2966738.2343408 2.9807692307692286
0 230 1540712.8411819856 2.8269230769230744
0 231 1254005.749850764 3.1730769230769207
0 232 1100169.0871138193 2.288461538461537
0 233 2304821.6114309165 2.5576923076923066
0 234 1604425.5402552024 2.3076923076923066
0 235 1987198.1360746685 2.1923076923076916
0 236 638331.8423073699 2.057692307692307
0 237 1375760.8705280544 2.0192307692307683
0 238 1297830.0739432403 2.0769230769230758
0 239 1126572.9480086712 1.5961538461538463
0 240 1141701.1815574823 1.6346153846153844
0 241 1206015.3508466808 1.576923076923076
0 242 2222973.593623985 1.557692307692308
0 243 1077457.9369514803 1.2115384615384617
0 244 1369964.1888558636 1.3846153846153844
0 245 939426.1687704253 1.153846153846154
0 246 725807.275009295 1.0769230769230775
0 247 1249886.199281606 1.0576923076923082
0 248 495961.5471291455 1
0 249 563166.7717418169 0.8076923076923077
0 250 716256.1887775558 0.6153846153846153
0 251 805247.9839830805 0.6730769230769231
0 252 382251.5299499882 0.5769230769230768
0 253 368850.10527065664 0.36538461538461525
0 254 407902.37247747445 0.6153846153846153
0 255 309392.3150367601 0.5769230769230769
0 256 769775.8099532699 0.6730769230769229
0 257 829050.4138906135 0.7307692307692311
0 258 591827.0064126306 1.0576923076923077
0 259 1544723.0219407764 1.3653846153846152
0 260 1327340.251076604 1.9423076923076916
0 261 1202600.204756695 2.9423076923076907
0 262 1392585.0873707097 2.980769230769228
0 263 2485189.9751204704 3.538461538461536
0 264 1757251.6791186484 4.057692307692304
0 265 3483361.8115499145 3.903846153846151
0 266 5381040.3416347215 4.249999999999997
0 267 3301674.5414309534 3.7692307692307656
0 268 2231187.9129515584 3.961538461538457
0 269 1990330.6290424664 4.326923076923075
0 270 3618148.815893929 3.5384615384615348
0 271 1302230.0142144822 3.5576923076923044
0 272 1969797.2206563684 3.0769230769230735
0 273 2112469.971749016 3.346153846153843
0 274 1883300.0817775344 3.249999999999997
0 275 2502635.2039471203 2.634615384615383
0 276 1726594.5082898138 2.6153846153846136
0 277 2290180.7181037604 2.884615384615383
0 278 2246732.311691676 2.9230769230769207
0 279 1261118.6600435618 2.5769230769230753
0 280 1197234.4200697432 2.519230769230767
0 281 1456769.482277906 2.0769230769230766
0 282 2088001.0931887673 2.7884615384615357
0 283 1963425.0817319138 2.096153846153846
0 284 1361285.7052515629 2.365384615384614
0 285 1672599.6045643887 2.096153846153846
0 286 1611039.536079644 2.057692307692307
0 287 3211328.805413032 2.269230769230768
0 288 2292707.2267302503 2.134615384615384
0 289 1249008.9962329352 2.0576923076923075
0 290 1229541.242742301 1.6153846153846148
0 291 1415702.9461101016 1.6538461538461533
0 292 1402894.1270274813 1.1538461538461537
0 293 1135884.70880221 1.3461538461538467
0 294 644572.9925401874 1.3461538461538467
0 295 509651.4791747146 0.8653846153846156
0 296 1390557.7452524845 1.2115384615384621
0 297 732377.5025213386 0.8846153846153847
0 298 426843.95302280877 1.0576923076923082
0 299 841505.7210843085 0.75
0 300 570860.9654191035 0.6153846153846154
0 301 243329.84972625354 0.596153846153846
0 302 890112.3673833727 0.6538461538461539
0 303 518265.9415564394 0.5384615384615384
0 304 928427.8567789299 0.8653846153846155
0 305 863104.5710128397 1.1538461538461544
0 306 1692359.7887304032 1.2884615384615383
0 307 1424994.5777159363 1.8076923076923068
0 308 2031830.5505645669 2.2884615384615365
0 309 1720199.0151583576 2.6923076923076907
0 310 3131457.4257433442 2.788461538461537
0 311 2983905.373877674 3.269230769230767
0 312 2030203.4353429093 4.019230769230766
0 313 2085826.25676935 4.269230769230765
0 314 2793001.541044825 3.826923076923073
0 315 1790888.868372788 4.076923076923072
0 316 1849851.798876094 3.884615384615382
0 317 2866413.0291230474 4.307692307692305
0 318 1575746.4403695122 3.2115384615384595
0 319 1109454.3795630073 3.3076923076923035
0 320 2214971.8524438967 3.3269230769230744
0 321 2336636.4054444386 2.9615384615384577
0 322 2415318.621395824 2.8076923076923057
0 323 2409854.3401902285 2.5961538461538445
0 324 1379492.7830476486 2.4999999999999987
0 325 2177154.1820690464 2.4038461538461524
0 326 1593934.0091356358 1.769230769230769
0 327 1636344.7118744624 2.326923076923075
0 328 2390347.9826324238 2.71153846153846
0 329 916530.8418149542 2.4615384615384603
0 330 885175.2089330885 2.4423076923076916
0 331 1796527.1126541174 2.0576923076923066
0 332 1544546.7659550512 1.8846153846153844
0 333 1923052.0235871314 1.8076923076923075
0 334 987681.6454590954 1.4999999999999998
0 335 1057210.691586818 1.4999999999999996
1 0 6570513.768241245 4.6666666666666625
1 1 8857162.948059363 3.9809523809523775
1 2 3133900.7900780467 4.019047619047616
1 3 4156541.104201437 3.6761904761904733
1 4 3704570.497652242 3.5999999999999974
1 5 4204819.723406392 3.599999999999996
1 6 4608117.8664570805 3.0095238095238073
1 7 4119900.451067286 2.6666666666666665
1 8 5159855.444722438 2.5904761904761884
1 9 3228858.140947732 2.171428571428571
1 10 4262703.727942323 1.8095238095238089
1 11 2779940.2313750065 1.942857142857143
1 12 3262535.8752696943 1.7142857142857135
1 13 2296635.5926071643 1.5428571428571423
1 14 2314935.34726446 1.428571428571429
1 15 1342929.9676754759 1.0857142857142859
1 16 3352515.1346975635 1.8095238095238093
1 17 3521884.0696869623 2.19047619047619
1 18 5141736.718228148 3.219047619047616
1 19 3925264.091111206 3.714285714285711
1 20 14782232.142366672 4.32380952380952
1 21 6530287.662744496 5.5238095238095175
1 22 9928846.960678767 6.266666666666658
1 23 5219670.079550145 5.999999999999992
1 24 18226863.053818613 6.780952380952375
1 25 9542681.600917224 7.5047619047618985
1 26 17977482.12108471 8.152380952380943
1 27 11263171.451293552 8.114285714285707
1 28 14954397.30000995 7.676190476190467
1 29 15779420.13891854 7.599999999999991
1 30 27576600.968913585 8.342857142857138
1 31 11694854.836713782 6.990476190476184
1 32 8486533.827943798 7.180952380952373
1 33 7236335.770040883 7.657142857142848
1 34 4511223.163440134 5.980952380952374
1 35 9443177.085850256 5.352380952380946
1 36 5941488.4504052475 5.657142857142851
1 37 6110264.2054948695 5.123809523809521
1 38 19863907.308254853 5.428571428571422
1 39 7182891.361622282 5.295238095238088
1 40 9998062.117831832 5.847619047619043
1 41 5735998.486536539 5.5047619047618985
1 42 5226981.669972621 4.323809523809518
1 43 5824628.009274795 4.742857142857139
1 44 7911662.473013021 4.799999999999996
1 45 4662506.597607618 4.7809523809523755
1 46 6073227.050372559 3.7333333333333294
1 47 9042536.334049063 3.7714285714285682
1 48 11646238.927073222 3.752380952380949
1 49 4783686.978571415 3.638095238095235
1 50 5012720.482557568 3.1047619047619013
1 51 5592087.131632386 3.409523809523807
1 52 3575105.0201988053 3.14285714285714
1 53 5975469.278736022 3.14285714285714
1 54 5715912.048074157 2.6857142857142833
1 55 5803334.129349702 2.5714285714285694
1 56 3536532.6555628832 2.8952380952380934
1 57 3186389.8341598595 2.209523809523809
1 58 3394635.425225439 2.2857142857142843
1 59 2907188.4513218147 2.038095238095237
1 60 3584864.0254344973 2.285714285714284
1 61 5928833.774929781 2.0571428571428565
1 62 2757258.388429951 1.657142857142857
1 63 4764037.8965350995 1.6
1 64 4363317.7586249225 2.038095238095237
1 65 4205727.498339029 2.323809523809522
1 66 6897997.822378615 2.9714285714285698
1 67 6412147.473511662 3.276190476190472
1 68 6334392.28642034 4.304761904761901
1 69 7057184.569908878 4.3047619047619
1 70 10619089.00692907 5.257142857142852
1 71 5171995.602151804 6.323809523809517
1 72 8883476.69291321 6.780952380952372
1 73 14419272.234537749 7.352380952380946
1 74 19381586.70163944 8.171428571428564
1 75 12466237.8534223 9.009523809523795
1 76 5769325.115764776 7.790476190476182
1 77 5783268.481260972 7.8666666666666565
1 78 18557262.398276072 7.676190476190466
1 79 6147833.032298895 7.257142857142852
1 80 8893983.883849245 7.314285714285706
1 81 10379732.20338952 6.495238095238091
1 82 6399575.63700102 6.476190476190471
1 83 7149491.207277793 5.599999999999993
1 84 6879609.652036814 6.342857142857134
1 85 8597385.936846616 5.790476190476184
1 86 8574148.633552546 5.638095238095232
1 87 11093855.965874309 6.114285714285709
1 88 9066065.661048308 5.29523809523809
1 89 4419825.274949231 6.133333333333328
1 90 15488249.93665579 4.8190476190476135
1 91 11937827.598525599 4.838095238095233
1 92 6850279.070607196 4.171428571428567
1 93 6215777.887098082 4.342857142857139
1 94 12698905.225874757 4.038095238095234
1 95 9297619.883831548 4.095238095238092
1 96 5892167.214139731 4.038095238095234
1 97 8947385.931346923 3.961904761904758
1 98 5936086.569604774 3.638095238095234
1 99 5712401.135822821 3.9047619047619
1 100 4269724.5192756625 3.2571428571428545
1 101 6181642.21313324 3.6761904761904716
1 102 2893599.2048824234 3.3904761904761886
1 103 4107925.0642075976 2.628571428571427
1 104 5093093.442488794 3.180952380952378
1 105 5565974.0555581 3.180952380952379
1 106 6294674.71975708 3.180952380952379
1 107 2813815.892708832 2.6095238095238074
1 108 2398136.267468988 1.9047619047619042
1 109 4050153.901402565 2.285714285714285
1 110 7243798.59823407 1.9428571428571426
1 111 3417007.3948164233 1.4476190476190471
1 112 2176921.280462032 1.6761904761904758
1 113 3662702.797301479 2.3047619047619037
1 114 4217247.588159149 2.5714285714285694
1 115 4150003.818014803 3.1999999999999966
1 116 6594167.482505527 3.828571428571425
1 117 9875039.090730298 4.419047619047615
1 118 9424364.578728253 5.08571428571428
1 119 10277847.676103499 4.971428571428567
1 120 6619672.241028245 5.961904761904754
1 121 10392677.338446746 5.428571428571422
1 122 15886062.139400708 6.533333333333327
1 123 12473683.570214156 7.066666666666658
1 124 10565384.691468535 5.847619047619041
1 125 11166134.707071712 6.133333333333327
1 126 5418149.51852064 5.84761904761904
1 127 9166472.257305557 5.638095238095231
1 128 10034945.835808013 5.504761904761898
1 129 14318966.259237245 5.4285714285714235
1 130 8600286.293664316 4.914285714285708
1 131 5953466.164906811 4.780952380952376
1 132 9927331.265108675 4.609523809523806
1 133 4922030.807067133 5.1047619047619
1 134 21235269.884215802 4.895238095238089
1 135 5126122.182133631 4.799999999999994
1 136 5329432.059691232 4.7047619047619
1 137 8812667.454771584 4.6476190476190435
1 138 5801297.079380292 4.342857142857138
1 139 7943327.665421465 4.266666666666662
1 140 7710536.125765165 3.9238095238095205
1 141 5326795.041379042 4.228571428571424
1 142 3778464.250416019 4.380952380952376
1 143 7914544.573558892 3.9809523809523766
1 144 10362682.11049319 3.9999999999999964
1 145 6390332.321380778 3.7714285714285687
1 146 7544122.4969943 3.8666666666666645
1 147 4417604.5222854195 3.314285714285711
1 148 4750742.825263112 3.2761904761904734
1 149 6659459.601541839 3.0476190476190443
1 150 4757512.010901135 3.276190476190474
1 151 4542606.498091114 2.4190476190476176
1 152 4124739.709834305 2.3999999999999977
1 153 4604586.038649519 2.3428571428571408
1 154 3319766.8631667793 1.714285714285714
1 155 4252002.336378154 1.5809523809523807
1 156 2923759.749907573 2.209523809523808
1 157 2706361.2594652567 1.6761904761904762
1 158 4985793.798025431 1.771428571428571
1 159 2673946.9737835065 1.6761904761904762
1 160 4159062.948321934 1.7904761904761899
1 161 6803521.430914826 2.1904761904761902
1 162 3186970.6948830476 3.4095238095238067
1 163 7055926.7221798 4.857142857142852
1 164 7968737.006339772 5.009523809523805
1 165 7611887.303833557 5.885714285714279
1 166 18782496.31190457 7.199999999999991
1 167 6911212.473647924 7.923809523809514
1 168 13630847.491560187 8.438095238095228
1 169 6013636.28366916 8.323809523809514
1 170 14036190.852556666 8.28571428571428
1 171 9668705.04596543 10.114285714285701
1 172 12038189.242143689 9.009523809523797
1 173 11331185.604429118 9.352380952380942
1 174 15139601.73520025 7.866666666666658
1 175 10372567.887812056 7.523809523809517
1 176 9387045.607264793 7.69523809523809
1 177 11083602.951198783 8.019047619047612
1 178 11859139.184977204 6.457142857142848
1 179 13037009.526766947 6.114285714285707
1 180 13984106.526094906 5.923809523809518
1 181 5676293.032966142 6.514285714285705
1 182 12436459.382465955 6.8571428571428505
1 183 8254066.398485187 6.209523809523801
1 184 9949367.272798117 6.038095238095232
1 185 7200761.208238525 6.247619047619041
1 186 12899859.204922339 5.46666666666666
1 187 7196631.68867254 5.695238095238088
1 188 5230385.970759136 4.914285714285709
1 189 7634502.082343283 4.704761904761902
1 190 9756345.580504604 4.723809523809519
1 191 6262349.957577389 3.9047619047619024
1 192 4986775.4940965725 4.692307692307686
1 193 4341802.839218726 3.826923076923073
1 194 3237411.9738142127 4.076923076923073
1 195 1625994.5030556577 3.7884615384615343
1 196 2271545.9790242175 2.980769230769228
1 197 3115518.4038644936 3.134615384615382
1 198 1748041.185810285 2.288461538461537
1 199 1469944.190943288 2.596153846153844
1 200 1766639.9407235638 1.9038461538461533
1 201 1433742.8262072708 2.076923076923076
1 202 1390555.2750542061 1.3846153846153844
1 203 1272898.6119065762 1.5961538461538463
1 204 2043961.2711377647 1.4807692307692302
1 205 1135566.6291984678 1.4423076923076918
1 206 1124406.7406600097 1.346153846153846
1 207 745015.8646563073 1.057692307692308
1 208 695847.9782570016 1.7692307692307685
1 209 1063272.6929039308 1.9615384615384612
1 210 3051436.150858514 3.0192307692307665
1 211 2109071.173906545 3.90384615384615
1 212 3296205.3202875834 4.326923076923073
1 213 3031713.6188118234 5.096153846153841
1 214 4087174.7822661884 5.99999999999999
1 215 3724738.039374938 6.980769230769222
1 216 5742642.782179553 7.557692307692298
1 217 3051140.422342562 7.961538461538452
1 218 5821654.224562622 7.980769230769222
1 219 5038728.690663344 8.346153846153845
1 220 2504037.7426577546 8.03846153846153
1 221 3599606.5110596986 8.153846153846143
1 222 4854809.702803456 7.2884615384615286
1 223 5196953.981563339 7.057692307692303
1 224 5711286.203563412 6.9423076923076845
1 225 4512220.330754217 7.249999999999993
1 226 3304987.43757436 6.211538461538453
1 227 2724793.0306126405 6.115384615384608
1 228 3168929.877833392 5.653846153846149
1 229 3382321.778602887 4.86538461538461
1 230 2239867.509580387 5.673076923076916
1 231 2525357.32767714 5.692307692307685
1 232 3920788.6975316233 5.673076923076913
1 233 3513691.6874764506 4.942307692307688
1 234 4177897.5236750417 5.2307692307692255
1 235 4212108.590071006 5.3269230769230695
1 236 3506143.1475521214 5.692307692307685
1 237 4120093.5752414777 5.923076923076918
1 238 3053936.203797355 4.8653846153846105
1 239 2979450.3224269534 4.923076923076917
1 240 3221353.7232539626 5.057692307692304
1 241 2309335.825438538 4.903846153846149
1 242 3504592.771834211 4.230769230769227
1 243 3288460.5492487904 3.711538461538459
1 244 3926850.683610574 4.057692307692304
1 245 1805510.6107971843 3.307692307692305
1 246 2224116.8260363177 3.365384615384613
1 247 3064325.97747801 2.8846153846153824
1 248 1262568.1037978078 2.596153846153845
1 249 1838442.3028514672 2.115384615384615
1 250 502245.1048696136 1.6730769230769236
1 251 1028829.926450333 1.6923076923076914
1 252 1286341.0571456277 1.4807692307692306
1 253 1233349.7954278938 1.4615384615384617
1 254 1360928.0879492417 1.653846153846154
1 255 1527018.275981139 1.4230769230769231
1 256 1071892.158677078 1.7884615384615385
1 257 2089809.9852524463 2.3269230769230758
1 258 1710864.6027233507 3.0961538461538436
1 259 1599477.0878684295 4.15384615384615
1 260 2893402.517550222 4.442307692307687
1 261 2339088.1408411595 4.6153846153846105
1 262 6560150.412087363 6.3076923076923
1 263 5234761.345472648 7.384615384615376
1 264 4821110.902672642 8.307692307692301
1 265 6393245.996346717 7.98076923076922
1 266 3140847.691765924 8.807692307692296
1 267 4898920.2127940385 9.500000000000004
1 268 2224212.2608683105 7.980769230769224
1 269 3273873.5044367285 7.73076923076922
1 270 5687059.267275082 7.615384615384608
1 271 5567713.183233724 7.115384615384605
1 272 5712998.562712133 6.461538461538453
1 273 5051764.764597023 6.711538461538452
1 274 2790508.4931371165 5.903846153846147
1 275 4054236.484122918 5.788461538461533
1 276 5003046.3194470955 5.673076923076916
1 277 4027785.2858369537 5.961538461538455
1 278 4160940.948394063 6.134615384615378
1 279 1707053.0121678123 6.153846153846146
1 280 3433965.184346786 5.9423076923076845
1 281 3706794.5354579557 5.634615384615377
1 282 3629445.3424585615 5.134615384615377
1 283 3116986.1060412116 5.115384615384611
1 284 3459523.5139306155 5.134615384615378
1 285 4332686.137259178 4.153846153846151
1 286 2780349.283464456 4.423076923076918
1 287 3291459.746271332 4.211538461538458
1 288 2912523.924493403 3.9230769230769194
1 289 2233943.1948072165 4.499999999999994
1 290 3906173.060017807 3.519230769230767
1 291 2247041.2885081805 3.40384615384615
1 292 1081422.4056405986 3.4423076923076903
1 293 4200328.001698656 3.4615384615384586
1 294 2212858.2179503455 2.4807692307692295
1 295 1819472.194484195 2.9423076923076907
1 296 2634403.8384613656 2.0192307692307683
1 297 1328355.9456157107 2.346153846153846
1 298 1745610.8493877586 1.903846153846153
1 299 2835870.0312723406 1.4807692307692306
1 300 1367585.0874257882 1.865384615384616
1 301 2142600.3975787745 1.4423076923076923
1 302 1820499.6697417304 1.25
1 303 898715.5049502476 1.3846153846153844
1 304 979554.926222059 1.4807692307692304
1 305 1164941.4345349155 1.749999999999999
1 306 1173681.3239574265 2.653846153846153
1 307 2964285.6679621143 3.365384615384612
1 308 2363946.9966104515 4.846153846153843
1 309 5680036.694767034 4.634615384615379
1 310 3450082.297911548 6.288461538461532
1 311 3236241.458510001 5.230769230769224
1 312 4306916.432001035 7.307692307692298
1 313 7272490.002583928 6.942307692307683
1 314 4288419.22884035 7.8076923076922995
1 315 4110965.375440665 8.230769230769225
1 316 2026229.0751019816 6.980769230769225
1 317 4133749.002626841 7.5576923076923
1 318 2693685.82174645 6.384615384615377
1 319 6129210.553463004 6.711538461538453
1 320 4510942.867770486 6.211538461538457
1 321 5275832.800482513 6.653846153846144
1 322 2087934.5206096028 5.692307692307686
1 323 4232376.40381528 5.653846153846147
1 324 3150792.2731021848 6.076923076923069
1 325 3475479.007163441 5.038461538461532
1 326 3603655.9410969764 5.634615384615375
1 327 2254663.3302844684 4.692307692307687
1 328 3728314.560334081 5.249999999999992
1 329 3294102.2173803234 4.403846153846149
1 330 1756894.3892337163 4.749999999999994
1 331 4977918.010586097 4.999999999999994
1 332 2369838.426443488 4.499999999999994
1 333 3281414.78487408 4.999999999999993
1 334 3724467.671443623 4.63461538461538
1 335 3239013.6283877995 4.576923076923071
2 0 5606357.684903457 4.247619047619044
2 1 5981492.383266216 4.51428571428571
2 2 9229907.434353564 4.419047619047614
2 3 5264503.5677298745 3.466666666666664
2 4 7371131.683638259 3.3333333333333317
2 5 6564025.365796643 3.0285714285714254
2 6 5938559.860682562 2.4761904761904754
2 7 4003282.4617884266 2.552380952380951
2 8 4665286.163599075 2.7047619047619036
2 9 3881198.3814340658 2.3619047619047606
2 10 6941146.084831807 2.2285714285714273
2 11 5909706.800758359 2.152380952380951
2 12 4160178.9112571003 1.904761904761905
2 13 2774911.823774271 1.9238095238095232
2 14 1398296.5317734203 1.5428571428571425
2 15 1992742.8293310998 1.4666666666666668
2 16 3529532.4181575887 2.57142857142857
2 17 4916918.750870054 2.8952380952380934
2 18 6011492.989940637 3.6952380952380914
2 19 12016258.898303764 4.685714285714283
2 20 7021556.822757768 5.276190476190469
2 21 6902985.188229281 6.666666666666657
2 22 15843944.418084139 7.580952380952371
2 23 9646644.618851306 7.99999999999999
2 24 13053171.02177967 8.114285714285705
2 25 12949852.064390214 9.009523809523799
2 26 14879072.182854978 8.247619047619036
2 27 10529124.516972138 9.638095238095227
2 28 27051812.46522156 9.238095238095227
2 29 12521424.390006816 8.590476190476183
2 30 7628412.371047943 8.799999999999992
2 31 10513205.370083064 8.799999999999992
2 32 7147105.471567343 7.904761904761894
2 33 7918285.948507373 7.980952380952372
2 34 12989120.259066641 6.666666666666659
2 35 5099277.664919742 7.199999999999992
2 36 7065256.440363218 6.590476190476183
2 37 10791123.426764408 6.419047619047612
2 38 8599112.075477289 6.323809523809515
2 39 11210001.049290953 6.742857142857134
2 40 8542676.577176185 5.676190476190468
2 41 10531934.9905699 6.342857142857135
2 42 8597513.408991784 5.6952380952380866
2 43 8444594.151263166 6.438095238095229
2 44 19051927.39144931 5.29523809523809
2 45 11255384.135653485 5.542857142857136
2 46 12601242.718317153 4.971428571428565
2 47 9207914.246697657 5.295238095238091
2 48 7038091.847891338 4.628571428571424
2 49 13148585.1859602 4.742857142857138
2 50 7133839.2922786195 4.114285714285711
2 51 9167046.872845903 4.15238095238095
2 52 2701512.5213455698 3.580952380952377
2 53 5988383.663684695 3.5047619047619016
2 54 4830888.09226016 3.3714285714285688
2 55 3378966.7375357896 3.504761904761902
2 56 6620424.647598049 2.7619047619047596
2 57 4370768.553981233 3.1809523809523785
2 58 4927858.58417363 2.1714285714285704
2 59 3566335.7266177856 2.2666666666666644
2 60 4426127.035648274 2.6095238095238082
2 61 2292952.747601941 2.5523809523809504
2 62 5310774.719598509 2.7809523809523795
2 63 2375145.583450141 2.438095238095236
2 64 3893699.0842086873 2.6476190476190458
2 65 8610901.791245883 3.0476190476190457
2 66 4823949.274625345 3.6190476190476173
2 67 12955519.798930677 4.514285714285712
2 68 7004948.542671878 5.31428571428571
2 69 12412822.614853753 4.8571428571428505
2 70 5712255.767283922 6.361904761904752
2 71 9230184.492177466 6.876190476190469
2 72 10320333.431388823 8.133333333333322
2 73 17536235.926161956 8.361904761904755
2 74 9232028.279900204 8.342857142857133
2 75 13248917.067062072 8.9142857142857
2 76 17716375.328158196 9.123809523809514
2 77 8021812.755896172 8.038095238095229
2 78 13183407.383393072 8.266666666666657
2 79 15666695.25705989 8.247619047619038
2 80 17971984.300589975 8.361904761904755
2 81 6526553.396296675 7.3333333333333215
2 82 11975968.643173825 6.590476190476182
2 83 6920487.876764329 5.88571428571428
2 84 11058326.520059725 6.342857142857134
2 85 11291077.307745302 6.64761904761904
2 86 6033893.687847835 6.723809523809515
2 87 10697869.586639691 6.228571428571423
2 88 10564193.805387303 6.09523809523809
2 89 11104129.691807155 5.542857142857137
2 90 14744743.710308382 5.82857142857142
2 91 6044540.115838392 5.980952380952376
2 92 12354523.297823155 6.933333333333328
2 93 8672532.20598381 5.69523809523809
2 94 14336066.479012275 5.885714285714279
2 95 4423768.698733249 5.999999999999992
2 96 16204910.203168139 4.647619047619044
2 97 6608637.329209201 5.3523809523809485
2 98 7414382.350775121 4.742857142857139
2 99 10607634.302009372 4.609523809523806
2 100 9256512.269611029 4.038095238095235
2 101 5239532.790646802 4.304761904761901
2 102 4592203.106469535 3.6761904761904733
2 103 8026177.913617074 4.11428571428571
2 104 4857594.341827888 3.4666666666666646
2 105 8654309.347289512 3.1238095238095216
2 106 2299404.29655213 3.1619047619047596
2 107 7303249.351705202 3.428571428571426
2 108 4295724.842240894 2.9904761904761883
2 109 3784513.7439098083 2.9714285714285684
2 110 5714593.3814273495 2.9333333333333313
2 111 3718722.21401356 3.0476190476190452
2 112 7144518.616963196 2.971428571428569
2 113 11427915.256413955 3.466666666666665
2 114 4827011.277494451 3.980952380952378
2 115 8050395.35491594 4.514285714285708
2 116 8665930.723217614 5.447619047619043
2 117 6658070.818366369 5.142857142857137
2 118 8512287.801749494 6.019047619047612
2 119 6411530.263831132 6.933333333333325
2 120 6092944.950852308 7.504761904761898
2 121 15549665.38994696 8.152380952380943
2 122 8280969.001819879 7.7714285714285625
2 123 9727010.119034061 9.485714285714272
2 124 10150497.82984036 8.590476190476181
2 125 14058419.634294514 8.914285714285707
2 126 20400497.265105322 7.847619047619039
2 127 7699297.960058618 7.999999999999993
2 128 16554686.000047376 7.809523809523801
2 129 12960986.050901117 7.59999999999999
2 130 7619322.5951296305 6.419047619047612
2 131 7183556.401667713 6.399999999999994
2 132 8110516.526866217 6.438095238095232
2 133 6850882.72452776 6.533333333333325
2 134 15809107.461939884 6.2285714285714215
2 135 12586249.012858247 6.2285714285714215
2 136 8774012.267340887 6.019047619047614
2 137 6249816.891820792 5.923809523809517
2 138 11199959.205854034 5.657142857142851
2 139 13216926.573312405 6.876190476190468
2 140 5544910.757219417 5.942857142857133
2 141 8687903.938251548 6.304761904761901
2 142 5160600.750357553 5.333333333333328
2 143 7757113.279563893 5.123809523809517
2 144 9683875.889757618 5.028571428571422
2 145 9182672.755536724 4.7047619047619
2 146 10883867.391147448 5.180952380952374
2 147 11303251.62680091 5.009523809523804
2 148 7171516.054306875 4.361904761904758
2 149 5534917.175100233 3.9809523809523775
2 150 11643831.196019929 4.533333333333329
2 151 9066883.883127417 3.0476190476190452
2 152 7644238.391157423 3.276190476190474
2 153 6271386.904631343 2.685714285714284
2 154 8279394.023223896 2.5714285714285703
2 155 6935834.464275142 2.533333333333332
2 156 4415847.234423844 2.5523809523809504
2 157 4396193.493646354 1.9047619047619042
2 158 4741996.6768851215 1.752380952380952
2 159 3955445.599414686 2.247619047619046
2 160 3926359.108495812 2.647619047619046
2 161 3409817.5753884423 3.14285714285714
2 162 6013289.384904131 4.209523809523805
2 163 12408647.159565149 4.6476190476190435
2 164 8083573.220565408 6.45714285714285
2 165 8502872.180326289 7.123809523809518
2 166 15760801.536797438 6.9714285714285635
2 167 12109172.327796007 8.571428571428564
2 168 10067299.143316437 9.390476190476177
2 169 10424015.799935652 9.809523809523796
2 170 19115713.304091252 10.342857142857133
2 171 17494450.36769051 10.057142857142846
2 172 9971626.461605022 9.733333333333322
2 173 10612878.033784816 8.076190476190467
2 174 21099051.473401643 8.590476190476181
2 175 14473191.47851466 8.742857142857135
2 176 7840112.795166428 8.495238095238088
2 177 13318457.368646234 7.885714285714281
2 178 15112168.503095496 8.266666666666657
2 179 14460053.705713166 7.619047619047611
2 180 7992249.939779936 7.695238095238088
2 181 12138865.621737095 6.380952380952373
2 182 6342193.75103551 6.323809523809517
2 183 7428416.172404384 6.07619047619047
2 184 7968842.145566674 5.8095238095238
2 185 8728678.453958549 5.961904761904756
2 186 7969953.626503223 5.733333333333326
2 187 9697966.113773338 6.019047619047613
2 188 13536425.416078813 6.476190476190469
2 189 12305433.187229939 6.1714285714285655
2 190 6067442.373951734 4.857142857142852
2 191 10660253.276637215 5.371428571428565
2 192 5110744.13591866 4.788461538461531
2 193 2577559.462338761 5.09615384615384
2 194 4606625.923014923 4.038461538461535
2 195 2656329.12131929 4.13461538461538
2 196 1555016.6895046385 3.1923076923076885
2 197 1762040.5712745916 3.6153846153846128
2 198 2640648.493034035 2.69230769230769
2 199 1526369.2754025185 2.4615384615384595
2 200 1721746.6965079505 2.3076923076923057
2 201 1320322.750687556 2.076923076923076
2 202 1801097.4517167392 1.961538461538461
2 203 1517513.634968719 1.9615384615384615
2 204 1842163.6285889456 1.8846153846153844
2 205 1004851.8479216129 1.538461538461538
2 206 642379.9830165721 1.9423076923076918
2 207 727616.0391991577 1.6153846153846154
2 208 1085583.4768838831 2.2307692307692295
2 209 1353379.8026826507 2.8653846153846128
2 210 2481150.770440843 3.4807692307692273
2 211 2557144.4306493434 5.019230769230763
2 212 4386494.91481767 6.0576923076923
2 213 4618684.859407847 6.480769230769222
2 214 3698261.8067581737 6.961538461538455
2 215 4999955.799813642 9.673076923076922
2 216 9000329.459875017 9.096153846153843
2 217 6828542.098713489 10.21153846153846
2 218 5464814.36864776 10.692307692307699
2 219 6489501.755042646 10.769230769230774
2 220 9015937.414205696 10.192307692307693
2 221 5219655.538270198 10.423076923076922
2 222 4850986.182642991 9.442307692307699
2 223 7397476.507963958 9.673076923076923
2 224 4638964.080004529 8.461538461538456
2 225 7283867.791034942 8.480769230769226
2 226 4397946.617375989 7.557692307692302
2 227 5050931.130007356 7.557692307692301
2 228 4521092.414511438 6.74999999999999
2 229 3684924.5266842116 7.519230769230762
2 230 3922103.4914011206 7.499999999999993
2 231 2941160.1917632967 7.019230769230761
2 232 3439942.4861607244 6.8269230769230695
2 233 2936720.9778002515 7.173076923076916
2 234 3372637.370732008 6.634615384615379
2 235 4431086.572156528 6.673076923076917
2 236 3575560.0095190424 5.8076923076922995
2 237 5081287.75883022 5.461538461538456
2 238 3055662.9365790947 5.0576923076923
2 239 3838840.3175806403 4.807692307692303
2 240 2792529.11425856 4.076923076923075
2 241 3848817.1389171276 4.326923076923073
2 242 1704520.4645038054 3.4615384615384577
2 243 2040400.0345332446 3.71153846153846
2 244 3714436.4610954956 3.2692307692307665
2 245 2074355.6345941324 2.6153846153846128
2 246 1861976.3480578177 2.3653846153846145
2 247 2076882.752389182 1.8846153846153848
2 248 1409213.5242865426 2.0384615384615383
2 249 1305668.8719314465 1.9038461538461537
2 250 895374.3565640835 1.461538461538461
2 251 1218581.2651527373 1.615384615384615
2 252 1298572.864184751 1.6923076923076912
2 253 573822.3780670812 1.5384615384615385
2 254 565246.4288209477 1.384615384615385
2 255 1195023.9625220923 1.5576923076923075
2 256 882818.1031418319 2.0192307692307683
2 257 1964252.1783545997 2.519230769230768
2 258 3813195.9280087953 3.65384615384615
2 259 4458392.968205605 4.4999999999999964
2 260 1957545.4879050194 5.173076923076917
2 261 3705134.1307187853 6.153846153846144
2 262 3067544.849598965 6.730769230769223
2 263 4436418.686921714 8.423076923076918
2 264 4577775.731826493 8.346153846153843
2 265 8342880.474328319 9.884615384615383
2 266 6452673.898343258 9.288461538461538
2 267 6005233.772777987 9.615384615384617
2 268 8018614.980536659 9.596153846153845
2 269 6315788.535252107 9.82692307692308
2 270 5632295.410290374 9.634615384615385
2 271 4014882.9920921093 8.076923076923068
2 272 4555290.881722061 9.25
2 273 5493400.014900212 8.25
2 274 8015605.676937224 7.634615384615377
2 275 3263419.8716583517 6.884615384615379
2 276 2703064.2574067316 6.711538461538455
2 277 3454082.17150378 6.211538461538455
2 278 2839065.6008702805 6.249999999999994
2 279 4183305.4036963433 6.673076923076918
2 280 2884282.1606465406 5.519230769230764
2 281 3979633.0876694294 6.538461538461531
2 282 3943765.434978056 6.326923076923069
2 283 3468724.985196164 5.499999999999993
2 284 4833006.020378995 5.576923076923069
2 285 1223030.3868001068 5.288461538461534
2 286 4488754.336966739 5.134615384615379
2 287 3020337.153519986 4.480769230769226
2 288 2668776.3074629446 4.4999999999999964
2 289 3198585.8153086943 3.999999999999997
2 290 1908176.3036590659 3.6923076923076894
2 291 3551794.8841237486 3.769230769230766
2 292 2249682.069446317 2.711538461538459
2 293 2342438.2979990463 2.8076923076923057
2 294 2419487.4201906184 2.615384615384614
2 295 1846274.6615101455 2.2115384615384603
2 296 1009912.2346446941 2.346153846153845
2 297 1779509.18599903 1.807692307692308
2 298 1205994.6888035978 1.9423076923076923
2 299 1259306.9883457716 1.7115384615384615
2 300 775309.9859577237 1.6923076923076925
2 301 1895688.999909617 1.6730769230769231
2 302 1205915.660365122 1.6538461538461537
2 303 1859877.360881857 1.8076923076923075
2 304 2127251.887657208 2.2692307692307696
2 305 1507487.3148269108 2.519230769230767
2 306 2369192.138664459 3.7692307692307665
2 307 4273653.246206285 4.788461538461534
2 308 4128153.034920372 5.82692307692307
2 309 4890298.845842439 7.134615384615376
2 310 5318859.321656058 8.269230769230763
2 311 6002752.966500885 8.288461538461535
2 312 2568617.7434145473 9.403846153846157
2 313 5148405.8476271685 10.269230769230774
2 314 7160521.246072006 10.75
2 315 5637264.945351892 9.884615384615385
2 316 5145436.787808605 10.538461538461542
2 317 6810021.717131539 10.6923076923077
2 318 4161642.2435165043 9.865384615384622
2 319 7677158.837864469 9.730769230769237
2 320 9718466.441628564 8.692307692307686
2 321 3602543.512876409 8.46153846153846
2 322 4972134.801352234 7.384615384615377
2 323 4360729.647344419 7.115384615384605
2 324 5947025.052600871 8.134615384615376
2 325 4829563.554238665 7.634615384615377
2 326 3092226.8475711844 7.4230769230769145
2 327 5691901.615410554 7.096153846153838
2 328 3971675.147160833 6.480769230769223
2 329 4183384.818573327 6.5769230769230695
2 330 2631621.8178788377 6.673076923076918
2 331 9559714.112120667 6.019230769230762
2 332 4855077.226175128 6.057692307692301
2 333 5516400.626078514 5.903846153846146
2 334 2250090.9231667914 5.192307692307688
2 335 2769064.874308511 5.288461538461531
