1 1 1 0.364204
1 1 2 0.17519
1 1 3 0.367881
1 1 4 0.20485
1 1 5 0.368233
1 1 6 0.168504
1 1 7 0.363132
1 1 8 0.224278
1 1 9 0.352798
1 1 10 0.169572
1 1 11 0.365909
1 1 12 0.205965
1 1 13 0.360263
1 1 14 0.169263
1 1 15 0.373729
1 1 16 0.205987
1 1 17 0.355949
1 1 18 0.17458
1 1 19 0.367924
1 1 20 0.200348
1 1 21 0.35717
1 1 22 0.167847
1 1 23 0.367776
1 1 24 0.205353
1 1 25 0.362218
1 1 26 0.169729
1 1 27 0.365757
1 1 28 0.201148
1 2 1 0.34916
1 2 2 0.187184
1 2 3 0.362853
1 2 4 0.202002
1 2 5 0.354011
1 2 6 0.181696
1 2 7 0.365396
1 2 8 0.208492
1 2 9 0.348238
1 2 10 0.190957
1 2 11 0.363974
1 2 12 0.214213
1 2 13 0.350224
1 2 14 0.190912
1 2 15 0.362991
1 2 16 0.206852
1 2 17 0.343702
1 2 18 0.187601
1 2 19 0.366013
1 2 20 0.201973
1 2 21 0.351998
1 2 22 0.181092
1 2 23 0.362366
1 2 24 0.202354
1 2 25 0.349619
1 2 26 0.187571
1 2 27 0.36439
1 2 28 0.202787
1 3 1 0.332154
1 3 2 0.19575
1 3 3 0.346028
1 3 4 0.214515
1 3 5 0.34236
1 3 6 0.194885
1 3 7 0.350949
1 3 8 0.212614
1 3 9 0.334521
1 3 10 0.196854
1 3 11 0.355323
1 3 12 0.219384
1 3 13 0.337177
1 3 14 0.196628
1 3 15 0.358718
1 3 16 0.212145
1 3 17 0.328366
1 3 18 0.207635
1 3 19 0.361262
1 3 20 0.214571
1 3 21 0.337215
1 3 22 0.194714
1 3 23 0.358895
1 3 24 0.215405
1 3 25 0.332628
1 3 26 0.199921
1 3 27 0.35387
1 3 28 0.2188
1 4 1 0.311084
1 4 2 0.216621
1 4 3 0.332095
1 4 4 0.225774
1 4 5 0.310752
1 4 6 0.216863
1 4 7 0.331016
1 4 8 0.239956
1 4 9 0.315129
1 4 10 0.218116
1 4 11 0.330319
1 4 12 0.226784
1 4 13 0.313648
1 4 14 0.221507
1 4 15 0.334377
1 4 16 0.229587
1 4 17 0.307566
1 4 18 0.218724
1 4 19 0.326331
1 4 20 0.225775
1 4 21 0.319472
1 4 22 0.220208
1 4 23 0.328933
1 4 24 0.230595
1 4 25 0.311943
1 4 26 0.217436
1 4 27 0.341454
1 4 28 0.226424
1 5 1 0.291997
1 5 2 0.25286
1 5 3 0.302243
1 5 4 0.254329
1 5 5 0.300227
1 5 6 0.253502
1 5 7 0.300538
1 5 8 0.254123
1 5 9 0.301288
1 5 10 0.254925
1 5 11 0.316127
1 5 12 0.255258
1 5 13 0.283727
1 5 14 0.257123
1 5 15 0.310352
1 5 16 0.250862
1 5 17 0.286225
1 5 18 0.260676
1 5 19 0.29697
1 5 20 0.253538
1 5 21 0.29279
1 5 22 0.253487
1 5 23 0.306726
1 5 24 0.261384
1 5 25 0.29278
1 5 26 0.253664
1 5 27 0.310941
1 5 28 0.254091
1 6 1 0.235689
1 6 2 0.307619
1 6 3 0.253978
1 6 4 0.293722
1 6 5 0.236206
1 6 6 0.309567
1 6 7 0.24944
1 6 8 0.303224
1 6 9 0.243145
1 6 10 0.312996
1 6 11 0.250791
1 6 12 0.297635
1 6 13 0.234579
1 6 14 0.310159
1 6 15 0.251215
1 6 16 0.289393
1 6 17 0.238483
1 6 18 0.313346
1 6 19 0.249076
1 6 20 0.289271
1 6 21 0.235572
1 6 22 0.310938
1 6 23 0.249979
1 6 24 0.291684
1 6 25 0.238779
1 6 26 0.312564
1 6 27 0.250664
1 6 28 0.290943
1 7 1 0.204502
1 7 2 0.347973
1 7 3 0.220288
1 7 4 0.31985
1 7 5 0.199664
1 7 6 0.343376
1 7 7 0.220144
1 7 8 0.319656
1 7 9 0.200043
1 7 10 0.344269
1 7 11 0.222667
1 7 12 0.323446
1 7 13 0.198576
1 7 14 0.354612
1 7 15 0.220052
1 7 16 0.311904
1 7 17 0.199465
1 7 18 0.345878
1 7 19 0.222766
1 7 20 0.308757
1 7 21 0.198988
1 7 22 0.339478
1 7 23 0.219649
1 7 24 0.32028
1 7 25 0.199296
1 7 26 0.349275
1 7 27 0.219505
1 7 28 0.312277
1 8 1 0.182922
1 8 2 0.357266
1 8 3 0.207469
1 8 4 0.33548
1 8 5 0.181553
1 8 6 0.363429
1 8 7 0.208419
1 8 8 0.336331
1 8 9 0.177522
1 8 10 0.359285
1 8 11 0.202181
1 8 12 0.335543
1 8 13 0.176926
1 8 14 0.357792
1 8 15 0.204769
1 8 16 0.340794
1 8 17 0.177415
1 8 18 0.358885
1 8 19 0.206747
1 8 20 0.337151
1 8 21 0.177706
1 8 22 0.354913
1 8 23 0.206466
1 8 24 0.33443
1 8 25 0.181211
1 8 26 0.370204
1 8 27 0.206167
1 8 28 0.334074
1 9 1 0.163012
1 9 2 0.360876
1 9 3 0.193152
1 9 4 0.342208
1 9 5 0.161148
1 9 6 0.361805
1 9 7 0.201925
1 9 8 0.340295
1 9 9 0.166052
1 9 10 0.364028
1 9 11 0.190709
1 9 12 0.355171
1 9 13 0.161406
1 9 14 0.369983
1 9 15 0.20181
1 9 16 0.352913
1 9 17 0.161931
1 9 18 0.369866
1 9 19 0.196028
1 9 20 0.348959
1 9 21 0.162252
1 9 22 0.36506
1 9 23 0.192349
1 9 24 0.348336
1 9 25 0.161271
1 9 26 0.364428
1 9 27 0.191626
1 9 28 0.349929
1 10 1 0.158725
1 10 2 0.374482
1 10 3 0.18865
1 10 4 0.346062
1 10 5 0.151293
1 10 6 0.372785
1 10 7 0.184994
1 10 8 0.351059
1 10 9 0.151936
1 10 10 0.372684
1 10 11 0.181793
1 10 12 0.350932
1 10 13 0.152324
1 10 14 0.369989
1 10 15 0.184881
1 10 16 0.350193
1 10 17 0.158304
1 10 18 0.377621
1 10 19 0.187852
1 10 20 0.348433
1 10 21 0.153187
1 10 22 0.370129
1 10 23 0.18788
1 10 24 0.352595
1 10 25 0.151807
1 10 26 0.374666
1 10 27 0.182466
1 10 28 0.359777
1 11 1 0.351942
1 11 2 0.179939
1 11 3 0.36602
1 11 4 0.201155
1 11 5 0.361424
1 11 6 0.183099
1 11 7 0.366795
1 11 8 0.21192
1 11 9 0.352466
1 11 10 0.179941
1 11 11 0.368993
1 11 12 0.202151
1 11 13 0.361267
1 11 14 0.180006
1 11 15 0.368455
1 11 16 0.206362
1 11 17 0.354246
1 11 18 0.179403
1 11 19 0.363106
1 11 20 0.204913
1 11 21 0.363021
1 11 22 0.177996
1 11 23 0.361781
1 11 24 0.205447
1 11 25 0.356483
1 11 26 0.187991
1 11 27 0.360821
1 11 28 0.205636
1 12 1 0.342502
1 12 2 0.194185
1 12 3 0.355768
1 12 4 0.209275
1 12 5 0.342852
1 12 6 0.186802
1 12 7 0.358928
1 12 8 0.212103
1 12 9 0.337797
1 12 10 0.191374
1 12 11 0.35887
1 12 12 0.207484
1 12 13 0.346754
1 12 14 0.188394
1 12 15 0.359544
1 12 16 0.210846
1 12 17 0.344132
1 12 18 0.188081
1 12 19 0.356025
1 12 20 0.209334
1 12 21 0.339602
1 12 22 0.186009
1 12 23 0.359452
1 12 24 0.209709
1 12 25 0.344543
1 12 26 0.188388
1 12 27 0.36511
1 12 28 0.215667
1 13 1 0.326119
1 13 2 0.202037
1 13 3 0.347516
1 13 4 0.21614
1 13 5 0.333147
1 13 6 0.201169
1 13 7 0.347155
1 13 8 0.214987
1 13 9 0.327932
1 13 10 0.203066
1 13 11 0.347779
1 13 12 0.217313
1 13 13 0.324438
1 13 14 0.205933
1 13 15 0.351956
1 13 16 0.220512
1 13 17 0.325308
1 13 18 0.202266
1 13 19 0.346122
1 13 20 0.216442
1 13 21 0.326253
1 13 22 0.200722
1 13 23 0.356965
1 13 24 0.214353
1 13 25 0.326548
1 13 26 0.205595
1 13 27 0.356479
1 13 28 0.214052
1 14 1 0.312255
1 14 2 0.223753
1 14 3 0.328842
1 14 4 0.227426
1 14 5 0.307875
1 14 6 0.226624
1 14 7 0.326565
1 14 8 0.228912
1 14 9 0.310913
1 14 10 0.233104
1 14 11 0.324968
1 14 12 0.22869
1 14 13 0.308034
1 14 14 0.227476
1 14 15 0.331112
1 14 16 0.231044
1 14 17 0.304573
1 14 18 0.225045
1 14 19 0.32166
1 14 20 0.227883
1 14 21 0.30617
1 14 22 0.223281
1 14 23 0.334395
1 14 24 0.234483
1 14 25 0.314217
1 14 26 0.224563
1 14 27 0.337261
1 14 28 0.228234
1 15 1 0.276712
1 15 2 0.256654
1 15 3 0.305647
1 15 4 0.252299
1 15 5 0.283699
1 15 6 0.257483
1 15 7 0.291893
1 15 8 0.257558
1 15 9 0.282148
1 15 10 0.260823
1 15 11 0.294427
1 15 12 0.256097
1 15 13 0.285261
1 15 14 0.25691
1 15 15 0.306076
1 15 16 0.252497
1 15 17 0.284295
1 15 18 0.260287
1 15 19 0.294652
1 15 20 0.25233
1 15 21 0.285203
1 15 22 0.256226
1 15 23 0.295163
1 15 24 0.253798
1 15 25 0.283573
1 15 26 0.256647
1 15 27 0.298643
1 15 28 0.2575
1 16 1 0.242668
1 16 2 0.303994
1 16 3 0.256521
1 16 4 0.289993
1 16 5 0.242187
1 16 6 0.305799
1 16 7 0.257205
1 16 8 0.29649
1 16 9 0.242853
1 16 10 0.308221
1 16 11 0.256257
1 16 12 0.291263
1 16 13 0.239239
1 16 14 0.304854
1 16 15 0.256714
1 16 16 0.284451
1 16 17 0.241298
1 16 18 0.308234
1 16 19 0.254452
1 16 20 0.284566
1 16 21 0.241716
1 16 22 0.30558
1 16 23 0.258003
1 16 24 0.287986
1 16 25 0.239394
1 16 26 0.306898
1 16 27 0.25862
1 16 28 0.283294
1 17 1 0.21035
1 17 2 0.34796
1 17 3 0.228872
1 17 4 0.310234
1 17 5 0.206731
1 17 6 0.340886
1 17 7 0.228736
1 17 8 0.317182
1 17 9 0.207161
1 17 10 0.343074
1 17 11 0.225303
1 17 12 0.315267
1 17 13 0.206277
1 17 14 0.334663
1 17 15 0.226802
1 17 16 0.308133
1 17 17 0.206733
1 17 18 0.340376
1 17 19 0.225166
1 17 20 0.307245
1 17 21 0.206466
1 17 22 0.330849
1 17 23 0.225495
1 17 24 0.312526
1 17 25 0.206576
1 17 26 0.339282
1 17 27 0.225525
1 17 28 0.319535
1 18 1 0.193642
1 18 2 0.350304
1 18 3 0.21204
1 18 4 0.32753
1 18 5 0.189463
1 18 6 0.34859
1 18 7 0.213227
1 18 8 0.332543
1 18 9 0.189983
1 18 10 0.355634
1 18 11 0.208639
1 18 12 0.330842
1 18 13 0.186519
1 18 14 0.357434
1 18 15 0.216745
1 18 16 0.331694
1 18 17 0.189897
1 18 18 0.349135
1 18 19 0.208466
1 18 20 0.330608
1 18 21 0.186819
1 18 22 0.347813
1 18 23 0.211338
1 18 24 0.335747
1 18 25 0.185894
1 18 26 0.354224
1 18 27 0.208637
1 18 28 0.331245
1 19 1 0.174507
1 19 2 0.362079
1 19 3 0.205587
1 19 4 0.342612
1 19 5 0.172207
1 19 6 0.366943
1 19 7 0.207445
1 19 8 0.343123
1 19 9 0.172809
1 19 10 0.358969
1 19 11 0.197694
1 19 12 0.348117
1 19 13 0.176355
1 19 14 0.358871
1 19 15 0.210386
1 19 16 0.344262
1 19 17 0.177115
1 19 18 0.355766
1 19 19 0.198769
1 19 20 0.337672
1 19 21 0.183455
1 19 22 0.357527
1 19 23 0.19895
1 19 24 0.342462
1 19 25 0.172155
1 19 26 0.357164
1 19 27 0.19885
1 19 28 0.342011
1 20 1 0.170442
1 20 2 0.362266
1 20 3 0.197323
1 20 4 0.347498
1 20 5 0.163296
1 20 6 0.365825
1 20 7 0.203127
1 20 8 0.34236
1 20 9 0.164255
1 20 10 0.370477
1 20 11 0.191978
1 20 12 0.349579
1 20 13 0.169183
1 20 14 0.364182
1 20 15 0.199073
1 20 16 0.348268
1 20 17 0.164875
1 20 18 0.365395
1 20 19 0.192971
1 20 20 0.340953
1 20 21 0.169688
1 20 22 0.371887
1 20 23 0.196838
1 20 24 0.350667
1 20 25 0.168371
1 20 26 0.365473
1 20 27 0.19671
1 20 28 0.339689
1 21 1 0.337962
1 21 2 0.191141
1 21 3 0.352794
1 21 4 0.206313
1 21 5 0.340272
1 21 6 0.191101
1 21 7 0.361181
1 21 8 0.211295
1 21 9 0.337322
1 21 10 0.195356
1 21 11 0.360613
1 21 12 0.209895
1 21 13 0.342933
1 21 14 0.195834
1 21 15 0.368193
1 21 16 0.211323
1 21 17 0.348379
1 21 18 0.191118
1 21 19 0.364339
1 21 20 0.206871
1 21 21 0.347282
1 21 22 0.190324
1 21 23 0.352227
1 21 24 0.21043
1 21 25 0.340046
1 21 26 0.191412
1 21 27 0.357079
1 21 28 0.207239
1 22 1 0.331451
1 22 2 0.204245
1 22 3 0.347292
1 22 4 0.214403
1 22 5 0.324631
1 22 6 0.207546
1 22 7 0.347456
1 22 8 0.215482
1 22 9 0.327356
1 22 10 0.204799
1 22 11 0.346774
1 22 12 0.21132
1 22 13 0.32788
1 22 14 0.208495
1 22 15 0.352109
1 22 16 0.215903
1 22 17 0.333016
1 22 18 0.204266
1 22 19 0.351605
1 22 20 0.214741
1 22 21 0.32635
1 22 22 0.203471
1 22 23 0.34783
1 22 24 0.211875
1 22 25 0.328202
1 22 26 0.205115
1 22 27 0.353452
1 22 28 0.215039
1 23 1 0.318798
1 23 2 0.212629
1 23 3 0.33604
1 23 4 0.217893
1 23 5 0.321976
1 23 6 0.212364
1 23 7 0.344624
1 23 8 0.221334
1 23 9 0.318286
1 23 10 0.21604
1 23 11 0.33606
1 23 12 0.217897
1 23 13 0.314443
1 23 14 0.216146
1 23 15 0.347128
1 23 16 0.222
1 23 17 0.319016
1 23 18 0.212184
1 23 19 0.337747
1 23 20 0.21832
1 23 21 0.316617
1 23 22 0.211637
1 23 23 0.346529
1 23 24 0.219039
1 23 25 0.31788
1 23 26 0.215912
1 23 27 0.346345
1 23 28 0.218304
1 24 1 0.303311
1 24 2 0.234095
1 24 3 0.323304
1 24 4 0.231544
1 24 5 0.312748
1 24 6 0.23135
1 24 7 0.330243
1 24 8 0.232459
1 24 9 0.305477
1 24 10 0.234836
1 24 11 0.319939
1 24 12 0.235149
1 24 13 0.307627
1 24 14 0.23163
1 24 15 0.325728
1 24 16 0.235254
1 24 17 0.308289
1 24 18 0.230856
1 24 19 0.319569
1 24 20 0.234613
1 24 21 0.305142
1 24 22 0.230404
1 24 23 0.32579
1 24 24 0.237952
1 24 25 0.308265
1 24 26 0.23731
1 24 27 0.322845
1 24 28 0.231989
1 25 1 0.291038
1 25 2 0.262454
1 25 3 0.303249
1 25 4 0.252592
1 25 5 0.276902
1 25 6 0.264623
1 25 7 0.296166
1 25 8 0.2544
1 25 9 0.278739
1 25 10 0.260742
1 25 11 0.299356
1 25 12 0.256204
1 25 13 0.285427
1 25 14 0.258967
1 25 15 0.29695
1 25 16 0.253342
1 25 17 0.272554
1 25 18 0.25969
1 25 19 0.297281
1 25 20 0.255957
1 25 21 0.273616
1 25 22 0.25829
1 25 23 0.302683
1 25 24 0.253606
1 25 25 0.27667
1 25 26 0.259319
1 25 27 0.305544
1 25 28 0.255818
1 26 1 0.242408
1 26 2 0.303716
1 26 3 0.262126
1 26 4 0.287402
1 26 5 0.242371
1 26 6 0.309216
1 26 7 0.26086
1 26 8 0.293511
1 26 9 0.243174
1 26 10 0.305777
1 26 11 0.258277
1 26 12 0.289924
1 26 13 0.245824
1 26 14 0.297688
1 26 15 0.261689
1 26 16 0.291362
1 26 17 0.244072
1 26 18 0.305219
1 26 19 0.260562
1 26 20 0.291653
1 26 21 0.242493
1 26 22 0.296711
1 26 23 0.260756
1 26 24 0.286745
1 26 25 0.245038
1 26 26 0.293948
1 26 27 0.259233
1 26 28 0.292298
1 27 1 0.216959
1 27 2 0.33142
1 27 3 0.233956
1 27 4 0.318424
1 27 5 0.217413
1 27 6 0.326608
1 27 7 0.234267
1 27 8 0.320679
1 27 9 0.21776
1 27 10 0.328057
1 27 11 0.238508
1 27 12 0.314569
1 27 13 0.219808
1 27 14 0.320865
1 27 15 0.240184
1 27 16 0.316676
1 27 17 0.217123
1 27 18 0.324839
1 27 19 0.23324
1 27 20 0.315945
1 27 21 0.219963
1 27 22 0.32333
1 27 23 0.233485
1 27 24 0.312373
1 27 25 0.219691
1 27 26 0.325402
1 27 27 0.233643
1 27 28 0.308996
1 28 1 0.199851
1 28 2 0.341511
1 28 3 0.217763
1 28 4 0.318532
1 28 5 0.202829
1 28 6 0.342908
1 28 7 0.218907
1 28 8 0.330914
1 28 9 0.20351
1 28 10 0.340181
1 28 11 0.217669
1 28 12 0.320296
1 28 13 0.203177
1 28 14 0.339681
1 28 15 0.224991
1 28 16 0.325483
1 28 17 0.203512
1 28 18 0.33615
1 28 19 0.216928
1 28 20 0.320791
1 28 21 0.204634
1 28 22 0.336637
1 28 23 0.217161
1 28 24 0.324354
1 28 25 0.199537
1 28 26 0.341628
1 28 27 0.220722
1 28 28 0.322151
1 29 1 0.188502
1 29 2 0.34508
1 29 3 0.209047
1 29 4 0.334582
1 29 5 0.187223
1 29 6 0.350908
1 29 7 0.214291
1 29 8 0.32934
1 29 9 0.19116
1 29 10 0.352459
1 29 11 0.212156
1 29 12 0.329586
1 29 13 0.191258
1 29 14 0.35408
1 29 15 0.211608
1 29 16 0.324611
1 29 17 0.191865
1 29 18 0.344893
1 29 19 0.208678
1 29 20 0.331725
1 29 21 0.188319
1 29 22 0.348276
1 29 23 0.211711
1 29 24 0.332002
1 29 25 0.187175
1 29 26 0.350098
1 29 27 0.215315
1 29 28 0.328791
1 30 1 0.192961
1 30 2 0.343637
1 30 3 0.203752
1 30 4 0.330122
1 30 5 0.179017
1 30 6 0.349581
1 30 7 0.213378
1 30 8 0.326875
1 30 9 0.180155
1 30 10 0.356756
1 30 11 0.204186
1 30 12 0.337398
1 30 13 0.180644
1 30 14 0.356505
1 30 15 0.212893
1 30 16 0.333169
1 30 17 0.180657
1 30 18 0.348674
1 30 19 0.207185
1 30 20 0.336103
1 30 21 0.180907
1 30 22 0.354389
1 30 23 0.203304
1 30 24 0.330775
1 30 25 0.179703
1 30 26 0.351384
1 30 27 0.204314
1 30 28 0.336406
1 31 1 0.325318
1 31 2 0.211459
1 31 3 0.34374
1 31 4 0.224539
1 31 5 0.318615
1 31 6 0.211731
1 31 7 0.353225
1 31 8 0.221563
1 31 9 0.325591
1 31 10 0.212212
1 31 11 0.343706
1 31 12 0.22421
1 31 13 0.319203
1 31 14 0.216597
1 31 15 0.347845
1 31 16 0.228516
1 31 17 0.32612
1 31 18 0.211866
1 31 19 0.337979
1 31 20 0.224506
1 31 21 0.317307
1 31 22 0.212171
1 31 23 0.339628
1 31 24 0.221087
1 31 25 0.317419
1 31 26 0.211342
1 31 27 0.350635
1 31 28 0.22424
1 32 1 0.310823
1 32 2 0.218408
1 32 3 0.335651
1 32 4 0.2236
1 32 5 0.313174
1 32 6 0.21897
1 32 7 0.340245
1 32 8 0.224246
1 32 9 0.311122
1 32 10 0.219457
1 32 11 0.341542
1 32 12 0.223235
1 32 13 0.309163
1 32 14 0.220302
1 32 15 0.343622
1 32 16 0.224297
1 32 17 0.316512
1 32 18 0.22451
1 32 19 0.342105
1 32 20 0.226062
1 32 21 0.314169
1 32 22 0.218987
1 32 23 0.332905
1 32 24 0.226544
1 32 25 0.311382
1 32 26 0.218952
1 32 27 0.342194
1 32 28 0.223313
1 33 1 0.298703
1 33 2 0.228641
1 33 3 0.327591
1 33 4 0.232364
1 33 5 0.29931
1 33 6 0.231343
1 33 7 0.324497
1 33 8 0.230239
1 33 9 0.299401
1 33 10 0.228731
1 33 11 0.328336
1 33 12 0.229216
1 33 13 0.300325
1 33 14 0.231693
1 33 15 0.323013
1 33 16 0.230327
1 33 17 0.30255
1 33 18 0.228791
1 33 19 0.325895
1 33 20 0.229647
1 33 21 0.301468
1 33 22 0.228473
1 33 23 0.323794
1 33 24 0.233246
1 33 25 0.308613
1 33 26 0.231696
1 33 27 0.323274
1 33 28 0.232173
1 34 1 0.295457
1 34 2 0.248239
1 34 3 0.310335
1 34 4 0.239445
1 34 5 0.304871
1 34 6 0.245144
1 34 7 0.314505
1 34 8 0.242415
1 34 9 0.29367
1 34 10 0.242858
1 34 11 0.308619
1 34 12 0.242094
1 34 13 0.293542
1 34 14 0.245601
1 34 15 0.312473
1 34 16 0.242324
1 34 17 0.289495
1 34 18 0.242659
1 34 19 0.309477
1 34 20 0.241735
1 34 21 0.299854
1 34 22 0.247378
1 34 23 0.30914
1 34 24 0.242729
1 34 25 0.2966
1 34 26 0.245572
1 34 27 0.315399
1 34 28 0.239284
1 35 1 0.274376
1 35 2 0.26567
1 35 3 0.290302
1 35 4 0.255727
1 35 5 0.280219
1 35 6 0.261831
1 35 7 0.288277
1 35 8 0.258466
1 35 9 0.281872
1 35 10 0.264926
1 35 11 0.289753
1 35 12 0.257891
1 35 13 0.282015
1 35 14 0.262015
1 35 15 0.287281
1 35 16 0.25587
1 35 17 0.273854
1 35 18 0.262393
1 35 19 0.291006
1 35 20 0.255967
1 35 21 0.279303
1 35 22 0.261248
1 35 23 0.287968
1 35 24 0.25599
1 35 25 0.279583
1 35 26 0.261671
1 35 27 0.2903
1 35 28 0.256086
1 36 1 0.24891
1 36 2 0.29938
1 36 3 0.265538
1 36 4 0.283864
1 36 5 0.249392
1 36 6 0.292847
1 36 7 0.265338
1 36 8 0.28416
1 36 9 0.254593
1 36 10 0.297088
1 36 11 0.263348
1 36 12 0.280897
1 36 13 0.249918
1 36 14 0.294495
1 36 15 0.265103
1 36 16 0.285491
1 36 17 0.248131
1 36 18 0.297004
1 36 19 0.264919
1 36 20 0.290358
1 36 21 0.24933
1 36 22 0.289252
1 36 23 0.263228
1 36 24 0.282421
1 36 25 0.252171
1 36 26 0.300026
1 36 27 0.263137
1 36 28 0.288152
1 37 1 0.230403
1 37 2 0.304077
1 37 3 0.246851
1 37 4 0.305276
1 37 5 0.234233
1 37 6 0.309986
1 37 7 0.24743
1 37 8 0.304796
1 37 9 0.237124
1 37 10 0.308124
1 37 11 0.244707
1 37 12 0.300745
1 37 13 0.234182
1 37 14 0.313374
1 37 15 0.245183
1 37 16 0.303197
1 37 17 0.231215
1 37 18 0.309418
1 37 19 0.24659
1 37 20 0.302731
1 37 21 0.237164
1 37 22 0.306806
1 37 23 0.244244
1 37 24 0.300384
1 37 25 0.232051
1 37 26 0.308084
1 37 27 0.249461
1 37 28 0.305589
1 38 1 0.217915
1 38 2 0.319241
1 38 3 0.232205
1 38 4 0.316997
1 38 5 0.222002
1 38 6 0.336846
1 38 7 0.235758
1 38 8 0.316096
1 38 9 0.219459
1 38 10 0.319385
1 38 11 0.233716
1 38 12 0.31437
1 38 13 0.219259
1 38 14 0.319416
1 38 15 0.235819
1 38 16 0.315378
1 38 17 0.224397
1 38 18 0.314647
1 38 19 0.234761
1 38 20 0.305287
1 38 21 0.219369
1 38 22 0.323196
1 38 23 0.234699
1 38 24 0.311987
1 38 25 0.221776
1 38 26 0.32407
1 38 27 0.232913
1 38 28 0.312542
1 39 1 0.209524
1 39 2 0.326817
1 39 3 0.224394
1 39 4 0.320307
1 39 5 0.20949
1 39 6 0.327701
1 39 7 0.228398
1 39 8 0.316268
1 39 9 0.212788
1 39 10 0.329822
1 39 11 0.231164
1 39 12 0.316879
1 39 13 0.209915
1 39 14 0.329591
1 39 15 0.226177
1 39 16 0.312605
1 39 17 0.210339
1 39 18 0.325126
1 39 19 0.224757
1 39 20 0.315694
1 39 21 0.212447
1 39 22 0.333396
1 39 23 0.223976
1 39 24 0.322873
1 39 25 0.21226
1 39 26 0.329996
1 39 27 0.228029
1 39 28 0.318821
1 40 1 0.204039
1 40 2 0.326281
1 40 3 0.220564
1 40 4 0.315117
1 40 5 0.203154
1 40 6 0.325254
1 40 7 0.225323
1 40 8 0.320384
1 40 9 0.207786
1 40 10 0.32795
1 40 11 0.228928
1 40 12 0.315061
1 40 13 0.207817
1 40 14 0.329988
1 40 15 0.225446
1 40 16 0.307426
1 40 17 0.211357
1 40 18 0.334433
1 40 19 0.224452
1 40 20 0.317288
1 40 21 0.203622
1 40 22 0.327621
1 40 23 0.220079
1 40 24 0.320092
1 40 25 0.203392
1 40 26 0.327283
1 40 27 0.224722
1 40 28 0.317633
1 41 1 0.295026
1 41 2 0.245379
1 41 3 0.324833
1 41 4 0.247047
1 41 5 0.284881
1 41 6 0.245217
1 41 7 0.32253
1 41 8 0.247907
1 41 9 0.300448
1 41 10 0.248518
1 41 11 0.314917
1 41 12 0.246358
1 41 13 0.282996
1 41 14 0.251987
1 41 15 0.327233
1 41 16 0.24421
1 41 17 0.286982
1 41 18 0.245865
1 41 19 0.320276
1 41 20 0.243539
1 41 21 0.285417
1 41 22 0.251988
1 41 23 0.315786
1 41 24 0.246072
1 41 25 0.286591
1 41 26 0.244836
1 41 27 0.312573
1 41 28 0.24283
1 42 1 0.285312
1 42 2 0.251704
1 42 3 0.320222
1 42 4 0.250388
1 42 5 0.276753
1 42 6 0.25198
1 42 7 0.312296
1 42 8 0.251536
1 42 9 0.287829
1 42 10 0.251911
1 42 11 0.316623
1 42 12 0.247001
1 42 13 0.283773
1 42 14 0.249671
1 42 15 0.311135
1 42 16 0.250571
1 42 17 0.285956
1 42 18 0.249999
1 42 19 0.320611
1 42 20 0.250011
1 42 21 0.28199
1 42 22 0.25466
1 42 23 0.310942
1 42 24 0.249903
1 42 25 0.290193
1 42 26 0.24932
1 42 27 0.314428
1 42 28 0.249689
1 43 1 0.279428
1 43 2 0.252541
1 43 3 0.304234
1 43 4 0.249845
1 43 5 0.277366
1 43 6 0.255336
1 43 7 0.301635
1 43 8 0.253726
1 43 9 0.280234
1 43 10 0.255192
1 43 11 0.311172
1 43 12 0.251085
1 43 13 0.275117
1 43 14 0.254932
1 43 15 0.313922
1 43 16 0.250104
1 43 17 0.291606
1 43 18 0.255789
1 43 19 0.308677
1 43 20 0.248892
1 43 21 0.282622
1 43 22 0.253492
1 43 23 0.309156
1 43 24 0.252079
1 43 25 0.291676
1 43 26 0.255217
1 43 27 0.310805
1 43 28 0.249343
1 44 1 0.272568
1 44 2 0.257502
1 44 3 0.298472
1 44 4 0.259061
1 44 5 0.274572
1 44 6 0.256849
1 44 7 0.298345
1 44 8 0.254826
1 44 9 0.282707
1 44 10 0.257363
1 44 11 0.305392
1 44 12 0.253811
1 44 13 0.27648
1 44 14 0.257043
1 44 15 0.292021
1 44 16 0.257391
1 44 17 0.278623
1 44 18 0.262786
1 44 19 0.290096
1 44 20 0.253112
1 44 21 0.278855
1 44 22 0.257671
1 44 23 0.296306
1 44 24 0.258845
1 44 25 0.272488
1 44 26 0.257031
1 44 27 0.297084
1 44 28 0.256319
1 45 1 0.278206
1 45 2 0.272766
1 45 3 0.287689
1 45 4 0.262347
1 45 5 0.286809
1 45 6 0.266325
1 45 7 0.287644
1 45 8 0.259751
1 45 9 0.277813
1 45 10 0.267652
1 45 11 0.287836
1 45 12 0.259191
1 45 13 0.280621
1 45 14 0.274314
1 45 15 0.284849
1 45 16 0.260074
1 45 17 0.281957
1 45 18 0.270697
1 45 19 0.287373
1 45 20 0.258758
1 45 21 0.280411
1 45 22 0.27222
1 45 23 0.291715
1 45 24 0.259187
1 45 25 0.279673
1 45 26 0.26707
1 45 27 0.287873
1 45 28 0.259537
1 46 1 0.256142
1 46 2 0.289311
1 46 3 0.270334
1 46 4 0.284207
1 46 5 0.257929
1 46 6 0.281522
1 46 7 0.271381
1 46 8 0.281418
1 46 9 0.258442
1 46 10 0.290818
1 46 11 0.269271
1 46 12 0.276769
1 46 13 0.258271
1 46 14 0.291354
1 46 15 0.270827
1 46 16 0.277144
1 46 17 0.257723
1 46 18 0.287458
1 46 19 0.268236
1 46 20 0.277019
1 46 21 0.261294
1 46 22 0.287854
1 46 23 0.27096
1 46 24 0.282836
1 46 25 0.264886
1 46 26 0.28616
1 46 27 0.270362
1 46 28 0.281728
1 47 1 0.251769
1 47 2 0.284446
1 47 3 0.260786
1 47 4 0.286589
1 47 5 0.253139
1 47 6 0.294261
1 47 7 0.266719
1 47 8 0.28383
1 47 9 0.253896
1 47 10 0.286194
1 47 11 0.271513
1 47 12 0.28754
1 47 13 0.250384
1 47 14 0.287027
1 47 15 0.261284
1 47 16 0.28495
1 47 17 0.251325
1 47 18 0.290852
1 47 19 0.261723
1 47 20 0.289395
1 47 21 0.253977
1 47 22 0.28794
1 47 23 0.266144
1 47 24 0.278991
1 47 25 0.25338
1 47 26 0.289188
1 47 27 0.260908
1 47 28 0.28841
1 48 1 0.246603
1 48 2 0.292634
1 48 3 0.255756
1 48 4 0.289727
1 48 5 0.250417
1 48 6 0.301265
1 48 7 0.254244
1 48 8 0.299925
1 48 9 0.246408
1 48 10 0.290233
1 48 11 0.254861
1 48 12 0.297386
1 48 13 0.247489
1 48 14 0.290658
1 48 15 0.253628
1 48 16 0.289848
1 48 17 0.245467
1 48 18 0.288043
1 48 19 0.253958
1 48 20 0.289627
1 48 21 0.246529
1 48 22 0.293056
1 48 23 0.253272
1 48 24 0.297051
1 48 25 0.248368
1 48 26 0.295527
1 48 27 0.256078
1 48 28 0.295873
1 49 1 0.241949
1 49 2 0.303025
1 49 3 0.255323
1 49 4 0.2911
1 49 5 0.247298
1 49 6 0.305213
1 49 7 0.24999
1 49 8 0.296509
1 49 9 0.245238
1 49 10 0.296997
1 49 11 0.253951
1 49 12 0.289018
1 49 13 0.247642
1 49 14 0.296297
1 49 15 0.252921
1 49 16 0.282109
1 49 17 0.24295
1 49 18 0.303354
1 49 19 0.254069
1 49 20 0.2808
1 49 21 0.245247
1 49 22 0.297836
1 49 23 0.249387
1 49 24 0.283145
1 49 25 0.245513
1 49 26 0.30168
1 49 27 0.250505
1 49 28 0.291098
1 50 1 0.235249
1 50 2 0.296709
1 50 3 0.245346
1 50 4 0.288879
1 50 5 0.234688
1 50 6 0.300055
1 50 7 0.244499
1 50 8 0.297788
1 50 9 0.235461
1 50 10 0.299508
1 50 11 0.249393
1 50 12 0.291482
1 50 13 0.235794
1 50 14 0.293569
1 50 15 0.248719
1 50 16 0.283673
1 50 17 0.235577
1 50 18 0.302815
1 50 19 0.245603
1 50 20 0.295641
1 50 21 0.23602
1 50 22 0.297656
1 50 23 0.243715
1 50 24 0.294425
1 50 25 0.235699
1 50 26 0.294374
1 50 27 0.245198
1 50 28 0.289098
1 51 1 0.242436
1 51 2 0.296922
1 51 3 0.265143
1 51 4 0.283929
1 51 5 0.237226
1 51 6 0.295261
1 51 7 0.264211
1 51 8 0.279405
1 51 9 0.240144
1 51 10 0.292878
1 51 11 0.267315
1 51 12 0.2828
1 51 13 0.24207
1 51 14 0.294292
1 51 15 0.264156
1 51 16 0.283597
1 51 17 0.238658
1 51 18 0.301604
1 51 19 0.265822
1 51 20 0.283111
1 51 21 0.237966
1 51 22 0.293246
1 51 23 0.263468
1 51 24 0.277692
1 51 25 0.245334
1 51 26 0.294228
1 51 27 0.263594
1 51 28 0.280305
1 52 1 0.244719
1 52 2 0.292831
1 52 3 0.270489
1 52 4 0.284031
1 52 5 0.240515
1 52 6 0.291671
1 52 7 0.267441
1 52 8 0.300017
1 52 9 0.245352
1 52 10 0.292299
1 52 11 0.268306
1 52 12 0.280896
1 52 13 0.244211
1 52 14 0.290555
1 52 15 0.26808
1 52 16 0.28607
1 52 17 0.245253
1 52 18 0.289128
1 52 19 0.273854
1 52 20 0.280994
1 52 21 0.241344
1 52 22 0.292096
1 52 23 0.269481
1 52 24 0.279274
1 52 25 0.243004
1 52 26 0.291049
1 52 27 0.27002
1 52 28 0.278805
1 53 1 0.246254
1 53 2 0.291275
1 53 3 0.267039
1 53 4 0.281412
1 53 5 0.248356
1 53 6 0.288715
1 53 7 0.268806
1 53 8 0.287432
1 53 9 0.244953
1 53 10 0.29137
1 53 11 0.270301
1 53 12 0.278344
1 53 13 0.246685
1 53 14 0.286695
1 53 15 0.268939
1 53 16 0.28357
1 53 17 0.245394
1 53 18 0.294274
1 53 19 0.270131
1 53 20 0.284639
1 53 21 0.246737
1 53 22 0.292675
1 53 23 0.266765
1 53 24 0.283334
1 53 25 0.245233
1 53 26 0.293635
1 53 27 0.269787
1 53 28 0.285457
1 54 1 0.2483
1 54 2 0.277564
1 54 3 0.268673
1 54 4 0.282592
1 54 5 0.249382
1 54 6 0.284467
1 54 7 0.266129
1 54 8 0.281225
1 54 9 0.249398
1 54 10 0.283175
1 54 11 0.267907
1 54 12 0.277801
1 54 13 0.254563
1 54 14 0.281293
1 54 15 0.266603
1 54 16 0.282786
1 54 17 0.252975
1 54 18 0.28388
1 54 19 0.269443
1 54 20 0.271873
1 54 21 0.250357
1 54 22 0.287007
1 54 23 0.266987
1 54 24 0.27269
1 54 25 0.250059
1 54 26 0.280164
1 54 27 0.269637
1 54 28 0.279676
1 55 1 0.255758
1 55 2 0.280144
1 55 3 0.269411
1 55 4 0.272182
1 55 5 0.259932
1 55 6 0.272956
1 55 7 0.271488
1 55 8 0.276215
1 55 9 0.260117
1 55 10 0.280527
1 55 11 0.270484
1 55 12 0.278235
1 55 13 0.265426
1 55 14 0.272973
1 55 15 0.271633
1 55 16 0.282985
1 55 17 0.258162
1 55 18 0.281436
1 55 19 0.2725
1 55 20 0.272315
1 55 21 0.258787
1 55 22 0.27789
1 55 23 0.27042
1 55 24 0.273268
1 55 25 0.259645
1 55 26 0.275229
1 55 27 0.270655
1 55 28 0.271496
1 56 1 0.272729
1 56 2 0.270352
1 56 3 0.283194
1 56 4 0.261878
1 56 5 0.276253
1 56 6 0.269184
1 56 7 0.280284
1 56 8 0.258878
1 56 9 0.274187
1 56 10 0.267796
1 56 11 0.284063
1 56 12 0.261463
1 56 13 0.281502
1 56 14 0.270087
1 56 15 0.282417
1 56 16 0.259027
1 56 17 0.287398
1 56 18 0.275653
1 56 19 0.284743
1 56 20 0.26054
1 56 21 0.280392
1 56 22 0.267374
1 56 23 0.285099
1 56 24 0.260489
1 56 25 0.271572
1 56 26 0.26974
1 56 27 0.282523
1 56 28 0.261299
1 57 1 0.276188
1 57 2 0.270198
1 57 3 0.283254
1 57 4 0.257979
1 57 5 0.274922
1 57 6 0.265794
1 57 7 0.295036
1 57 8 0.252608
1 57 9 0.282658
1 57 10 0.263281
1 57 11 0.296754
1 57 12 0.253083
1 57 13 0.27572
1 57 14 0.2703
1 57 15 0.296405
1 57 16 0.251961
1 57 17 0.279878
1 57 18 0.265952
1 57 19 0.28479
1 57 20 0.252368
1 57 21 0.28695
1 57 22 0.262451
1 57 23 0.287032
1 57 24 0.25363
1 57 25 0.277311
1 57 26 0.262916
1 57 27 0.282741
1 57 28 0.253038
1 58 1 0.280435
1 58 2 0.262058
1 58 3 0.286023
1 58 4 0.254253
1 58 5 0.285093
1 58 6 0.260819
1 58 7 0.288281
1 58 8 0.249526
1 58 9 0.289148
1 58 10 0.261841
1 58 11 0.290116
1 58 12 0.249942
1 58 13 0.281746
1 58 14 0.261567
1 58 15 0.28133
1 58 16 0.248046
1 58 17 0.287576
1 58 18 0.262114
1 58 19 0.297259
1 58 20 0.250706
1 58 21 0.282399
1 58 22 0.259525
1 58 23 0.290325
1 58 24 0.256866
1 58 25 0.285647
1 58 26 0.262191
1 58 27 0.287984
1 58 28 0.249779
1 59 1 0.27952
1 59 2 0.259891
1 59 3 0.287019
1 59 4 0.245744
1 59 5 0.279246
1 59 6 0.261319
1 59 7 0.280627
1 59 8 0.246589
1 59 9 0.28451
1 59 10 0.262351
1 59 11 0.28005
1 59 12 0.248623
1 59 13 0.282774
1 59 14 0.25666
1 59 15 0.283514
1 59 16 0.246582
1 59 17 0.284422
1 59 18 0.258077
1 59 19 0.285054
1 59 20 0.244475
1 59 21 0.289085
1 59 22 0.265019
1 59 23 0.281252
1 59 24 0.246478
1 59 25 0.286457
1 59 26 0.262447
1 59 27 0.288584
1 59 28 0.250662
1 60 1 0.300105
1 60 2 0.252531
1 60 3 0.294891
1 60 4 0.244368
1 60 5 0.289091
1 60 6 0.256735
1 60 7 0.28761
1 60 8 0.245001
1 60 9 0.287167
1 60 10 0.252508
1 60 11 0.296466
1 60 12 0.244545
1 60 13 0.293411
1 60 14 0.251664
1 60 15 0.294302
1 60 16 0.239402
1 60 17 0.290261
1 60 18 0.256182
1 60 19 0.297153
1 60 20 0.239703
1 60 21 0.293791
1 60 22 0.256295
1 60 23 0.288
1 60 24 0.243984
1 60 25 0.292756
1 60 26 0.252564
1 60 27 0.288818
1 60 28 0.241012
1 61 1 0.208272
1 61 2 0.316122
1 61 3 0.236748
1 61 4 0.309373
1 61 5 0.207495
1 61 6 0.322626
1 61 7 0.233429
1 61 8 0.307501
1 61 9 0.212765
1 61 10 0.318516
1 61 11 0.237559
1 61 12 0.305805
1 61 13 0.216724
1 61 14 0.314459
1 61 15 0.232281
1 61 16 0.304212
1 61 17 0.211519
1 61 18 0.316235
1 61 19 0.241557
1 61 20 0.300994
1 61 21 0.211992
1 61 22 0.320203
1 61 23 0.235985
1 61 24 0.306604
1 61 25 0.208207
1 61 26 0.321991
1 61 27 0.236594
1 61 28 0.303294
1 62 1 0.211669
1 62 2 0.314256
1 62 3 0.236071
1 62 4 0.299916
1 62 5 0.213583
1 62 6 0.322286
1 62 7 0.241569
1 62 8 0.299419
1 62 9 0.211848
1 62 10 0.326794
1 62 11 0.239617
1 62 12 0.296749
1 62 13 0.212362
1 62 14 0.314761
1 62 15 0.237727
1 62 16 0.301837
1 62 17 0.211006
1 62 18 0.311036
1 62 19 0.240298
1 62 20 0.305169
1 62 21 0.211421
1 62 22 0.323583
1 62 23 0.23604
1 62 24 0.303809
1 62 25 0.21127
1 62 26 0.313504
1 62 27 0.236275
1 62 28 0.30697
1 63 1 0.218137
1 63 2 0.308161
1 63 3 0.238959
1 63 4 0.303448
1 63 5 0.218501
1 63 6 0.311845
1 63 7 0.239286
1 63 8 0.310642
1 63 9 0.218402
1 63 10 0.317449
1 63 11 0.239942
1 63 12 0.304393
1 63 13 0.21873
1 63 14 0.308248
1 63 15 0.238683
1 63 16 0.300724
1 63 17 0.221295
1 63 18 0.313534
1 63 19 0.239966
1 63 20 0.297644
1 63 21 0.21872
1 63 22 0.310083
1 63 23 0.240045
1 63 24 0.304209
1 63 25 0.221108
1 63 26 0.311116
1 63 27 0.241819
1 63 28 0.29849
1 64 1 0.230378
1 64 2 0.299209
1 64 3 0.246916
1 64 4 0.297073
1 64 5 0.230969
1 64 6 0.30883
1 64 7 0.247002
1 64 8 0.296403
1 64 9 0.233262
1 64 10 0.304935
1 64 11 0.247832
1 64 12 0.303064
1 64 13 0.231559
1 64 14 0.295637
1 64 15 0.24735
1 64 16 0.294884
1 64 17 0.230949
1 64 18 0.298967
1 64 19 0.250598
1 64 20 0.297596
1 64 21 0.232441
1 64 22 0.297484
1 64 23 0.251103
1 64 24 0.299239
1 64 25 0.236329
1 64 26 0.298722
1 64 27 0.247701
1 64 28 0.29861
1 65 1 0.248526
1 65 2 0.285202
1 65 3 0.265174
1 65 4 0.282713
1 65 5 0.249806
1 65 6 0.283709
1 65 7 0.262652
1 65 8 0.284921
1 65 9 0.24989
1 65 10 0.285479
1 65 11 0.270796
1 65 12 0.278602
1 65 13 0.250973
1 65 14 0.281555
1 65 15 0.266539
1 65 16 0.282319
1 65 17 0.252725
1 65 18 0.292978
1 65 19 0.26949
1 65 20 0.276691
1 65 21 0.262044
1 65 22 0.286939
1 65 23 0.264959
1 65 24 0.271856
1 65 25 0.249483
1 65 26 0.290822
1 65 27 0.266797
1 65 28 0.280327
1 66 1 0.272293
1 66 2 0.261754
1 66 3 0.284756
1 66 4 0.249733
1 66 5 0.277654
1 66 6 0.262311
1 66 7 0.286022
1 66 8 0.250319
1 66 9 0.276401
1 66 10 0.263143
1 66 11 0.287247
1 66 12 0.252898
1 66 13 0.27723
1 66 14 0.262305
1 66 15 0.291098
1 66 16 0.252333
1 66 17 0.273486
1 66 18 0.261765
1 66 19 0.29505
1 66 20 0.24951
1 66 21 0.278963
1 66 22 0.259774
1 66 23 0.293166
1 66 24 0.254267
1 66 25 0.274671
1 66 26 0.262162
1 66 27 0.30098
1 66 28 0.2521
1 67 1 0.294671
1 67 2 0.245274
1 67 3 0.298265
1 67 4 0.231368
1 67 5 0.290833
1 67 6 0.244411
1 67 7 0.305923
1 67 8 0.230557
1 67 9 0.297541
1 67 10 0.249857
1 67 11 0.314578
1 67 12 0.233898
1 67 13 0.302726
1 67 14 0.244881
1 67 15 0.301169
1 67 16 0.23061
1 67 17 0.293541
1 67 18 0.24521
1 67 19 0.304356
1 67 20 0.230682
1 67 21 0.297223
1 67 22 0.246049
1 67 23 0.304305
1 67 24 0.232152
1 67 25 0.294325
1 67 26 0.244142
1 67 27 0.305561
1 67 28 0.231073
1 68 1 0.302048
1 68 2 0.235375
1 68 3 0.309146
1 68 4 0.220681
1 68 5 0.302844
1 68 6 0.235209
1 68 7 0.303593
1 68 8 0.220935
1 68 9 0.308547
1 68 10 0.237994
1 68 11 0.311972
1 68 12 0.221515
1 68 13 0.307136
1 68 14 0.235209
1 68 15 0.302685
1 68 16 0.223141
1 68 17 0.301958
1 68 18 0.240298
1 68 19 0.306098
1 68 20 0.223089
1 68 21 0.300998
1 68 22 0.234943
1 68 23 0.307437
1 68 24 0.228019
1 68 25 0.301252
1 68 26 0.234867
1 68 27 0.308759
1 68 28 0.221228
1 69 1 0.310794
1 69 2 0.232263
1 69 3 0.309626
1 69 4 0.213673
1 69 5 0.305331
1 69 6 0.235685
1 69 7 0.302447
1 69 8 0.213347
1 69 9 0.313639
1 69 10 0.232745
1 69 11 0.303132
1 69 12 0.219299
1 69 13 0.309868
1 69 14 0.234999
1 69 15 0.307928
1 69 16 0.212909
1 69 17 0.308923
1 69 18 0.232408
1 69 19 0.312313
1 69 20 0.212301
1 69 21 0.313026
1 69 22 0.235898
1 69 23 0.307205
1 69 24 0.217553
1 69 25 0.306325
1 69 26 0.232887
1 69 27 0.302656
1 69 28 0.216377
1 70 1 0.314153
1 70 2 0.220378
1 70 3 0.318831
1 70 4 0.214717
1 70 5 0.312439
1 70 6 0.221518
1 70 7 0.317273
1 70 8 0.207413
1 70 9 0.311154
1 70 10 0.220567
1 70 11 0.315439
1 70 12 0.207626
1 70 13 0.322266
1 70 14 0.220486
1 70 15 0.31547
1 70 16 0.2102
1 70 17 0.321622
1 70 18 0.220446
1 70 19 0.314024
1 70 20 0.205909
1 70 21 0.319496
1 70 22 0.222127
1 70 23 0.318129
1 70 24 0.207677
1 70 25 0.316195
1 70 26 0.221338
1 70 27 0.322762
1 70 28 0.207358
1 71 1 0.192289
1 71 2 0.325313
1 71 3 0.215612
1 71 4 0.316989
1 71 5 0.187579
1 71 6 0.33056
1 71 7 0.21601
1 71 8 0.319
1 71 9 0.196545
1 71 10 0.335348
1 71 11 0.216065
1 71 12 0.317133
1 71 13 0.197266
1 71 14 0.335934
1 71 15 0.210453
1 71 16 0.318364
1 71 17 0.188105
1 71 18 0.326813
1 71 19 0.223622
1 71 20 0.313075
1 71 21 0.193301
1 71 22 0.334802
1 71 23 0.211506
1 71 24 0.320104
1 71 25 0.191453
1 71 26 0.329493
1 71 27 0.218841
1 71 28 0.317479
1 72 1 0.192201
1 72 2 0.33087
1 72 3 0.21773
1 72 4 0.320476
1 72 5 0.194541
1 72 6 0.337817
1 72 7 0.218553
1 72 8 0.31687
1 72 9 0.195718
1 72 10 0.34202
1 72 11 0.2236
1 72 12 0.316274
1 72 13 0.196057
1 72 14 0.336356
1 72 15 0.213427
1 72 16 0.317318
1 72 17 0.191887
1 72 18 0.332957
1 72 19 0.218706
1 72 20 0.318677
1 72 21 0.196436
1 72 22 0.334952
1 72 23 0.21531
1 72 24 0.322726
1 72 25 0.191391
1 72 26 0.341287
1 72 27 0.214806
1 72 28 0.312347
1 73 1 0.20463
1 73 2 0.322603
1 73 3 0.222357
1 73 4 0.311968
1 73 5 0.201382
1 73 6 0.334417
1 73 7 0.225716
1 73 8 0.31662
1 73 9 0.201637
1 73 10 0.332127
1 73 11 0.222464
1 73 12 0.311862
1 73 13 0.201269
1 73 14 0.325414
1 73 15 0.221125
1 73 16 0.31382
1 73 17 0.20079
1 73 18 0.324981
1 73 19 0.221945
1 73 20 0.313319
1 73 21 0.202954
1 73 22 0.324438
1 73 23 0.231255
1 73 24 0.310816
1 73 25 0.200972
1 73 26 0.321411
1 73 27 0.221582
1 73 28 0.311679
1 74 1 0.220047
1 74 2 0.308916
1 74 3 0.236752
1 74 4 0.316118
1 74 5 0.22264
1 74 6 0.325507
1 74 7 0.2363
1 74 8 0.308579
1 74 9 0.219805
1 74 10 0.310851
1 74 11 0.239263
1 74 12 0.309757
1 74 13 0.219875
1 74 14 0.308465
1 74 15 0.238598
1 74 16 0.304916
1 74 17 0.22216
1 74 18 0.320422
1 74 19 0.236667
1 74 20 0.299652
1 74 21 0.224852
1 74 22 0.313186
1 74 23 0.245657
1 74 24 0.300245
1 74 25 0.219609
1 74 26 0.31025
1 74 27 0.238968
1 74 28 0.3112
1 75 1 0.248561
1 75 2 0.303246
1 75 3 0.257693
1 75 4 0.278176
1 75 5 0.249405
1 75 6 0.293468
1 75 7 0.25691
1 75 8 0.286462
1 75 9 0.247245
1 75 10 0.297983
1 75 11 0.258396
1 75 12 0.282767
1 75 13 0.249949
1 75 14 0.292366
1 75 15 0.260385
1 75 16 0.276973
1 75 17 0.245603
1 75 18 0.296196
1 75 19 0.26091
1 75 20 0.286675
1 75 21 0.257104
1 75 22 0.293313
1 75 23 0.261454
1 75 24 0.278574
1 75 25 0.248393
1 75 26 0.288121
1 75 27 0.258447
1 75 28 0.280181
1 76 1 0.276928
1 76 2 0.260165
1 76 3 0.286624
1 76 4 0.244707
1 76 5 0.278164
1 76 6 0.257616
1 76 7 0.289331
1 76 8 0.243413
1 76 9 0.285756
1 76 10 0.257685
1 76 11 0.290758
1 76 12 0.243831
1 76 13 0.281878
1 76 14 0.258777
1 76 15 0.295704
1 76 16 0.242598
1 76 17 0.274836
1 76 18 0.259652
1 76 19 0.292174
1 76 20 0.242449
1 76 21 0.292226
1 76 22 0.256867
1 76 23 0.294425
1 76 24 0.242125
1 76 25 0.27906
1 76 26 0.259188
1 76 27 0.289999
1 76 28 0.24571
1 77 1 0.304296
1 77 2 0.239065
1 77 3 0.314475
1 77 4 0.217179
1 77 5 0.306752
1 77 6 0.235933
1 77 7 0.315912
1 77 8 0.220875
1 77 9 0.305937
1 77 10 0.234349
1 77 11 0.310155
1 77 12 0.221586
1 77 13 0.307375
1 77 14 0.232938
1 77 15 0.310917
1 77 16 0.2177
1 77 17 0.303862
1 77 18 0.235703
1 77 19 0.309673
1 77 20 0.220604
1 77 21 0.307094
1 77 22 0.232844
1 77 23 0.31551
1 77 24 0.221652
1 77 25 0.297447
1 77 26 0.233035
1 77 27 0.313931
1 77 28 0.218207
1 78 1 0.323063
1 78 2 0.220893
1 78 3 0.319231
1 78 4 0.200699
1 78 5 0.316343
1 78 6 0.220501
1 78 7 0.325613
1 78 8 0.202488
1 78 9 0.329479
1 78 10 0.223789
1 78 11 0.319143
1 78 12 0.20249
1 78 13 0.31953
1 78 14 0.220428
1 78 15 0.316312
1 78 16 0.20465
1 78 17 0.312786
1 78 18 0.217519
1 78 19 0.323058
1 78 20 0.201362
1 78 21 0.318407
1 78 22 0.217647
1 78 23 0.319077
1 78 24 0.20604
1 78 25 0.315051
1 78 26 0.219288
1 78 27 0.312566
1 78 28 0.205362
1 79 1 0.331033
1 79 2 0.207589
1 79 3 0.320603
1 79 4 0.191995
1 79 5 0.32062
1 79 6 0.207959
1 79 7 0.318354
1 79 8 0.199624
1 79 9 0.331061
1 79 10 0.207505
1 79 11 0.315962
1 79 12 0.195336
1 79 13 0.331956
1 79 14 0.21369
1 79 15 0.319518
1 79 16 0.192506
1 79 17 0.327567
1 79 18 0.210287
1 79 19 0.320227
1 79 20 0.191691
1 79 21 0.32252
1 79 22 0.211225
1 79 23 0.32022
1 79 24 0.199825
1 79 25 0.325696
1 79 26 0.214628
1 79 27 0.317822
1 79 28 0.195964
1 80 1 0.3274
1 80 2 0.20601
1 80 3 0.32659
1 80 4 0.187587
1 80 5 0.333726
1 80 6 0.210356
1 80 7 0.330348
1 80 8 0.184422
1 80 9 0.32806
1 80 10 0.205738
1 80 11 0.332701
1 80 12 0.183415
1 80 13 0.336757
1 80 14 0.202884
1 80 15 0.323446
1 80 16 0.183529
1 80 17 0.335418
1 80 18 0.202167
1 80 19 0.328196
1 80 20 0.182802
1 80 21 0.333193
1 80 22 0.210757
1 80 23 0.333351
1 80 24 0.184079
1 80 25 0.330967
1 80 26 0.207378
1 80 27 0.327859
1 80 28 0.183992
1 81 1 0.175558
1 81 2 0.347069
1 81 3 0.193172
1 81 4 0.343982
1 81 5 0.171076
1 81 6 0.350696
1 81 7 0.193859
1 81 8 0.347549
1 81 9 0.171526
1 81 10 0.344291
1 81 11 0.194048
1 81 12 0.336195
1 81 13 0.175926
1 81 14 0.348242
1 81 15 0.192002
1 81 16 0.33756
1 81 17 0.179272
1 81 18 0.354212
1 81 19 0.197557
1 81 20 0.33658
1 81 21 0.172027
1 81 22 0.344085
1 81 23 0.198145
1 81 24 0.346772
1 81 25 0.170564
1 81 26 0.347833
1 81 27 0.196742
1 81 28 0.336195
1 82 1 0.182609
1 82 2 0.337004
1 82 3 0.205967
1 82 4 0.336383
1 82 5 0.178389
1 82 6 0.344715
1 82 7 0.207161
1 82 8 0.331837
1 82 9 0.179333
1 82 10 0.344848
1 82 11 0.200195
1 82 12 0.325441
1 82 13 0.179049
1 82 14 0.340233
1 82 15 0.198669
1 82 16 0.334373
1 82 17 0.177911
1 82 18 0.349101
1 82 19 0.199825
1 82 20 0.333204
1 82 21 0.189975
1 82 22 0.346956
1 82 23 0.201297
1 82 24 0.336571
1 82 25 0.178192
1 82 26 0.340556
1 82 27 0.199085
1 82 28 0.325746
1 83 1 0.192834
1 83 2 0.336132
1 83 3 0.210216
1 83 4 0.326827
1 83 5 0.191718
1 83 6 0.335333
1 83 7 0.21393
1 83 8 0.324073
1 83 9 0.195469
1 83 10 0.339088
1 83 11 0.209674
1 83 12 0.31836
1 83 13 0.19166
1 83 14 0.342701
1 83 15 0.208848
1 83 16 0.321311
1 83 17 0.190747
1 83 18 0.342405
1 83 19 0.208986
1 83 20 0.321501
1 83 21 0.19736
1 83 22 0.333893
1 83 23 0.213819
1 83 24 0.323452
1 83 25 0.191194
1 83 26 0.332527
1 83 27 0.208682
1 83 28 0.320634
1 84 1 0.221195
1 84 2 0.317095
1 84 3 0.237113
1 84 4 0.317065
1 84 5 0.217225
1 84 6 0.325082
1 84 7 0.231972
1 84 8 0.3054
1 84 9 0.217392
1 84 10 0.320672
1 84 11 0.231015
1 84 12 0.310131
1 84 13 0.217229
1 84 14 0.317013
1 84 15 0.227902
1 84 16 0.306231
1 84 17 0.213305
1 84 18 0.318972
1 84 19 0.228508
1 84 20 0.300456
1 84 21 0.217098
1 84 22 0.319872
1 84 23 0.229881
1 84 24 0.309724
1 84 25 0.213476
1 84 26 0.316966
1 84 27 0.230685
1 84 28 0.30686
1 85 1 0.247688
1 85 2 0.29265
1 85 3 0.26075
1 85 4 0.281319
1 85 5 0.247834
1 85 6 0.306431
1 85 7 0.255048
1 85 8 0.284195
1 85 9 0.245559
1 85 10 0.295715
1 85 11 0.256206
1 85 12 0.285735
1 85 13 0.248294
1 85 14 0.294539
1 85 15 0.254728
1 85 16 0.288919
1 85 17 0.243711
1 85 18 0.294187
1 85 19 0.258122
1 85 20 0.277084
1 85 21 0.25289
1 85 22 0.29834
1 85 23 0.258887
1 85 24 0.282168
1 85 25 0.243904
1 85 26 0.291469
1 85 27 0.255088
1 85 28 0.287998
1 86 1 0.285355
1 86 2 0.256146
1 86 3 0.29337
1 86 4 0.237233
1 86 5 0.29105
1 86 6 0.259742
1 86 7 0.29143
1 86 8 0.239607
1 86 9 0.294033
1 86 10 0.258612
1 86 11 0.298665
1 86 12 0.241759
1 86 13 0.296428
1 86 14 0.259869
1 86 15 0.292365
1 86 16 0.237571
1 86 17 0.287545
1 86 18 0.256107
1 86 19 0.291398
1 86 20 0.238504
1 86 21 0.293369
1 86 22 0.260727
1 86 23 0.291998
1 86 24 0.237782
1 86 25 0.283469
1 86 26 0.254406
1 86 27 0.292391
1 86 28 0.23905
1 87 1 0.308026
1 87 2 0.231745
1 87 3 0.311447
1 87 4 0.208247
1 87 5 0.314367
1 87 6 0.229424
1 87 7 0.318496
1 87 8 0.209872
1 87 9 0.321009
1 87 10 0.2316
1 87 11 0.316996
1 87 12 0.21569
1 87 13 0.31552
1 87 14 0.225677
1 87 15 0.311101
1 87 16 0.208354
1 87 17 0.313868
1 87 18 0.225953
1 87 19 0.311864
1 87 20 0.212
1 87 21 0.320782
1 87 22 0.22599
1 87 23 0.311996
1 87 24 0.209203
1 87 25 0.314114
1 87 26 0.228912
1 87 27 0.309116
1 87 28 0.212231
1 88 1 0.33004
1 88 2 0.207647
1 88 3 0.324613
1 88 4 0.188092
1 88 5 0.327057
1 88 6 0.204643
1 88 7 0.329626
1 88 8 0.193632
1 88 9 0.338866
1 88 10 0.204293
1 88 11 0.319318
1 88 12 0.189525
1 88 13 0.339853
1 88 14 0.204366
1 88 15 0.326637
1 88 16 0.188796
1 88 17 0.329146
1 88 18 0.204359
1 88 19 0.326351
1 88 20 0.189089
1 88 21 0.334288
1 88 22 0.207242
1 88 23 0.320916
1 88 24 0.19295
1 88 25 0.326652
1 88 26 0.211649
1 88 27 0.331154
1 88 28 0.189488
1 89 1 0.33591
1 89 2 0.190797
1 89 3 0.331357
1 89 4 0.17759
1 89 5 0.339353
1 89 6 0.190827
1 89 7 0.330147
1 89 8 0.186463
1 89 9 0.338038
1 89 10 0.190707
1 89 11 0.325911
1 89 12 0.178309
1 89 13 0.341655
1 89 14 0.191531
1 89 15 0.32674
1 89 16 0.185676
1 89 17 0.338001
1 89 18 0.19011
1 89 19 0.325722
1 89 20 0.178351
1 89 21 0.342935
1 89 22 0.191393
1 89 23 0.329483
1 89 24 0.178798
1 89 25 0.353544
1 89 26 0.201316
1 89 27 0.325294
1 89 28 0.182358
1 90 1 0.340613
1 90 2 0.188359
1 90 3 0.334937
1 90 4 0.170966
1 90 5 0.341546
1 90 6 0.188748
1 90 7 0.332497
1 90 8 0.177557
1 90 9 0.346772
1 90 10 0.18433
1 90 11 0.339347
1 90 12 0.171535
1 90 13 0.350978
1 90 14 0.18966
1 90 15 0.338229
1 90 16 0.172491
1 90 17 0.343941
1 90 18 0.188198
1 90 19 0.332237
1 90 20 0.176446
1 90 21 0.344651
1 90 22 0.189155
1 90 23 0.332749
1 90 24 0.17627
1 90 25 0.343688
1 90 26 0.185717
1 90 27 0.331814
1 90 28 0.176811
1 91 1 0.157377
1 91 2 0.359568
1 91 3 0.183214
1 91 4 0.345455
1 91 5 0.163054
1 91 6 0.352768
1 91 7 0.183925
1 91 8 0.357422
1 91 9 0.157083
1 91 10 0.352113
1 91 11 0.19309
1 91 12 0.354616
1 91 13 0.157012
1 91 14 0.354573
1 91 15 0.182708
1 91 16 0.355974
1 91 17 0.157213
1 91 18 0.350108
1 91 19 0.182974
1 91 20 0.352711
1 91 21 0.157918
1 91 22 0.360024
1 91 23 0.194466
1 91 24 0.345746
1 91 25 0.156813
1 91 26 0.354227
1 91 27 0.182807
1 91 28 0.354923
1 92 1 0.170422
1 92 2 0.348903
1 92 3 0.190966
1 92 4 0.338225
1 92 5 0.174421
1 92 6 0.351962
1 92 7 0.196108
1 92 8 0.347917
1 92 9 0.174742
1 92 10 0.351603
1 92 11 0.190895
1 92 12 0.336525
1 92 13 0.169916
1 92 14 0.34909
1 92 15 0.194296
1 92 16 0.340255
1 92 17 0.169634
1 92 18 0.345665
1 92 19 0.190275
1 92 20 0.336883
1 92 21 0.171626
1 92 22 0.346709
1 92 23 0.200243
1 92 24 0.338157
1 92 25 0.174125
1 92 26 0.345557
1 92 27 0.190085
1 92 28 0.339426
1 93 1 0.193054
1 93 2 0.341482
1 93 3 0.207274
1 93 4 0.329382
1 93 5 0.187603
1 93 6 0.34672
1 93 7 0.211543
1 93 8 0.324164
1 93 9 0.192401
1 93 10 0.345541
1 93 11 0.20208
1 93 12 0.326798
1 93 13 0.191624
1 93 14 0.337925
1 93 15 0.205915
1 93 16 0.328201
1 93 17 0.186669
1 93 18 0.343587
1 93 19 0.202022
1 93 20 0.321749
1 93 21 0.198024
1 93 22 0.338078
1 93 23 0.203265
1 93 24 0.328664
1 93 25 0.191491
1 93 26 0.334034
1 93 27 0.201802
1 93 28 0.329735
1 94 1 0.217949
1 94 2 0.314151
1 94 3 0.221716
1 94 4 0.314416
1 94 5 0.209412
1 94 6 0.331964
1 94 7 0.221609
1 94 8 0.321147
1 94 9 0.209981
1 94 10 0.318258
1 94 11 0.220305
1 94 12 0.310701
1 94 13 0.209581
1 94 14 0.319634
1 94 15 0.219745
1 94 16 0.316158
1 94 17 0.208473
1 94 18 0.323215
1 94 19 0.223858
1 94 20 0.309103
1 94 21 0.218908
1 94 22 0.322763
1 94 23 0.220849
1 94 24 0.316094
1 94 25 0.208682
1 94 26 0.315323
1 94 27 0.219985
1 94 28 0.314112
1 95 1 0.24658
1 95 2 0.297416
1 95 3 0.257785
1 95 4 0.281296
1 95 5 0.246348
1 95 6 0.304061
1 95 7 0.259481
1 95 8 0.287441
1 95 9 0.246532
1 95 10 0.301523
1 95 11 0.257532
1 95 12 0.281576
1 95 13 0.243788
1 95 14 0.295586
1 95 15 0.252232
1 95 16 0.281257
1 95 17 0.245043
1 95 18 0.301435
1 95 19 0.256816
1 95 20 0.282225
1 95 21 0.247831
1 95 22 0.30486
1 95 23 0.256822
1 95 24 0.280998
1 95 25 0.241801
1 95 26 0.291966
1 95 27 0.256242
1 95 28 0.286972
1 96 1 0.288687
1 96 2 0.251748
1 96 3 0.305121
1 96 4 0.233057
1 96 5 0.292701
1 96 6 0.257428
1 96 7 0.300141
1 96 8 0.238367
1 96 9 0.293475
1 96 10 0.25582
1 96 11 0.308905
1 96 12 0.238072
1 96 13 0.296439
1 96 14 0.251823
1 96 15 0.295757
1 96 16 0.233701
1 96 17 0.289163
1 96 18 0.255549
1 96 19 0.304918
1 96 20 0.233883
1 96 21 0.293914
1 96 22 0.256035
1 96 23 0.305015
1 96 24 0.233579
1 96 25 0.29454
1 96 26 0.254433
1 96 27 0.301244
1 96 28 0.23493
1 97 1 0.318662
1 97 2 0.220722
1 97 3 0.31343
1 97 4 0.203527
1 97 5 0.321732
1 97 6 0.228365
1 97 7 0.316536
1 97 8 0.212436
1 97 9 0.323652
1 97 10 0.220948
1 97 11 0.322494
1 97 12 0.205142
1 97 13 0.329529
1 97 14 0.223931
1 97 15 0.310314
1 97 16 0.203359
1 97 17 0.321854
1 97 18 0.227552
1 97 19 0.315997
1 97 20 0.211703
1 97 21 0.321264
1 97 22 0.221278
1 97 23 0.315846
1 97 24 0.207825
1 97 25 0.326736
1 97 26 0.224742
1 97 27 0.308425
1 97 28 0.20802
1 98 1 0.345742
1 98 2 0.194583
1 98 3 0.31986
1 98 4 0.184529
1 98 5 0.338946
1 98 6 0.194775
1 98 7 0.321019
1 98 8 0.182278
1 98 9 0.340452
1 98 10 0.194308
1 98 11 0.328117
1 98 12 0.185496
1 98 13 0.350938
1 98 14 0.194208
1 98 15 0.323006
1 98 16 0.18084
1 98 17 0.345773
1 98 18 0.194301
1 98 19 0.319751
1 98 20 0.181274
1 98 21 0.347234
1 98 22 0.198415
1 98 23 0.32236
1 98 24 0.181
1 98 25 0.345596
1 98 26 0.19603
1 98 27 0.324201
1 98 28 0.181353
1 99 1 0.356925
1 99 2 0.178633
1 99 3 0.327924
1 99 4 0.166899
1 99 5 0.351019
1 99 6 0.178436
1 99 7 0.328097
1 99 8 0.169108
1 99 9 0.350366
1 99 10 0.178424
1 99 11 0.332605
1 99 12 0.1677
1 99 13 0.358911
1 99 14 0.179432
1 99 15 0.340937
1 99 16 0.168477
1 99 17 0.346899
1 99 18 0.178232
1 99 19 0.327541
1 99 20 0.168228
1 99 21 0.348677
1 99 22 0.17906
1 99 23 0.329742
1 99 24 0.167614
1 99 25 0.355541
1 99 26 0.179838
1 99 27 0.325661
1 99 28 0.168221
1 100 1 0.354216
1 100 2 0.171322
1 100 3 0.341269
1 100 4 0.166572
1 100 5 0.342864
1 100 6 0.171358
1 100 7 0.340927
1 100 8 0.174089
1 100 9 0.346051
1 100 10 0.176569
1 100 11 0.335817
1 100 12 0.172579
1 100 13 0.347662
1 100 14 0.18258
1 100 15 0.348022
1 100 16 0.178874
1 100 17 0.339637
1 100 18 0.171213
1 100 19 0.343264
1 100 20 0.178548
1 100 21 0.34898
1 100 22 0.171512
1 100 23 0.338168
1 100 24 0.16729
1 100 25 0.347787
1 100 26 0.172254
1 100 27 0.342997
1 100 28 0.173539
