0 40.557543 -74.165298 0 0.0000 0.0000 0.0000 0.0000 0.0000 1 45.626 4 81.579 5 75.157 
1 40.721093 -73.669272 0 0.0000 0.0000 0.0000 0.0000 0.0000 2 61.604 0 45.626 5 51.219 6 78.998 4 82.567 
2 40.792223 -72.943825 0 0.0000 0.0000 0.0000 0.0000 0.0000 3 51.448 1 61.604 6 27.710 7 77.331 5 82.860 
3 40.881460 -72.343657 0 0.0000 0.0000 0.0000 0.0000 0.0000 2 51.448 7 30.668 6 42.853 
4 41.282767 -74.313086 0 0.0000 0.0000 0.0000 0.0000 0.0000 5 45.179 9 40.065 0 81.579 10 55.800 1 82.567 8 71.025 
5 41.172188 -73.793160 0 0.0000 0.0000 0.0000 0.0000 0.0000 6 83.334 4 45.179 10 49.131 1 51.219 2 82.860 9 76.531 0 75.157 
6 41.022754 -72.818477 0 0.0000 0.0000 0.0000 0.0000 0.0000 7 59.441 5 83.334 2 27.710 3 42.853 10 105.702 1 78.998 
7 41.097464 -72.116365 0 0.0000 0.0000 0.0000 0.0000 0.0000 6 59.441 3 30.668 2 77.331 
8 41.679115 -74.981861 0 0.0000 0.0000 0.0000 0.0000 0.0000 9 41.136 16 52.704 17 58.543 4 71.025 15 107.548 
9 41.616718 -74.493792 0 0.0000 0.0000 0.0000 0.0000 0.0000 10 56.843 8 41.136 17 49.931 4 40.065 18 76.942 5 76.531 16 83.835 
10 41.613927 -73.809919 0 0.0000 0.0000 0.0000 0.0000 0.0000 9 56.843 18 50.605 5 49.131 6 105.702 17 76.210 4 55.800 
11 42.146006 -79.358090 0 0.0000 0.0000 0.0000 0.0000 0.0000 12 66.689 19 37.804 20 78.447 
12 42.146124 -78.549057 0 0.0000 0.0000 0.0000 0.0000 0.0000 13 66.734 11 66.689 20 41.534 21 78.461 19 73.027 
13 42.146200 -77.739480 0 0.0000 0.0000 0.0000 0.0000 0.0000 14 66.701 12 66.734 21 41.526 22 78.439 20 78.389 
14 42.146881 -76.930302 0 0.0000 0.0000 0.0000 0.0000 0.0000 15 66.755 13 66.701 22 41.450 23 78.409 21 78.338 
15 42.145862 -76.120473 0 0.0000 0.0000 0.0000 0.0000 0.0000 16 70.453 14 66.755 23 41.563 24 78.434 8 107.548 22 78.434 
16 42.102598 -75.268065 0 0.0000 0.0000 0.0000 0.0000 0.0000 17 63.356 15 70.453 24 46.508 8 52.704 25 78.225 9 83.835 23 84.034 
17 42.065785 -74.501827 0 0.0000 0.0000 0.0000 0.0000 0.0000 18 58.710 16 63.356 25 50.466 9 49.931 26 82.114 10 76.210 24 83.527 8 58.543 
18 42.068874 -73.790493 0 0.0000 0.0000 0.0000 0.0000 0.0000 17 58.710 26 51.309 10 50.605 27 84.210 25 77.034 9 76.942 
19 42.484220 -79.310640 0 0.0000 0.0000 0.0000 0.0000 0.0000 20 62.598 28 63.063 11 37.804 29 83.045 12 73.027 
20 42.519711 -78.548450 0 0.0000 0.0000 0.0000 0.0000 0.0000 21 66.318 19 62.598 29 50.575 12 41.534 30 83.144 13 78.389 28 65.485 11 78.447 
21 42.519710 -77.739123 0 0.0000 0.0000 0.0000 0.0000 0.0000 22 66.318 20 66.318 30 50.466 13 41.526 31 83.144 14 78.338 29 82.893 12 78.461 
22 42.519710 -76.929797 0 0.0000 0.0000 0.0000 0.0000 0.0000 23 66.318 21 66.318 31 50.466 14 41.450 32 83.144 15 78.434 30 83.143 13 78.439 
23 42.519710 -76.120470 0 0.0000 0.0000 0.0000 0.0000 0.0000 24 66.318 22 66.318 32 50.466 15 41.563 33 83.144 16 84.034 31 83.143 14 78.409 
24 42.519710 -75.311144 0 0.0000 0.0000 0.0000 0.0000 0.0000 25 66.318 23 66.318 33 50.466 16 46.508 34 83.144 17 83.527 32 83.143 15 78.434 
25 42.519709 -74.501817 0 0.0000 0.0000 0.0000 0.0000 0.0000 26 63.854 24 66.318 34 50.466 17 50.466 35 83.142 18 77.034 33 83.143 16 78.225 
26 42.527635 -73.722585 0 0.0000 0.0000 0.0000 0.0000 0.0000 27 42.387 25 63.854 35 49.648 18 51.309 36 67.424 34 80.656 17 82.114 
27 42.725787 -73.279897 0 0.0000 0.0000 0.0000 0.0000 0.0000 26 42.387 36 34.803 35 43.481 18 84.210 
28 43.004728 -79.003665 0 0.0000 0.0000 0.0000 0.0000 0.0000 29 37.566 37 41.192 19 63.063 38 58.831 20 65.485 
29 42.974599 -78.543575 0 0.0000 0.0000 0.0000 0.0000 0.0000 30 65.438 28 37.566 38 48.388 20 50.575 39 81.718 21 82.893 37 59.942 19 83.045 
30 42.973634 -77.739112 0 0.0000 0.0000 0.0000 0.0000 0.0000 31 65.834 29 65.438 39 49.369 21 50.466 40 82.530 22 83.143 38 80.802 20 83.144 
31 42.973634 -76.929786 0 0.0000 0.0000 0.0000 0.0000 0.0000 32 65.834 30 65.834 40 49.656 22 50.466 41 82.759 23 83.143 39 82.098 21 83.144 
32 42.973634 -76.120460 0 0.0000 0.0000 0.0000 0.0000 0.0000 33 65.834 31 65.834 41 50.466 23 50.466 42 82.759 24 83.143 40 82.009 22 83.144 
33 42.973634 -75.311133 0 0.0000 0.0000 0.0000 0.0000 0.0000 34 65.834 32 65.834 42 50.466 24 50.466 43 82.759 25 83.143 41 82.757 23 83.144 
34 42.973633 -74.501807 0 0.0000 0.0000 0.0000 0.0000 0.0000 35 65.829 33 65.834 43 50.466 25 50.466 44 82.121 26 80.656 42 82.757 24 83.144 
35 42.973652 -73.692541 0 0.0000 0.0000 0.0000 0.0000 0.0000 36 34.473 34 65.829 44 50.053 26 49.648 45 58.153 27 43.481 43 82.752 25 83.142 
36 43.038828 -73.278004 0 0.0000 0.0000 0.0000 0.0000 0.0000 35 34.473 45 39.736 27 34.803 44 54.702 26 67.424 
37 43.374299 -79.039744 0 0.0000 0.0000 0.0000 0.0000 0.0000 38 40.847 28 41.192 29 59.942 
38 43.409798 -78.536516 0 0.0000 0.0000 0.0000 0.0000 0.0000 39 64.404 37 40.847 29 48.388 30 80.802 28 58.831 
39 43.417687 -77.739114 0 0.0000 0.0000 0.0000 0.0000 0.0000 40 65.682 38 64.404 30 49.369 46 98.760 31 82.098 29 81.718 
40 43.420262 -76.925754 0 0.0000 0.0000 0.0000 0.0000 0.0000 41 65.031 39 65.682 46 45.912 31 49.656 47 82.793 32 82.009 30 82.530 
41 43.427557 -76.120449 0 0.0000 0.0000 0.0000 0.0000 0.0000 42 65.346 40 65.031 47 50.105 32 50.466 48 82.371 33 82.757 46 54.315 31 82.759 
42 43.427557 -75.311123 0 0.0000 0.0000 0.0000 0.0000 0.0000 43 65.346 41 65.346 48 50.466 33 50.466 49 82.371 34 82.757 47 81.749 32 82.759 
43 43.427557 -74.501797 0 0.0000 0.0000 0.0000 0.0000 0.0000 44 64.863 42 65.346 49 50.466 34 50.466 50 78.778 35 82.752 48 82.370 33 82.759 
44 43.423838 -73.698494 0 0.0000 0.0000 0.0000 0.0000 0.0000 45 34.768 43 64.863 50 50.697 35 50.053 36 54.702 49 82.244 34 82.121 
45 43.396191 -73.269695 0 0.0000 0.0000 0.0000 0.0000 0.0000 44 34.768 36 39.736 50 65.929 35 58.153 
46 43.763953 -76.609640 0 0.0000 0.0000 0.0000 0.0000 0.0000 47 41.725 40 45.912 51 75.062 41 54.315 39 98.760 
47 43.878208 -76.114166 0 0.0000 0.0000 0.0000 0.0000 0.0000 48 64.354 46 41.725 51 42.749 41 50.105 52 81.815 42 81.749 40 82.793 
48 43.881481 -75.311112 0 0.0000 0.0000 0.0000 0.0000 0.0000 49 64.854 47 64.354 52 50.461 42 50.466 53 81.981 43 82.370 51 65.030 41 82.371 
49 43.881481 -74.501786 0 0.0000 0.0000 0.0000 0.0000 0.0000 50 60.535 48 64.854 53 50.466 43 50.466 54 80.773 44 82.244 52 81.973 42 82.371 
50 43.878518 -73.746390 0 0.0000 0.0000 0.0000 0.0000 0.0000 49 60.535 54 51.353 44 50.697 45 65.929 53 78.845 43 78.778 
51 44.244128 -75.949787 0 0.0000 0.0000 0.0000 0.0000 0.0000 52 51.835 47 42.749 55 80.186 48 65.030 46 75.062 
52 44.335359 -75.311039 0 0.0000 0.0000 0.0000 0.0000 0.0000 53 64.353 51 51.835 55 43.688 48 50.461 56 80.799 49 81.973 47 81.815 
53 44.335404 -74.501776 0 0.0000 0.0000 0.0000 0.0000 0.0000 54 62.421 52 64.353 56 49.413 49 50.466 57 79.112 50 78.845 55 69.092 48 81.981 
54 44.339930 -73.716800 0 0.0000 0.0000 0.0000 0.0000 0.0000 53 62.421 57 49.416 50 51.353 56 79.257 49 80.773 
55 44.718436 -75.188229 0 0.0000 0.0000 0.0000 0.0000 0.0000 56 54.447 52 43.688 53 69.092 51 80.186 
56 44.779856 -74.504095 0 0.0000 0.0000 0.0000 0.0000 0.0000 57 61.330 55 54.447 53 49.413 54 79.257 52 80.799 
57 44.784351 -73.726934 0 0.0000 0.0000 0.0000 0.0000 0.0000 56 61.330 54 49.416 53 79.112 
END