0 2.18972 1.30803 2.05816 0 0 0 
1 2.20921 1.31902 2.07574 0.382601 0.133883 0.344505 
2 2.24312 1.34216 2.10846 0 0 0 
3 2.07595 1.25267 1.93514 0 0 0 
4 2.01358 1.21511 1.87675 0 0 0 
5 2.16684 1.29292 2.03631 0 0 0 
6 2.19278 1.30789 2.06075 0 0 0 
7 2.25947 1.35112 2.12359 1.49158 0.555311 2.29505 
8 2.35205 1.41215 2.20785 15.4951 6.26099 16.1227 
9 2.37731 1.42671 2.22881 0.1337 0.0384615 0.0957875 
10 2.36302 1.4252 2.20576 0 0 0 
11 2.32722 1.40454 2.1703 0 0 0 
12 2.18215 1.31758 2.03311 0 0 0 
13 2.18708 1.30408 2.05655 0.632601 0.134066 0.402198 
14 2.24264 1.34164 2.11018 9.95788 3.90495 8.67546 
15 2.2852 1.36875 2.14971 4.47912 1.70531 5.19066 
16 2.37859 1.42996 2.23355 16.4152 6.12912 15.0747 
17 2.44608 1.47363 2.28752 14.2529 5.95861 12.1245 
18 2.47139 1.49151 2.30804 25.9134 10.0947 23.9044 
19 2.47672 1.49875 2.31085 11.3742 4.57509 9.95604 
20 3.12676 1.80371 3.02116 28.1463 10.969 26.3324 
21 2.12927 1.26896 2.00086 0 0 0 
22 2.18359 1.30549 2.05187 26.013 9.99853 23.2042 
23 2.2776 1.36518 2.14149 21.6044 9.11667 20.9513 
24 2.34772 1.4073 2.20209 3.65751 1.20714 3.14048 
25 2.4666 1.4835 2.30819 7.96758 3.50531 7.89615 
26 2.53611 1.52903 2.37099 24.7421 9.66905 22.7332 
27 2.58002 1.55934 2.40114 31.539 12.1247 25.7793 
28 2.60148 1.57587 2.42111 4.57656 2.18187 5.89945 
29 2.64319 1.60362 2.45861 93.7026 36.8877 83.1324 
30 2.47136 1.49651 2.29793 0.172344 0.0575092 0.15348 
31 2.07227 1.23205 1.94594 0 0 0 
32 2.17276 1.29587 2.04329 26.2932 10.935 23.6623 
33 2.26785 1.35929 2.13277 19.4945 8.33498 18.5617 
34 2.51608 1.51311 2.35216 20.6242 7.98645 17.2388 
35 2.53214 1.52434 2.36245 0.114835 0.0575092 0.229487 
36 2.69716 1.63148 2.50799 33.9762 13.1786 28.2927 
37 5.40448 3.30896 4.86645 69.6775 26.3427 57.9617 
38 2.72453 1.64914 2.52543 49.9793 18.8478 39.7762 
39 5.63529 3.48126 5.06636 108.571 43.2024 89.8128 
40 2.45916 1.48907 2.28617 0.344322 0.15293 0.267949 
41 2.00691 1.19179 1.88205 0.421612 0.114835 0.516484 
42 2.02214 1.20083 1.89696 23.3722 9.00256 20.4401 
43 4.72283 2.87725 4.31468 58.3595 21.6222 50.7128 
44 4.74261 2.89707 4.32666 70.5709 29.3852 57.8833 
45 2.64265 1.59836 2.46433 25.6989 11.3571 22.811 
46 2.80715 1.70096 2.60324 44.7595 18.2126 37.3264 
47 2.91194 1.76538 2.68609 74.6005 29.2861 58.3093 
48 5.41412 3.34564 4.86475 133.599 55.3231 104.929 
49 4.15226 2.58479 3.58893 138.91 56.9137 104.384 
50 3.96969 2.469 3.43117 0 0 0 
51 1.98788 1.17799 1.86367 0.0959707 0.0382784 0.0192308 
52 1.85178 1.09421 1.73172 3.23791 1.24524 2.98791 
53 1.7069 1.00418 1.58861 11.263 3.98315 9.30733 
54 4.70669 2.87128 4.29557 28.8982 10.8579 26.1487 
55 4.84577 2.9742 4.39866 77.7366 31.7038 61.3766 
56 4.03339 2.40509 3.67458 44.7341 18.1599 37.0912 
57 5.19404 3.20896 4.67778 136.601 53.7811 107.068 
58 5.2251 3.23045 4.69907 103.255 42.0256 79.2694 
59 4.01875 2.50031 3.47499 4.76777 2.12601 4.32821 
60 1.61301 0.94938 1.50049 0 0 0 
61 1.48494 0.874655 1.37672 2.46978 1.13059 1.68535 
62 1.37527 0.80973 1.27486 5.4 2.29963 5.11227 
63 4.95953 3.05944 4.48186 37.1694 16.0753 33.3342 
64 5.08004 3.14151 4.58625 97.641 41.9051 84.6031 
65 5.08627 3.14728 4.58753 84.6958 36.7018 74.0134 
66 4.90359 3.02963 4.4097 10.6687 4.32912 8.67875 
67 0.336 0.336 0.336 0 0 0 
68 1.35856 0.799724 1.25858 0 0 0 
69 4.90516 3.02916 4.43144 1.05293 0.306227 1.07326 
70 4.95641 3.05715 4.47444 28.5227 10.9744 22.9498 
71 1.0305 0.6168 0.842217 4.32949 1.59048 3.38938 
72 4.89518 3.02456 4.39949 42.7912 17.4696 33.2419 
73 1.15725 0.681753 0.933005 0.535531 0.22967 0.191575 
74 1.17946 0.692886 0.952536 0 0 0 
75 1.23716 0.724524 1.00353 0.0192308 0 0.0190476 
