1 1 1 1 2
1 1 2 1 1
1 1 3 1 0
1 1 4 1 0
1 1 5 1 0
1 1 6 1 2
1 1 7 1 2
1 1 8 1 0
1 1 9 1 0
1 1 10 1 0
1 1 11 1 3
1 1 12 1 0
1 1 13 1 2
1 1 14 1 1
1 1 15 1 0
1 1 16 1 0
1 1 17 1 0
1 1 18 1 0
1 1 19 1 0
1 1 20 1 0
1 1 21 1 0
1 1 22 1 0
1 1 23 1 1
1 1 24 1 0
1 1 25 1 1
1 1 26 1 0
1 1 27 1 0
1 1 28 1 0
1 1 29 1 0
1 1 30 1 0
1 1 31 1 0
1 1 32 1 0
1 1 33 1 1
1 1 34 1 1
1 1 35 1 1
1 1 36 1 0
1 1 37 1 0
1 1 38 1 0
1 1 39 1 1
1 1 40 1 0
1 1 41 1 0
1 1 42 1 1
1 1 43 1 0
1 1 44 1 2
1 1 45 1 0
1 1 46 1 0
1 1 47 1 0
1 1 48 1 0
1 1 49 1 0
1 1 50 1 0
1 1 51 1 0
1 1 52 1 0
1 1 53 1 1
1 1 54 1 0
1 1 55 1 0
1 1 56 1 1
1 1 57 1 0
1 1 58 1 1
1 1 59 1 0
1 1 60 1 1
1 1 61 1 0
1 1 62 1 0
1 1 63 1 0
1 1 64 1 0
1 1 65 1 0
1 1 66 1 0
1 1 67 1 0
1 1 68 1 2
1 1 69 1 0
1 1 70 1 0
1 1 71 1 0
1 1 72 1 0
1 1 73 1 0
1 1 74 1 0
1 1 75 1 0
1 1 76 1 0
1 1 77 1 0
1 1 78 1 0
1 1 79 1 0
1 1 80 1 1
1 1 81 1 0
1 1 82 1 0
1 1 83 1 0
1 1 84 1 0
1 1 85 1 1
1 1 86 1 1
1 1 87 1 1
1 1 88 1 0
1 1 89 1 0
1 1 90 1 1
1 1 91 1 0
1 1 92 1 0
1 1 93 1 0
1 1 94 1 0
1 1 95 1 0
1 1 96 1 0
1 1 97 1 1
1 1 98 1 1
1 1 99 1 0
1 1 100 1 0
2 1 1 1 0
2 1 2 1 0
2 1 3 1 0
2 1 4 1 0
2 1 5 1 0
2 1 6 1 1
2 1 7 1 0
2 1 8 1 0
2 1 9 1 0
2 1 10 1 0
2 1 11 1 0
2 1 12 1 0
2 1 13 1 0
2 1 14 1 0
2 1 15 1 0
2 1 16 1 0
2 1 17 1 2
2 1 18 1 0
2 1 19 1 0
2 1 20 1 1
2 1 21 1 0
2 1 22 1 0
2 1 23 1 0
2 1 24 1 0
2 1 25 1 0
2 1 26 1 0
2 1 27 1 0
2 1 28 1 2
2 1 29 1 0
2 1 30 1 0
2 1 31 1 0
2 1 32 1 0
2 1 33 1 0
2 1 34 1 0
2 1 35 1 0
2 1 36 1 1
2 1 37 1 1
2 1 38 1 0
2 1 39 1 0
2 1 40 1 1
2 1 41 1 0
2 1 42 1 0
2 1 43 1 0
2 1 44 1 0
2 1 45 1 0
2 1 46 1 0
2 1 47 1 2
2 1 48 1 0
2 1 49 1 0
2 1 50 1 0
2 1 51 1 0
2 1 52 1 0
2 1 53 1 2
2 1 54 1 0
2 1 55 1 1
2 1 56 1 0
2 1 57 1 1
2 1 58 1 0
2 1 59 1 0
2 1 60 1 0
2 1 61 1 0
2 1 62 1 0
2 1 63 1 0
2 1 64 1 0
2 1 65 1 1
2 1 66 1 0
2 1 67 1 0
2 1 68 1 0
2 1 69 1 0
2 1 70 1 0
2 1 71 1 1
2 1 72 1 0
2 1 73 1 2
2 1 74 1 0
2 1 75 1 0
2 1 76 1 0
2 1 77 1 0
2 1 78 1 0
2 1 79 1 0
2 1 80 1 0
2 1 81 1 0
2 1 82 1 0
2 1 83 1 0
2 1 84 1 0
2 1 85 1 0
2 1 86 1 0
2 1 87 1 0
2 1 88 1 0
2 1 89 1 0
2 1 90 1 0
2 1 91 1 2
2 1 92 1 0
2 1 93 1 0
2 1 94 1 0
2 1 95 1 1
2 1 96 1 0
2 1 97 1 0
2 1 98 1 0
2 1 99 1 0
2 1 100 1 0
3 1 1 1 0
3 1 2 1 0
3 1 3 1 1
3 1 4 1 3
3 1 5 1 0
3 1 6 1 0
3 1 7 1 0
3 1 8 1 0
3 1 9 1 0
3 1 10 1 0
3 1 11 1 1
3 1 12 1 1
3 1 13 1 2
3 1 14 1 1
3 1 15 1 0
3 1 16 1 0
3 1 17 1 0
3 1 18 1 0
3 1 19 1 0
3 1 20 1 0
3 1 21 1 1
3 1 22 1 1
3 1 23 1 0
3 1 24 1 0
3 1 25 1 1
3 1 26 1 0
3 1 27 1 0
3 1 28 1 1
3 1 29 1 0
3 1 30 1 0
3 1 31 1 0
3 1 32 1 1
3 1 33 1 0
3 1 34 1 0
3 1 35 1 0
3 1 36 1 0
3 1 37 1 0
3 1 38 1 0
3 1 39 1 0
3 1 40 1 0
3 1 41 1 0
3 1 42 1 2
3 1 43 1 0
3 1 44 1 0
3 1 45 1 1
3 1 46 1 0
3 1 47 1 0
3 1 48 1 0
3 1 49 1 0
3 1 50 1 0
3 1 51 1 0
3 1 52 1 0
3 1 53 1 0
3 1 54 1 0
3 1 55 1 0
3 1 56 1 1
3 1 57 1 0
3 1 58 1 0
3 1 59 1 1
3 1 60 1 0
3 1 61 1 0
3 1 62 1 0
3 1 63 1 0
3 1 64 1 0
3 1 65 1 1
3 1 66 1 0
3 1 67 1 1
3 1 68 1 0
3 1 69 1 0
3 1 70 1 1
3 1 71 1 1
3 1 72 1 0
3 1 73 1 0
3 1 74 1 0
3 1 75 1 0
3 1 76 1 1
3 1 77 1 0
3 1 78 1 1
3 1 79 1 0
3 1 80 1 0
3 1 81 1 0
3 1 82 1 0
3 1 83 1 0
3 1 84 1 0
3 1 85 1 0
3 1 86 1 1
3 1 87 1 1
3 1 88 1 0
3 1 89 1 0
3 1 90 1 0
3 1 91 1 0
3 1 92 1 0
3 1 93 1 0
3 1 94 1 0
3 1 95 1 0
3 1 96 1 0
3 1 97 1 0
3 1 98 1 0
3 1 99 1 1
3 1 100 1 2
4 1 1 1 0
4 1 2 1 0
4 1 3 1 0
4 1 4 1 1
4 1 5 1 0
4 1 6 1 0
4 1 7 1 0
4 1 8 1 0
4 1 9 1 0
4 1 10 1 0
4 1 11 1 0
4 1 12 1 0
4 1 13 1 0
4 1 14 1 0
4 1 15 1 0
4 1 16 1 0
4 1 17 1 1
4 1 18 1 1
4 1 19 1 0
4 1 20 1 0
4 1 21 1 0
4 1 22 1 0
4 1 23 1 0
4 1 24 1 0
4 1 25 1 0
4 1 26 1 1
4 1 27 1 0
4 1 28 1 0
4 1 29 1 1
4 1 30 1 0
4 1 31 1 0
4 1 32 1 0
4 1 33 1 0
4 1 34 1 0
4 1 35 1 0
4 1 36 1 0
4 1 37 1 0
4 1 38 1 1
4 1 39 1 1
4 1 40 1 1
4 1 41 1 0
4 1 42 1 0
4 1 43 1 0
4 1 44 1 0
4 1 45 1 0
4 1 46 1 0
4 1 47 1 0
4 1 48 1 1
4 1 49 1 0
4 1 50 1 1
4 1 51 1 0
4 1 52 1 0
4 1 53 1 0
4 1 54 1 1
4 1 55 1 0
4 1 56 1 0
4 1 57 1 0
4 1 58 1 0
4 1 59 1 0
4 1 60 1 0
4 1 61 1 0
4 1 62 1 0
4 1 63 1 0
4 1 64 1 1
4 1 65 1 0
4 1 66 1 0
4 1 67 1 0
4 1 68 1 0
4 1 69 1 0
4 1 70 1 0
4 1 71 1 1
4 1 72 1 1
4 1 73 1 0
4 1 74 1 0
4 1 75 1 0
4 1 76 1 0
4 1 77 1 0
4 1 78 1 0
4 1 79 1 0
4 1 80 1 0
4 1 81 1 1
4 1 82 1 1
4 1 83 1 1
4 1 84 1 0
4 1 85 1 1
4 1 86 1 0
4 1 87 1 0
4 1 88 1 0
4 1 89 1 0
4 1 90 1 0
4 1 91 1 0
4 1 92 1 2
4 1 93 1 1
4 1 94 1 0
4 1 95 1 1
4 1 96 1 0
4 1 97 1 0
4 1 98 1 1
4 1 99 1 0
4 1 100 1 0
5 1 1 1 0
5 1 2 1 1
5 1 3 1 1
5 1 4 1 1
5 1 5 1 0
5 1 6 1 0
5 1 7 1 0
5 1 8 1 0
5 1 9 1 0
5 1 10 1 0
5 1 11 1 1
5 1 12 1 3
5 1 13 1 0
5 1 14 1 1
5 1 15 1 0
5 1 16 1 0
5 1 17 1 0
5 1 18 1 0
5 1 19 1 0
5 1 20 1 0
5 1 21 1 1
5 1 22 1 0
5 1 23 1 0
5 1 24 1 0
5 1 25 1 0
5 1 26 1 0
5 1 27 1 0
5 1 28 1 0
5 1 29 1 0
5 1 30 1 0
5 1 31 1 0
5 1 32 1 1
5 1 33 1 1
5 1 34 1 0
5 1 35 1 0
5 1 36 1 0
5 1 37 1 0
5 1 38 1 0
5 1 39 1 0
5 1 40 1 0
5 1 41 1 0
5 1 42 1 1
5 1 43 1 1
5 1 44 1 2
5 1 45 1 0
5 1 46 1 0
5 1 47 1 1
5 1 48 1 0
5 1 49 1 0
5 1 50 1 0
5 1 51 1 0
5 1 52 1 0
5 1 53 1 0
5 1 54 1 1
5 1 55 1 0
5 1 56 1 0
5 1 57 1 0
5 1 58 1 0
5 1 59 1 0
5 1 60 1 2
5 1 61 1 0
5 1 62 1 0
5 1 63 1 0
5 1 64 1 0
5 1 65 1 0
5 1 66 1 1
5 1 67 1 0
5 1 68 1 0
5 1 69 1 0
5 1 70 1 0
5 1 71 1 0
5 1 72 1 0
5 1 73 1 1
5 1 74 1 0
5 1 75 1 0
5 1 76 1 2
5 1 77 1 1
5 1 78 1 1
5 1 79 1 0
5 1 80 1 1
5 1 81 1 0
5 1 82 1 0
5 1 83 1 0
5 1 84 1 0
5 1 85 1 0
5 1 86 1 0
5 1 87 1 0
5 1 88 1 1
5 1 89 1 1
5 1 90 1 3
5 1 91 1 0
5 1 92 1 1
5 1 93 1 0
5 1 94 1 0
5 1 95 1 0
5 1 96 1 0
5 1 97 1 1
5 1 98 1 0
5 1 99 1 1
5 1 100 1 1
6 1 1 1 0
6 1 2 1 0
6 1 3 1 0
6 1 4 1 0
6 1 5 1 0
6 1 6 1 0
6 1 7 1 0
6 1 8 1 0
6 1 9 1 1
6 1 10 1 0
6 1 11 1 0
6 1 12 1 0
6 1 13 1 0
6 1 14 1 0
6 1 15 1 0
6 1 16 1 0
6 1 17 1 2
6 1 18 1 0
6 1 19 1 0
6 1 20 1 1
6 1 21 1 0
6 1 22 1 1
6 1 23 1 0
6 1 24 1 0
6 1 25 1 0
6 1 26 1 1
6 1 27 1 0
6 1 28 1 2
6 1 29 1 0
6 1 30 1 4
6 1 31 1 0
6 1 32 1 0
6 1 33 1 0
6 1 34 1 0
6 1 35 1 0
6 1 36 1 1
6 1 37 1 0
6 1 38 1 0
6 1 39 1 0
6 1 40 1 1
6 1 41 1 0
6 1 42 1 0
6 1 43 1 0
6 1 44 1 0
6 1 45 1 0
6 1 46 1 0
6 1 47 1 0
6 1 48 1 1
6 1 49 1 1
6 1 50 1 1
6 1 51 1 2
6 1 52 1 0
6 1 53 1 0
6 1 54 1 2
6 1 55 1 0
6 1 56 1 0
6 1 57 1 0
6 1 58 1 0
6 1 59 1 0
6 1 60 1 0
6 1 61 1 0
6 1 62 1 2
6 1 63 1 1
6 1 64 1 1
6 1 65 1 0
6 1 66 1 0
6 1 67 1 0
6 1 68 1 0
6 1 69 1 0
6 1 70 1 0
6 1 71 1 1
6 1 72 1 0
6 1 73 1 0
6 1 74 1 0
6 1 75 1 0
6 1 76 1 0
6 1 77 1 0
6 1 78 1 0
6 1 79 1 0
6 1 80 1 0
6 1 81 1 0
6 1 82 1 1
6 1 83 1 0
6 1 84 1 0
6 1 85 1 0
6 1 86 1 0
6 1 87 1 0
6 1 88 1 0
6 1 89 1 0
6 1 90 1 0
6 1 91 1 0
6 1 92 1 2
6 1 93 1 0
6 1 94 1 1
6 1 95 1 0
6 1 96 1 0
6 1 97 1 0
6 1 98 1 0
6 1 99 1 0
6 1 100 1 0
7 1 1 1 0
7 1 2 1 1
7 1 3 1 1
7 1 4 1 1
7 1 5 1 0
7 1 6 1 0
7 1 7 1 0
7 1 8 1 0
7 1 9 1 0
7 1 10 1 0
7 1 11 1 0
7 1 12 1 0
7 1 13 1 0
7 1 14 1 0
7 1 15 1 2
7 1 16 1 0
7 1 17 1 0
7 1 18 1 0
7 1 19 1 0
7 1 20 1 1
7 1 21 1 0
7 1 22 1 1
7 1 23 1 0
7 1 24 1 1
7 1 25 1 1
7 1 26 1 0
7 1 27 1 0
7 1 28 1 0
7 1 29 1 0
7 1 30 1 1
7 1 31 1 0
7 1 32 1 0
7 1 33 1 0
7 1 34 1 1
7 1 35 1 1
7 1 36 1 0
7 1 37 1 0
7 1 38 1 0
7 1 39 1 0
7 1 40 1 0
7 1 41 1 0
7 1 42 1 0
7 1 43 1 1
7 1 44 1 0
7 1 45 1 1
7 1 46 1 0
7 1 47 1 0
7 1 48 1 0
7 1 49 1 0
7 1 50 1 0
7 1 51 1 0
7 1 52 1 0
7 1 53 1 0
7 1 54 1 0
7 1 55 1 0
7 1 56 1 1
7 1 57 1 1
7 1 58 1 0
7 1 59 1 1
7 1 60 1 1
7 1 61 1 0
7 1 62 1 0
7 1 63 1 0
7 1 64 1 0
7 1 65 1 0
7 1 66 1 0
7 1 67 1 0
7 1 68 1 1
7 1 69 1 0
7 1 70 1 1
7 1 71 1 0
7 1 72 1 0
7 1 73 1 0
7 1 74 1 0
7 1 75 1 0
7 1 76 1 0
7 1 77 1 0
7 1 78 1 0
7 1 79 1 1
7 1 80 1 0
7 1 81 1 0
7 1 82 1 0
7 1 83 1 0
7 1 84 1 0
7 1 85 1 0
7 1 86 1 0
7 1 87 1 0
7 1 88 1 0
7 1 89 1 0
7 1 90 1 0
7 1 91 1 0
7 1 92 1 0
7 1 93 1 0
7 1 94 1 0
7 1 95 1 0
7 1 96 1 0
7 1 97 1 0
7 1 98 1 0
7 1 99 1 2
7 1 100 1 0
8 1 1 1 0
8 1 2 1 0
8 1 3 1 1
8 1 4 1 0
8 1 5 1 0
8 1 6 1 0
8 1 7 1 1
8 1 8 1 1
8 1 9 1 1
8 1 10 1 0
8 1 11 1 0
8 1 12 1 0
8 1 13 1 0
8 1 14 1 0
8 1 15 1 0
8 1 16 1 0
8 1 17 1 0
8 1 18 1 1
8 1 19 1 0
8 1 20 1 0
8 1 21 1 0
8 1 22 1 0
8 1 23 1 0
8 1 24 1 0
8 1 25 1 0
8 1 26 1 0
8 1 27 1 0
8 1 28 1 0
8 1 29 1 0
8 1 30 1 0
8 1 31 1 0
8 1 32 1 0
8 1 33 1 1
8 1 34 1 0
8 1 35 1 0
8 1 36 1 1
8 1 37 1 1
8 1 38 1 0
8 1 39 1 1
8 1 40 1 0
8 1 41 1 0
8 1 42 1 0
8 1 43 1 0
8 1 44 1 0
8 1 45 1 0
8 1 46 1 1
8 1 47 1 1
8 1 48 1 1
8 1 49 1 1
8 1 50 1 1
8 1 51 1 0
8 1 52 1 0
8 1 53 1 0
8 1 54 1 0
8 1 55 1 0
8 1 56 1 0
8 1 57 1 0
8 1 58 1 0
8 1 59 1 0
8 1 60 1 1
8 1 61 1 1
8 1 62 1 2
8 1 63 1 0
8 1 64 1 0
8 1 65 1 1
8 1 66 1 0
8 1 67 1 0
8 1 68 1 0
8 1 69 1 0
8 1 70 1 0
8 1 71 1 0
8 1 72 1 0
8 1 73 1 1
8 1 74 1 2
8 1 75 1 0
8 1 76 1 0
8 1 77 1 1
8 1 78 1 0
8 1 79 1 0
8 1 80 1 0
8 1 81 1 0
8 1 82 1 1
8 1 83 1 1
8 1 84 1 0
8 1 85 1 0
8 1 86 1 0
8 1 87 1 0
8 1 88 1 0
8 1 89 1 0
8 1 90 1 0
8 1 91 1 2
8 1 92 1 0
8 1 93 1 1
8 1 94 1 1
8 1 95 1 0
8 1 96 1 0
8 1 97 1 0
8 1 98 1 0
8 1 99 1 0
8 1 100 1 0
9 1 1 1 0
9 1 2 1 1
9 1 3 1 1
9 1 4 1 2
9 1 5 1 1
9 1 6 1 0
9 1 7 1 0
9 1 8 1 0
9 1 9 1 0
9 1 10 1 0
9 1 11 1 0
9 1 12 1 0
9 1 13 1 2
9 1 14 1 0
9 1 15 1 0
9 1 16 1 0
9 1 17 1 1
9 1 18 1 1
9 1 19 1 0
9 1 20 1 0
9 1 21 1 0
9 1 22 1 2
9 1 23 1 0
9 1 24 1 0
9 1 25 1 0
9 1 26 1 0
9 1 27 1 0
9 1 28 1 0
9 1 29 1 1
9 1 30 1 0
9 1 31 1 4
9 1 32 1 0
9 1 33 1 1
9 1 34 1 0
9 1 35 1 1
9 1 36 1 0
9 1 37 1 0
9 1 38 1 0
9 1 39 1 0
9 1 40 1 0
9 1 41 1 0
9 1 42 1 0
9 1 43 1 0
9 1 44 1 2
9 1 45 1 1
9 1 46 1 0
9 1 47 1 0
9 1 48 1 0
9 1 49 1 0
9 1 50 1 0
9 1 51 1 0
9 1 52 1 0
9 1 53 1 0
9 1 54 1 0
9 1 55 1 0
9 1 56 1 2
9 1 57 1 0
9 1 58 1 0
9 1 59 1 1
9 1 60 1 0
9 1 61 1 0
9 1 62 1 0
9 1 63 1 0
9 1 64 1 0
9 1 65 1 0
9 1 66 1 0
9 1 67 1 2
9 1 68 1 0
9 1 69 1 0
9 1 70 1 0
9 1 71 1 0
9 1 72 1 0
9 1 73 1 0
9 1 74 1 0
9 1 75 1 0
9 1 76 1 0
9 1 77 1 1
9 1 78 1 0
9 1 79 1 0
9 1 80 1 0
9 1 81 1 0
9 1 82 1 1
9 1 83 1 0
9 1 84 1 0
9 1 85 1 0
9 1 86 1 0
9 1 87 1 0
9 1 88 1 2
9 1 89 1 1
9 1 90 1 0
9 1 91 1 1
9 1 92 1 0
9 1 93 1 0
9 1 94 1 0
9 1 95 1 1
9 1 96 1 1
9 1 97 1 1
9 1 98 1 2
9 1 99 1 0
9 1 100 1 1
10 1 1 1 0
10 1 2 1 0
10 1 3 1 0
10 1 4 1 0
10 1 5 1 0
10 1 6 1 0
10 1 7 1 2
10 1 8 1 2
10 1 9 1 0
10 1 10 1 0
10 1 11 1 0
10 1 12 1 0
10 1 13 1 0
10 1 14 1 0
10 1 15 1 0
10 1 16 1 0
10 1 17 1 1
10 1 18 1 0
10 1 19 1 0
10 1 20 1 0
10 1 21 1 0
10 1 22 1 0
10 1 23 1 0
10 1 24 1 0
10 1 25 1 0
10 1 26 1 1
10 1 27 1 0
10 1 28 1 0
10 1 29 1 1
10 1 30 1 0
10 1 31 1 0
10 1 32 1 0
10 1 33 1 0
10 1 34 1 1
10 1 35 1 1
10 1 36 1 1
10 1 37 1 1
10 1 38 1 1
10 1 39 1 0
10 1 40 1 0
10 1 41 1 1
10 1 42 1 0
10 1 43 1 0
10 1 44 1 0
10 1 45 1 0
10 1 46 1 0
10 1 47 1 0
10 1 48 1 0
10 1 49 1 0
10 1 50 1 0
10 1 51 1 1
10 1 52 1 1
10 1 53 1 0
10 1 54 1 0
10 1 55 1 1
10 1 56 1 0
10 1 57 1 0
10 1 58 1 0
10 1 59 1 0
10 1 60 1 0
10 1 61 1 0
10 1 62 1 0
10 1 63 1 1
10 1 64 1 1
10 1 65 1 0
10 1 66 1 1
10 1 67 1 0
10 1 68 1 0
10 1 69 1 1
10 1 70 1 0
10 1 71 1 0
10 1 72 1 0
10 1 73 1 0
10 1 74 1 0
10 1 75 1 1
10 1 76 1 0
10 1 77 1 0
10 1 78 1 0
10 1 79 1 0
10 1 80 1 0
10 1 81 1 2
10 1 82 1 0
10 1 83 1 0
10 1 84 1 0
10 1 85 1 0
10 1 86 1 2
10 1 87 1 0
10 1 88 1 0
10 1 89 1 0
10 1 90 1 0
10 1 91 1 1
10 1 92 1 1
10 1 93 1 0
10 1 94 1 0
10 1 95 1 1
10 1 96 1 0
10 1 97 1 1
10 1 98 1 0
10 1 99 1 0
10 1 100 1 0
11 1 1 1 2
11 1 2 1 0
11 1 3 1 1
11 1 4 1 0
11 1 5 1 2
11 1 6 1 0
11 1 7 1 0
11 1 8 1 0
11 1 9 1 2
11 1 10 1 0
11 1 11 1 0
11 1 12 1 0
11 1 13 1 3
11 1 14 1 0
11 1 15 1 0
11 1 16 1 0
11 1 17 1 0
11 1 18 1 0
11 1 19 1 0
11 1 20 1 0
11 1 21 1 1
11 1 22 1 1
11 1 23 1 0
11 1 24 1 0
11 1 25 1 0
11 1 26 1 0
11 1 27 1 0
11 1 28 1 0
11 1 29 1 0
11 1 30 1 0
11 1 31 1 0
11 1 32 1 1
11 1 33 1 1
11 1 34 1 0
11 1 35 1 0
11 1 36 1 0
11 1 37 1 0
11 1 38 1 0
11 1 39 1 0
11 1 40 1 0
11 1 41 1 0
11 1 42 1 0
11 1 43 1 0
11 1 44 1 1
11 1 45 1 0
11 1 46 1 0
11 1 47 1 0
11 1 48 1 0
11 1 49 1 0
11 1 50 1 0
11 1 51 1 0
11 1 52 1 0
11 1 53 1 0
11 1 54 1 1
11 1 55 1 0
11 1 56 1 1
11 1 57 1 0
11 1 58 1 0
11 1 59 1 0
11 1 60 1 0
11 1 61 1 0
11 1 62 1 0
11 1 63 1 0
11 1 64 1 0
11 1 65 1 0
11 1 66 1 1
11 1 67 1 1
11 1 68 1 1
11 1 69 1 0
11 1 70 1 0
11 1 71 1 0
11 1 72 1 0
11 1 73 1 0
11 1 74 1 0
11 1 75 1 0
11 1 76 1 0
11 1 77 1 1
11 1 78 1 1
11 1 79 1 2
11 1 80 1 0
11 1 81 1 0
11 1 82 1 0
11 1 83 1 0
11 1 84 1 0
11 1 85 1 0
11 1 86 1 0
11 1 87 1 0
11 1 88 1 0
11 1 89 1 0
11 1 90 1 1
11 1 91 1 0
11 1 92 1 0
11 1 93 1 0
11 1 94 1 0
11 1 95 1 0
11 1 96 1 0
11 1 97 1 0
11 1 98 1 1
11 1 99 1 2
11 1 100 1 0
12 1 1 1 0
12 1 2 1 0
12 1 3 1 0
12 1 4 1 0
12 1 5 1 0
12 1 6 1 2
12 1 7 1 0
12 1 8 1 0
12 1 9 1 0
12 1 10 1 0
12 1 11 1 0
12 1 12 1 0
12 1 13 1 0
12 1 14 1 0
12 1 15 1 0
12 1 16 1 0
12 1 17 1 1
12 1 18 1 0
12 1 19 1 0
12 1 20 1 0
12 1 21 1 0
12 1 22 1 0
12 1 23 1 0
12 1 24 1 0
12 1 25 1 0
12 1 26 1 0
12 1 27 1 0
12 1 28 1 1
12 1 29 1 0
12 1 30 1 1
12 1 31 1 1
12 1 32 1 0
12 1 33 1 0
12 1 34 1 0
12 1 35 1 0
12 1 36 1 2
12 1 37 1 1
12 1 38 1 0
12 1 39 1 0
12 1 40 1 0
12 1 41 1 0
12 1 42 1 0
12 1 43 1 0
12 1 44 1 0
12 1 45 1 0
12 1 46 1 0
12 1 47 1 1
12 1 48 1 0
12 1 49 1 2
12 1 50 1 1
12 1 51 1 0
12 1 52 1 1
12 1 53 1 0
12 1 54 1 0
12 1 55 1 1
12 1 56 1 0
12 1 57 1 0
12 1 58 1 0
12 1 59 1 0
12 1 60 1 0
12 1 61 1 0
12 1 62 1 0
12 1 63 1 0
12 1 64 1 0
12 1 65 1 0
12 1 66 1 0
12 1 67 1 0
12 1 68 1 0
12 1 69 1 0
12 1 70 1 0
12 1 71 1 0
12 1 72 1 0
12 1 73 1 1
12 1 74 1 1
12 1 75 1 0
12 1 76 1 0
12 1 77 1 0
12 1 78 1 0
12 1 79 1 0
12 1 80 1 0
12 1 81 1 0
12 1 82 1 0
12 1 83 1 0
12 1 84 1 0
12 1 85 1 2
12 1 86 1 0
12 1 87 1 0
12 1 88 1 0
12 1 89 1 0
12 1 90 1 0
12 1 91 1 0
12 1 92 1 0
12 1 93 1 0
12 1 94 1 1
12 1 95 1 2
12 1 96 1 0
12 1 97 1 0
12 1 98 1 0
12 1 99 1 0
12 1 100 1 0
13 1 1 1 1
13 1 2 1 0
13 1 3 1 2
13 1 4 1 0
13 1 5 1 1
13 1 6 1 1
13 1 7 1 0
13 1 8 1 0
13 1 9 1 0
13 1 10 1 0
13 1 11 1 0
13 1 12 1 0
13 1 13 1 1
13 1 14 1 0
13 1 15 1 0
13 1 16 1 0
13 1 17 1 0
13 1 18 1 0
13 1 19 1 0
13 1 20 1 0
13 1 21 1 0
13 1 22 1 0
13 1 23 1 0
13 1 24 1 0
13 1 25 1 3
13 1 26 1 0
13 1 27 1 0
13 1 28 1 0
13 1 29 1 0
13 1 30 1 0
13 1 31 1 1
13 1 32 1 0
13 1 33 1 0
13 1 34 1 0
13 1 35 1 0
13 1 36 1 0
13 1 37 1 0
13 1 38 1 0
13 1 39 1 0
13 1 40 1 0
13 1 41 1 0
13 1 42 1 0
13 1 43 1 0
13 1 44 1 0
13 1 45 1 0
13 1 46 1 0
13 1 47 1 0
13 1 48 1 0
13 1 49 1 0
13 1 50 1 0
13 1 51 1 0
13 1 52 1 0
13 1 53 1 0
13 1 54 1 1
13 1 55 1 0
13 1 56 1 0
13 1 57 1 1
13 1 58 1 1
13 1 59 1 0
13 1 60 1 0
13 1 61 1 0
13 1 62 1 0
13 1 63 1 0
13 1 64 1 0
13 1 65 1 0
13 1 66 1 0
13 1 67 1 0
13 1 68 1 0
13 1 69 1 1
13 1 70 1 0
13 1 71 1 1
13 1 72 1 0
13 1 73 1 0
13 1 74 1 1
13 1 75 1 0
13 1 76 1 0
13 1 77 1 0
13 1 78 1 0
13 1 79 1 0
13 1 80 1 0
13 1 81 1 0
13 1 82 1 0
13 1 83 1 0
13 1 84 1 0
13 1 85 1 0
13 1 86 1 0
13 1 87 1 0
13 1 88 1 0
13 1 89 1 0
13 1 90 1 0
13 1 91 1 0
13 1 92 1 0
13 1 93 1 0
13 1 94 1 1
13 1 95 1 0
13 1 96 1 0
13 1 97 1 1
13 1 98 1 1
13 1 99 1 0
13 1 100 1 0
14 1 1 1 0
14 1 2 1 0
14 1 3 1 0
14 1 4 1 1
14 1 5 1 0
14 1 6 1 0
14 1 7 1 0
14 1 8 1 1
14 1 9 1 1
14 1 10 1 0
14 1 11 1 0
14 1 12 1 0
14 1 13 1 0
14 1 14 1 0
14 1 15 1 0
14 1 16 1 2
14 1 17 1 0
14 1 18 1 0
14 1 19 1 1
14 1 20 1 0
14 1 21 1 0
14 1 22 1 0
14 1 23 1 1
14 1 24 1 0
14 1 25 1 0
14 1 26 1 2
14 1 27 1 0
14 1 28 1 0
14 1 29 1 1
14 1 30 1 1
14 1 31 1 0
14 1 32 1 0
14 1 33 1 0
14 1 34 1 0
14 1 35 1 0
14 1 36 1 0
14 1 37 1 1
14 1 38 1 0
14 1 39 1 0
14 1 40 1 0
14 1 41 1 0
14 1 42 1 0
14 1 43 1 0
14 1 44 1 0
14 1 45 1 0
14 1 46 1 1
14 1 47 1 0
14 1 48 1 0
14 1 49 1 1
14 1 50 1 0
14 1 51 1 1
14 1 52 1 0
14 1 53 1 2
14 1 54 1 2
14 1 55 1 0
14 1 56 1 0
14 1 57 1 0
14 1 58 1 0
14 1 59 1 0
14 1 60 1 1
14 1 61 1 1
14 1 62 1 2
14 1 63 1 1
14 1 64 1 1
14 1 65 1 0
14 1 66 1 0
14 1 67 1 1
14 1 68 1 0
14 1 69 1 0
14 1 70 1 0
14 1 71 1 2
14 1 72 1 0
14 1 73 1 0
14 1 74 1 0
14 1 75 1 3
14 1 76 1 0
14 1 77 1 1
14 1 78 1 0
14 1 79 1 0
14 1 80 1 0
14 1 81 1 0
14 1 82 1 3
14 1 83 1 1
14 1 84 1 0
14 1 85 1 0
14 1 86 1 0
14 1 87 1 0
14 1 88 1 0
14 1 89 1 0
14 1 90 1 0
14 1 91 1 0
14 1 92 1 1
14 1 93 1 1
14 1 94 1 0
14 1 95 1 0
14 1 96 1 0
14 1 97 1 0
14 1 98 1 0
14 1 99 1 0
14 1 100 1 0
15 1 1 1 0
15 1 2 1 0
15 1 3 1 1
15 1 4 1 0
15 1 5 1 0
15 1 6 1 1
15 1 7 1 0
15 1 8 1 0
15 1 9 1 0
15 1 10 1 0
15 1 11 1 1
15 1 12 1 2
15 1 13 1 0
15 1 14 1 0
15 1 15 1 2
15 1 16 1 0
15 1 17 1 1
15 1 18 1 0
15 1 19 1 0
15 1 20 1 0
15 1 21 1 0
15 1 22 1 0
15 1 23 1 0
15 1 24 1 0
15 1 25 1 1
15 1 26 1 0
15 1 27 1 0
15 1 28 1 0
15 1 29 1 0
15 1 30 1 0
15 1 31 1 0
15 1 32 1 1
15 1 33 1 1
15 1 34 1 0
15 1 35 1 0
15 1 36 1 0
15 1 37 1 0
15 1 38 1 0
15 1 39 1 0
15 1 40 1 0
15 1 41 1 2
15 1 42 1 0
15 1 43 1 0
15 1 44 1 0
15 1 45 1 1
15 1 46 1 0
15 1 47 1 0
15 1 48 1 1
15 1 49 1 0
15 1 50 1 0
15 1 51 1 0
15 1 52 1 0
15 1 53 1 0
15 1 54 1 0
15 1 55 1 0
15 1 56 1 1
15 1 57 1 3
15 1 58 1 0
15 1 59 1 0
15 1 60 1 1
15 1 61 1 0
15 1 62 1 0
15 1 63 1 0
15 1 64 1 0
15 1 65 1 0
15 1 66 1 0
15 1 67 1 1
15 1 68 1 0
15 1 69 1 1
15 1 70 1 2
15 1 71 1 0
15 1 72 1 0
15 1 73 1 1
15 1 74 1 0
15 1 75 1 0
15 1 76 1 1
15 1 77 1 0
15 1 78 1 0
15 1 79 1 1
15 1 80 1 1
15 1 81 1 0
15 1 82 1 1
15 1 83 1 0
15 1 84 1 0
15 1 85 1 0
15 1 86 1 0
15 1 87 1 0
15 1 88 1 1
15 1 89 1 2
15 1 90 1 0
15 1 91 1 0
15 1 92 1 0
15 1 93 1 0
15 1 94 1 0
15 1 95 1 0
15 1 96 1 1
15 1 97 1 0
15 1 98 1 0
15 1 99 1 0
15 1 100 1 0
16 1 1 1 0
16 1 2 1 0
16 1 3 1 0
16 1 4 1 0
16 1 5 1 0
16 1 6 1 0
16 1 7 1 0
16 1 8 1 0
16 1 9 1 1
16 1 10 1 1
16 1 11 1 0
16 1 12 1 0
16 1 13 1 0
16 1 14 1 0
16 1 15 1 0
16 1 16 1 0
16 1 17 1 2
16 1 18 1 0
16 1 19 1 1
16 1 20 1 0
16 1 21 1 0
16 1 22 1 0
16 1 23 1 1
16 1 24 1 1
16 1 25 1 0
16 1 26 1 0
16 1 27 1 1
16 1 28 1 3
16 1 29 1 0
16 1 30 1 0
16 1 31 1 0
16 1 32 1 0
16 1 33 1 0
16 1 34 1 0
16 1 35 1 0
16 1 36 1 1
16 1 37 1 0
16 1 38 1 1
16 1 39 1 2
16 1 40 1 0
16 1 41 1 0
16 1 42 1 0
16 1 43 1 0
16 1 44 1 0
16 1 45 1 0
16 1 46 1 1
16 1 47 1 0
16 1 48 1 1
16 1 49 1 0
16 1 50 1 2
16 1 51 1 0
16 1 52 1 0
16 1 53 1 0
16 1 54 1 0
16 1 55 1 1
16 1 56 1 0
16 1 57 1 0
16 1 58 1 0
16 1 59 1 0
16 1 60 1 0
16 1 61 1 1
16 1 62 1 0
16 1 63 1 0
16 1 64 1 0
16 1 65 1 0
16 1 66 1 0
16 1 67 1 1
16 1 68 1 1
16 1 69 1 1
16 1 70 1 0
16 1 71 1 1
16 1 72 1 2
16 1 73 1 0
16 1 74 1 1
16 1 75 1 0
16 1 76 1 0
16 1 77 1 0
16 1 78 1 0
16 1 79 1 0
16 1 80 1 0
16 1 81 1 1
16 1 82 1 1
16 1 83 1 1
16 1 84 1 0
16 1 85 1 0
16 1 86 1 0
16 1 87 1 0
16 1 88 1 0
16 1 89 1 0
16 1 90 1 0
16 1 91 1 1
16 1 92 1 0
16 1 93 1 0
16 1 94 1 1
16 1 95 1 1
16 1 96 1 0
16 1 97 1 1
16 1 98 1 0
16 1 99 1 0
16 1 100 1 0
17 1 1 1 0
17 1 2 1 1
17 1 3 1 0
17 1 4 1 0
17 1 5 1 0
17 1 6 1 0
17 1 7 1 0
17 1 8 1 0
17 1 9 1 0
17 1 10 1 0
17 1 11 1 1
17 1 12 1 0
17 1 13 1 1
17 1 14 1 0
17 1 15 1 0
17 1 16 1 0
17 1 17 1 0
17 1 18 1 1
17 1 19 1 0
17 1 20 1 0
17 1 21 1 0
17 1 22 1 3
17 1 23 1 0
17 1 24 1 2
17 1 25 1 2
17 1 26 1 0
17 1 27 1 0
17 1 28 1 0
17 1 29 1 0
17 1 30 1 1
17 1 31 1 1
17 1 32 1 2
17 1 33 1 0
17 1 34 1 1
17 1 35 1 2
17 1 36 1 0
17 1 37 1 0
17 1 38 1 1
17 1 39 1 0
17 1 40 1 0
17 1 41 1 0
17 1 42 1 0
17 1 43 1 1
17 1 44 1 0
17 1 45 1 0
17 1 46 1 0
17 1 47 1 0
17 1 48 1 0
17 1 49 1 0
17 1 50 1 0
17 1 51 1 0
17 1 52 1 0
17 1 53 1 0
17 1 54 1 0
17 1 55 1 0
17 1 56 1 1
17 1 57 1 2
17 1 58 1 0
17 1 59 1 0
17 1 60 1 1
17 1 61 1 0
17 1 62 1 0
17 1 63 1 0
17 1 64 1 0
17 1 65 1 0
17 1 66 1 0
17 1 67 1 0
17 1 68 1 0
17 1 69 1 0
17 1 70 1 0
17 1 71 1 0
17 1 72 1 0
17 1 73 1 0
17 1 74 1 0
17 1 75 1 0
17 1 76 1 0
17 1 77 1 0
17 1 78 1 2
17 1 79 1 0
17 1 80 1 0
17 1 81 1 0
17 1 82 1 0
17 1 83 1 0
17 1 84 1 0
17 1 85 1 0
17 1 86 1 1
17 1 87 1 1
17 1 88 1 1
17 1 89 1 0
17 1 90 1 1
17 1 91 1 0
17 1 92 1 0
17 1 93 1 0
17 1 94 1 0
17 1 95 1 0
17 1 96 1 1
17 1 97 1 0
17 1 98 1 1
17 1 99 1 1
17 1 100 1 1
18 1 1 1 0
18 1 2 1 0
18 1 3 1 0
18 1 4 1 0
18 1 5 1 1
18 1 6 1 0
18 1 7 1 0
18 1 8 1 1
18 1 9 1 1
18 1 10 1 1
18 1 11 1 1
18 1 12 1 0
18 1 13 1 0
18 1 14 1 1
18 1 15 1 0
18 1 16 1 0
18 1 17 1 2
18 1 18 1 0
18 1 19 1 0
18 1 20 1 2
18 1 21 1 0
18 1 22 1 0
18 1 23 1 0
18 1 24 1 0
18 1 25 1 0
18 1 26 1 0
18 1 27 1 0
18 1 28 1 0
18 1 29 1 2
18 1 30 1 1
18 1 31 1 0
18 1 32 1 0
18 1 33 1 0
18 1 34 1 0
18 1 35 1 0
18 1 36 1 0
18 1 37 1 0
18 1 38 1 1
18 1 39 1 1
18 1 40 1 1
18 1 41 1 0
18 1 42 1 0
18 1 43 1 1
18 1 44 1 0
18 1 45 1 1
18 1 46 1 0
18 1 47 1 0
18 1 48 1 1
18 1 49 1 0
18 1 50 1 1
18 1 51 1 1
18 1 52 1 1
18 1 53 1 0
18 1 54 1 0
18 1 55 1 1
18 1 56 1 0
18 1 57 1 0
18 1 58 1 0
18 1 59 1 1
18 1 60 1 0
18 1 61 1 0
18 1 62 1 1
18 1 63 1 0
18 1 64 1 1
18 1 65 1 0
18 1 66 1 0
18 1 67 1 0
18 1 68 1 0
18 1 69 1 0
18 1 70 1 0
18 1 71 1 0
18 1 72 1 0
18 1 73 1 1
18 1 74 1 1
18 1 75 1 0
18 1 76 1 0
18 1 77 1 0
18 1 78 1 0
18 1 79 1 0
18 1 80 1 0
18 1 81 1 2
18 1 82 1 0
18 1 83 1 1
18 1 84 1 1
18 1 85 1 0
18 1 86 1 0
18 1 87 1 0
18 1 88 1 0
18 1 89 1 0
18 1 90 1 0
18 1 91 1 1
18 1 92 1 0
18 1 93 1 1
18 1 94 1 0
18 1 95 1 1
18 1 96 1 0
18 1 97 1 0
18 1 98 1 0
18 1 99 1 0
18 1 100 1 0
19 1 1 1 0
19 1 2 1 1
19 1 3 1 0
19 1 4 1 0
19 1 5 1 0
19 1 6 1 0
19 1 7 1 0
19 1 8 1 1
19 1 9 1 0
19 1 10 1 0
19 1 11 1 1
19 1 12 1 1
19 1 13 1 0
19 1 14 1 0
19 1 15 1 0
19 1 16 1 0
19 1 17 1 0
19 1 18 1 0
19 1 19 1 0
19 1 20 1 0
19 1 21 1 0
19 1 22 1 0
19 1 23 1 0
19 1 24 1 0
19 1 25 1 0
19 1 26 1 0
19 1 27 1 0
19 1 28 1 0
19 1 29 1 0
19 1 30 1 0
19 1 31 1 0
19 1 32 1 1
19 1 33 1 3
19 1 34 1 0
19 1 35 1 0
19 1 36 1 0
19 1 37 1 0
19 1 38 1 0
19 1 39 1 0
19 1 40 1 0
19 1 41 1 1
19 1 42 1 1
19 1 43 1 0
19 1 44 1 0
19 1 45 1 1
19 1 46 1 0
19 1 47 1 0
19 1 48 1 0
19 1 49 1 0
19 1 50 1 0
19 1 51 1 0
19 1 52 1 0
19 1 53 1 0
19 1 54 1 0
19 1 55 1 0
19 1 56 1 1
19 1 57 1 1
19 1 58 1 0
19 1 59 1 0
19 1 60 1 2
19 1 61 1 0
19 1 62 1 0
19 1 63 1 0
19 1 64 1 0
19 1 65 1 0
19 1 66 1 1
19 1 67 1 0
19 1 68 1 1
19 1 69 1 1
19 1 70 1 0
19 1 71 1 0
19 1 72 1 1
19 1 73 1 0
19 1 74 1 0
19 1 75 1 0
19 1 76 1 0
19 1 77 1 1
19 1 78 1 0
19 1 79 1 0
19 1 80 1 1
19 1 81 1 0
19 1 82 1 0
19 1 83 1 0
19 1 84 1 0
19 1 85 1 0
19 1 86 1 1
19 1 87 1 1
19 1 88 1 1
19 1 89 1 1
19 1 90 1 0
19 1 91 1 0
19 1 92 1 0
19 1 93 1 1
19 1 94 1 0
19 1 95 1 0
19 1 96 1 1
19 1 97 1 0
19 1 98 1 1
19 1 99 1 0
19 1 100 1 0
20 1 1 1 0
20 1 2 1 0
20 1 3 1 0
20 1 4 1 0
20 1 5 1 0
20 1 6 1 1
20 1 7 1 0
20 1 8 1 1
20 1 9 1 1
20 1 10 1 0
20 1 11 1 0
20 1 12 1 0
20 1 13 1 0
20 1 14 1 0
20 1 15 1 0
20 1 16 1 0
20 1 17 1 0
20 1 18 1 1
20 1 19 1 0
20 1 20 1 3
20 1 21 1 0
20 1 22 1 0
20 1 23 1 0
20 1 24 1 0
20 1 25 1 0
20 1 26 1 0
20 1 27 1 1
20 1 28 1 1
20 1 29 1 0
20 1 30 1 1
20 1 31 1 0
20 1 32 1 0
20 1 33 1 0
20 1 34 1 0
20 1 35 1 1
20 1 36 1 0
20 1 37 1 0
20 1 38 1 0
20 1 39 1 0
20 1 40 1 0
20 1 41 1 0
20 1 42 1 0
20 1 43 1 0
20 1 44 1 1
20 1 45 1 0
20 1 46 1 1
20 1 47 1 0
20 1 48 1 0
20 1 49 1 1
20 1 50 1 1
20 1 51 1 0
20 1 52 1 0
20 1 53 1 1
20 1 54 1 0
20 1 55 1 0
20 1 56 1 0
20 1 57 1 0
20 1 58 1 0
20 1 59 1 0
20 1 60 1 0
20 1 61 1 0
20 1 62 1 1
20 1 63 1 0
20 1 64 1 0
20 1 65 1 0
20 1 66 1 0
20 1 67 1 0
20 1 68 1 0
20 1 69 1 0
20 1 70 1 0
20 1 71 1 2
20 1 72 1 0
20 1 73 1 0
20 1 74 1 2
20 1 75 1 0
20 1 76 1 0
20 1 77 1 0
20 1 78 1 0
20 1 79 1 0
20 1 80 1 0
20 1 81 1 1
20 1 82 1 0
20 1 83 1 0
20 1 84 1 0
20 1 85 1 0
20 1 86 1 0
20 1 87 1 1
20 1 88 1 0
20 1 89 1 0
20 1 90 1 0
20 1 91 1 0
20 1 92 1 1
20 1 93 1 1
20 1 94 1 0
20 1 95 1 0
20 1 96 1 0
20 1 97 1 0
20 1 98 1 0
20 1 99 1 0
20 1 100 1 0
21 1 1 1 1
21 1 2 1 1
21 1 3 1 0
21 1 4 1 1
21 1 5 1 2
21 1 6 1 0
21 1 7 1 1
21 1 8 1 0
21 1 9 1 0
21 1 10 1 0
21 1 11 1 1
21 1 12 1 0
21 1 13 1 1
21 1 14 1 2
21 1 15 1 0
21 1 16 1 0
21 1 17 1 0
21 1 18 1 0
21 1 19 1 0
21 1 20 1 0
21 1 21 1 1
21 1 22 1 2
21 1 23 1 0
21 1 24 1 0
21 1 25 1 1
21 1 26 1 0
21 1 27 1 0
21 1 28 1 1
21 1 29 1 0
21 1 30 1 0
21 1 31 1 0
21 1 32 1 1
21 1 33 1 0
21 1 34 1 0
21 1 35 1 0
21 1 36 1 0
21 1 37 1 0
21 1 38 1 0
21 1 39 1 0
21 1 40 1 0
21 1 41 1 0
21 1 42 1 0
21 1 43 1 0
21 1 44 1 1
21 1 45 1 1
21 1 46 1 0
21 1 47 1 0
21 1 48 1 0
21 1 49 1 0
21 1 50 1 0
21 1 51 1 0
21 1 52 1 1
21 1 53 1 0
21 1 54 1 1
21 1 55 1 0
21 1 56 1 1
21 1 57 1 0
21 1 58 1 2
21 1 59 1 1
21 1 60 1 0
21 1 61 1 0
21 1 62 1 0
21 1 63 1 0
21 1 64 1 0
21 1 65 1 0
21 1 66 1 1
21 1 67 1 1
21 1 68 1 0
21 1 69 1 2
21 1 70 1 2
21 1 71 1 1
21 1 72 1 1
21 1 73 1 0
21 1 74 1 0
21 1 75 1 1
21 1 76 1 0
21 1 77 1 0
21 1 78 1 0
21 1 79 1 0
21 1 80 1 1
21 1 81 1 0
21 1 82 1 0
21 1 83 1 0
21 1 84 1 1
21 1 85 1 0
21 1 86 1 0
21 1 87 1 0
21 1 88 1 2
21 1 89 1 0
21 1 90 1 0
21 1 91 1 0
21 1 92 1 0
21 1 93 1 0
21 1 94 1 0
21 1 95 1 0
21 1 96 1 0
21 1 97 1 0
21 1 98 1 1
21 1 99 1 0
21 1 100 1 0
22 1 1 1 0
22 1 2 1 0
22 1 3 1 0
22 1 4 1 0
22 1 5 1 0
22 1 6 1 1
22 1 7 1 0
22 1 8 1 1
22 1 9 1 0
22 1 10 1 0
22 1 11 1 0
22 1 12 1 0
22 1 13 1 0
22 1 14 1 0
22 1 15 1 0
22 1 16 1 1
22 1 17 1 0
22 1 18 1 0
22 1 19 1 0
22 1 20 1 3
22 1 21 1 0
22 1 22 1 0
22 1 23 1 0
22 1 24 1 0
22 1 25 1 0
22 1 26 1 1
22 1 27 1 0
22 1 28 1 0
22 1 29 1 0
22 1 30 1 0
22 1 31 1 0
22 1 32 1 0
22 1 33 1 0
22 1 34 1 0
22 1 35 1 0
22 1 36 1 0
22 1 37 1 1
22 1 38 1 0
22 1 39 1 0
22 1 40 1 1
22 1 41 1 0
22 1 42 1 0
22 1 43 1 0
22 1 44 1 0
22 1 45 1 0
22 1 46 1 1
22 1 47 1 0
22 1 48 1 1
22 1 49 1 1
22 1 50 1 0
22 1 51 1 0
22 1 52 1 0
22 1 53 1 1
22 1 54 1 1
22 1 55 1 0
22 1 56 1 0
22 1 57 1 0
22 1 58 1 0
22 1 59 1 0
22 1 60 1 1
22 1 61 1 0
22 1 62 1 0
22 1 63 1 1
22 1 64 1 1
22 1 65 1 1
22 1 66 1 0
22 1 67 1 0
22 1 68 1 0
22 1 69 1 0
22 1 70 1 0
22 1 71 1 0
22 1 72 1 0
22 1 73 1 1
22 1 74 1 1
22 1 75 1 0
22 1 76 1 1
22 1 77 1 1
22 1 78 1 0
22 1 79 1 0
22 1 80 1 1
22 1 81 1 1
22 1 82 1 2
22 1 83 1 0
22 1 84 1 0
22 1 85 1 1
22 1 86 1 0
22 1 87 1 1
22 1 88 1 0
22 1 89 1 0
22 1 90 1 0
22 1 91 1 2
22 1 92 1 1
22 1 93 1 0
22 1 94 1 0
22 1 95 1 0
22 1 96 1 0
22 1 97 1 0
22 1 98 1 0
22 1 99 1 0
22 1 100 1 0
23 1 1 1 0
23 1 2 1 0
23 1 3 1 0
23 1 4 1 0
23 1 5 1 0
23 1 6 1 0
23 1 7 1 0
23 1 8 1 0
23 1 9 1 0
23 1 10 1 0
23 1 11 1 0
23 1 12 1 0
23 1 13 1 0
23 1 14 1 0
23 1 15 1 0
23 1 16 1 0
23 1 17 1 0
23 1 18 1 0
23 1 19 1 0
23 1 20 1 0
23 1 21 1 2
23 1 22 1 0
23 1 23 1 1
23 1 24 1 2
23 1 25 1 0
23 1 26 1 0
23 1 27 1 0
23 1 28 1 0
23 1 29 1 0
23 1 30 1 0
23 1 31 1 0
23 1 32 1 0
23 1 33 1 2
23 1 34 1 1
23 1 35 1 1
23 1 36 1 0
23 1 37 1 0
23 1 38 1 0
23 1 39 1 0
23 1 40 1 0
23 1 41 1 1
23 1 42 1 0
23 1 43 1 0
23 1 44 1 0
23 1 45 1 0
23 1 46 1 0
23 1 47 1 1
23 1 48 1 0
23 1 49 1 0
23 1 50 1 1
23 1 51 1 0
23 1 52 1 0
23 1 53 1 0
23 1 54 1 0
23 1 55 1 0
23 1 56 1 0
23 1 57 1 3
23 1 58 1 0
23 1 59 1 0
23 1 60 1 1
23 1 61 1 0
23 1 62 1 0
23 1 63 1 0
23 1 64 1 0
23 1 65 1 0
23 1 66 1 0
23 1 67 1 1
23 1 68 1 0
23 1 69 1 0
23 1 70 1 0
23 1 71 1 0
23 1 72 1 0
23 1 73 1 0
23 1 74 1 0
23 1 75 1 0
23 1 76 1 0
23 1 77 1 0
23 1 78 1 1
23 1 79 1 1
23 1 80 1 2
23 1 81 1 0
23 1 82 1 0
23 1 83 1 0
23 1 84 1 0
23 1 85 1 0
23 1 86 1 0
23 1 87 1 0
23 1 88 1 0
23 1 89 1 0
23 1 90 1 0
23 1 91 1 0
23 1 92 1 0
23 1 93 1 0
23 1 94 1 0
23 1 95 1 0
23 1 96 1 0
23 1 97 1 1
23 1 98 1 1
23 1 99 1 1
23 1 100 1 1
24 1 1 1 0
24 1 2 1 0
24 1 3 1 0
24 1 4 1 0
24 1 5 1 0
24 1 6 1 1
24 1 7 1 1
24 1 8 1 0
24 1 9 1 1
24 1 10 1 1
24 1 11 1 0
24 1 12 1 0
24 1 13 1 0
24 1 14 1 1
24 1 15 1 0
24 1 16 1 0
24 1 17 1 1
24 1 18 1 0
24 1 19 1 0
24 1 20 1 1
24 1 21 1 0
24 1 22 1 0
24 1 23 1 0
24 1 24 1 0
24 1 25 1 0
24 1 26 1 0
24 1 27 1 0
24 1 28 1 0
24 1 29 1 1
24 1 30 1 0
24 1 31 1 0
24 1 32 1 0
24 1 33 1 0
24 1 34 1 0
24 1 35 1 1
24 1 36 1 0
24 1 37 1 0
24 1 38 1 0
24 1 39 1 0
24 1 40 1 1
24 1 41 1 0
24 1 42 1 0
24 1 43 1 0
24 1 44 1 0
24 1 45 1 0
24 1 46 1 0
24 1 47 1 0
24 1 48 1 1
24 1 49 1 0
24 1 50 1 0
24 1 51 1 0
24 1 52 1 1
24 1 53 1 3
24 1 54 1 0
24 1 55 1 0
24 1 56 1 0
24 1 57 1 1
24 1 58 1 0
24 1 59 1 0
24 1 60 1 0
24 1 61 1 0
24 1 62 1 1
24 1 63 1 0
24 1 64 1 0
24 1 65 1 1
24 1 66 1 0
24 1 67 1 0
24 1 68 1 0
24 1 69 1 0
24 1 70 1 0
24 1 71 1 2
24 1 72 1 1
24 1 73 1 0
24 1 74 1 0
24 1 75 1 0
24 1 76 1 0
24 1 77 1 0
24 1 78 1 0
24 1 79 1 0
24 1 80 1 1
24 1 81 1 0
24 1 82 1 0
24 1 83 1 0
24 1 84 1 0
24 1 85 1 0
24 1 86 1 1
24 1 87 1 0
24 1 88 1 0
24 1 89 1 0
24 1 90 1 0
24 1 91 1 1
24 1 92 1 1
24 1 93 1 0
24 1 94 1 0
24 1 95 1 2
24 1 96 1 0
24 1 97 1 0
24 1 98 1 0
24 1 99 1 0
24 1 100 1 0
25 1 1 1 0
25 1 2 1 0
25 1 3 1 1
25 1 4 1 1
25 1 5 1 0
25 1 6 1 0
25 1 7 1 0
25 1 8 1 0
25 1 9 1 0
25 1 10 1 1
25 1 11 1 0
25 1 12 1 2
25 1 13 1 0
25 1 14 1 2
25 1 15 1 0
25 1 16 1 0
25 1 17 1 0
25 1 18 1 0
25 1 19 1 0
25 1 20 1 0
25 1 21 1 2
25 1 22 1 0
25 1 23 1 0
25 1 24 1 0
25 1 25 1 1
25 1 26 1 0
25 1 27 1 0
25 1 28 1 0
25 1 29 1 0
25 1 30 1 0
25 1 31 1 2
25 1 32 1 0
25 1 33 1 1
25 1 34 1 2
25 1 35 1 0
25 1 36 1 0
25 1 37 1 0
25 1 38 1 0
25 1 39 1 0
25 1 40 1 0
25 1 41 1 1
25 1 42 1 0
25 1 43 1 0
25 1 44 1 1
25 1 45 1 1
25 1 46 1 0
25 1 47 1 0
25 1 48 1 0
25 1 49 1 0
25 1 50 1 0
25 1 51 1 0
25 1 52 1 0
25 1 53 1 0
25 1 54 1 0
25 1 55 1 0
25 1 56 1 1
25 1 57 1 0
25 1 58 1 0
25 1 59 1 1
25 1 60 1 3
25 1 61 1 0
25 1 62 1 0
25 1 63 1 0
25 1 64 1 0
25 1 65 1 1
25 1 66 1 0
25 1 67 1 0
25 1 68 1 2
25 1 69 1 0
25 1 70 1 2
25 1 71 1 1
25 1 72 1 0
25 1 73 1 0
25 1 74 1 0
25 1 75 1 0
25 1 76 1 2
25 1 77 1 0
25 1 78 1 0
25 1 79 1 0
25 1 80 1 0
25 1 81 1 0
25 1 82 1 0
25 1 83 1 0
25 1 84 1 0
25 1 85 1 0
25 1 86 1 0
25 1 87 1 1
25 1 88 1 1
25 1 89 1 0
25 1 90 1 0
25 1 91 1 0
25 1 92 1 0
25 1 93 1 0
25 1 94 1 0
25 1 95 1 0
25 1 96 1 0
25 1 97 1 0
25 1 98 1 1
25 1 99 1 0
25 1 100 1 0
26 1 1 1 0
26 1 2 1 0
26 1 3 1 0
26 1 4 1 0
26 1 5 1 0
26 1 6 1 0
26 1 7 1 0
26 1 8 1 0
26 1 9 1 0
26 1 10 1 0
26 1 11 1 0
26 1 12 1 0
26 1 13 1 0
26 1 14 1 0
26 1 15 1 0
26 1 16 1 0
26 1 17 1 1
26 1 18 1 0
26 1 19 1 0
26 1 20 1 1
26 1 21 1 1
26 1 22 1 0
26 1 23 1 0
26 1 24 1 0
26 1 25 1 0
26 1 26 1 2
26 1 27 1 1
26 1 28 1 0
26 1 29 1 0
26 1 30 1 0
26 1 31 1 0
26 1 32 1 0
26 1 33 1 0
26 1 34 1 0
26 1 35 1 0
26 1 36 1 0
26 1 37 1 2
26 1 38 1 1
26 1 39 1 0
26 1 40 1 1
26 1 41 1 0
26 1 42 1 0
26 1 43 1 1
26 1 44 1 0
26 1 45 1 0
26 1 46 1 0
26 1 47 1 1
26 1 48 1 1
26 1 49 1 1
26 1 50 1 2
26 1 51 1 1
26 1 52 1 1
26 1 53 1 1
26 1 54 1 0
26 1 55 1 2
26 1 56 1 0
26 1 57 1 0
26 1 58 1 0
26 1 59 1 0
26 1 60 1 0
26 1 61 1 1
26 1 62 1 1
26 1 63 1 0
26 1 64 1 0
26 1 65 1 2
26 1 66 1 0
26 1 67 1 1
26 1 68 1 0
26 1 69 1 0
26 1 70 1 0
26 1 71 1 0
26 1 72 1 0
26 1 73 1 0
26 1 74 1 0
26 1 75 1 0
26 1 76 1 1
26 1 77 1 0
26 1 78 1 0
26 1 79 1 0
26 1 80 1 0
26 1 81 1 0
26 1 82 1 1
26 1 83 1 0
26 1 84 1 0
26 1 85 1 0
26 1 86 1 0
26 1 87 1 0
26 1 88 1 0
26 1 89 1 0
26 1 90 1 0
26 1 91 1 1
26 1 92 1 0
26 1 93 1 0
26 1 94 1 0
26 1 95 1 1
26 1 96 1 0
26 1 97 1 0
26 1 98 1 0
26 1 99 1 0
26 1 100 1 0
27 1 1 1 0
27 1 2 1 0
27 1 3 1 1
27 1 4 1 0
27 1 5 1 0
27 1 6 1 0
27 1 7 1 0
27 1 8 1 0
27 1 9 1 1
27 1 10 1 0
27 1 11 1 0
27 1 12 1 0
27 1 13 1 0
27 1 14 1 1
27 1 15 1 2
27 1 16 1 0
27 1 17 1 0
27 1 18 1 0
27 1 19 1 0
27 1 20 1 0
27 1 21 1 0
27 1 22 1 0
27 1 23 1 0
27 1 24 1 0
27 1 25 1 1
27 1 26 1 0
27 1 27 1 0
27 1 28 1 1
27 1 29 1 0
27 1 30 1 0
27 1 31 1 0
27 1 32 1 1
27 1 33 1 1
27 1 34 1 1
27 1 35 1 0
27 1 36 1 1
27 1 37 1 0
27 1 38 1 0
27 1 39 1 0
27 1 40 1 0
27 1 41 1 1
27 1 42 1 1
27 1 43 1 0
27 1 44 1 2
27 1 45 1 0
27 1 46 1 0
27 1 47 1 0
27 1 48 1 0
27 1 49 1 0
27 1 50 1 0
27 1 51 1 0
27 1 52 1 0
27 1 53 1 0
27 1 54 1 0
27 1 55 1 0
27 1 56 1 0
27 1 57 1 2
27 1 58 1 0
27 1 59 1 0
27 1 60 1 1
27 1 61 1 0
27 1 62 1 0
27 1 63 1 1
27 1 64 1 0
27 1 65 1 0
27 1 66 1 0
27 1 67 1 0
27 1 68 1 2
27 1 69 1 2
27 1 70 1 1
27 1 71 1 0
27 1 72 1 0
27 1 73 1 0
27 1 74 1 0
27 1 75 1 0
27 1 76 1 0
27 1 77 1 0
27 1 78 1 1
27 1 79 1 1
27 1 80 1 1
27 1 81 1 0
27 1 82 1 0
27 1 83 1 0
27 1 84 1 0
27 1 85 1 0
27 1 86 1 0
27 1 87 1 0
27 1 88 1 0
27 1 89 1 2
27 1 90 1 1
27 1 91 1 1
27 1 92 1 0
27 1 93 1 0
27 1 94 1 0
27 1 95 1 0
27 1 96 1 0
27 1 97 1 0
27 1 98 1 1
27 1 99 1 0
27 1 100 1 1
28 1 1 1 0
28 1 2 1 0
28 1 3 1 0
28 1 4 1 0
28 1 5 1 0
28 1 6 1 0
28 1 7 1 0
28 1 8 1 0
28 1 9 1 0
28 1 10 1 0
28 1 11 1 0
28 1 12 1 0
28 1 13 1 0
28 1 14 1 0
28 1 15 1 0
28 1 16 1 1
28 1 17 1 2
28 1 18 1 1
28 1 19 1 1
28 1 20 1 0
28 1 21 1 0
28 1 22 1 0
28 1 23 1 0
28 1 24 1 1
28 1 25 1 0
28 1 26 1 1
28 1 27 1 0
28 1 28 1 2
28 1 29 1 0
28 1 30 1 1
28 1 31 1 0
28 1 32 1 0
28 1 33 1 0
28 1 34 1 0
28 1 35 1 0
28 1 36 1 1
28 1 37 1 0
28 1 38 1 1
28 1 39 1 0
28 1 40 1 3
28 1 41 1 0
28 1 42 1 0
28 1 43 1 0
28 1 44 1 0
28 1 45 1 1
28 1 46 1 0
28 1 47 1 1
28 1 48 1 2
28 1 49 1 0
28 1 50 1 0
28 1 51 1 0
28 1 52 1 1
28 1 53 1 0
28 1 54 1 1
28 1 55 1 0
28 1 56 1 0
28 1 57 1 0
28 1 58 1 0
28 1 59 1 0
28 1 60 1 0
28 1 61 1 0
28 1 62 1 0
28 1 63 1 2
28 1 64 1 2
28 1 65 1 1
28 1 66 1 1
28 1 67 1 0
28 1 68 1 0
28 1 69 1 0
28 1 70 1 0
28 1 71 1 0
28 1 72 1 0
28 1 73 1 1
28 1 74 1 0
28 1 75 1 0
28 1 76 1 0
28 1 77 1 0
28 1 78 1 0
28 1 79 1 0
28 1 80 1 0
28 1 81 1 0
28 1 82 1 1
28 1 83 1 1
28 1 84 1 0
28 1 85 1 1
28 1 86 1 0
28 1 87 1 0
28 1 88 1 0
28 1 89 1 0
28 1 90 1 0
28 1 91 1 2
28 1 92 1 2
28 1 93 1 0
28 1 94 1 1
28 1 95 1 0
28 1 96 1 0
28 1 97 1 0
28 1 98 1 0
28 1 99 1 1
28 1 100 1 0