76 0
0 -23.050913 -43.660100  1 4.317 6 0.684 7 5.055 
1 -23.050481 -43.617899  2 6.052 0 4.317 7 1.625 8 7.128 6 4.333 
2 -23.059010 -43.559467  3 4.963 1 6.052 8 3.089 9 8.115 7 6.043 
3 -23.063005 -43.511148  2 4.963 9 4.691 10 9.395 8 5.322 
4 -23.070314 -43.194783  5 5.134 13 4.353 12 11.524 
5 -23.062390 -43.145341  4 5.134 13 6.485 
6 -23.044771 -43.659798  7 4.852 14 6.769 0 0.684 15 6.884 1 4.333 
7 -23.036511 -43.613234  8 6.376 6 4.852 15 4.427 1 1.625 16 7.633 2 6.043 14 8.505 0 5.055 
8 -23.032320 -43.551082  9 6.431 7 6.376 16 3.739 2 3.089 17 8.076 3 5.322 15 7.829 1 7.128 
9 -23.026280 -43.488572  10 5.711 8 6.431 17 3.161 3 4.691 18 8.445 16 7.085 2 8.115 
10 -23.017878 -43.433506  11 12.798 9 5.711 18 3.106 19 9.774 17 5.320 3 9.395 
11 -23.028159 -43.308931  12 1.238 10 12.798 19 4.743 20 4.973 18 11.042 
12 -23.026635 -43.296941  13 10.033 11 1.238 20 4.114 21 9.531 4 11.524 19 5.553 
13 -23.031352 -43.199014  12 10.033 21 5.316 4 4.353 5 6.485 20 8.944 
14 -22.985568 -43.675233  15 6.072 23 2.736 6 6.769 24 6.019 7 8.505 22 6.912 
15 -22.996862 -43.617185  16 6.778 14 6.072 24 3.562 7 4.427 25 7.646 8 7.829 23 8.084 6 6.884 
16 -22.998688 -43.550981  17 7.149 15 6.778 25 3.745 8 3.739 26 8.072 9 7.085 24 8.072 7 7.633 
17 -22.998688 -43.481124  18 7.090 16 7.149 26 3.745 9 3.161 27 8.072 10 5.320 25 8.072 8 8.076 
18 -22.998309 -43.411847  19 7.282 17 7.090 27 3.704 10 3.106 28 8.105 11 11.042 26 8.000 9 8.445 
19 -22.997102 -43.340704  20 6.549 18 7.282 28 3.570 11 4.743 29 7.927 12 5.553 27 8.056 10 9.774 
20 -22.994623 -43.276775  21 6.395 19 6.549 29 3.336 12 4.114 30 8.052 13 8.944 28 7.390 11 4.973 
21 -22.985862 -43.215016  20 6.395 30 2.626 13 5.316 31 6.527 29 6.235 12 9.531 
22 -22.952204 -43.732209  23 4.755 32 3.446 33 4.843 14 6.912 
23 -22.963687 -43.687467  24 6.822 22 4.755 33 3.614 14 2.736 34 7.713 15 8.084 32 7.840 
24 -22.965001 -43.620839  25 7.151 23 6.822 34 3.745 15 3.562 35 8.073 16 8.072 33 8.073 14 6.019 
25 -22.965001 -43.550981  26 7.151 24 7.151 35 3.745 16 3.745 36 8.073 17 8.072 34 8.073 15 7.646 
26 -22.965001 -43.481124  27 7.151 25 7.151 36 3.745 17 3.745 37 8.073 18 8.000 35 8.073 16 8.072 
27 -22.965001 -43.411267  28 7.151 26 7.151 37 3.745 18 3.704 38 8.073 19 8.056 36 8.073 17 8.072 
28 -22.965001 -43.341410  29 7.151 27 7.151 38 3.745 19 3.570 39 8.073 20 7.390 37 8.073 18 8.105 
29 -22.965001 -43.271553  30 6.761 28 7.151 39 3.745 20 3.336 40 7.883 21 6.235 38 8.073 19 7.927 
30 -22.963923 -43.205520  31 4.711 29 6.761 40 3.662 21 2.626 41 5.551 39 7.671 20 8.052 
31 -22.955555 -43.160405  30 4.711 41 1.851 40 5.229 21 6.527 
32 -22.928396 -43.753767  33 6.466 42 3.072 22 3.446 43 7.309 23 7.840 
33 -22.931314 -43.690696  34 7.153 32 6.466 43 3.745 23 3.614 44 8.075 24 8.073 42 7.259 22 4.843 
34 -22.931314 -43.620839  35 7.153 33 7.153 44 3.745 24 3.745 45 8.075 25 8.073 43 8.075 23 7.713 
35 -22.931314 -43.550981  36 7.153 34 7.153 45 3.745 25 3.745 46 8.075 26 8.073 44 8.075 24 8.073 
36 -22.931314 -43.481124  37 7.153 35 7.153 46 3.745 26 3.745 47 8.075 27 8.073 45 8.075 25 8.073 
37 -22.931314 -43.411267  38 7.153 36 7.153 47 3.745 27 3.745 48 8.075 28 8.073 46 8.075 26 8.073 
38 -22.931314 -43.341410  39 7.153 37 7.153 48 3.745 28 3.745 49 8.075 29 8.073 47 8.075 27 8.073 
39 -22.931314 -43.271553  40 6.919 38 7.153 49 3.745 29 3.745 50 7.426 30 7.671 48 8.075 28 8.073 
40 -22.931015 -43.203977  41 4.736 39 6.919 50 3.321 30 3.662 51 4.753 31 5.229 49 7.853 29 7.883 
41 -22.938997 -43.158541  40 4.736 51 3.298 31 1.851 50 6.483 30 5.551 
42 -22.900772 -43.753351  43 6.426 52 3.043 32 3.072 53 7.429 33 7.259 
43 -22.897626 -43.690696  44 7.155 42 6.426 53 2.730 33 3.745 54 7.901 34 8.075 52 5.109 32 7.309 
44 -22.897626 -43.620839  45 7.155 43 7.155 54 3.144 34 3.745 55 8.076 35 8.075 53 7.321 33 8.075 
45 -22.897626 -43.550981  46 7.155 44 7.155 55 3.745 35 3.745 56 8.071 36 8.075 54 7.728 34 8.075 
46 -22.897626 -43.481124  47 7.155 45 7.155 56 3.742 36 3.745 57 8.076 37 8.075 55 8.076 35 8.075 
47 -22.897626 -43.411267  48 7.155 46 7.155 57 3.745 37 3.745 58 8.076 38 8.075 56 8.079 36 8.075 
48 -22.897626 -43.341410  49 7.155 47 7.155 58 3.745 38 3.745 59 8.049 39 8.075 57 8.076 37 8.075 
49 -22.897626 -43.271553  50 6.644 48 7.155 59 3.736 39 3.745 60 5.883 40 7.853 58 8.076 38 8.075 
50 -22.901257 -43.206797  51 4.510 49 6.644 60 4.091 40 3.321 41 6.483 59 7.841 39 7.426 
51 -22.909717 -43.163732  50 4.510 41 3.298 60 7.716 40 4.753 
52 -22.878517 -43.736059  53 5.034 42 3.043 43 5.109 
53 -22.873276 -43.687244  54 6.911 52 5.034 43 2.730 61 10.754 44 7.321 42 7.429 
54 -22.869364 -43.619916  55 7.087 53 6.911 61 4.420 44 3.144 62 8.328 45 7.728 43 7.901 
55 -22.863939 -43.550981  56 7.152 54 7.087 62 2.988 45 3.745 63 6.596 46 8.076 61 4.398 44 8.076 
56 -22.863968 -43.481167  57 7.161 55 7.152 63 3.543 46 3.742 64 8.862 47 8.079 62 7.307 45 8.071 
57 -22.863939 -43.411267  58 7.156 56 7.161 64 3.541 47 3.745 65 8.078 48 8.076 63 9.167 46 8.076 
58 -22.863939 -43.341410  59 7.130 57 7.156 65 3.745 48 3.745 66 7.794 49 8.076 64 7.006 47 8.076 
59 -22.864024 -43.271809  60 4.923 58 7.130 66 3.737 49 3.736 67 8.382 50 7.841 65 8.059 48 8.049 
60 -22.868022 -43.223951  59 4.923 67 5.453 50 4.091 68 8.176 51 7.716 66 6.653 49 5.883 
61 -22.843133 -43.587496  62 4.258 54 4.420 55 4.398 53 10.754 
62 -22.837398 -43.546404  63 5.281 61 4.258 55 2.988 56 7.307 54 8.328 
63 -22.834734 -43.494941  64 9.600 62 5.281 56 3.543 69 12.076 57 9.167 55 6.596 
64 -22.833455 -43.401258  65 6.143 63 9.600 69 3.235 57 3.541 70 7.064 58 7.006 56 8.862 
65 -22.830252 -43.341410  66 6.852 64 6.143 70 2.498 58 3.745 71 8.520 59 8.059 69 4.401 57 8.078 
66 -22.830505 -43.274542  67 7.351 65 6.852 71 2.995 59 3.737 72 8.068 60 6.653 70 6.977 58 7.794 
67 -22.822821 -43.203293  68 4.001 66 7.351 72 2.584 60 5.453 73 6.276 71 6.358 59 8.382 
68 -22.818995 -43.164468  67 4.001 73 3.549 72 4.530 60 8.176 
69 -22.812237 -43.379650  70 4.285 64 3.235 65 4.401 63 12.076 
70 -22.807996 -43.338095  71 7.744 69 4.285 65 2.498 66 6.977 64 7.064 
71 -22.805927 -43.262565  72 6.112 70 7.744 66 2.995 74 9.714 67 6.358 65 8.520 
72 -22.799576 -43.203324  73 5.128 71 6.112 74 4.000 67 2.584 75 9.143 68 4.530 66 8.068 
73 -22.788338 -43.154805  72 5.128 75 4.263 68 3.549 74 2.299 67 6.276 
74 -22.776616 -43.173284  75 5.338 72 4.000 73 2.299 71 9.714 
75 -22.763394 -43.123224  74 5.338 73 4.263 72 9.143 
