24.0494350551557
24.0494350551557
24.0494350551557
24.0494350551557
24.0494350551557
24.0494350551557
24.0494350551557
24.0494350551557
24.0494350551557
24.0494350551557
24.0494350551557
24.0494350551557
24.0494350551557
24.0494350551557
24.0494350551557
24.0494350551557
24.0494350551557
24.0494350551557
24.0494350551557
24.0494350551557
24.2292523851907
24.2287867196866
24.2834217287966
24.9676492330597
25.0262722906701
25.4755956011412
25.5981155696803
25.9513595114427
25.6847489169928
24.9589798778963
24.8045533646918
24.8352512746498
24.7690126851685
24.6681239593875
24.6727622895923
24.5700946103396
24.4077150274535
24.1746900243456
24.3724382023729
24.0869321170285
24.2008372639427
24.0685981634371
24.0494350551557
24.0494350551557
24.0494350551557
24.0494350551557
24.0494350551557
24.0494350551557
24.0494350551557
24.0494350551557
24.0494350551557
24.0494350551557
24.0494350551557
24.0494350551557
24.0494350551557
24.0494350551557
24.0494350551557
24.0494350551557
24.0494350551557
24.0494350551557
24.0494350551557
24.0494350551557
24.0494350551557
24.0494350551557
24.0494350551557
24.0494350551557
24.0494350551557
24.0494350551557
24.0778037497385
24.0494350551557
24.0494350551557
24.8625604994593
25.0529090770423
25.2615098733412
25.7009644952416
25.7692337385435
25.5489716502866
25.4057867643709
25.1027107079457
25.1115542658454
24.7230399545802
24.7279892330662
24.3503127903414
24.4601275131337
24.2926358929909
24.4209621278337
24.4022531789224
24.1556150576352
24.1581676559734
24.2846717026674
24.0528454956913
24.1819292457928
24.0935109083077
24.0494350551557
24.0494350551557
24.0494350551557
24.0494350551557
24.0494350551557
24.0494350551557
24.0494350551557
24.0494350551557
24.0494350551557
24.0494350551557
24.0494350551557
24.0494350551557
24.0494350551557
24.0494350551557
24.0494350551557
24.0494350551557
24.0494350551557
24.0494350551557
24.0494350551557
24.0494350551557
24.0494350551557
24.0494350551557
24.0494350551557
24.0494350551557
24.0494350551557
24.3151957358097
24.4663356912855
24.7738340939835
25.4483938271991
25.0383066923687
25.6954556540604
25.2059337497349
25.3345287847666
25.184079516392
24.6361448918029
25.0075618634561
24.5555862416004
24.302306696654
24.2454991801598
24.2843880011214
24.1441053419796
24.2392951228485
24.2707093821294
24.1660406973488
24.1028641050327
24.0494350551557
24.0494350551557
24.0494350551557
24.0494350551557
24.0494350551557
24.0494350551557
24.0494350551557
24.0494350551557
24.0494350551557
24.0494350551557
24.0494350551557
24.0494350551557
24.0494350551557
24.0494350551557
24.0494350551557
24.0494350551557
24.0494350551557
24.0494350551557
24.0494350551557
24.0494350551557
24.0494350551557
24.0494350551557
24.0494350551557
24.0494350551557
24.0494350551557
24.0494350551557
24.0687038085694
24.2752050286313
24.1830334695225
24.3013805921566
25.084437050362
25.2384033754375
25.8653406950688
25.4366701480039
25.3880744258688
25.7016840015699
24.9954060845659
25.0378411193482
24.7202681804229
24.89022794234
24.3198158454694
24.3667627792334
24.6901524893115
24.4634834180969
24.2185183408574
24.1121163417797
24.0494350551557
24.1208507543328
24.1593227191138
24.0494350551557
24.0578146936503
24.0494350551557
24.0494350551557
24.0494350551557
24.0494350551557
24.0494350551557
24.0494350551557
24.0494350551557
24.0494350551557
24.0494350551557
24.0494350551557
24.0494350551557
24.0494350551557
24.0494350551557
24.0494350551557
24.0494350551557
24.0494350551557
24.0494350551557
24.0494350551557
24.0494350551557
24.0494350551557
24.0494350551557
24.0494350551557
24.0494350551557
24.0494350551557
24.1320110294431
24.3561195412287
24.3025189895378
24.4941279562034
24.6201223779026
24.6005474732281
25.2995501235157
24.8796720647672
24.8870887635633
24.6751793372278
24.5641630529599
24.7512711585506
24.6306776295047
24.10605555671
24.207646440784
24.1429309688515
24.060386992719
24.2532077181201
24.1429286614167
24.0494350551557
24.055430661934
24.0494350551557
24.0494350551557
24.0494350551557
24.0494350551557
24.0494350551557
24.0494350551557
24.0494350551557
24.0494350551557
24.0494350551557
24.0494350551557
24.0494350551557
24.0494350551557
24.0494350551557
24.0494350551557
24.0494350551557
24.0494350551557
24.0494350551557
24.0494350551557
24.0494350551557
24.0494350551557
24.0494350551557
24.0494350551557
24.0494350551557
24.0494350551557
24.0494350551557
24.0494350551557
24.0494350551557
24.0494350551557
24.0494350551557
24.0841750860056
24.2549144883042
24.2335145983909
24.4076548913403
24.8416352253315
24.6859301284657
24.3829027579851
24.3431007803474
24.5326297100323
24.4351334971629
24.249105841634
24.0494350551557
24.0494350551557
24.0494350551557
24.0652875631665
24.0494350551557
24.0659329148475
24.0844703502021
24.0494350551557
24.0494350551557
24.0494350551557
24.0494350551557
24.0494350551557
24.0494350551557
24.0494350551557
24.0494350551557
24.0494350551557
24.0494350551557
24.0494350551557
24.0494350551557
24.0494350551557
24.0494350551557
24.0494350551557
24.0494350551557
24.0494350551557
24.0494350551557
24.0494350551557
24.0494350551557
24.0494350551557
24.0494350551557
24.0494350551557
24.0494350551557
24.0494350551557
24.0494350551557
24.0494350551557
24.0494350551557
24.0494350551557
24.0494350551557
24.1430696733169
24.0494350551557
24.1421687891031
24.0494350551557
24.8321574753685
24.3991497163835
24.5072080622811
24.084307401287
24.2427537877306
24.1325663746068
24.1958580474682
24.1043663135311
24.0494350551557
24.0494350551557
24.0494350551557
24.0494350551557
24.0494350551557
24.0494350551557
24.0494350551557
24.0494350551557
24.0494350551557
24.0494350551557
24.0494350551557
24.0494350551557
24.0494350551557
