0 0 0 0 0.000596798
0 0 0 1 0.000651471
0 0 0 2 0.00055559
0 0 0 3 0.000580424
0 0 1 0 0.000596798
0 0 1 1 0.000651471
0 0 1 2 0.00055559
0 0 1 3 0.000580424
0 0 2 0 0.000596798
0 0 2 1 0.000651471
0 0 2 2 0.00055559
0 0 2 3 0.000580424
0 0 3 0 0.000596798
0 0 3 1 0.000651471
0 0 3 2 0.00055559
0 0 3 3 0.000580424
0 0 4 0 0.000596798
0 0 4 1 0.000651471
0 0 4 2 0.00055559
0 0 4 3 0.000580424
0 0 5 0 0.000596798
0 0 5 1 0.000651471
0 0 5 2 0.00055559
0 0 5 3 0.000580424
0 0 6 0 0.000596798
0 0 6 1 0.000651471
0 0 6 2 0.00055559
0 0 6 3 0.000580424
0 0 7 0 0.000596798
0 0 7 1 0.000651471
0 0 7 2 0.00055559
0 0 7 3 0.000580424
0 0 8 0 0.000596798
0 0 8 1 0.000651471
0 0 8 2 0.00055559
0 0 8 3 0.000580424
0 0 9 0 0.000596798
0 0 9 1 0.000651471
0 0 9 2 0.00055559
0 0 9 3 0.000580424
0 0 10 0 0.000596798
0 0 10 1 0.000651471
0 0 10 2 0.00055559
0 0 10 3 0.000580424
0 0 11 0 0.000596798
0 0 11 1 0.000651471
0 0 11 2 0.00055559
0 0 11 3 0.000580424
0 0 12 0 0.000596798
0 0 12 1 0.000651471
0 0 12 2 0.00055559
0 0 12 3 0.000580424
0 0 13 0 0.000596798
0 0 13 1 0.000651471
0 0 13 2 0.00055559
0 0 13 3 0.000580424
0 0 14 0 0.000596798
0 0 14 1 0.000651471
0 0 14 2 0.00055559
0 0 14 3 0.000580424
0 0 15 0 0.000596798
0 0 15 1 0.000651471
0 0 15 2 0.00055559
0 0 15 3 0.000580424
0 0 16 0 0.000596798
0 0 16 1 0.000651471
0 0 16 2 0.00055559
0 0 16 3 0.000580424
0 0 17 0 0.000596798
0 0 17 1 0.000651471
0 0 17 2 0.00055559
0 0 17 3 0.000580424
0 0 18 0 0.000596798
0 0 18 1 0.000651471
0 0 18 2 0.00055559
0 0 18 3 0.000580424
0 0 19 0 0.000790758
0 0 19 1 0.000651426
0 0 19 2 0.00055559
0 0 19 3 0.00058108
0 0 20 0 0.000858655
0 0 20 1 0.00062742
0 0 20 2 0.000677616
0 0 20 3 0.00104853
0 0 21 0 0.00077678
0 0 21 1 0.000618729
0 0 21 2 0.000755591
0 0 21 3 0.00129672
0 0 22 0 0.000970406
0 0 22 1 0.000617686
0 0 22 2 0.000995363
0 0 22 3 0.00170805
0 0 23 0 0.00218684
0 0 23 1 0.000626355
0 0 23 2 0.000980009
0 0 23 3 0.00148962
0 0 24 0 0.000965773
0 0 24 1 0.000610113
0 0 24 2 0.00125372
0 0 24 3 0.0020391
0 0 25 0 0.00209832
0 0 25 1 0.000649687
0 0 25 2 0.00163776
0 0 25 3 0.00136625
0 0 26 0 0.00136427
0 0 26 1 0.00061785
0 0 26 2 0.00122218
0 0 26 3 0.00245866
0 0 27 0 0.00114161
0 0 27 1 0.00061785
0 0 27 2 0.001358
0 0 27 3 0.00242299
0 0 28 0 0.00103908
0 0 28 1 0.000617661
0 0 28 2 0.00160554
0 0 28 3 0.00205514
0 0 29 0 0.00097183
0 0 29 1 0.000610092
0 0 29 2 0.00120095
0 0 29 3 0.00207025
0 0 30 0 0.000970406
0 0 30 1 0.000617683
0 0 30 2 0.00107547
0 0 30 3 0.00182484
0 0 31 0 0.00103464
0 0 31 1 0.000617705
0 0 31 2 0.00119139
0 0 31 3 0.00175624
0 0 32 0 0.000979791
0 0 32 1 0.00062734
0 0 32 2 0.00106521
0 0 32 3 0.00133724
0 0 33 0 0.000704087
0 0 33 1 0.000627348
0 0 33 2 0.00105421
0 0 33 3 0.00134737
0 0 34 0 0.000744084
0 0 34 1 0.00061869
0 0 34 2 0.000677616
0 0 34 3 0.00149114
0 0 35 0 0.000698192
0 0 35 1 0.000617683
0 0 35 2 0.000677616
0 0 35 3 0.00169172
0 0 36 0 0.000739096
0 0 36 1 0.000640793
0 0 36 2 0.000677616
0 0 36 3 0.0016139
0 0 37 0 0.000698208
0 0 37 1 0.00061774
0 0 37 2 0.000755591
0 0 37 3 0.00131096
0 0 38 0 0.000971007
0 0 38 1 0.000625946
0 0 38 2 0.00099512
0 0 38 3 0.00153105
0 0 39 0 0.00074352
0 0 39 1 0.000617777
0 0 39 2 0.000677616
0 0 39 3 0.0012326
0 0 40 0 0.000749377
0 0 40 1 0.000627327
0 0 40 2 0.00055559
0 0 40 3 0.00150246
0 0 41 0 0.000698192
0 0 41 1 0.000618533
0 0 41 2 0.000677616
0 0 41 3 0.0014934
0 0 42 0 0.000698208
0 0 42 1 0.000617739
0 0 42 2 0.000677616
0 0 42 3 0.00131135
0 0 43 0 0.000576804
0 0 43 1 0.000618762
0 0 43 2 0.000677616
0 0 43 3 0.00117321
0 0 44 0 0.000718796
0 0 44 1 0.000651411
0 0 44 2 0.000677616
0 0 44 3 0.000749966
0 0 45 0 0.00107018
0 0 45 1 0.000652254
0 0 45 2 0.000774281
0 0 45 3 0.000910152
0 0 46 0 0.000718817
0 0 46 1 0.000651455
0 0 46 2 0.000677616
0 0 46 3 0.000702446
0 0 47 0 0.00059677
0 0 47 1 0.000651421
0 0 47 2 0.000677616
0 0 47 3 0.000702938
0 1 0 0 0.000596791
0 1 0 1 0.000651455
0 1 0 2 0.000677616
0 1 0 3 0.000702446
0 1 1 0 0.000596791
0 1 1 1 0.000651455
0 1 1 2 0.00055559
0 1 1 3 0.000702446
0 1 2 0 0.00059677
0 1 2 1 0.000651421
0 1 2 2 0.00055559
0 1 2 3 0.000702938
0 1 3 0 0.000596798
0 1 3 1 0.000651471
0 1 3 2 0.00055559
0 1 3 3 0.000580424
0 1 4 0 0.000596798
0 1 4 1 0.000651471
0 1 4 2 0.00055559
0 1 4 3 0.000580424
0 1 5 0 0.000596798
0 1 5 1 0.000651471
0 1 5 2 0.00055559
0 1 5 3 0.000580424
0 1 6 0 0.000596798
0 1 6 1 0.000651471
0 1 6 2 0.00055559
0 1 6 3 0.000580424
0 1 7 0 0.000596798
0 1 7 1 0.000651471
0 1 7 2 0.00055559
0 1 7 3 0.000580424
0 1 8 0 0.000596798
0 1 8 1 0.000651471
0 1 8 2 0.00055559
0 1 8 3 0.000580424
0 1 9 0 0.000596798
0 1 9 1 0.000651471
0 1 9 2 0.00055559
0 1 9 3 0.000580424
0 1 10 0 0.000596798
0 1 10 1 0.000651471
0 1 10 2 0.00055559
0 1 10 3 0.000580424
0 1 11 0 0.000596798
0 1 11 1 0.000651471
0 1 11 2 0.00055559
0 1 11 3 0.000580424
0 1 12 0 0.000677156
0 1 12 1 0.000652529
0 1 12 2 0.00055559
0 1 12 3 0.000565199
0 1 13 0 0.000596798
0 1 13 1 0.000651471
0 1 13 2 0.00055559
0 1 13 3 0.000580424
0 1 14 0 0.000596798
0 1 14 1 0.000651471
0 1 14 2 0.00055559
0 1 14 3 0.000580424
0 1 15 0 0.000596798
0 1 15 1 0.000651471
0 1 15 2 0.00055559
0 1 15 3 0.000580424
0 1 16 0 0.000596887
0 1 16 1 0.000651473
0 1 16 2 0.00055559
0 1 16 3 0.000580407
0 1 17 0 0.000596798
0 1 17 1 0.000651471
0 1 17 2 0.00055559
0 1 17 3 0.000580424
0 1 18 0 0.000908262
0 1 18 1 0.000652294
0 1 18 2 0.00055559
0 1 18 3 0.000690362
0 1 19 0 0.000718817
0 1 19 1 0.00065146
0 1 19 2 0.00055559
0 1 19 3 0.000580588
0 1 20 0 0.000576182
0 1 20 1 0.000617773
0 1 20 2 0.000677616
0 1 20 3 0.00118745
0 1 21 0 0.000718796
0 1 21 1 0.000651421
0 1 21 2 0.000677616
0 1 21 3 0.000702938
0 1 22 0 0.000772131
0 1 22 1 0.000611111
0 1 22 2 0.000800881
0 1 22 3 0.0014064
0 1 23 0 0.000718352
0 1 23 1 0.000650431
0 1 23 2 0.00115274
0 1 23 3 0.0014953
0 1 24 0 0.000970413
0 1 24 1 0.000617694
0 1 24 2 0.00118802
0 1 24 3 0.00188822
0 1 25 0 0.00102975
0 1 25 1 0.000651573
0 1 25 2 0.00148022
0 1 25 3 0.00129959
0 1 26 0 0.000848387
0 1 26 1 0.000617693
0 1 26 2 0.00127389
0 1 26 3 0.00190668
0 1 27 0 0.000970406
0 1 27 1 0.000617686
0 1 27 2 0.000949829
0 1 27 3 0.00172159
0 1 28 0 0.000576174
0 1 28 1 0.000618535
0 1 28 2 0.00112984
0 1 28 3 0.00160258
0 1 29 0 0.000862623
0 1 29 1 0.000640628
0 1 29 2 0.00185147
0 1 29 3 0.00199992
0 1 30 0 0.000576768
0 1 30 1 0.000625946
0 1 30 2 0.00101783
0 1 30 3 0.00156895
0 1 31 0 0.00103158
0 1 31 1 0.000627339
0 1 31 2 0.0010419
0 1 31 3 0.00141523
0 1 32 0 0.000582061
0 1 32 1 0.000627339
0 1 32 2 0.00107921
0 1 32 3 0.0013998
0 1 33 0 0.000970406
0 1 33 1 0.000617676
0 1 33 2 0.000949829
0 1 33 3 0.00190445
0 1 34 0 0.000698192
0 1 34 1 0.000617686
0 1 34 2 0.000677616
0 1 34 3 0.00157347
0 1 35 0 0.0009763
0 1 35 1 0.000627327
0 1 35 2 0.000949829
0 1 35 3 0.00148852
0 1 36 0 0.000576175
0 1 36 1 0.000618188
0 1 36 2 0.00115164
0 1 36 3 0.00122667
0 1 37 0 0.000576768
0 1 37 1 0.000625949
0 1 37 2 0.000772038
0 1 37 3 0.00144276
0 1 38 0 0.000576182
0 1 38 1 0.00061773
0 1 38 2 0.00055559
0 1 38 3 0.00134977
0 1 39 0 0.000712466
0 1 39 1 0.00064082
0 1 39 2 0.000677616
0 1 39 3 0.00130602
0 1 40 0 0.000718796
0 1 40 1 0.000651421
0 1 40 2 0.000677616
0 1 40 3 0.000808684
0 1 41 0 0.000576182
0 1 41 1 0.00061774
0 1 41 2 0.000722907
0 1 41 3 0.00131096
0 1 42 0 0.000582077
0 1 42 1 0.000627391
0 1 42 2 0.00055559
0 1 42 3 0.00092717
0 1 43 0 0.000763651
0 1 43 1 0.000650471
0 1 43 2 0.000677616
0 1 43 3 0.000961671
0 1 44 0 0.000718796
0 1 44 1 0.000651421
0 1 44 2 0.000677616
0 1 44 3 0.000702938
0 1 45 0 0.00059677
0 1 45 1 0.000651421
0 1 45 2 0.000677616
0 1 45 3 0.000702938
0 1 46 0 0.000582098
0 1 46 1 0.00062742
0 1 46 2 0.00055559
0 1 46 3 0.00104853
0 1 47 0 0.000596791
0 1 47 1 0.000651455
0 1 47 2 0.000677616
0 1 47 3 0.000702446
0 2 0 0 0.00059677
0 2 0 1 0.000651421
0 2 0 2 0.000766069
0 2 0 3 0.000716154
0 2 1 0 0.000787821
0 2 1 1 0.000652318
0 2 1 2 0.000677616
0 2 1 3 0.000690026
0 2 2 0 0.000596798
0 2 2 1 0.000651471
0 2 2 2 0.00055559
0 2 2 3 0.000580424
0 2 3 0 0.00059677
0 2 3 1 0.000651421
0 2 3 2 0.00055559
0 2 3 3 0.000702938
0 2 4 0 0.000596798
0 2 4 1 0.000651471
0 2 4 2 0.00055559
0 2 4 3 0.000580424
0 2 5 0 0.00059677
0 2 5 1 0.000651426
0 2 5 2 0.00055559
0 2 5 3 0.00058108
0 2 6 0 0.000596798
0 2 6 1 0.000651471
0 2 6 2 0.00055559
0 2 6 3 0.000580424
0 2 7 0 0.000596798
0 2 7 1 0.000651471
0 2 7 2 0.00055559
0 2 7 3 0.000580424
0 2 8 0 0.000596798
0 2 8 1 0.000651471
0 2 8 2 0.00055559
0 2 8 3 0.000580424
0 2 9 0 0.000596798
0 2 9 1 0.000651471
0 2 9 2 0.00055559
0 2 9 3 0.000580424
0 2 10 0 0.000596798
0 2 10 1 0.000651471
0 2 10 2 0.00055559
0 2 10 3 0.000580424
0 2 11 0 0.000596798
0 2 11 1 0.000651471
0 2 11 2 0.00055559
0 2 11 3 0.000580424
0 2 12 0 0.000596798
0 2 12 1 0.000651471
0 2 12 2 0.00055559
0 2 12 3 0.000580424
0 2 13 0 0.000596798
0 2 13 1 0.000651471
0 2 13 2 0.00055559
0 2 13 3 0.000580424
0 2 14 0 0.000596798
0 2 14 1 0.000651471
0 2 14 2 0.00055559
0 2 14 3 0.000580424
0 2 15 0 0.000596798
0 2 15 1 0.000651471
0 2 15 2 0.00055559
0 2 15 3 0.000580424
0 2 16 0 0.000596887
0 2 16 1 0.000651473
0 2 16 2 0.00055559
0 2 16 3 0.000580407
0 2 17 0 0.000596802
0 2 17 1 0.000651473
0 2 17 2 0.000555612
0 2 17 3 0.000580407
0 2 18 0 0.000643622
0 2 18 1 0.000652088
0 2 18 2 0.00055559
0 2 18 3 0.000571552
0 2 19 0 0.000718817
0 2 19 1 0.000651455
0 2 19 2 0.000677616
0 2 19 3 0.000702446
0 2 20 0 0.00059677
0 2 20 1 0.000651421
0 2 20 2 0.000677616
0 2 20 3 0.000702938
0 2 21 0 0.000718796
0 2 21 1 0.000651421
0 2 21 2 0.000677616
0 2 21 3 0.000702938
0 2 22 0 0.000576182
0 2 22 1 0.000617771
0 2 22 2 0.000677616
0 2 22 3 0.00123268
0 2 23 0 0.000590441
0 2 23 1 0.000640824
0 2 23 2 0.000677616
0 2 23 3 0.00126044
0 2 24 0 0.000704098
0 2 24 1 0.000627396
0 2 24 2 0.000847311
0 2 24 3 0.00121171
0 2 25 0 0.00084838
0 2 25 1 0.00061768
0 2 25 2 0.000949829
0 2 25 3 0.00192047
0 2 26 0 0.00084838
0 2 26 1 0.000617683
0 2 26 2 0.00106087
0 2 26 3 0.00184252
0 2 27 0 0.000984671
0 2 27 1 0.000640787
0 2 27 2 0.00123923
0 2 27 3 0.00170922
0 2 28 0 0.000576167
0 2 28 1 0.000617683
0 2 28 2 0.000949829
0 2 28 3 0.00182471
0 2 29 0 0.000576174
0 2 29 1 0.0006177
0 2 29 2 0.00128972
0 2 29 3 0.00167509
0 2 30 0 0.000582061
0 2 30 1 0.000627327
0 2 30 2 0.000949829
0 2 30 3 0.00147935
0 2 31 0 0.000984664
0 2 31 1 0.000640775
0 2 31 2 0.00117358
0 2 31 3 0.0017186
0 2 32 0 0.000576167
0 2 32 1 0.000617686
0 2 32 2 0.000949829
0 2 32 3 0.00171148
0 2 33 0 0.000693559
0 2 33 1 0.000610136
0 2 33 2 0.000677616
0 2 33 3 0.00142045
0 2 34 0 0.000576182
0 2 34 1 0.00061774
0 2 34 2 0.000677616
0 2 34 3 0.00131096
0 2 35 0 0.000698208
0 2 35 1 0.000617765
0 2 35 2 0.00055559
0 2 35 3 0.0012768
0 2 36 0 0.000723179
0 2 36 1 0.000640787
0 2 36 2 0.000677616
0 2 36 3 0.0016256
0 2 37 0 0.000576182
0 2 37 1 0.00061774
0 2 37 2 0.00055559
0 2 37 3 0.00131096
0 2 38 0 0.000582098
0 2 38 1 0.00062742
0 2 38 2 0.000677616
0 2 38 3 0.00104892
0 2 39 0 0.000713067
0 2 39 1 0.000649078
0 2 39 2 0.000731413
0 2 39 3 0.00104854
0 2 40 0 0.000582077
0 2 40 1 0.000627386
0 2 40 2 0.00055559
0 2 40 3 0.00104903
0 2 41 0 0.000815931
0 2 41 1 0.000627419
0 2 41 2 0.00055559
0 2 41 3 0.00109375
0 2 42 0 0.00059677
0 2 42 1 0.000651411
0 2 42 2 0.000677616
0 2 42 3 0.000721323
0 2 43 0 0.000718803
0 2 43 1 0.000651423
0 2 43 2 0.00069228
0 2 43 3 0.000882043
0 2 44 0 0.000718796
0 2 44 1 0.000651421
0 2 44 2 0.00055559
0 2 44 3 0.000832834
0 2 45 0 0.00059677
0 2 45 1 0.000651426
0 2 45 2 0.00055559
0 2 45 3 0.00058108
0 2 46 0 0.000596798
0 2 46 1 0.000651471
0 2 46 2 0.00055559
0 2 46 3 0.000580424
0 2 47 0 0.000596798
0 2 47 1 0.000651471
0 2 47 2 0.00055559
0 2 47 3 0.000580424
0 3 0 0 0.00059677
0 3 0 1 0.000651426
0 3 0 2 0.00055559
0 3 0 3 0.00058108
0 3 1 0 0.000596798
0 3 1 1 0.000651471
0 3 1 2 0.00055559
0 3 1 3 0.000580424
0 3 2 0 0.000596798
0 3 2 1 0.000651471
0 3 2 2 0.00055559
0 3 2 3 0.000580424
0 3 3 0 0.000596798
0 3 3 1 0.000651471
0 3 3 2 0.00055559
0 3 3 3 0.000580424
0 3 4 0 0.000596798
0 3 4 1 0.000651471
0 3 4 2 0.00055559
0 3 4 3 0.000580424
0 3 5 0 0.000596798
0 3 5 1 0.000651471
0 3 5 2 0.00055559
0 3 5 3 0.000580424
0 3 6 0 0.000596798
0 3 6 1 0.000651471
0 3 6 2 0.00055559
0 3 6 3 0.000580424
0 3 7 0 0.000596798
0 3 7 1 0.000651471
0 3 7 2 0.00055559
0 3 7 3 0.000580424
0 3 8 0 0.000596798
0 3 8 1 0.000651471
0 3 8 2 0.00055559
0 3 8 3 0.000580424
0 3 9 0 0.000596798
0 3 9 1 0.000651471
0 3 9 2 0.00055559
0 3 9 3 0.000580424
0 3 10 0 0.000596798
0 3 10 1 0.000651471
0 3 10 2 0.00055559
0 3 10 3 0.000580424
0 3 11 0 0.000596798
0 3 11 1 0.000651471
0 3 11 2 0.00055559
0 3 11 3 0.000580424
0 3 12 0 0.000596798
0 3 12 1 0.000651471
0 3 12 2 0.00055559
0 3 12 3 0.000580424
0 3 13 0 0.000596802
0 3 13 1 0.000651473
0 3 13 2 0.000555612
0 3 13 3 0.000580407
0 3 14 0 0.000596798
0 3 14 1 0.000651471
0 3 14 2 0.00055559
0 3 14 3 0.000580424
0 3 15 0 0.000596798
0 3 15 1 0.000651471
0 3 15 2 0.00055559
0 3 15 3 0.000580424
0 3 16 0 0.000596798
0 3 16 1 0.000651471
0 3 16 2 0.00055559
0 3 16 3 0.000580424
0 3 17 0 0.000596798
0 3 17 1 0.000651471
0 3 17 2 0.00055559
0 3 17 3 0.000580424
0 3 18 0 0.000596791
0 3 18 1 0.000651455
0 3 18 2 0.00055559
0 3 18 3 0.000702446
0 3 19 0 0.00059677
0 3 19 1 0.00065145
0 3 19 2 0.00055559
0 3 19 3 0.000702524
0 3 20 0 0.000571627
0 3 20 1 0.000616551
0 3 20 2 0.000755591
0 3 20 3 0.00132808
0 3 21 0 0.0009763
0 3 21 1 0.000627339
0 3 21 2 0.000949829
0 3 21 3 0.00137734
0 3 22 0 0.000965773
0 3 22 1 0.000616466
0 3 22 2 0.000949829
0 3 22 3 0.00194668
0 3 23 0 0.00345672
0 3 23 1 0.00064179
0 3 23 2 0.00120509
0 3 23 3 0.00177051
0 3 24 0 0.000848372
0 3 24 1 0.000618492
0 3 24 2 0.00150973
0 3 24 3 0.00201503
0 3 25 0 0.00117247
0 3 25 1 0.000640734
0 3 25 2 0.00154391
0 3 25 3 0.00210888
0 3 26 0 0.00130229
0 3 26 1 0.000640749
0 3 26 2 0.00136717
0 3 26 3 0.00233972
0 3 27 0 0.0015127
0 3 27 1 0.000610128
0 3 27 2 0.00161685
0 3 27 3 0.00256413
0 3 28 0 0.00128883
0 3 28 1 0.000617193
0 3 28 2 0.00128752
0 3 28 3 0.00232584
0 3 29 0 0.00138984
0 3 29 1 0.000641515
0 3 29 2 0.00207617
0 3 29 3 0.00186205
0 3 30 0 0.00109763
0 3 30 1 0.000617687
0 3 30 2 0.00110577
0 3 30 3 0.00189154
0 3 31 0 0.00097039
0 3 31 1 0.000617647
0 3 31 2 0.00102858
0 3 31 3 0.00217762
0 3 32 0 0.00097039
0 3 32 1 0.000617647
0 3 32 2 0.000967368
0 3 32 3 0.00219729
0 3 33 0 0.000985662
0 3 33 1 0.000649948
0 3 33 2 0.00238771
0 3 33 3 0.00108898
0 3 34 0 0.00112787
0 3 34 1 0.000641731
0 3 34 2 0.00182378
0 3 34 3 0.00143562
0 3 35 0 0.0030632
0 3 35 1 0.000651568
0 3 35 2 0.00119394
0 3 35 3 0.00121614
0 3 36 0 0.00111811
0 3 36 1 0.000640775
0 3 36 2 0.00109319
0 3 36 3 0.00171932
0 3 37 0 0.00126815
0 3 37 1 0.000617707
0 3 37 2 0.000677616
0 3 37 3 0.00150529
0 3 38 0 0.000821562
0 3 38 1 0.000617729
0 3 38 2 0.000677616
0 3 38 3 0.0013318
0 3 39 0 0.000704087
0 3 39 1 0.000627339
0 3 39 2 0.00105473
0 3 39 3 0.00142899
0 3 40 0 0.000704087
0 3 40 1 0.000627348
0 3 40 2 0.000949829
0 3 40 3 0.00136646
0 3 41 0 0.000698192
0 3 41 1 0.000617707
0 3 41 2 0.000743454
0 3 41 3 0.00150529
0 3 42 0 0.000712473
0 3 42 1 0.00064083
0 3 42 2 0.000735139
0 3 42 3 0.00134701
0 3 43 0 0.000698192
0 3 43 1 0.000617707
0 3 43 2 0.000722907
0 3 43 3 0.00150529
0 3 44 0 0.000704123
0 3 44 1 0.00062742
0 3 44 2 0.000677616
0 3 44 3 0.00104853
0 3 45 0 0.00059677
0 3 45 1 0.000651411
0 3 45 2 0.00055559
0 3 45 3 0.000757059
0 3 46 0 0.000718803
0 3 46 1 0.000651423
0 3 46 2 0.000760867
0 3 46 3 0.000890988
0 3 47 0 0.00059677
0 3 47 1 0.000651421
0 3 47 2 0.000677616
0 3 47 3 0.000702938
0 4 0 0 0.000733062
0 4 0 1 0.000651423
0 4 0 2 0.000735003
0 4 0 3 0.000856254
0 4 1 0 0.000596791
0 4 1 1 0.000651455
0 4 1 2 0.000677616
0 4 1 3 0.000702446
0 4 2 0 0.000596798
0 4 2 1 0.000651471
0 4 2 2 0.00055559
0 4 2 3 0.000580424
0 4 3 0 0.000596798
0 4 3 1 0.000651471
0 4 3 2 0.00055559
0 4 3 3 0.000580424
0 4 4 0 0.000596798
0 4 4 1 0.000651471
0 4 4 2 0.00055559
0 4 4 3 0.000580424
0 4 5 0 0.000596798
0 4 5 1 0.000651471
0 4 5 2 0.00055559
0 4 5 3 0.000580424
0 4 6 0 0.000596798
0 4 6 1 0.000651471
0 4 6 2 0.00055559
0 4 6 3 0.000580424
0 4 7 0 0.000596798
0 4 7 1 0.000651471
0 4 7 2 0.00055559
0 4 7 3 0.000580424
0 4 8 0 0.000596798
0 4 8 1 0.000651471
0 4 8 2 0.00055559
0 4 8 3 0.000580424
0 4 9 0 0.000596798
0 4 9 1 0.000651471
0 4 9 2 0.00055559
0 4 9 3 0.000580424
0 4 10 0 0.000596798
0 4 10 1 0.000651471
0 4 10 2 0.00055559
0 4 10 3 0.000580424
0 4 11 0 0.000596798
0 4 11 1 0.000651471
0 4 11 2 0.00055559
0 4 11 3 0.000580424
0 4 12 0 0.000596798
0 4 12 1 0.000651471
0 4 12 2 0.00055559
0 4 12 3 0.000580424
0 4 13 0 0.000596798
0 4 13 1 0.000651471
0 4 13 2 0.00055559
0 4 13 3 0.000580424
0 4 14 0 0.000596798
0 4 14 1 0.000651471
0 4 14 2 0.00055559
0 4 14 3 0.000580424
0 4 15 0 0.000596798
0 4 15 1 0.000651471
0 4 15 2 0.00055559
0 4 15 3 0.000580424
0 4 16 0 0.000596798
0 4 16 1 0.000651471
0 4 16 2 0.00055559
0 4 16 3 0.000580424
0 4 17 0 0.000596798
0 4 17 1 0.000651471
0 4 17 2 0.00055559
0 4 17 3 0.000580424
0 4 18 0 0.000596798
0 4 18 1 0.000651471
0 4 18 2 0.00055559
0 4 18 3 0.000580424
0 4 19 0 0.000718796
0 4 19 1 0.000651433
0 4 19 2 0.00055559
0 4 19 3 0.000702765
0 4 20 0 0.000582098
0 4 20 1 0.000627419
0 4 20 2 0.000677616
0 4 20 3 0.00109376
0 4 21 0 0.000739447
0 4 21 1 0.000611268
0 4 21 2 0.000677616
0 4 21 3 0.00140414
0 4 22 0 0.000698192
0 4 22 1 0.000618533
0 4 22 2 0.000677616
0 4 22 3 0.0014934
0 4 23 0 0.00102264
0 4 23 1 0.000625946
0 4 23 2 0.00105792
0 4 23 3 0.00154642
0 4 24 0 0.00130085
0 4 24 1 0.000641569
0 4 24 2 0.00151158
0 4 24 3 0.0020085
0 4 25 0 0.00102173
0 4 25 1 0.000649771
0 4 25 2 0.0020874
0 4 25 3 0.00166354
0 4 26 0 0.000985945
0 4 26 1 0.000617646
0 4 26 2 0.00110737
0 4 26 3 0.00223069
0 4 27 0 0.00114747
0 4 27 1 0.000640734
0 4 27 2 0.00151387
0 4 27 3 0.00208789
0 4 28 0 0.00105619
0 4 28 1 0.000617661
0 4 28 2 0.00142339
0 4 28 3 0.00208224
0 4 29 0 0.00211098
0 4 29 1 0.000650902
0 4 29 2 0.00136804
0 4 29 3 0.00139915
0 4 30 0 0.00104604
0 4 30 1 0.000627327
0 4 30 2 0.000997785
0 4 30 3 0.00154655
0 4 31 0 0.00103276
0 4 31 1 0.000640874
0 4 31 2 0.00119394
0 4 31 3 0.00163634
0 4 32 0 0.0009763
0 4 32 1 0.000627327
0 4 32 2 0.00099512
0 4 32 3 0.0014868
0 4 33 0 0.000970406
0 4 33 1 0.000617683
0 4 33 2 0.000958612
0 4 33 3 0.00186109
0 4 34 0 0.000576182
0 4 34 1 0.00061774
0 4 34 2 0.000800881
0 4 34 3 0.00131096
0 4 35 0 0.000576167
0 4 35 1 0.000618523
0 4 35 2 0.00105867
0 4 35 3 0.00157838
0 4 36 0 0.000576167
0 4 36 1 0.000617696
0 4 36 2 0.000757941
0 4 36 3 0.00156325
0 4 37 0 0.000707818
0 4 37 1 0.000633217
0 4 37 2 0.000677616
0 4 37 3 0.00150196
0 4 38 0 0.000816825
0 4 38 1 0.000610956
0 4 38 2 0.000677616
0 4 38 3 0.00140864
0 4 39 0 0.000970406
0 4 39 1 0.000617691
0 4 39 2 0.000677616
0 4 39 3 0.00152875
0 4 40 0 0.000749414
0 4 40 1 0.00062742
0 4 40 2 0.000677616
0 4 40 3 0.00104853
0 4 41 0 0.000698229
0 4 41 1 0.000617774
0 4 41 2 0.000722907
0 4 41 3 0.00131047
0 4 42 0 0.000704123
0 4 42 1 0.00062742
0 4 42 2 0.00055559
0 4 42 3 0.00104853
0 4 43 0 0.000576783
0 4 43 1 0.000625958
0 4 43 2 0.00055559
0 4 43 3 0.00119286
0 4 44 0 0.000704537
0 4 44 1 0.00064769
0 4 44 2 0.000677616
0 4 44 3 0.00082545
0 4 45 0 0.000718796
0 4 45 1 0.000651421
0 4 45 2 0.000677616
0 4 45 3 0.000702938
0 4 46 0 0.000704102
0 4 46 1 0.000647576
0 4 46 2 0.000677616
0 4 46 3 0.00084535
0 4 47 0 0.00059677
0 4 47 1 0.000651426
0 4 47 2 0.00055559
0 4 47 3 0.00058108
0 5 0 0 0.000596791
0 5 0 1 0.000651455
0 5 0 2 0.00055559
0 5 0 3 0.000702446
0 5 1 0 0.00059677
0 5 1 1 0.000651426
0 5 1 2 0.00055559
0 5 1 3 0.00058108
0 5 2 0 0.000596798
0 5 2 1 0.000651471
0 5 2 2 0.00055559
0 5 2 3 0.000580424
0 5 3 0 0.000596798
0 5 3 1 0.000651471
0 5 3 2 0.00055559
0 5 3 3 0.000580424
0 5 4 0 0.000596798
0 5 4 1 0.000651471
0 5 4 2 0.00055559
0 5 4 3 0.000580424
0 5 5 0 0.000596798
0 5 5 1 0.000651471
0 5 5 2 0.00055559
0 5 5 3 0.000580424
0 5 6 0 0.000596798
0 5 6 1 0.000651471
0 5 6 2 0.00055559
0 5 6 3 0.000580424
0 5 7 0 0.000596798
0 5 7 1 0.000651471
0 5 7 2 0.00055559
0 5 7 3 0.000580424
0 5 8 0 0.000596798
0 5 8 1 0.000651471
0 5 8 2 0.00055559
0 5 8 3 0.000580424
0 5 9 0 0.000596798
0 5 9 1 0.000651471
0 5 9 2 0.00055559
0 5 9 3 0.000580424
0 5 10 0 0.000596798
0 5 10 1 0.000651471
0 5 10 2 0.00055559
0 5 10 3 0.000580424
0 5 11 0 0.000596798
0 5 11 1 0.000651471
0 5 11 2 0.00055559
0 5 11 3 0.000580424
0 5 12 0 0.000596798
0 5 12 1 0.000651471
0 5 12 2 0.00055559
0 5 12 3 0.000580424
0 5 13 0 0.000596798
0 5 13 1 0.000651471
0 5 13 2 0.00055559
0 5 13 3 0.000580424
0 5 14 0 0.000596798
0 5 14 1 0.000651471
0 5 14 2 0.00055559
0 5 14 3 0.000580424
0 5 15 0 0.000596798
0 5 15 1 0.000651471
0 5 15 2 0.00055559
0 5 15 3 0.000580424
0 5 16 0 0.000596798
0 5 16 1 0.000651471
0 5 16 2 0.00055559
0 5 16 3 0.000580424
0 5 17 0 0.000596798
0 5 17 1 0.000651471
0 5 17 2 0.00055559
0 5 17 3 0.000580424
0 5 18 0 0.000596798
0 5 18 1 0.000651471
0 5 18 2 0.00055559
0 5 18 3 0.000580424
0 5 19 0 0.000596798
0 5 19 1 0.000651471
0 5 19 2 0.00055559
0 5 19 3 0.000580424
0 5 20 0 0.000718817
0 5 20 1 0.000651455
0 5 20 2 0.000677616
0 5 20 3 0.000702446
0 5 21 0 0.000744084
0 5 21 1 0.000625955
0 5 21 2 0.000722907
0 5 21 3 0.00142845
0 5 22 0 0.000576167
0 5 22 1 0.000617693
0 5 22 2 0.000677616
0 5 22 3 0.00166548
0 5 23 0 0.00100844
0 5 23 1 0.00064079
0 5 23 2 0.00113509
0 5 23 3 0.00163476
0 5 24 0 0.00112779
0 5 24 1 0.000610115
0 5 24 2 0.00123027
0 5 24 3 0.00199458
0 5 25 0 0.00297478
0 5 25 1 0.000634272
0 5 25 2 0.00121125
0 5 25 3 0.00158101
0 5 26 0 0.00103557
0 5 26 1 0.000640752
0 5 26 2 0.00124667
0 5 26 3 0.00208388
0 5 27 0 0.00185836
0 5 27 1 0.000627331
0 5 27 2 0.00123619
0 5 27 3 0.0014889
0 5 28 0 0.00117199
0 5 28 1 0.000610097
0 5 28 2 0.00098743
0 5 28 3 0.00208485
0 5 29 0 0.00125383
0 5 29 1 0.000640742
0 5 29 2 0.00148276
0 5 29 3 0.00195528
0 5 30 0 0.00102796
0 5 30 1 0.000627327
0 5 30 2 0.00105781
0 5 30 3 0.001502
0 5 31 0 0.000970406
0 5 31 1 0.000617685
0 5 31 2 0.00107993
0 5 31 3 0.0017302
0 5 32 0 0.00172192
0 5 32 1 0.000627382
0 5 32 2 0.000949829
0 5 32 3 0.00136597
0 5 33 0 0.00129073
0 5 33 1 0.00061868
0 5 33 2 0.000949829
0 5 33 3 0.00152177
0 5 34 0 0.000984671
0 5 34 1 0.00064079
0 5 34 2 0.00122624
0 5 34 3 0.00163107
0 5 35 0 0.000855537
0 5 35 1 0.00061875
0 5 35 2 0.000677616
0 5 35 3 0.00125121
0 5 36 0 0.000749417
0 5 36 1 0.000627412
0 5 36 2 0.000811305
0 5 36 3 0.00111142
0 5 37 0 0.000576167
0 5 37 1 0.000618523
0 5 37 2 0.000677616
0 5 37 3 0.00150825
0 5 38 0 0.0010163
0 5 38 1 0.000625949
0 5 38 2 0.000722907
0 5 38 3 0.00143798
0 5 39 0 0.000576182
0 5 39 1 0.000617739
0 5 39 2 0.000677616
0 5 39 3 0.00125552
0 5 40 0 0.000743523
0 5 40 1 0.000618142
0 5 40 2 0.000722922
0 5 40 3 0.00122734
0 5 41 0 0.00114741
0 5 41 1 0.000652269
0 5 41 2 0.000677616
0 5 41 3 0.000788219
0 5 42 0 0.000698208
0 5 42 1 0.000617732
0 5 42 2 0.000677616
0 5 42 3 0.00135349
0 5 43 0 0.000704123
0 5 43 1 0.00062742
0 5 43 2 0.00055559
0 5 43 3 0.00104853
0 5 44 0 0.00069883
0 5 44 1 0.000618762
0 5 44 2 0.000677616
0 5 44 3 0.00117321
0 5 45 0 0.000582084
0 5 45 1 0.000647587
0 5 45 2 0.000677616
0 5 45 3 0.000912071
0 5 46 0 0.000718803
0 5 46 1 0.000651423
0 5 46 2 0.000756403
0 5 46 3 0.000784307
0 5 47 0 0.000582077
0 5 47 1 0.000627377
0 5 47 2 0.00055559
0 5 47 3 0.00114228
0 6 0 0 0.000582098
0 6 0 1 0.00062742
0 6 0 2 0.000677616
0 6 0 3 0.00104853
0 6 1 0 0.000718803
0 6 1 1 0.000651423
0 6 1 2 0.00072746
0 6 1 3 0.000893867
0 6 2 0 0.000596791
0 6 2 1 0.000651455
0 6 2 2 0.00055559
0 6 2 3 0.000702446
0 6 3 0 0.00059677
0 6 3 1 0.000651426
0 6 3 2 0.00055559
0 6 3 3 0.00058108
0 6 4 0 0.000596798
0 6 4 1 0.000651471
0 6 4 2 0.00055559
0 6 4 3 0.000580424
0 6 5 0 0.000596798
0 6 5 1 0.000651471
0 6 5 2 0.00055559
0 6 5 3 0.000580424
0 6 6 0 0.000596887
0 6 6 1 0.000651473
0 6 6 2 0.00055559
0 6 6 3 0.000580407
0 6 7 0 0.000596798
0 6 7 1 0.000651471
0 6 7 2 0.00055559
0 6 7 3 0.000580424
0 6 8 0 0.000596798
0 6 8 1 0.000651471
0 6 8 2 0.00055559
0 6 8 3 0.000580424
0 6 9 0 0.000596798
0 6 9 1 0.000651471
0 6 9 2 0.00055559
0 6 9 3 0.000580424
0 6 10 0 0.000596798
0 6 10 1 0.000651471
0 6 10 2 0.00055559
0 6 10 3 0.000580424
0 6 11 0 0.000596798
0 6 11 1 0.000651471
0 6 11 2 0.00055559
0 6 11 3 0.000580424
0 6 12 0 0.000596798
0 6 12 1 0.000651471
0 6 12 2 0.00055559
0 6 12 3 0.000580424
0 6 13 0 0.000596798
0 6 13 1 0.000651471
0 6 13 2 0.00055559
0 6 13 3 0.000580424
0 6 14 0 0.000596798
0 6 14 1 0.000651471
0 6 14 2 0.00055559
0 6 14 3 0.000580424
0 6 15 0 0.000596798
0 6 15 1 0.000651471
0 6 15 2 0.00055559
0 6 15 3 0.000580424
0 6 16 0 0.000596887
0 6 16 1 0.000651473
0 6 16 2 0.00055559
0 6 16 3 0.000580407
0 6 17 0 0.000596798
0 6 17 1 0.000651471
0 6 17 2 0.00055559
0 6 17 3 0.000580424
0 6 18 0 0.000596798
0 6 18 1 0.000651471
0 6 18 2 0.00055559
0 6 18 3 0.000580424
0 6 19 0 0.000718817
0 6 19 1 0.000651455
0 6 19 2 0.00055559
0 6 19 3 0.000702446
0 6 20 0 0.000582098
0 6 20 1 0.000627419
0 6 20 2 0.000722907
0 6 20 3 0.00109376
0 6 21 0 0.000973668
0 6 21 1 0.000611146
0 6 21 2 0.000677616
0 6 21 3 0.00140591
0 6 22 0 0.000585792
0 6 22 1 0.000633217
0 6 22 2 0.000694578
0 6 22 3 0.00152597
0 6 23 0 0.00084838
0 6 23 1 0.000617685
0 6 23 2 0.000949829
0 6 23 3 0.00174815
0 6 24 0 0.00507317
0 6 24 1 0.000651543
0 6 24 2 0.00119394
0 6 24 3 0.0012165
0 6 25 0 0.00105163
0 6 25 1 0.00061764
0 6 25 2 0.000976269
0 6 25 3 0.0022755
0 6 26 0 0.00112135
0 6 26 1 0.000617676
0 6 26 2 0.000965382
0 6 26 3 0.00190096
0 6 27 0 0.00129353
0 6 27 1 0.000617647
0 6 27 2 0.000965805
0 6 27 3 0.00217385
0 6 28 0 0.00266214
0 6 28 1 0.000651092
0 6 28 2 0.00131875
0 6 28 3 0.00136146
0 6 29 0 0.00104714
0 6 29 1 0.000617612
0 6 29 2 0.00118889
0 6 29 3 0.0022235
0 6 30 0 0.00102159
0 6 30 1 0.000627327
0 6 30 2 0.00099512
0 6 30 3 0.00150268
0 6 31 0 0.000984664
0 6 31 1 0.000640783
0 6 31 2 0.00108225
0 6 31 3 0.00161755
0 6 32 0 0.000704087
0 6 32 1 0.000627327
0 6 32 2 0.00102304
0 6 32 3 0.00148103
0 6 33 0 0.000571534
0 6 33 1 0.000610956
0 6 33 2 0.000804747
0 6 33 3 0.00140864
0 6 34 0 0.000693559
0 6 34 1 0.000610136
0 6 34 2 0.000722907
0 6 34 3 0.00142045
0 6 35 0 0.000576779
0 6 35 1 0.000618744
0 6 35 2 0.000677616
0 6 35 3 0.00129649
0 6 36 0 0.000743499
0 6 36 1 0.000617743
0 6 36 2 0.00055559
0 6 36 3 0.00123309
0 6 37 0 0.000576203
0 6 37 1 0.000617777
0 6 37 2 0.000677616
0 6 37 3 0.0012326
0 6 38 0 0.000596791
0 6 38 1 0.000651455
0 6 38 2 0.00055559
0 6 38 3 0.000702446
0 6 39 0 0.000749414
0 6 39 1 0.000627352
0 6 39 2 0.00055559
0 6 39 3 0.00115146
0 6 40 0 0.000712466
0 6 40 1 0.000640811
0 6 40 2 0.000677616
0 6 40 3 0.00135231
0 6 41 0 0.00228526
0 6 41 1 0.000651632
0 6 41 2 0.000677616
0 6 41 3 0.00102136
0 6 42 0 0.000576182
0 6 42 1 0.000617743
0 6 42 2 0.00055559
0 6 42 3 0.00123309
0 6 43 0 0.000582098
0 6 43 1 0.00062742
0 6 43 2 0.000677616
0 6 43 3 0.00104853
0 6 44 0 0.000718796
0 6 44 1 0.000651421
0 6 44 2 0.000677616
0 6 44 3 0.000702938
0 6 45 0 0.00059677
0 6 45 1 0.000651421
0 6 45 2 0.000677616
0 6 45 3 0.000702938
0 6 46 0 0.00059677
0 6 46 1 0.000651426
0 6 46 2 0.00055559
0 6 46 3 0.00058108
0 6 47 0 0.000596798
0 6 47 1 0.000651471
0 6 47 2 0.00055559
0 6 47 3 0.000580424
1 0 0 0 0.00115978
1 0 0 1 0.000640734
1 0 0 2 0.00161344
1 0 0 3 0.00215459
1 0 1 0 0.000843747
1 0 1 1 0.000610086
1 0 1 2 0.00113491
1 0 1 3 0.00211896
1 0 2 0 0.00112171
1 0 2 1 0.000617697
1 0 2 2 0.00142861
1 0 2 3 0.00181897
1 0 3 0 0.000970406
1 0 3 1 0.000617676
1 0 3 2 0.00105631
1 0 3 3 0.0019114
1 0 4 0 0.0011002
1 0 4 1 0.000640775
1 0 4 2 0.00108957
1 0 4 3 0.00171782
1 0 5 0 0.00228173
1 0 5 1 0.000626369
1 0 5 2 0.00111274
1 0 5 3 0.0014948
1 0 6 0 0.000576167
1 0 6 1 0.000625789
1 0 6 2 0.000735707
1 0 6 3 0.00151542
1 0 7 0 0.000576779
1 0 7 1 0.000618744
1 0 7 2 0.000755591
1 0 7 3 0.00129649
1 0 8 0 0.000576182
1 0 8 1 0.00061774
1 0 8 2 0.000755591
1 0 8 3 0.00131096
1 0 9 0 0.000582098
1 0 9 1 0.000627419
1 0 9 2 0.000677616
1 0 9 3 0.00109376
1 0 10 0 0.000718817
1 0 10 1 0.000651455
1 0 10 2 0.000677616
1 0 10 3 0.000702446
1 0 11 0 0.000596777
1 0 11 1 0.000651423
1 0 11 2 0.000737213
1 0 11 3 0.000805629
1 0 12 0 0.00059677
1 0 12 1 0.000651426
1 0 12 2 0.00055559
1 0 12 3 0.00058108
1 0 13 0 0.00059677
1 0 13 1 0.000651464
1 0 13 2 0.00055559
1 0 13 3 0.000580529
1 0 14 0 0.000596798
1 0 14 1 0.000651471
1 0 14 2 0.00055559
1 0 14 3 0.000580424
1 0 15 0 0.000596798
1 0 15 1 0.000651471
1 0 15 2 0.00055559
1 0 15 3 0.000580424
1 0 16 0 0.00059677
1 0 16 1 0.000651421
1 0 16 2 0.000677616
1 0 16 3 0.000702938
1 0 17 0 0.000582098
1 0 17 1 0.00062742
1 0 17 2 0.000677616
1 0 17 3 0.00104853
1 0 18 0 0.000971007
1 0 18 1 0.000625946
1 0 18 2 0.00099512
1 0 18 3 0.00155357
1 0 19 0 0.00155532
1 0 19 1 0.000617682
1 0 19 2 0.00099512
1 0 19 3 0.00173816
1 0 20 0 0.000976292
1 0 20 1 0.000627305
1 0 20 2 0.00162565
1 0 20 3 0.0019435
1 0 21 0 0.0012528
1 0 21 1 0.00063264
1 0 21 2 0.00130015
1 0 21 3 0.00318449
1 0 22 0 0.00253517
1 0 22 1 0.000609996
1 0 22 2 0.00195223
1 0 22 3 0.00285271
1 0 23 0 0.0012524
1 0 23 1 0.000610324
1 0 23 2 0.00236093
1 0 23 3 0.00291409
1 0 24 0 0.00147975
1 0 24 1 0.000614603
1 0 24 2 0.00123586
1 0 24 3 0.00472776
1 0 25 0 0.00143014
1 0 25 1 0.000592885
1 0 25 2 0.00234312
1 0 25 3 0.0037209
1 0 26 0 0.00204391
1 0 26 1 0.000633005
1 0 26 2 0.00350033
1 0 26 3 0.00369851
1 0 27 0 0.0233938
1 0 27 1 0.000625316
1 0 27 2 0.00127024
1 0 27 3 0.00167835
1 0 28 0 0.0247367
1 0 28 1 0.000643794
1 0 28 2 0.00164408
1 0 28 3 0.00184533
1 0 29 0 0.00185087
1 0 29 1 0.00058398
1 0 29 2 0.00286742
1 0 29 3 0.00330847
1 0 30 0 0.00135444
1 0 30 1 0.000605652
1 0 30 2 0.0019823
1 0 30 3 0.00503334
1 0 31 0 0.00116197
1 0 31 1 0.000606303
1 0 31 2 0.00164634
1 0 31 3 0.00418934
1 0 32 0 0.00133766
1 0 32 1 0.000605793
1 0 32 2 0.00148397
1 0 32 3 0.00437452
1 0 33 0 0.00150362
1 0 33 1 0.000605131
1 0 33 2 0.00166754
1 0 33 3 0.00505814
1 0 34 0 0.0011367
1 0 34 1 0.00064067
1 0 34 2 0.00137206
1 0 34 3 0.00422053
1 0 35 0 0.00131946
1 0 35 1 0.000614111
1 0 35 2 0.00122218
1 0 35 3 0.00319231
1 0 36 0 0.00113078
1 0 36 1 0.000632628
1 0 36 2 0.00145324
1 0 36 3 0.00319786
1 0 37 0 0.00125661
1 0 37 1 0.000633225
1 0 37 2 0.0015279
1 0 37 3 0.00270449
1 0 38 0 0.000965326
1 0 38 1 0.000599292
1 0 38 2 0.00220401
1 0 38 3 0.00253249
1 0 39 0 0.00104963
1 0 39 1 0.000628879
1 0 39 2 0.00148693
1 0 39 3 0.00289345
1 0 40 0 0.0015159
1 0 40 1 0.000923529
1 0 40 2 0.00270246
1 0 40 3 0.00185403
1 0 41 0 0.0009278
1 0 41 1 0.000614216
1 0 41 2 0.00130015
1 0 41 3 0.00308187
1 0 42 0 0.00348379
1 0 42 1 0.000640973
1 0 42 2 0.00135806
1 0 42 3 0.00172396
1 0 43 0 0.000863058
1 0 43 1 0.000641078
1 0 43 2 0.00161623
1 0 43 3 0.00228024
1 0 44 0 0.00117273
1 0 44 1 0.000633415
1 0 44 2 0.00137404
1 0 44 3 0.00250942
1 0 45 0 0.0020765
1 0 45 1 0.000640684
1 0 45 2 0.00159911
1 0 45 3 0.00212859
1 0 46 0 0.000984671
1 0 46 1 0.000641607
1 0 46 2 0.00131721
1 0 46 3 0.00175298
1 0 47 0 0.00109717
1 0 47 1 0.000651191
1 0 47 2 0.00160023
1 0 47 3 0.00139219
1 1 0 0 0.00114613
1 1 0 1 0.000617694
1 1 0 2 0.0011967
1 1 0 3 0.00186208
1 1 1 0 0.000970413
1 1 1 1 0.000617698
1 1 1 2 0.00143599
1 1 1 3 0.00175018
1 1 2 0 0.000582061
1 1 2 1 0.000627339
1 1 2 2 0.00109493
1 1 2 3 0.00140014
1 1 3 0 0.000576167
1 1 3 1 0.000617686
1 1 3 2 0.000982672
1 1 3 3 0.00173523
1 1 4 0 0.000704087
1 1 4 1 0.000627327
1 1 4 2 0.000949829
1 1 4 3 0.00146087
1 1 5 0 0.000704087
1 1 5 1 0.000627327
1 1 5 2 0.00099512
1 1 5 3 0.00147591
1 1 6 0 0.000693559
1 1 6 1 0.000610136
1 1 6 2 0.000677616
1 1 6 3 0.00142045
1 1 7 0 0.00108831
1 1 7 1 0.000617777
1 1 7 2 0.000677616
1 1 7 3 0.0012326
1 1 8 0 0.000576768
1 1 8 1 0.000625954
1 1 8 2 0.000677616
1 1 8 3 0.00146539
1 1 9 0 0.000582098
1 1 9 1 0.00062742
1 1 9 2 0.00055559
1 1 9 3 0.00104853
1 1 10 0 0.00143584
1 1 10 1 0.000627636
1 1 10 2 0.00055559
1 1 10 3 0.000968846
1 1 11 0 0.000582199
1 1 11 1 0.000628045
1 1 11 2 0.00055559
1 1 11 3 0.00103954
1 1 12 0 0.000933121
1 1 12 1 0.00062764
1 1 12 2 0.000722907
1 1 12 3 0.00109057
1 1 13 0 0.000704123
1 1 13 1 0.00062742
1 1 13 2 0.00055559
1 1 13 3 0.00104853
1 1 14 0 0.000596791
1 1 14 1 0.000651455
1 1 14 2 0.00055559
1 1 14 3 0.000702446
1 1 15 0 0.000596802
1 1 15 1 0.000651473
1 1 15 2 0.000555612
1 1 15 3 0.000580407
1 1 16 0 0.00087082
1 1 16 1 0.000652318
1 1 16 2 0.000677616
1 1 16 3 0.000690026
1 1 17 0 0.000582098
1 1 17 1 0.000627412
1 1 17 2 0.000722907
1 1 17 3 0.00109968
1 1 18 0 0.00121425
1 1 18 1 0.000627338
1 1 18 2 0.000722907
1 1 18 3 0.00140481
1 1 19 0 0.0010163
1 1 19 1 0.000625946
1 1 19 2 0.00100098
1 1 19 3 0.00156224
1 1 20 0 0.00306846
1 1 20 1 0.000626331
1 1 20 2 0.00111997
1 1 20 3 0.00185136
1 1 21 0 0.000984649
1 1 21 1 0.000640756
1 1 21 2 0.00150994
1 1 21 3 0.00192645
1 1 22 0 0.00125351
1 1 22 1 0.000633024
1 1 22 2 0.00150642
1 1 22 3 0.00284994
1 1 23 0 0.00157068
1 1 23 1 0.000633083
1 1 23 2 0.00172345
1 1 23 3 0.00330279
1 1 24 0 0.00124651
1 1 24 1 0.000606535
1 1 24 2 0.00157419
1 1 24 3 0.00378594
1 1 25 0 0.00126651
1 1 25 1 0.000903666
1 1 25 2 0.00173974
1 1 25 3 0.00450087
1 1 26 0 0.00135085
1 1 26 1 0.000921204
1 1 26 2 0.00512459
1 1 26 3 0.00223023
1 1 27 0 0.00157238
1 1 27 1 0.000912753
1 1 27 2 0.00201923
1 1 27 3 0.00526206
1 1 28 0 0.00122905
1 1 28 1 0.00060526
1 1 28 2 0.00177755
1 1 28 3 0.00516579
1 1 29 0 0.00151425
1 1 29 1 0.000628729
1 1 29 2 0.00221951
1 1 29 3 0.00411557
1 1 30 0 0.00135603
1 1 30 1 0.000583949
1 1 30 2 0.00265521
1 1 30 3 0.00351434
1 1 31 0 0.00155318
1 1 31 1 0.000609382
1 1 31 2 0.00190062
1 1 31 3 0.00393004
1 1 32 0 0.00140415
1 1 32 1 0.000605382
1 1 32 2 0.00239693
1 1 32 3 0.00362493
1 1 33 0 0.000842497
1 1 33 1 0.000606564
1 1 33 2 0.00157598
1 1 33 3 0.00381969
1 1 34 0 0.00144387
1 1 34 1 0.000633124
1 1 34 2 0.00185801
1 1 34 3 0.0033285
1 1 35 0 0.00111756
1 1 35 1 0.000632696
1 1 35 2 0.0014058
1 1 35 3 0.00314844
1 1 36 0 0.00126831
1 1 36 1 0.000634106
1 1 36 2 0.00314241
1 1 36 3 0.00231964
1 1 37 0 0.00119285
1 1 37 1 0.000612388
1 1 37 2 0.00120156
1 1 37 3 0.00377624
1 1 38 0 0.000955138
1 1 38 1 0.000633142
1 1 38 2 0.00154426
1 1 38 3 0.00304537
1 1 39 0 0.00102568
1 1 39 1 0.000632216
1 1 39 2 0.00159374
1 1 39 3 0.00352175
1 1 40 0 0.0011207
1 1 40 1 0.000617636
1 1 40 2 0.00279023
1 1 40 3 0.00209209
1 1 41 0 0.00130337
1 1 41 1 0.000633382
1 1 41 2 0.0023547
1 1 41 3 0.00251838
1 1 42 0 0.000980466
1 1 42 1 0.000639895
1 1 42 2 0.00157497
1 1 42 3 0.00236905
1 1 43 0 0.000843747
1 1 43 1 0.000610082
1 1 43 2 0.00176367
1 1 43 3 0.00242253
1 1 44 0 0.0010489
1 1 44 1 0.000627304
1 1 44 2 0.00164198
1 1 44 3 0.00194391
1 1 45 0 0.000977788
1 1 45 1 0.000618648
1 1 45 2 0.00166936
1 1 45 3 0.00201186
1 1 46 0 0.000848387
1 1 46 1 0.000617687
1 1 46 2 0.00129408
1 1 46 3 0.00193927
1 1 47 0 0.00097039
1 1 47 1 0.000617647
1 1 47 2 0.0011418
1 1 47 3 0.00215231
1 2 0 0 0.000848365
1 2 0 1 0.000617647
1 2 0 2 0.00107756
1 2 0 3 0.00221047
1 2 1 0 0.000970413
1 2 1 1 0.000617687
1 2 1 2 0.00124087
1 2 1 3 0.00192485
1 2 2 0 0.000973313
1 2 2 1 0.000618681
1 2 2 2 0.00137246
1 2 2 3 0.00170103
1 2 3 0 0.000994884
1 2 3 1 0.000641731
1 2 3 2 0.00174927
1 2 3 3 0.00143562
1 2 4 0 0.000590425
1 2 4 1 0.000640778
1 2 4 2 0.00101483
1 2 4 3 0.00162702
1 2 5 0 0.000984671
1 2 5 1 0.000640787
1 2 5 2 0.0012456
1 2 5 3 0.00172785
1 2 6 0 0.000970413
1 2 6 1 0.000617708
1 2 6 2 0.00112551
1 2 6 3 0.00165035
1 2 7 0 0.000571534
1 2 7 1 0.000610136
1 2 7 2 0.000677616
1 2 7 3 0.00142045
1 2 8 0 0.000704094
1 2 8 1 0.00062735
1 2 8 2 0.0011062
1 2 8 3 0.00141852
1 2 9 0 0.00177928
1 2 9 1 0.000627622
1 2 9 2 0.000742181
1 2 9 3 0.00140618
1 2 10 0 0.000582068
1 2 10 1 0.00062735
1 2 10 2 0.0011301
1 2 10 3 0.00142102
1 2 11 0 0.00395
1 2 11 1 0.000651675
1 2 11 2 0.000677616
1 2 11 3 0.000699282
1 2 12 0 0.00138564
1 2 12 1 0.000652512
1 2 12 2 0.00055559
1 2 12 3 0.000687224
1 2 13 0 0.000582077
1 2 13 1 0.000627413
1 2 13 2 0.00055559
1 2 13 3 0.00109384
1 2 14 0 0.000718796
1 2 14 1 0.000651421
1 2 14 2 0.000677616
1 2 14 3 0.000702938
1 2 15 0 0.000596798
1 2 15 1 0.000651471
1 2 15 2 0.00055559
1 2 15 3 0.000580424
1 2 16 0 0.000596802
1 2 16 1 0.000651473
1 2 16 2 0.000555612
1 2 16 3 0.000580407
1 2 17 0 0.00100707
1 2 17 1 0.00062742
1 2 17 2 0.000677616
1 2 17 3 0.00104853
1 2 18 0 0.000698208
1 2 18 1 0.00061774
1 2 18 2 0.00055559
1 2 18 3 0.00131096
1 2 19 0 0.0009763
1 2 19 1 0.000627327
1 2 19 2 0.000949829
1 2 19 3 0.0015064
1 2 20 0 0.0010195
1 2 20 1 0.000610097
1 2 20 2 0.00109398
1 2 20 3 0.00206892
1 2 21 0 0.000992457
1 2 21 1 0.000617659
1 2 21 2 0.00146772
1 2 21 3 0.00213061
1 2 22 0 0.00121338
1 2 22 1 0.000641698
1 2 22 2 0.00304455
1 2 22 3 0.00151808
1 2 23 0 0.00137753
1 2 23 1 0.000633227
1 2 23 2 0.00153595
1 2 23 3 0.00268221
1 2 24 0 0.00123811
1 2 24 1 0.000610059
1 2 24 2 0.0022343
1 2 24 3 0.00270656
1 2 25 0 0.000827804
1 2 25 1 0.000612252
1 2 25 2 0.00184743
1 2 25 3 0.00264154
1 2 26 0 0.000960303
1 2 26 1 0.000605974
1 2 26 2 0.0014804
1 2 26 3 0.0040568
1 2 27 0 0.0012724
1 2 27 1 0.000640645
1 2 27 2 0.00140694
1 2 27 3 0.00449737
1 2 28 0 0.00113078
1 2 28 1 0.00063264
1 2 28 2 0.00165292
1 2 28 3 0.00324394
1 2 29 0 0.00159979
1 2 29 1 0.000633446
1 2 29 2 0.00197638
1 2 29 3 0.00290734
1 2 30 0 0.00126106
1 2 30 1 0.000633081
1 2 30 2 0.00147192
1 2 30 3 0.00309272
1 2 31 0 0.00113034
1 2 31 1 0.000639719
1 2 31 2 0.00267781
1 2 31 3 0.0023167
1 2 32 0 0.000832421
1 2 32 1 0.000591569
1 2 32 2 0.00223251
1 2 32 3 0.00259557
1 2 33 0 0.00124273
1 2 33 1 0.000617617
1 2 33 2 0.00209606
1 2 33 3 0.00239967
1 2 34 0 0.00104278
1 2 34 1 0.000651814
1 2 34 2 0.00373867
1 2 34 3 0.00119682
1 2 35 0 0.0012544
1 2 35 1 0.000639692
1 2 35 2 0.00145618
1 2 35 3 0.00249233
1 2 36 0 0.000985084
1 2 36 1 0.000641194
1 2 36 2 0.00146629
1 2 36 3 0.00226197
1 2 37 0 0.00102477
1 2 37 1 0.000634145
1 2 37 2 0.00307962
1 2 37 3 0.00157824
1 2 38 0 0.000863058
1 2 38 1 0.000641688
1 2 38 2 0.00276581
1 2 38 3 0.00151703
1 2 39 0 0.00132605
1 2 39 1 0.000618634
1 2 39 2 0.00176697
1 2 39 3 0.00213517
1 2 40 0 0.00109499
1 2 40 1 0.000641154
1 2 40 2 0.00154426
1 2 40 3 0.00231925
1 2 41 0 0.000970397
1 2 41 1 0.000618938
1 2 41 2 0.0017676
1 2 41 3 0.00212031
1 2 42 0 0.00097039
1 2 42 1 0.00061764
1 2 42 2 0.0011993
1 2 42 3 0.0022927
1 2 43 0 0.0011304
1 2 43 1 0.000617661
1 2 43 2 0.00156759
1 2 43 3 0.002091
1 2 44 0 0.00111478
1 2 44 1 0.000640786
1 2 44 2 0.00127708
1 2 44 3 0.00186107
1 2 45 0 0.000848365
1 2 45 1 0.000617649
1 2 45 2 0.00145323
1 2 45 3 0.00217068
1 2 46 0 0.000863058
1 2 46 1 0.000642538
1 2 46 2 0.00271783
1 2 46 3 0.00125256
1 2 47 0 0.000965857
1 2 47 1 0.000616498
1 2 47 2 0.00126269
1 2 47 3 0.00194795
1 3 0 0 0.00114552
1 3 0 1 0.000610666
1 3 0 2 0.00148126
1 3 0 3 0.00187698
1 3 1 0 0.0010204
1 3 1 1 0.000617613
1 3 1 2 0.00121084
1 3 1 3 0.00187213
1 3 2 0 0.000985099
1 3 2 1 0.000641731
1 3 2 2 0.00173726
1 3 2 3 0.00143562
1 3 3 0 0.000590432
1 3 3 1 0.000641624
1 3 3 2 0.0010326
1 3 3 3 0.0016511
1 3 4 0 0.000980836
1 3 4 1 0.00062735
1 3 4 2 0.0011124
1 3 4 3 0.00142361
1 3 5 0 0.000576167
1 3 5 1 0.000618523
1 3 5 2 0.000787021
1 3 5 3 0.00150967
1 3 6 0 0.000576768
1 3 6 1 0.000625959
1 3 6 2 0.00124487
1 3 6 3 0.00144458
1 3 7 0 0.000596363
1 3 7 1 0.000651331
1 3 7 2 0.00170412
1 3 7 3 0.000627646
1 3 8 0 0.000718369
1 3 8 1 0.000651283
1 3 8 2 0.00115298
1 3 8 3 0.000800933
1 3 9 0 0.000718367
1 3 9 1 0.000650709
1 3 9 2 0.00105295
1 3 9 3 0.000947407
1 3 10 0 0.000718817
1 3 10 1 0.000651455
1 3 10 2 0.000677616
1 3 10 3 0.000702446
1 3 11 0 0.000596798
1 3 11 1 0.000651471
1 3 11 2 0.00055559
1 3 11 3 0.000580424
1 3 12 0 0.00072936
1 3 12 1 0.000651423
1 3 12 2 0.00070638
1 3 12 3 0.000939888
1 3 13 0 0.00059677
1 3 13 1 0.000651426
1 3 13 2 0.00055559
1 3 13 3 0.00058108
1 3 14 0 0.000596798
1 3 14 1 0.000651471
1 3 14 2 0.00055559
1 3 14 3 0.000580424
1 3 15 0 0.00059677
1 3 15 1 0.000651426
1 3 15 2 0.00055559
1 3 15 3 0.00058108
1 3 16 0 0.000599158
1 3 16 1 0.000652088
1 3 16 2 0.000688859
1 3 16 3 0.000571552
1 3 17 0 0.000793419
1 3 17 1 0.000651423
1 3 17 2 0.000920788
1 3 17 3 0.000946548
1 3 18 0 0.000576174
1 3 18 1 0.000617708
1 3 18 2 0.00112693
1 3 18 3 0.00166486
1 3 19 0 0.00198914
1 3 19 1 0.000619192
1 3 19 2 0.00171948
1 3 19 3 0.00207718
1 3 20 0 0.0012181
1 3 20 1 0.000642701
1 3 20 2 0.00382641
1 3 20 3 0.00132803
1 3 21 0 0.00112095
1 3 21 1 0.00062488
1 3 21 2 0.00252811
1 3 21 3 0.0022354
1 3 22 0 0.00261363
1 3 22 1 0.000626235
1 3 22 2 0.00317491
1 3 22 3 0.00270187
1 3 23 0 0.00166791
1 3 23 1 0.000627336
1 3 23 2 0.00190957
1 3 23 3 0.0047927
1 3 24 0 0.00159465
1 3 24 1 0.000605295
1 3 24 2 0.00198377
1 3 24 3 0.00526204
1 3 25 0 0.00151339
1 3 25 1 0.000903328
1 3 25 2 0.00189933
1 3 25 3 0.00508085
1 3 26 0 0.00157997
1 3 26 1 0.000582896
1 3 26 2 0.00223212
1 3 26 3 0.00432057
1 3 27 0 0.00398246
1 3 27 1 0.000641225
1 3 27 2 0.00325526
1 3 27 3 0.00388679
1 3 28 0 0.00192133
1 3 28 1 0.000605537
1 3 28 2 0.0026833
1 3 28 3 0.00441962
1 3 29 0 0.00195603
1 3 29 1 0.000605061
1 3 29 2 0.00270779
1 3 29 3 0.00435969
1 3 30 0 0.00169554
1 3 30 1 0.000631051
1 3 30 2 0.00187739
1 3 30 3 0.00511393
1 3 31 0 0.0016574
1 3 31 1 0.000593103
1 3 31 2 0.00233133
1 3 31 3 0.00382893
1 3 32 0 0.00141726
1 3 32 1 0.000605278
1 3 32 2 0.00166321
1 3 32 3 0.00489849
1 3 33 0 0.00162114
1 3 33 1 0.000642718
1 3 33 2 0.0047521
1 3 33 3 0.00267616
1 3 34 0 0.00140119
1 3 34 1 0.000628922
1 3 34 2 0.00178522
1 3 34 3 0.00353066
1 3 35 0 0.00148177
1 3 35 1 0.000638658
1 3 35 2 0.00162001
1 3 35 3 0.00329053
1 3 36 0 0.00111609
1 3 36 1 0.000610073
1 3 36 2 0.00283915
1 3 36 3 0.00247538
1 3 37 0 0.00115084
1 3 37 1 0.000599052
1 3 37 2 0.00286666
1 3 37 3 0.00277537
1 3 38 0 0.00279401
1 3 38 1 0.000601377
1 3 38 2 0.00314794
1 3 38 3 0.00244692
1 3 39 0 0.00131268
1 3 39 1 0.00061001
1 3 39 2 0.00235242
1 3 39 3 0.00272212
1 3 40 0 0.00156969
1 3 40 1 0.000632829
1 3 40 2 0.00167378
1 3 40 3 0.00325038
1 3 41 0 0.00148064
1 3 41 1 0.000607313
1 3 41 2 0.00180204
1 3 41 3 0.00325642
1 3 42 0 0.00113078
1 3 42 1 0.000632601
1 3 42 2 0.00134446
1 3 42 3 0.00323655
1 3 43 0 0.00120875
1 3 43 1 0.000632525
1 3 43 2 0.001461
1 3 43 3 0.00331554
1 3 44 0 0.000980031
1 3 44 1 0.000633179
1 3 44 2 0.00165704
1 3 44 3 0.00234704
1 3 45 0 0.000848365
1 3 45 1 0.000617646
1 3 45 2 0.0016713
1 3 45 3 0.00222797
1 3 46 0 0.00103141
1 3 46 1 0.000642493
1 3 46 2 0.00198199
1 3 46 3 0.00188506
1 3 47 0 0.000858005
1 3 47 1 0.000639569
1 3 47 2 0.00112061
1 3 47 3 0.00198093
1 4 0 0 0.00140158
1 4 0 1 0.000640734
1 4 0 2 0.00151888
1 4 0 3 0.00214178
1 4 1 0 0.000858005
1 4 1 1 0.000633404
1 4 1 2 0.00187701
1 4 1 3 0.00144943
1 4 2 0 0.000997267
1 4 2 1 0.000641556
1 4 2 2 0.00175562
1 4 2 3 0.0014947
1 4 3 0 0.00113051
1 4 3 1 0.00061868
1 4 3 2 0.00131198
1 4 3 3 0.00177452
1 4 4 0 0.000576768
1 4 4 1 0.000625946
1 4 4 2 0.00099512
1 4 4 3 0.00156827
1 4 5 0 0.000596326
1 4 5 1 0.000650431
1 4 5 2 0.00112303
1 4 5 3 0.00148831
1 4 6 0 0.000704542
1 4 6 1 0.000647695
1 4 6 2 0.000954034
1 4 6 3 0.000976534
1 4 7 0 0.000576207
1 4 7 1 0.000618372
1 4 7 2 0.000738562
1 4 7 3 0.00122402
1 4 8 0 0.000596791
1 4 8 1 0.000651455
1 4 8 2 0.000677616
1 4 8 3 0.000702446
1 4 9 0 0.000582512
1 4 9 1 0.000647699
1 4 9 2 0.000677616
1 4 9 3 0.000888665
1 4 10 0 0.000596798
1 4 10 1 0.000651471
1 4 10 2 0.00055559
1 4 10 3 0.000580424
1 4 11 0 0.000596791
1 4 11 1 0.000651455
1 4 11 2 0.00055559
1 4 11 3 0.000702446
1 4 12 0 0.000596798
1 4 12 1 0.000651471
1 4 12 2 0.00055559
1 4 12 3 0.000580424
1 4 13 0 0.000596798
1 4 13 1 0.000651471
1 4 13 2 0.00055559
1 4 13 3 0.000580424
1 4 14 0 0.000596798
1 4 14 1 0.000651471
1 4 14 2 0.00055559
1 4 14 3 0.000580424
1 4 15 0 0.000596798
1 4 15 1 0.000651471
1 4 15 2 0.00055559
1 4 15 3 0.000580424
1 4 16 0 0.000718883
1 4 16 1 0.000651461
1 4 16 2 0.000677616
1 4 16 3 0.000580575
1 4 17 0 0.000718803
1 4 17 1 0.000651423
1 4 17 2 0.000677616
1 4 17 3 0.000878539
1 4 18 0 0.000582061
1 4 18 1 0.000627338
1 4 18 2 0.000975856
1 4 18 3 0.00143748
1 4 19 0 0.00102245
1 4 19 1 0.000610097
1 4 19 2 0.0010848
1 4 19 3 0.00208959
1 4 20 0 0.00135297
1 4 20 1 0.000641569
1 4 20 2 0.00151158
1 4 20 3 0.00193099
1 4 21 0 0.00129724
1 4 21 1 0.000609854
1 4 21 2 0.00160482
1 4 21 3 0.00246125
1 4 22 0 0.00159567
1 4 22 1 0.000616396
1 4 22 2 0.00230528
1 4 22 3 0.00273968
1 4 23 0 0.00142994
1 4 23 1 0.000599975
1 4 23 2 0.00319607
1 4 23 3 0.00274658
1 4 24 0 0.00156511
1 4 24 1 0.000606526
1 4 24 2 0.00180855
1 4 24 3 0.00425967
1 4 25 0 0.00160764
1 4 25 1 0.000606167
1 4 25 2 0.00219122
1 4 25 3 0.00439127
1 4 26 0 0.00137787
1 4 26 1 0.000623051
1 4 26 2 0.00445596
1 4 26 3 0.00259626
1 4 27 0 0.00168949
1 4 27 1 0.000633664
1 4 27 2 0.00389607
1 4 27 3 0.00327939
1 4 28 0 0.00263113
1 4 28 1 0.00060997
1 4 28 2 0.00285784
1 4 28 3 0.003457
1 4 29 0 0.00165944
1 4 29 1 0.000592046
1 4 29 2 0.00326667
1 4 29 3 0.00368008
1 4 30 0 0.00231951
1 4 30 1 0.000584383
1 4 30 2 0.00210277
1 4 30 3 0.00363888
1 4 31 0 0.00158789
1 4 31 1 0.000641867
1 4 31 2 0.00201611
1 4 31 3 0.00384797
1 4 32 0 0.00125055
1 4 32 1 0.000605714
1 4 32 2 0.00165062
1 4 32 3 0.00442806
1 4 33 0 0.00137827
1 4 33 1 0.000605623
1 4 33 2 0.00147032
1 4 33 3 0.0044918
1 4 34 0 0.00159793
1 4 34 1 0.000642503
1 4 34 2 0.00186027
1 4 34 3 0.00307771
1 4 35 0 0.00127564
1 4 35 1 0.000640675
1 4 35 2 0.00137206
1 4 35 3 0.00421642
1 4 36 0 0.0012528
1 4 36 1 0.000632662
1 4 36 2 0.00146088
1 4 36 3 0.0031708
1 4 37 0 0.00116423
1 4 37 1 0.000641154
1 4 37 2 0.0016334
1 4 37 3 0.00227722
1 4 38 0 0.00153748
1 4 38 1 0.000650146
1 4 38 2 0.00241223
1 4 38 3 0.00202247
1 4 39 0 0.00212963
1 4 39 1 0.000609996
1 4 39 2 0.00178471
1 4 39 3 0.00287701
1 4 40 0 0.00154986
1 4 40 1 0.000615432
1 4 40 2 0.00216609
1 4 40 3 0.00231071
1 4 41 0 0.00125281
1 4 41 1 0.000633266
1 4 41 2 0.00148245
1 4 41 3 0.00265586
1 4 42 0 0.00145765
1 4 42 1 0.000618082
1 4 42 2 0.00217188
1 4 42 3 0.00234888
1 4 43 0 0.000993347
1 4 43 1 0.000591539
1 4 43 2 0.00176617
1 4 43 3 0.00273802
1 4 44 0 0.000853749
1 4 44 1 0.000625467
1 4 44 2 0.0038689
1 4 44 3 0.00149837
1 4 45 0 0.00123811
1 4 45 1 0.000610058
1 4 45 2 0.00204118
1 4 45 3 0.00287367
1 4 46 0 0.00125281
1 4 46 1 0.00063336
1 4 46 2 0.00154426
1 4 46 3 0.00251109
1 4 47 0 0.00113079
1 4 47 1 0.000634145
1 4 47 2 0.00297427
1 4 47 3 0.0015869
1 5 0 0 0.00123812
1 5 0 1 0.000616413
1 5 0 2 0.00176002
1 5 0 3 0.00255749
1 5 1 0 0.00107281
1 5 1 1 0.00063338
1 5 1 2 0.00156583
1 5 1 3 0.00250976
1 5 2 0 0.00097039
1 5 2 1 0.000617647
1 5 2 2 0.00130059
1 5 2 3 0.00221848
1 5 3 0 0.00103426
1 5 3 1 0.000640785
1 5 3 2 0.00131721
1 5 3 3 0.00171452
1 5 4 0 0.00194628
1 5 4 1 0.000640964
1 5 4 2 0.00123923
1 5 4 3 0.00177336
1 5 5 0 0.000970406
1 5 5 1 0.000617686
1 5 5 2 0.000999153
1 5 5 3 0.00171669
1 5 6 0 0.000712458
1 5 6 1 0.00064079
1 5 6 2 0.00119296
1 5 6 3 0.00163212
1 5 7 0 0.000571542
1 5 7 1 0.000616538
1 5 7 2 0.000915427
1 5 7 3 0.00132826
1 5 8 0 0.000719747
1 5 8 1 0.000640864
1 5 8 2 0.000713832
1 5 8 3 0.00134576
1 5 9 0 0.000704544
1 5 9 1 0.000647701
1 5 9 2 0.000731625
1 5 9 3 0.000881397
1 5 10 0 0.000596791
1 5 10 1 0.000651455
1 5 10 2 0.00055559
1 5 10 3 0.000702446
1 5 11 0 0.000718883
1 5 11 1 0.000651473
1 5 11 2 0.00055559
1 5 11 3 0.000580407
1 5 12 0 0.000596798
1 5 12 1 0.000651471
1 5 12 2 0.00055559
1 5 12 3 0.000580424
1 5 13 0 0.000596798
1 5 13 1 0.000651471
1 5 13 2 0.00055559
1 5 13 3 0.000580424
1 5 14 0 0.000596791
1 5 14 1 0.000651455
1 5 14 2 0.00055559
1 5 14 3 0.000702446
1 5 15 0 0.000596798
1 5 15 1 0.000651471
1 5 15 2 0.00055559
1 5 15 3 0.000580424
1 5 16 0 0.000718796
1 5 16 1 0.000651421
1 5 16 2 0.000677616
1 5 16 3 0.000702938
1 5 17 0 0.000582098
1 5 17 1 0.000627419
1 5 17 2 0.000722907
1 5 17 3 0.00109376
1 5 18 0 0.000582061
1 5 18 1 0.000627327
1 5 18 2 0.000949829
1 5 18 3 0.00148882
1 5 19 0 0.00086322
1 5 19 1 0.000641946
1 5 19 2 0.001881
1 5 19 3 0.00167803
1 5 20 0 0.0012235
1 5 20 1 0.000640741
1 5 20 2 0.00153526
1 5 20 3 0.0020905
1 5 21 0 0.00135637
1 5 21 1 0.000617647
1 5 21 2 0.00155226
1 5 21 3 0.00218089
1 5 22 0 0.037627
1 5 22 1 0.000644489
1 5 22 2 0.00137206
1 5 22 3 0.00149585
1 5 23 0 0.0026641
1 5 23 1 0.000609994
1 5 23 2 0.00285121
1 5 23 3 0.00313139
1 5 24 0 0.00302715
1 5 24 1 0.000609645
1 5 24 2 0.00262077
1 5 24 3 0.00366583
1 5 25 0 0.0148302
1 5 25 1 0.000601211
1 5 25 2 0.00132645
1 5 25 3 0.00238294
1 5 26 0 0.00180799
1 5 26 1 0.000614526
1 5 26 2 0.00200617
1 5 26 3 0.00517848
1 5 27 0 0.00190973
1 5 27 1 0.000605721
1 5 27 2 0.00254333
1 5 27 3 0.00543207
1 5 28 0 0.00180171
1 5 28 1 0.000632617
1 5 28 2 0.00197131
1 5 28 3 0.00431276
1 5 29 0 0.00173844
1 5 29 1 0.000606094
1 5 29 2 0.00178614
1 5 29 3 0.0044818
1 5 30 0 0.00173334
1 5 30 1 0.000592394
1 5 30 2 0.00196463
1 5 30 3 0.00393225
1 5 31 0 0.00236981
1 5 31 1 0.000607792
1 5 31 2 0.00199962
1 5 31 3 0.00346023
1 5 32 0 0.00154683
1 5 32 1 0.000606869
1 5 32 2 0.00151641
1 5 32 3 0.00369776
1 5 33 0 0.00136318
1 5 33 1 0.000592684
1 5 33 2 0.00338025
1 5 33 3 0.00254835
1 5 34 0 0.00113078
1 5 34 1 0.000632859
1 5 34 2 0.00158844
1 5 34 3 0.00318638
1 5 35 0 0.00145309
1 5 35 1 0.0006176
1 5 35 2 0.00225465
1 5 35 3 0.0025263
1 5 36 0 0.00248066
1 5 36 1 0.000640928
1 5 36 2 0.00223031
1 5 36 3 0.00216674
1 5 37 0 0.00113078
1 5 37 1 0.000632412
1 5 37 2 0.00154161
1 5 37 3 0.00337329
1 5 38 0 0.0016404
1 5 38 1 0.000632746
1 5 38 2 0.00165095
1 5 38 3 0.00326668
1 5 39 0 0.00298312
1 5 39 1 0.000641804
1 5 39 2 0.00205326
1 5 39 3 0.00248831
1 5 40 0 0.00175721
1 5 40 1 0.000617599
1 5 40 2 0.0021334
1 5 40 3 0.00267244
1 5 41 0 0.00141957
1 5 41 1 0.000591561
1 5 41 2 0.00211239
1 5 41 3 0.0026197
1 5 42 0 0.00159991
1 5 42 1 0.000633671
1 5 42 2 0.00166633
1 5 42 3 0.00241688
1 5 43 0 0.000972271
1 5 43 1 0.000610082
1 5 43 2 0.00171966
1 5 43 3 0.00246106
1 5 44 0 0.00126035
1 5 44 1 0.000633335
1 5 44 2 0.00155381
1 5 44 3 0.00255711
1 5 45 0 0.000863224
1 5 45 1 0.0006418
1 5 45 2 0.00211829
1 5 45 3 0.00158374
1 5 46 0 0.00097039
1 5 46 1 0.000617628
1 5 46 2 0.00141925
1 5 46 3 0.00217286
1 5 47 0 0.000848973
1 5 47 1 0.000625921
1 5 47 2 0.00169334
1 5 47 3 0.00197886
1 6 0 0 0.0010029
1 6 0 1 0.000634152
1 6 0 2 0.00187474
1 6 0 3 0.00154475
1 6 1 0 0.000970397
1 6 1 1 0.000617661
1 6 1 2 0.00167947
1 6 1 3 0.00209636
1 6 2 0 0.000970406
1 6 2 1 0.000617686
1 6 2 2 0.000950577
1 6 2 3 0.00167844
1 6 3 0 0.000750831
1 6 3 1 0.000647491
1 6 3 2 0.00138771
1 6 3 3 0.00134546
1 6 4 0 0.000590425
1 6 4 1 0.000640787
1 6 4 2 0.0011779
1 6 4 3 0.00165554
1 6 5 0 0.00238238
1 6 5 1 0.000652216
1 6 5 2 0.00130536
1 6 5 3 0.00117634
1 6 6 0 0.000576182
1 6 6 1 0.000618599
1 6 6 2 0.000677616
1 6 6 3 0.00117594
1 6 7 0 0.000798938
1 6 7 1 0.000652215
1 6 7 2 0.00149093
1 6 7 3 0.00100165
1 6 8 0 0.00073314
1 6 8 1 0.000651423
1 6 8 2 0.000677616
1 6 8 3 0.000850056
1 6 9 0 0.000582077
1 6 9 1 0.000627406
1 6 9 2 0.000725219
1 6 9 3 0.00112501
1 6 10 0 0.00059677
1 6 10 1 0.000651411
1 6 10 2 0.000677616
1 6 10 3 0.000711227
1 6 11 0 0.000600103
1 6 11 1 0.000652334
1 6 11 2 0.000571342
1 6 11 3 0.000568
1 6 12 0 0.000596791
1 6 12 1 0.000651455
1 6 12 2 0.000677616
1 6 12 3 0.000702446
1 6 13 0 0.000596798
1 6 13 1 0.000651471
1 6 13 2 0.00055559
1 6 13 3 0.000580424
1 6 14 0 0.000596798
1 6 14 1 0.000651471
1 6 14 2 0.00055559
1 6 14 3 0.000580424
1 6 15 0 0.000596798
1 6 15 1 0.000651471
1 6 15 2 0.00055559
1 6 15 3 0.000580424
1 6 16 0 0.000596791
1 6 16 1 0.000651455
1 6 16 2 0.00055559
1 6 16 3 0.000702446
1 6 17 0 0.00059677
1 6 17 1 0.000651421
1 6 17 2 0.00055559
1 6 17 3 0.000702938
1 6 18 0 0.000596846
1 6 18 1 0.000651457
1 6 18 2 0.0024519
1 6 18 3 0.000656649
1 6 19 0 0.00121288
1 6 19 1 0.00065122
1 6 19 2 0.00137409
1 6 19 3 0.00126635
1 6 20 0 0.00143474
1 6 20 1 0.000640734
1 6 20 2 0.00151167
1 6 20 3 0.00215837
1 6 21 0 0.00130249
1 6 21 1 0.000640749
1 6 21 2 0.001281
1 6 21 3 0.00228485
1 6 22 0 0.00124401
1 6 22 1 0.000626626
1 6 22 2 0.00332754
1 6 22 3 0.00219678
1 6 23 0 0.00148416
1 6 23 1 0.000616435
1 6 23 2 0.0019186
1 6 23 3 0.00227856
1 6 24 0 0.0018594
1 6 24 1 0.000610035
1 6 24 2 0.00262996
1 6 24 3 0.00318938
1 6 25 0 0.00142474
1 6 25 1 0.000609997
1 6 25 2 0.00292132
1 6 25 3 0.00312917
1 6 26 0 0.00152253
1 6 26 1 0.000605184
1 6 26 2 0.00166331
1 6 26 3 0.00508584
1 6 27 0 0.00167616
1 6 27 1 0.000605407
1 6 27 2 0.00189976
1 6 27 3 0.00524093
1 6 28 0 0.00145303
1 6 28 1 0.000631531
1 6 28 2 0.00155045
1 6 28 3 0.00434386
1 6 29 0 0.00125055
1 6 29 1 0.000605735
1 6 29 2 0.00167587
1 6 29 3 0.00440162
1 6 30 0 0.00122798
1 6 30 1 0.00058388
1 6 30 2 0.00206232
1 6 30 3 0.00326078
1 6 31 0 0.0014077
1 6 31 1 0.00061879
1 6 31 2 0.00458546
1 6 31 3 0.00202133
1 6 32 0 0.00125055
1 6 32 1 0.000605907
1 6 32 2 0.00134251
1 6 32 3 0.00397878
1 6 33 0 0.00168166
1 6 33 1 0.000633277
1 6 33 2 0.00192495
1 6 33 3 0.00342308
1 6 34 0 0.00137235
1 6 34 1 0.000591557
1 6 34 2 0.00214033
1 6 34 3 0.00256341
1 6 35 0 0.00136811
1 6 35 1 0.000633001
1 6 35 2 0.00145691
1 6 35 3 0.00314501
1 6 36 0 0.00164366
1 6 36 1 0.000633382
1 6 36 2 0.00293648
1 6 36 3 0.00220053
1 6 37 0 0.00112027
1 6 37 1 0.000641688
1 6 37 2 0.00281442
1 6 37 3 0.00151973
1 6 38 0 0.00109657
1 6 38 1 0.00061418
1 6 38 2 0.00134972
1 6 38 3 0.00314172
1 6 39 0 0.00108955
1 6 39 1 0.000638769
1 6 39 2 0.00194456
1 6 39 3 0.00190174
1 6 40 0 0.0011029
1 6 40 1 0.00061438
1 6 40 2 0.00121211
1 6 40 3 0.00299146
1 6 41 0 0.00102994
1 6 41 1 0.000627303
1 6 41 2 0.00166748
1 6 41 3 0.00197773
1 6 42 0 0.000986281
1 6 42 1 0.000640684
1 6 42 2 0.00154565
1 6 42 3 0.00219151
1 6 43 0 0.00128055
1 6 43 1 0.000633371
1 6 43 2 0.00153715
1 6 43 3 0.00251461
1 6 44 0 0.00104352
1 6 44 1 0.000642345
1 6 44 2 0.00191434
1 6 44 3 0.0017501
1 6 45 0 0.00142552
1 6 45 1 0.000640916
1 6 45 2 0.00154426
1 6 45 3 0.00242855
1 6 46 0 0.000984649
1 6 46 1 0.000640681
1 6 46 2 0.00170392
1 6 46 3 0.00223372
1 6 47 0 0.00159859
1 6 47 1 0.000618212
1 6 47 2 0.00170979
1 6 47 3 0.0020302
2 0 0 0 0.00105268
2 0 0 1 0.000640773
2 0 0 2 0.00151201
2 0 0 3 0.00192889
2 0 1 0 0.00108002
2 0 1 1 0.000640751
2 0 1 2 0.00151314
2 0 1 3 0.00225442
2 0 2 0 0.000848365
2 0 2 1 0.000618467
2 0 2 2 0.00186713
2 0 2 3 0.00203285
2 0 3 0 0.00084838
2 0 3 1 0.000617683
2 0 3 2 0.000992306
2 0 3 3 0.00188597
2 0 4 0 0.000576174
2 0 4 1 0.000617697
2 0 4 2 0.00113058
2 0 4 3 0.00171248
2 0 5 0 0.00183163
2 0 5 1 0.000627631
2 0 5 2 0.000949829
2 0 5 3 0.00131719
2 0 6 0 0.000576207
2 0 6 1 0.000617778
2 0 6 2 0.000747859
2 0 6 3 0.00123259
2 0 7 0 0.000590448
2 0 7 1 0.000640826
2 0 7 2 0.000718817
2 0 7 3 0.00135902
2 0 8 0 0.000576182
2 0 8 1 0.00061856
2 0 8 2 0.000755591
2 0 8 3 0.00129915
2 0 9 0 0.000576779
2 0 9 1 0.000625979
2 0 9 2 0.00055559
2 0 9 3 0.0012532
2 0 10 0 0.000749414
2 0 10 1 0.00062742
2 0 10 2 0.000677616
2 0 10 3 0.00104853
2 0 11 0 0.000582098
2 0 11 1 0.00062742
2 0 11 2 0.000677616
2 0 11 3 0.00104892
2 0 12 0 0.00059677
2 0 12 1 0.000651421
2 0 12 2 0.000677616
2 0 12 3 0.000810701
2 0 13 0 0.00059677
2 0 13 1 0.000651411
2 0 13 2 0.000677616
2 0 13 3 0.000769788
2 0 14 0 0.000596791
2 0 14 1 0.000651455
2 0 14 2 0.00055559
2 0 14 3 0.000702446
2 0 15 0 0.000596798
2 0 15 1 0.000651471
2 0 15 2 0.00055559
2 0 15 3 0.000580424
2 0 16 0 0.00184303
2 0 16 1 0.000627851
2 0 16 2 0.00055559
2 0 16 3 0.00112016
2 0 17 0 0.000576167
2 0 17 1 0.000617646
2 0 17 2 0.000677616
2 0 17 3 0.00157439
2 0 18 0 0.000970406
2 0 18 1 0.000617682
2 0 18 2 0.000949829
2 0 18 3 0.00188817
2 0 19 0 0.00141918
2 0 19 1 0.000642491
2 0 19 2 0.00205991
2 0 19 3 0.00182444
2 0 20 0 0.00104885
2 0 20 1 0.000614133
2 0 20 2 0.00130015
2 0 20 3 0.00317999
2 0 21 0 0.0014653
2 0 21 1 0.000606542
2 0 21 2 0.00157085
2 0 21 3 0.00380601
2 0 22 0 0.00437113
2 0 22 1 0.000614597
2 0 22 2 0.00150784
2 0 22 3 0.00474005
2 0 23 0 0.00152843
2 0 23 1 0.000636416
2 0 23 2 0.00176831
2 0 23 3 0.00495918
2 0 24 0 0.00192701
2 0 24 1 0.000631826
2 0 24 2 0.00192132
2 0 24 3 0.00460264
2 0 25 0 0.00213328
2 0 25 1 0.000608011
2 0 25 2 0.00443909
2 0 25 3 0.00328994
2 0 26 0 0.00187476
2 0 26 1 0.00062786
2 0 26 2 0.00193732
2 0 26 3 0.0046091
2 0 27 0 0.00243904
2 0 27 1 0.000626014
2 0 27 2 0.0041654
2 0 27 3 0.00355954
2 0 28 0 0.00173733
2 0 28 1 0.000629876
2 0 28 2 0.00460737
2 0 28 3 0.00329758
2 0 29 0 0.0589662
2 0 29 1 0.000652045
2 0 29 2 0.000962914
2 0 29 3 0.000978702
2 0 30 0 0.00211166
2 0 30 1 0.000609667
2 0 30 2 0.00290824
2 0 30 3 0.00381952
2 0 31 0 0.00238673
2 0 31 1 0.000605466
2 0 31 2 0.00207009
2 0 31 3 0.00521261
2 0 32 0 0.0026603
2 0 32 1 0.000632131
2 0 32 2 0.00205582
2 0 32 3 0.00429965
2 0 33 0 0.00187525
2 0 33 1 0.000616682
2 0 33 2 0.00415304
2 0 33 3 0.00282792
2 0 34 0 0.00127569
2 0 34 1 0.000583961
2 0 34 2 0.00157256
2 0 34 3 0.00384383
2 0 35 0 0.00139687
2 0 35 1 0.000636487
2 0 35 2 0.00160835
2 0 35 3 0.00456054
2 0 36 0 0.00142681
2 0 36 1 0.000600191
2 0 36 2 0.0027124
2 0 36 3 0.00295267
2 0 37 0 0.00116837
2 0 37 1 0.000607086
2 0 37 2 0.00187175
2 0 37 3 0.00349778
2 0 38 0 0.00880863
2 0 38 1 0.000643758
2 0 38 2 0.0017382
2 0 38 3 0.00190933
2 0 39 0 0.00160046
2 0 39 1 0.000592192
2 0 39 2 0.00249419
2 0 39 3 0.00305061
2 0 40 0 0.00135256
2 0 40 1 0.000624091
2 0 40 2 0.00236549
2 0 40 3 0.00223197
2 0 41 0 0.00127241
2 0 41 1 0.000640676
2 0 41 2 0.00137209
2 0 41 3 0.0042164
2 0 42 0 0.00135087
2 0 42 1 0.000640448
2 0 42 2 0.00319815
2 0 42 3 0.0020753
2 0 43 0 0.0014051
2 0 43 1 0.000607112
2 0 43 2 0.00157111
2 0 43 3 0.00355325
2 0 44 0 0.00125281
2 0 44 1 0.000633236
2 0 44 2 0.00152086
2 0 44 3 0.00269694
2 0 45 0 0.00110611
2 0 45 1 0.000614429
2 0 45 2 0.0013782
2 0 45 3 0.00311292
2 0 46 0 0.00125281
2 0 46 1 0.000633154
2 0 46 2 0.00123769
2 0 46 3 0.00266869
2 0 47 0 0.00160352
2 0 47 1 0.000633642
2 0 47 2 0.00166633
2 0 47 3 0.00246898
2 1 0 0 0.000984649
2 1 0 1 0.000640734
2 1 0 2 0.00154889
2 1 0 3 0.00217985
2 1 1 0 0.00115119
2 1 1 1 0.000617599
2 1 1 2 0.00168072
2 1 1 3 0.00228323
2 1 2 0 0.00106356
2 1 2 1 0.000634163
2 1 2 2 0.00205663
2 1 2 3 0.00150344
2 1 3 0 0.000981898
2 1 3 1 0.000617662
2 1 3 2 0.00167478
2 1 3 3 0.00188382
2 1 4 0 0.000970406
2 1 4 1 0.000617683
2 1 4 2 0.000969223
2 1 4 3 0.00183403
2 1 5 0 0.00102721
2 1 5 1 0.000617701
2 1 5 2 0.00126009
2 1 5 3 0.00168133
2 1 6 0 0.00102159
2 1 6 1 0.000627327
2 1 6 2 0.00099512
2 1 6 3 0.00153991
2 1 7 0 0.00131885
2 1 7 1 0.000617686
2 1 7 2 0.000961372
2 1 7 3 0.00171181
2 1 8 0 0.000571534
2 1 8 1 0.000610136
2 1 8 2 0.000729574
2 1 8 3 0.00142045
2 1 9 0 0.000576167
2 1 9 1 0.000617682
2 1 9 2 0.000677616
2 1 9 3 0.001783
2 1 10 0 0.000749414
2 1 10 1 0.000627419
2 1 10 2 0.00055559
2 1 10 3 0.00109376
2 1 11 0 0.000749414
2 1 11 1 0.000627419
2 1 11 2 0.00055559
2 1 11 3 0.00109376
2 1 12 0 0.00108622
2 1 12 1 0.000638318
2 1 12 2 0.000812975
2 1 12 3 0.00125827
2 1 13 0 0.000693559
2 1 13 1 0.000610136
2 1 13 2 0.000677616
2 1 13 3 0.00142045
2 1 14 0 0.0010678
2 1 14 1 0.000633282
2 1 14 2 0.000693624
2 1 14 3 0.0014164
2 1 15 0 0.00116429
2 1 15 1 0.000627625
2 1 15 2 0.000722907
2 1 15 3 0.00109488
2 1 16 0 0.00249336
2 1 16 1 0.000628293
2 1 16 2 0.00055559
2 1 16 3 0.00103598
2 1 17 0 0.000743483
2 1 17 1 0.000617685
2 1 17 2 0.000677616
2 1 17 3 0.00160184
2 1 18 0 0.00116984
2 1 18 1 0.000617676
2 1 18 2 0.000949829
2 1 18 3 0.00195822
2 1 19 0 0.00127853
2 1 19 1 0.000617869
2 1 19 2 0.00127185
2 1 19 3 0.00240476
2 1 20 0 0.00150005
2 1 20 1 0.000591492
2 1 20 2 0.00152346
2 1 20 3 0.00277404
2 1 21 0 0.00196526
2 1 21 1 0.000640969
2 1 21 2 0.00202827
2 1 21 3 0.00187186
2 1 22 0 0.00125645
2 1 22 1 0.000615131
2 1 22 2 0.00135788
2 1 22 3 0.00397115
2 1 23 0 0.00125055
2 1 23 1 0.000606003
2 1 23 2 0.00149527
2 1 23 3 0.0043212
2 1 24 0 0.00148579
2 1 24 1 0.000627183
2 1 24 2 0.00200799
2 1 24 3 0.00495596
2 1 25 0 0.0015372
2 1 25 1 0.000615865
2 1 25 2 0.00209505
2 1 25 3 0.00434321
2 1 26 0 0.00172125
2 1 26 1 0.000609605
2 1 26 2 0.00279869
2 1 26 3 0.00379721
2 1 27 0 0.00178868
2 1 27 1 0.000616682
2 1 27 2 0.00505686
2 1 27 3 0.00297361
2 1 28 0 0.00172135
2 1 28 1 0.000631899
2 1 28 2 0.00257999
2 1 28 3 0.00500973
2 1 29 0 0.00144157
2 1 29 1 0.000605315
2 1 29 2 0.00165242
2 1 29 3 0.00503147
2 1 30 0 0.00130275
2 1 30 1 0.000605735
2 1 30 2 0.00193133
2 1 30 3 0.00506314
2 1 31 0 0.00139166
2 1 31 1 0.000604375
2 1 31 2 0.00175348
2 1 31 3 0.00582912
2 1 32 0 0.00191561
2 1 32 1 0.000605569
2 1 32 2 0.00181404
2 1 32 3 0.00511195
2 1 33 0 0.00125055
2 1 33 1 0.00060582
2 1 33 2 0.00166914
2 1 33 3 0.00445593
2 1 34 0 0.00125055
2 1 34 1 0.000606237
2 1 34 2 0.00149521
2 1 34 3 0.00402727
2 1 35 0 0.00125004
2 1 35 1 0.000629072
2 1 35 2 0.00166885
2 1 35 3 0.00315294
2 1 36 0 0.000926559
2 1 36 1 0.00059033
2 1 36 2 0.00262531
2 1 36 3 0.0031009
2 1 37 0 0.00139074
2 1 37 1 0.000583492
2 1 37 2 0.00168665
2 1 37 3 0.00343856
2 1 38 0 0.00133572
2 1 38 1 0.000606762
2 1 38 2 0.00165381
2 1 38 3 0.00383557
2 1 39 0 0.00125174
2 1 39 1 0.000627555
2 1 39 2 0.00149774
2 1 39 3 0.00411287
2 1 40 0 0.0011106
2 1 40 1 0.000583601
2 1 40 2 0.00159644
2 1 40 3 0.00345584
2 1 41 0 0.00126009
2 1 41 1 0.000591556
2 1 41 2 0.00209937
2 1 41 3 0.00271271
2 1 42 0 0.00111609
2 1 42 1 0.000617007
2 1 42 2 0.00251132
2 1 42 3 0.00253487
2 1 43 0 0.00131484
2 1 43 1 0.000628643
2 1 43 2 0.00146991
2 1 43 3 0.00325713
2 1 44 0 0.00126521
2 1 44 1 0.000598995
2 1 44 2 0.00302348
2 1 44 3 0.00289364
2 1 45 0 0.000842497
2 1 45 1 0.000606833
2 1 45 2 0.00145331
2 1 45 3 0.00348515
2 1 46 0 0.00111487
2 1 46 1 0.000627805
2 1 46 2 0.00134602
2 1 46 3 0.00382366
2 1 47 0 0.00113078
2 1 47 1 0.000633109
2 1 47 2 0.001848
2 1 47 3 0.00313943
2 2 0 0 0.000992979
2 2 0 1 0.000641175
2 2 0 2 0.00159032
2 2 0 3 0.0022672
2 2 1 0 0.000847115
2 2 1 1 0.000614146
2 2 1 2 0.00130015
2 2 1 3 0.00316227
2 2 2 0 0.00130429
2 2 2 1 0.000640738
2 2 2 2 0.00143232
2 2 2 3 0.002352
2 2 3 0 0.000980466
2 2 3 1 0.000639976
2 2 3 2 0.00154426
2 2 3 3 0.00234128
2 2 4 0 0.00097039
2 2 4 1 0.000617647
2 2 4 2 0.00116392
2 2 4 3 0.00220411
2 2 5 0 0.00097039
2 2 5 1 0.000628125
2 2 5 2 0.00173689
2 2 5 3 0.00190859
2 2 6 0 0.000965773
2 2 6 1 0.000610103
2 2 6 2 0.000961465
2 2 6 3 0.00205931
2 2 7 0 0.000864367
2 2 7 1 0.000640709
2 2 7 2 0.000827825
2 2 7 3 0.00367326
2 2 8 0 0.00138455
2 2 8 1 0.000618523
2 2 8 2 0.00107114
2 2 8 3 0.00153644
2 2 9 0 0.0009763
2 2 9 1 0.000627339
2 2 9 2 0.000949829
2 2 9 3 0.0013865
2 2 10 0 0.0010196
2 2 10 1 0.000625946
2 2 10 2 0.000949829
2 2 10 3 0.00156578
2 2 11 0 0.00133508
2 2 11 1 0.00065181
2 2 11 2 0.0013487
2 2 11 3 0.00126486
2 2 12 0 0.000744084
2 2 12 1 0.000618689
2 2 12 2 0.000680199
2 2 12 3 0.00149141
2 2 13 0 0.000712458
2 2 13 1 0.00064079
2 2 13 2 0.000776636
2 2 13 3 0.00162142
2 2 14 0 0.00420107
2 2 14 1 0.000651589
2 2 14 2 0.000677616
2 2 14 3 0.000778339
2 2 15 0 0.00110897
2 2 15 1 0.000640885
2 2 15 2 0.000864216
2 2 15 3 0.00155526
2 2 16 0 0.00186153
2 2 16 1 0.000652079
2 2 16 2 0.00110577
2 2 16 3 0.00120878
2 2 17 0 0.00105126
2 2 17 1 0.000617705
2 2 17 2 0.00118862
2 2 17 3 0.00175723
2 2 18 0 0.00112162
2 2 18 1 0.000610109
2 2 18 2 0.00113553
2 2 18 3 0.00205216
2 2 19 0 0.00097039
2 2 19 1 0.000618476
2 2 19 2 0.00156721
2 2 19 3 0.00216153
2 2 20 0 0.00144351
2 2 20 1 0.000614626
2 2 20 2 0.00139541
2 2 20 3 0.00297593
2 2 21 0 0.00139669
2 2 21 1 0.000633153
2 2 21 2 0.00146555
2 2 21 3 0.00275435
2 2 22 0 0.0035388
2 2 22 1 0.000618571
2 2 22 2 0.00168536
2 2 22 3 0.00257872
2 2 23 0 0.00250106
2 2 23 1 0.00061485
2 2 23 2 0.00288562
2 2 23 3 0.00278996
2 2 24 0 0.00140084
2 2 24 1 0.000628718
2 2 24 2 0.00218694
2 2 24 3 0.00409891
2 2 25 0 0.00129961
2 2 25 1 0.000606023
2 2 25 2 0.00233586
2 2 25 3 0.00480717
2 2 26 0 0.00125055
2 2 26 1 0.000606846
2 2 26 2 0.00320595
2 2 26 3 0.00368741
2 2 27 0 0.00163835
2 2 27 1 0.000605357
2 2 27 2 0.00248295
2 2 27 3 0.00565116
2 2 28 0 0.001326
2 2 28 1 0.000626579
2 2 28 2 0.00195164
2 2 28 3 0.00587496
2 2 29 0 0.00158092
2 2 29 1 0.000583583
2 2 29 2 0.00277792
2 2 29 3 0.00414902
2 2 30 0 0.00161488
2 2 30 1 0.000606408
2 2 30 2 0.00244656
2 2 30 3 0.00430613
2 2 31 0 0.00152204
2 2 31 1 0.000605279
2 2 31 2 0.00166666
2 2 31 3 0.00512228
2 2 32 0 0.00125055
2 2 32 1 0.000605773
2 2 32 2 0.00175453
2 2 32 3 0.00466595
2 2 33 0 0.00125055
2 2 33 1 0.000605612
2 2 33 2 0.00177916
2 2 33 3 0.0045945
2 2 34 0 0.00134449
2 2 34 1 0.00063201
2 2 34 2 0.0014811
2 2 34 3 0.00369359
2 2 35 0 0.00123071
2 2 35 1 0.000606586
2 2 35 2 0.00150753
2 2 35 3 0.00380609
2 2 36 0 0.00148097
2 2 36 1 0.000618713
2 2 36 2 0.00258961
2 2 36 3 0.00277408
2 2 37 0 0.000859481
2 2 37 1 0.000605711
2 2 37 2 0.00138771
2 2 37 3 0.00427671
2 2 38 0 0.0011367
2 2 38 1 0.000640675
2 2 38 2 0.00137206
2 2 38 3 0.00421642
2 2 39 0 0.00113081
2 2 39 1 0.000631877
2 2 39 2 0.0014825
2 2 39 3 0.00388967
2 2 40 0 0.00096107
2 2 40 1 0.000583565
2 2 40 2 0.00146629
2 2 40 3 0.00342516
2 2 41 0 0.00120875
2 2 41 1 0.000632541
2 2 41 2 0.00148472
2 2 41 3 0.00332301
2 2 42 0 0.00150857
2 2 42 1 0.000591556
2 2 42 2 0.0020197
2 2 42 3 0.00264439
2 2 43 0 0.00136513
2 2 43 1 0.000590323
2 2 43 2 0.00237809
2 2 43 3 0.00324019
2 2 44 0 0.00111609
2 2 44 1 0.000610063
2 2 44 2 0.00265404
2 2 44 3 0.00268793
2 2 45 0 0.00107359
2 2 45 1 0.000607274
2 2 45 2 0.00160573
2 2 45 3 0.00342082
2 2 46 0 0.000847115
2 2 46 1 0.000614325
2 2 46 2 0.00122218
2 2 46 3 0.00308743
2 2 47 0 0.00096324
2 2 47 1 0.00059156
2 2 47 2 0.00200534
2 2 47 3 0.00260996
2 3 0 0 0.000842505
2 3 0 1 0.000629044
2 3 0 2 0.00152425
2 3 0 3 0.00280031
2 3 1 0 0.000863058
2 3 1 1 0.000641694
2 3 1 2 0.00268531
2 3 1 3 0.0015857
2 3 2 0 0.00141363
2 3 2 1 0.000610087
2 3 2 2 0.00188785
2 3 2 3 0.00236162
2 3 3 0 0.00085844
2 3 3 1 0.000633386
2 3 3 2 0.00154426
2 3 3 3 0.00249487
2 3 4 0 0.00127209
2 3 4 1 0.000640754
2 3 4 2 0.00143597
2 3 4 3 0.00214231
2 3 5 0 0.000843754
2 3 5 1 0.000610107
2 3 5 2 0.00139815
2 3 5 3 0.00203602
2 3 6 0 0.000862623
2 3 6 1 0.000640739
2 3 6 2 0.00144777
2 3 6 3 0.00228781
2 3 7 0 0.0009763
2 3 7 1 0.000627348
2 3 7 2 0.00101599
2 3 7 3 0.00136646
2 3 8 0 0.000590432
2 3 8 1 0.000640793
2 3 8 2 0.00123102
2 3 8 3 0.00161877
2 3 9 0 0.000576182
2 3 9 1 0.000618589
2 3 9 2 0.000800881
2 3 9 3 0.00129873
2 3 10 0 0.000591063
2 3 10 1 0.000642083
2 3 10 2 0.00121483
2 3 10 3 0.000838911
2 3 11 0 0.000698229
2 3 11 1 0.000617777
2 3 11 2 0.000677616
2 3 11 3 0.0012326
2 3 12 0 0.000949344
2 3 12 1 0.000642751
2 3 12 2 0.000967023
2 3 12 3 0.00111662
2 3 13 0 0.000718817
2 3 13 1 0.000651455
2 3 13 2 0.000677616
2 3 13 3 0.000702446
2 3 14 0 0.000596791
2 3 14 1 0.000651455
2 3 14 2 0.000677616
2 3 14 3 0.000702446
2 3 15 0 0.000704562
2 3 15 1 0.000628133
2 3 15 2 0.000677632
2 3 15 3 0.00103827
2 3 16 0 0.00248526
2 3 16 1 0.000650631
2 3 16 2 0.000774046
2 3 16 3 0.00103033
2 3 17 0 0.000971007
2 3 17 1 0.00061868
2 3 17 2 0.000949829
2 3 17 3 0.00158133
2 3 18 0 0.00101006
2 3 18 1 0.000640739
2 3 18 2 0.00136795
2 3 18 3 0.0020243
2 3 19 0 0.00139326
2 3 19 1 0.000640913
2 3 19 2 0.00147078
2 3 19 3 0.00242729
2 3 20 0 0.00973409
2 3 20 1 0.000617696
2 3 20 2 0.00160199
2 3 20 3 0.00211488
2 3 21 0 0.00142692
2 3 21 1 0.000605501
2 3 21 2 0.00142108
2 3 21 3 0.00459595
2 3 22 0 0.00175742
2 3 22 1 0.000641338
2 3 22 2 0.00171351
2 3 22 3 0.00403047
2 3 23 0 0.00222245
2 3 23 1 0.000583699
2 3 23 2 0.00278793
2 3 23 3 0.00404466
2 3 24 0 0.002087
2 3 24 1 0.000592636
2 3 24 2 0.00397072
2 3 24 3 0.00349018
2 3 25 0 0.00193469
2 3 25 1 0.000605272
2 3 25 2 0.00253291
2 3 25 3 0.00576154
2 3 26 0 0.00272698
2 3 26 1 0.000649448
2 3 26 2 0.00274503
2 3 26 3 0.00499666
2 3 27 0 0.00179006
2 3 27 1 0.000608001
2 3 27 2 0.0056238
2 3 27 3 0.00351791
2 3 28 0 0.0356938
2 3 28 1 0.000617723
2 3 28 2 0.0020521
2 3 28 3 0.00260472
2 3 29 0 0.0016538
2 3 29 1 0.000605883
2 3 29 2 0.0017556
2 3 29 3 0.0049724
2 3 30 0 0.00206993
2 3 30 1 0.000634053
2 3 30 2 0.00415368
2 3 30 3 0.0029595
2 3 31 0 0.00224145
2 3 31 1 0.000627869
2 3 31 2 0.00224989
2 3 31 3 0.00477876
2 3 32 0 0.00225483
2 3 32 1 0.000618677
2 3 32 2 0.00377672
2 3 32 3 0.00313115
2 3 33 0 0.00127801
2 3 33 1 0.000606926
2 3 33 2 0.00330905
2 3 33 3 0.00361211
2 3 34 0 0.00307253
2 3 34 1 0.000618611
2 3 34 2 0.00343926
2 3 34 3 0.00320242
2 3 35 0 0.00174379
2 3 35 1 0.000592434
2 3 35 2 0.00301797
2 3 35 3 0.0033404
2 3 36 0 0.00127391
2 3 36 1 0.000605719
2 3 36 2 0.00175662
2 3 36 3 0.00471456
2 3 37 0 0.00139581
2 3 37 1 0.00064172
2 3 37 2 0.00150533
2 3 37 3 0.00383804
2 3 38 0 0.00145055
2 3 38 1 0.000606459
2 3 38 2 0.00150564
2 3 38 3 0.00380154
2 3 39 0 0.00108178
2 3 39 1 0.000606827
2 3 39 2 0.00163027
2 3 39 3 0.00353088
2 3 40 0 0.00113078
2 3 40 1 0.000632217
2 3 40 2 0.00158476
2 3 40 3 0.00348522
2 3 41 0 0.00132007
2 3 41 1 0.000629776
2 3 41 2 0.00193825
2 3 41 3 0.00295927
2 3 42 0 0.000922159
2 3 42 1 0.000610107
2 3 42 2 0.0026441
2 3 42 3 0.00244825
2 3 43 0 0.00150125
2 3 43 1 0.000606804
2 3 43 2 0.00126221
2 3 43 3 0.00350101
2 3 44 0 0.00125058
2 3 44 1 0.000605713
2 3 44 2 0.00134006
2 3 44 3 0.00426828
2 3 45 0 0.00113078
2 3 45 1 0.000632109
2 3 45 2 0.00147634
2 3 45 3 0.00362695
2 3 46 0 0.00085844
2 3 46 1 0.000633293
2 3 46 2 0.00153168
2 3 46 3 0.002574
2 3 47 0 0.00113079
2 3 47 1 0.000632916
2 3 47 2 0.00142127
2 3 47 3 0.00283292
2 4 0 0 0.00126035
2 4 0 1 0.000640926
2 4 0 2 0.00151233
2 4 0 3 0.00242053
2 4 1 0 0.00125281
2 4 1 1 0.000633166
2 4 1 2 0.00143826
2 4 1 3 0.00272081
2 4 2 0 0.00097039
2 4 2 1 0.000617625
2 4 2 2 0.00116401
2 4 2 3 0.00218024
2 4 3 0 0.000970397
2 4 3 1 0.000618124
2 4 3 2 0.00168424
2 4 3 3 0.00188557
2 4 4 0 0.000590432
2 4 4 1 0.00064079
2 4 4 2 0.00115156
2 4 4 3 0.00162987
2 4 5 0 0.000576167
2 4 5 1 0.000617685
2 4 5 2 0.00109049
2 4 5 3 0.00187741
2 4 6 0 0.000749692
2 4 6 1 0.000626023
2 4 6 2 0.000870747
2 4 6 3 0.00114094
2 4 7 0 0.000698229
2 4 7 1 0.000617777
2 4 7 2 0.000677616
2 4 7 3 0.0012326
2 4 8 0 0.000991026
2 4 8 1 0.000627425
2 4 8 2 0.000677616
2 4 8 3 0.000926678
2 4 9 0 0.000582098
2 4 9 1 0.00062742
2 4 9 2 0.00055559
2 4 9 3 0.00104853
2 4 10 0 0.000596777
2 4 10 1 0.000651432
2 4 10 2 0.000725672
2 4 10 3 0.000702774
2 4 11 0 0.000718796
2 4 11 1 0.000651411
2 4 11 2 0.000677616
2 4 11 3 0.000758212
2 4 12 0 0.000596791
2 4 12 1 0.000651455
2 4 12 2 0.000677616
2 4 12 3 0.000702446
2 4 13 0 0.000596887
2 4 13 1 0.000651473
2 4 13 2 0.00055559
2 4 13 3 0.000580407
2 4 14 0 0.000582077
2 4 14 1 0.000627391
2 4 14 2 0.00055559
2 4 14 3 0.00092717
2 4 15 0 0.00059677
2 4 15 1 0.000651426
2 4 15 2 0.00055559
2 4 15 3 0.00058108
2 4 16 0 0.000582077
2 4 16 1 0.000627384
2 4 16 2 0.00055559
2 4 16 3 0.00109426
2 4 17 0 0.00162623
2 4 17 1 0.000627402
2 4 17 2 0.00080094
2 4 17 3 0.00118678
2 4 18 0 0.00103172
2 4 18 1 0.000627343
2 4 18 2 0.00127683
2 4 18 3 0.00150947
2 4 19 0 0.00141471
2 4 19 1 0.000633333
2 4 19 2 0.00149409
2 4 19 3 0.00256067
2 4 20 0 0.0125278
2 4 20 1 0.000643772
2 4 20 2 0.00135838
2 4 20 3 0.00162796
2 4 21 0 0.00248767
2 4 21 1 0.000584002
2 4 21 2 0.0023556
2 4 21 3 0.0029462
2 4 22 0 0.00195011
2 4 22 1 0.00063192
2 4 22 2 0.00171962
2 4 22 3 0.00404946
2 4 23 0 0.0020113
2 4 23 1 0.000612708
2 4 23 2 0.00382899
2 4 23 3 0.00380175
2 4 24 0 0.0021885
2 4 24 1 0.000630801
2 4 24 2 0.00200666
2 4 24 3 0.00574385
2 4 25 0 0.00185756
2 4 25 1 0.000640881
2 4 25 2 0.00341232
2 4 25 3 0.00458011
2 4 26 0 0.00234094
2 4 26 1 0.000641088
2 4 26 2 0.0041907
2 4 26 3 0.00498528
2 4 27 0 0.00236505
2 4 27 1 0.000625578
2 4 27 2 0.00348346
2 4 27 3 0.0051635
2 4 28 0 0.00183351
2 4 28 1 0.000623444
2 4 28 2 0.00445594
2 4 28 3 0.00543433
2 4 29 0 0.00215193
2 4 29 1 0.000649848
2 4 29 2 0.00407436
2 4 29 3 0.00394231
2 4 30 0 0.0017861
2 4 30 1 0.000604848
2 4 30 2 0.00226315
2 4 30 3 0.00591376
2 4 31 0 0.00229296
2 4 31 1 0.000606448
2 4 31 2 0.00272584
2 4 31 3 0.00490632
2 4 32 0 0.00243169
2 4 32 1 0.000633607
2 4 32 2 0.00351064
2 4 32 3 0.00331964
2 4 33 0 0.00172025
2 4 33 1 0.000614539
2 4 33 2 0.00204263
2 4 33 3 0.00512316
2 4 34 0 0.000783015
2 4 34 1 0.000614394
2 4 34 2 0.000827073
2 4 34 3 0.0106896
2 4 35 0 0.00149302
2 4 35 1 0.000605672
2 4 35 2 0.00175958
2 4 35 3 0.00468255
2 4 36 0 0.00160256
2 4 36 1 0.000583994
2 4 36 2 0.0023739
2 4 36 3 0.00307175
2 4 37 0 0.0122407
2 4 37 1 0.000615439
2 4 37 2 0.00138149
2 4 37 3 0.0025224
2 4 38 0 0.00169073
2 4 38 1 0.000631257
2 4 38 2 0.00179527
2 4 38 3 0.00471472
2 4 39 0 0.00125708
2 4 39 1 0.000618699
2 4 39 2 0.00338842
2 4 39 3 0.00275616
2 4 40 0 0.00168905
2 4 40 1 0.000610036
2 4 40 2 0.002892
2 4 40 3 0.00311029
2 4 41 0 0.00148989
2 4 41 1 0.000605887
2 4 41 2 0.00155718
2 4 41 3 0.00421972
2 4 42 0 0.00154904
2 4 42 1 0.000607017
2 4 42 2 0.00200951
2 4 42 3 0.00316231
2 4 43 0 0.00187921
2 4 43 1 0.000629227
2 4 43 2 0.00285486
2 4 43 3 0.00268601
2 4 44 0 0.00128899
2 4 44 1 0.000613518
2 4 44 2 0.00154816
2 4 44 3 0.00324066
2 4 45 0 0.0010118
2 4 45 1 0.000614878
2 4 45 2 0.00217934
2 4 45 3 0.0024501
2 4 46 0 0.00138323
2 4 46 1 0.000633284
2 4 46 2 0.00154426
2 4 46 3 0.00257907
2 4 47 0 0.00132125
2 4 47 1 0.00064113
2 4 47 2 0.00160506
2 4 47 3 0.00228398
2 5 0 0 0.000848365
2 5 0 1 0.00061764
2 5 0 2 0.00113846
2 5 0 3 0.00227832
2 5 1 0 0.000984649
2 5 1 1 0.000640742
2 5 1 2 0.00144378
2 5 1 3 0.00194135
2 5 2 0 0.000970413
2 5 2 1 0.000617708
2 5 2 2 0.00113886
2 5 2 3 0.0016525
2 5 3 0 0.000843747
2 5 3 1 0.000616431
2 5 3 2 0.00115374
2 5 3 3 0.00194423
2 5 4 0 0.000582061
2 5 4 1 0.000627327
2 5 4 2 0.00102061
2 5 4 3 0.00152194
2 5 5 0 0.000576203
2 5 5 1 0.000619198
2 5 5 2 0.000722907
2 5 5 3 0.00121214
2 5 6 0 0.000576203
2 5 6 1 0.000617777
2 5 6 2 0.000722907
2 5 6 3 0.0012326
2 5 7 0 0.000596791
2 5 7 1 0.000651455
2 5 7 2 0.000677616
2 5 7 3 0.000702446
2 5 8 0 0.000582077
2 5 8 1 0.000627391
2 5 8 2 0.00055559
2 5 8 3 0.00092717
2 5 9 0 0.00059677
2 5 9 1 0.000651421
2 5 9 2 0.000677616
2 5 9 3 0.000702938
2 5 10 0 0.00059677
2 5 10 1 0.000651464
2 5 10 2 0.00055559
2 5 10 3 0.000580529
2 5 11 0 0.000596791
2 5 11 1 0.000651455
2 5 11 2 0.000677616
2 5 11 3 0.000702446
2 5 12 0 0.000718817
2 5 12 1 0.000651455
2 5 12 2 0.00055559
2 5 12 3 0.000702446
2 5 13 0 0.000596791
2 5 13 1 0.000651455
2 5 13 2 0.00055559
2 5 13 3 0.000702446
2 5 14 0 0.000596887
2 5 14 1 0.000651473
2 5 14 2 0.00055559
2 5 14 3 0.000580407
2 5 15 0 0.000596791
2 5 15 1 0.000651455
2 5 15 2 0.00055559
2 5 15 3 0.000702446
2 5 16 0 0.000704102
2 5 16 1 0.00064688
2 5 16 2 0.000677616
2 5 16 3 0.00100889
2 5 17 0 0.000698825
2 5 17 1 0.00061875
2 5 17 2 0.000677616
2 5 17 3 0.00129641
2 5 18 0 0.00239745
2 5 18 1 0.000650656
2 5 18 2 0.00134786
2 5 18 3 0.00140143
2 5 19 0 0.00142706
2 5 19 1 0.000640734
2 5 19 2 0.00151158
2 5 19 3 0.00208619
2 5 20 0 0.000948969
2 5 20 1 0.000614194
2 5 20 2 0.00122218
2 5 20 3 0.00311257
2 5 21 0 0.00163683
2 5 21 1 0.000633231
2 5 21 2 0.00189128
2 5 21 3 0.00317028
2 5 22 0 0.00174793
2 5 22 1 0.000633329
2 5 22 2 0.00259516
2 5 22 3 0.00317365
2 5 23 0 0.00202074
2 5 23 1 0.000633035
2 5 23 2 0.00261873
2 5 23 3 0.00386622
2 5 24 0 0.00150428
2 5 24 1 0.000636416
2 5 24 2 0.00208877
2 5 24 3 0.00496865
2 5 25 0 0.0020633
2 5 25 1 0.000607755
2 5 25 2 0.00366987
2 5 25 3 0.00442548
2 5 26 0 0.00226701
2 5 26 1 0.00059256
2 5 26 2 0.00347866
2 5 26 3 0.00384847
2 5 27 0 0.0015991
2 5 27 1 0.000614508
2 5 27 2 0.00250655
2 5 27 3 0.00577411
2 5 28 0 0.00163749
2 5 28 1 0.000605635
2 5 28 2 0.00260759
2 5 28 3 0.00555696
2 5 29 0 0.00210641
2 5 29 1 0.00059169
2 5 29 2 0.00258043
2 5 29 3 0.00516509
2 5 30 0 0.00213868
2 5 30 1 0.000592251
2 5 30 2 0.00285134
2 5 30 3 0.00464201
2 5 31 0 0.00172137
2 5 31 1 0.000642718
2 5 31 2 0.00451815
2 5 31 3 0.00269617
2 5 32 0 0.00189467
2 5 32 1 0.000605413
2 5 32 2 0.00227867
2 5 32 3 0.00543644
2 5 33 0 0.00203002
2 5 33 1 0.000628208
2 5 33 2 0.00239848
2 5 33 3 0.00437683
2 5 34 0 0.000743984
2 5 34 1 0.000619722
2 5 34 2 0.000842825
2 5 34 3 0.00683141
2 5 35 0 0.00218634
2 5 35 1 0.00060603
2 5 35 2 0.00154859
2 5 35 3 0.00424222
2 5 36 0 0.00148158
2 5 36 1 0.000631948
2 5 36 2 0.00165865
2 5 36 3 0.00402036
2 5 37 0 0.00131214
2 5 37 1 0.000640671
2 5 37 2 0.00137209
2 5 37 3 0.00422784
2 5 38 0 0.00147823
2 5 38 1 0.000610063
2 5 38 2 0.00276422
2 5 38 3 0.00261399
2 5 39 0 0.00137895
2 5 39 1 0.000631626
2 5 39 2 0.00147037
2 5 39 3 0.0042024
2 5 40 0 0.00128528
2 5 40 1 0.000633339
2 5 40 2 0.00166245
2 5 40 3 0.00301735
2 5 41 0 0.00137847
2 5 41 1 0.000617696
2 5 41 2 0.00425104
2 5 41 3 0.00193424
2 5 42 0 0.0011367
2 5 42 1 0.000640669
2 5 42 2 0.00137206
2 5 42 3 0.00422664
2 5 43 0 0.00305733
2 5 43 1 0.000615437
2 5 43 2 0.00212852
2 5 43 3 0.00209394
2 5 44 0 0.00125024
2 5 44 1 0.0006176
2 5 44 2 0.00241187
2 5 44 3 0.00256205
2 5 45 0 0.00113078
2 5 45 1 0.000632913
2 5 45 2 0.00123105
2 5 45 3 0.00311629
2 5 46 0 0.000995451
2 5 46 1 0.000614655
2 5 46 2 0.00177113
2 5 46 3 0.00260336
2 5 47 0 0.000848365
2 5 47 1 0.000617318
2 5 47 2 0.00131097
2 5 47 3 0.00225231
2 6 0 0 0.00098632
2 6 0 1 0.000617649
2 6 0 2 0.00144883
2 6 0 3 0.00217552
2 6 1 0 0.00104192
2 6 1 1 0.000617646
2 6 1 2 0.00114855
2 6 1 3 0.00222329
2 6 2 0 0.000848365
2 6 2 1 0.00061764
2 6 2 2 0.000953907
2 6 2 3 0.00214211
2 6 3 0 0.00172239
2 6 3 1 0.000626357
2 6 3 2 0.00138055
2 6 3 3 0.00162066
2 6 4 0 0.000771534
2 6 4 1 0.000616526
2 6 4 2 0.000755591
2 6 4 3 0.00132843
2 6 5 0 0.000571534
2 6 5 1 0.000616526
2 6 5 2 0.000800881
2 6 5 3 0.00132843
2 6 6 0 0.000576182
2 6 6 1 0.00061774
2 6 6 2 0.000677616
2 6 6 3 0.00131096
2 6 7 0 0.000582098
2 6 7 1 0.00062742
2 6 7 2 0.000677616
2 6 7 3 0.00104853
2 6 8 0 0.000749414
2 6 8 1 0.000627418
2 6 8 2 0.000722907
2 6 8 3 0.00109887
2 6 9 0 0.000596791
2 6 9 1 0.000651455
2 6 9 2 0.000677616
2 6 9 3 0.000702446
2 6 10 0 0.000718796
2 6 10 1 0.000651411
2 6 10 2 0.000677616
2 6 10 3 0.000719107
2 6 11 0 0.000596787
2 6 11 1 0.000651454
2 6 11 2 0.00055559
2 6 11 3 0.000702459
2 6 12 0 0.00059677
2 6 12 1 0.000651421
2 6 12 2 0.00055559
2 6 12 3 0.000702938
2 6 13 0 0.00059677
2 6 13 1 0.000651421
2 6 13 2 0.00055559
2 6 13 3 0.000702938
2 6 14 0 0.00059677
2 6 14 1 0.00065145
2 6 14 2 0.000677616
2 6 14 3 0.000702524
2 6 15 0 0.000596791
2 6 15 1 0.000651455
2 6 15 2 0.000677616
2 6 15 3 0.000702446
2 6 16 0 0.000576182
2 6 16 1 0.000617744
2 6 16 2 0.00055559
2 6 16 3 0.00118786
2 6 17 0 0.000571534
2 6 17 1 0.000610137
2 6 17 2 0.000677616
2 6 17 3 0.00137379
2 6 18 0 0.000978926
2 6 18 1 0.000617687
2 6 18 2 0.00111575
2 6 18 3 0.00190466
2 6 19 0 0.0012553
2 6 19 1 0.000610081
2 6 19 2 0.00161142
2 6 19 3 0.00237276
2 6 20 0 0.00156889
2 6 20 1 0.00061487
2 6 20 2 0.00146629
2 6 20 3 0.0031214
2 6 21 0 0.00187353
2 6 21 1 0.000632943
2 6 21 2 0.00212941
2 6 21 3 0.003601
2 6 22 0 0.00125055
2 6 22 1 0.000605879
2 6 22 2 0.00184552
2 6 22 3 0.00501211
2 6 23 0 0.00175539
2 6 23 1 0.000648981
2 6 23 2 0.00506375
2 6 23 3 0.00251655
2 6 24 0 0.00447683
2 6 24 1 0.000614525
2 6 24 2 0.00193139
2 6 24 3 0.00545325
2 6 25 0 0.00227205
2 6 25 1 0.000639323
2 6 25 2 0.00391299
2 6 25 3 0.00511835
2 6 26 0 0.00258554
2 6 26 1 0.000649448
2 6 26 2 0.00379952
2 6 26 3 0.00481954
2 6 27 0 0.00203729
2 6 27 1 0.000645298
2 6 27 2 0.00312181
2 6 27 3 0.00458028
2 6 28 0 0.00247067
2 6 28 1 0.000640941
2 6 28 2 0.00358904
2 6 28 3 0.00477124
2 6 29 0 0.00223855
2 6 29 1 0.000621841
2 6 29 2 0.00248278
2 6 29 3 0.00797214
2 6 30 0 0.00206561
2 6 30 1 0.000605047
2 6 30 2 0.00246064
2 6 30 3 0.00589635
2 6 31 0 0.0024685
2 6 31 1 0.000608006
2 6 31 2 0.00479149
2 6 31 3 0.00350496
2 6 32 0 0.00230385
2 6 32 1 0.000605236
2 6 32 2 0.00206301
2 6 32 3 0.00548744
2 6 33 0 0.00205497
2 6 33 1 0.000605806
2 6 33 2 0.00190996
2 6 33 3 0.00512304
2 6 34 0 0.00153472
2 6 34 1 0.000631878
2 6 34 2 0.00188093
2 6 34 3 0.00424318
2 6 35 0 0.00173711
2 6 35 1 0.000632803
2 6 35 2 0.00211451
2 6 35 3 0.00362414
2 6 36 0 0.00177243
2 6 36 1 0.000627002
2 6 36 2 0.0020205
2 6 36 3 0.00509683
2 6 37 0 0.0116731
2 6 37 1 0.000614543
2 6 37 2 0.00130858
2 6 37 3 0.00292279
2 6 38 0 0.00141238
2 6 38 1 0.000605795
2 6 38 2 0.00175294
2 6 38 3 0.00457461
2 6 39 0 0.00156309
2 6 39 1 0.000610035
2 6 39 2 0.00255295
2 6 39 3 0.00319788
2 6 40 0 0.00132855
2 6 40 1 0.000605691
2 6 40 2 0.00134047
2 6 40 3 0.00428288
2 6 41 0 0.00289093
2 6 41 1 0.000623283
2 6 41 2 0.00209918
2 6 41 3 0.00320648
2 6 42 0 0.00181573
2 6 42 1 0.000633212
2 6 42 2 0.00191294
2 6 42 3 0.00344447
2 6 43 0 0.00143474
2 6 43 1 0.000626258
2 6 43 2 0.00263701
2 6 43 3 0.00240142
2 6 44 0 0.001078
2 6 44 1 0.000607086
2 6 44 2 0.00162036
2 6 44 3 0.00344084
2 6 45 0 0.00113078
2 6 45 1 0.000632456
2 6 45 2 0.00160946
2 6 45 3 0.00337258
2 6 46 0 0.00125281
2 6 46 1 0.000633057
2 6 46 2 0.00139785
2 6 46 3 0.00283171
2 6 47 0 0.00136218
2 6 47 1 0.000616418
2 6 47 2 0.00216142
2 6 47 3 0.0022639
