1 1 1 0.117978
1 1 2 0.0562022
1 1 3 0.136412
1 1 4 0.0423422
1 1 5 0.122667
1 1 6 0.0459756
1 1 7 0.13321
1 1 8 0.0423429
1 1 9 0.11752
1 1 10 0.0463315
1 1 11 0.132513
1 1 12 0.0422807
1 1 13 0.118308
1 1 14 0.0461122
1 1 15 0.133148
1 1 16 0.0423849
1 1 17 0.122019
1 1 18 0.0461189
1 1 19 0.132497
1 1 20 0.0423348
1 1 21 0.117899
1 1 22 0.0460345
1 1 23 0.142182
1 1 24 0.0425756
1 1 25 0.117356
1 1 26 0.0459161
1 1 27 0.132461
1 1 28 0.0441125
1 2 1 0.119149
1 2 2 0.0501639
1 2 3 0.133169
1 2 4 0.0480784
1 2 5 0.120236
1 2 6 0.0490379
1 2 7 0.137476
1 2 8 0.0472551
1 2 9 0.119276
1 2 10 0.0505048
1 2 11 0.137343
1 2 12 0.0472989
1 2 13 0.123686
1 2 14 0.0498954
1 2 15 0.136694
1 2 16 0.0470569
1 2 17 0.119317
1 2 18 0.049985
1 2 19 0.137227
1 2 20 0.0471183
1 2 21 0.123153
1 2 22 0.0490293
1 2 23 0.141358
1 2 24 0.0477283
1 2 25 0.119215
1 2 26 0.0492153
1 2 27 0.134002
1 2 28 0.048373
1 3 1 0.12006
1 3 2 0.0561392
1 3 3 0.125679
1 3 4 0.0643101
1 3 5 0.119312
1 3 6 0.0564135
1 3 7 0.126117
1 3 8 0.0573303
1 3 9 0.119576
1 3 10 0.0644808
1 3 11 0.129118
1 3 12 0.0564566
1 3 13 0.119321
1 3 14 0.0562165
1 3 15 0.125574
1 3 16 0.0567897
1 3 17 0.118793
1 3 18 0.0561364
1 3 19 0.126731
1 3 20 0.0566622
1 3 21 0.120664
1 3 22 0.0564397
1 3 23 0.125715
1 3 24 0.0569052
1 3 25 0.123129
1 3 26 0.055834
1 3 27 0.13322
1 3 28 0.0575468
1 4 1 0.129997
1 4 2 0.0650649
1 4 3 0.119189
1 4 4 0.0680599
1 4 5 0.126322
1 4 6 0.0657922
1 4 7 0.115031
1 4 8 0.0672498
1 4 9 0.130452
1 4 10 0.0659951
1 4 11 0.115169
1 4 12 0.0683299
1 4 13 0.122278
1 4 14 0.0648788
1 4 15 0.118298
1 4 16 0.0671531
1 4 17 0.123395
1 4 18 0.0652047
1 4 19 0.122587
1 4 20 0.0672934
1 4 21 0.126513
1 4 22 0.0657895
1 4 23 0.113877
1 4 24 0.0671179
1 4 25 0.122324
1 4 26 0.065168
1 4 27 0.114791
1 4 28 0.0740705
1 5 1 0.111112
1 5 2 0.0800247
1 5 3 0.102283
1 5 4 0.08187
1 5 5 0.113971
1 5 6 0.0796466
1 5 7 0.0968948
1 5 8 0.0825785
1 5 9 0.115436
1 5 10 0.0795022
1 5 11 0.0973977
1 5 12 0.0881186
1 5 13 0.110009
1 5 14 0.0793913
1 5 15 0.0974112
1 5 16 0.0824735
1 5 17 0.118478
1 5 18 0.0801243
1 5 19 0.0975049
1 5 20 0.0827184
1 5 21 0.11487
1 5 22 0.0805391
1 5 23 0.0966051
1 5 24 0.0819824
1 5 25 0.10904
1 5 26 0.0787104
1 5 27 0.0973375
1 5 28 0.0828427
1 6 1 0.078948
1 6 2 0.10722
1 6 3 0.0895378
1 6 4 0.0995095
1 6 5 0.0794864
1 6 6 0.102555
1 6 7 0.082981
1 6 8 0.103991
1 6 9 0.0793112
1 6 10 0.0979394
1 6 11 0.0889303
1 6 12 0.100413
1 6 13 0.0796415
1 6 14 0.0984691
1 6 15 0.0884501
1 6 16 0.104021
1 6 17 0.0803121
1 6 18 0.103607
1 6 19 0.0826398
1 6 20 0.104096
1 6 21 0.0795801
1 6 22 0.107659
1 6 23 0.0838983
1 6 24 0.0994066
1 6 25 0.078639
1 6 26 0.0981346
1 6 27 0.0826573
1 6 28 0.0989703
1 7 1 0.0565045
1 7 2 0.101726
1 7 3 0.068873
1 7 4 0.110581
1 7 5 0.0560207
1 7 6 0.101598
1 7 7 0.0681153
1 7 8 0.111589
1 7 9 0.0565307
1 7 10 0.100973
1 7 11 0.0687164
1 7 12 0.114644
1 7 13 0.0563998
1 7 14 0.110579
1 7 15 0.0692188
1 7 16 0.110988
1 7 17 0.056146
1 7 18 0.106656
1 7 19 0.0686113
1 7 20 0.111208
1 7 21 0.0564632
1 7 22 0.101688
1 7 23 0.0815232
1 7 24 0.115094
1 7 25 0.0564748
1 7 26 0.10248
1 7 27 0.0685529
1 7 28 0.109785
1 8 1 0.0450732
1 8 2 0.101011
1 8 3 0.0573647
1 8 4 0.118282
1 8 5 0.0452834
1 8 6 0.101148
1 8 7 0.0575455
1 8 8 0.117519
1 8 9 0.0448535
1 8 10 0.101833
1 8 11 0.0575464
1 8 12 0.118309
1 8 13 0.0449926
1 8 14 0.102272
1 8 15 0.0571201
1 8 16 0.121524
1 8 17 0.045145
1 8 18 0.101673
1 8 19 0.0571737
1 8 20 0.117717
1 8 21 0.0464907
1 8 22 0.101684
1 8 23 0.0598407
1 8 24 0.118307
1 8 25 0.044799
1 8 26 0.115648
1 8 27 0.0570007
1 8 28 0.117645
1 9 1 0.0445987
1 9 2 0.0992132
1 9 3 0.0569446
1 9 4 0.131965
1 9 5 0.0431183
1 9 6 0.0999604
1 9 7 0.0578636
1 9 8 0.127617
1 9 9 0.0434685
1 9 10 0.0998328
1 9 11 0.057595
1 9 12 0.12693
1 9 13 0.0433745
1 9 14 0.0994848
1 9 15 0.0571162
1 9 16 0.127749
1 9 17 0.0431597
1 9 18 0.100502
1 9 19 0.0580021
1 9 20 0.131578
1 9 21 0.0533221
1 9 22 0.104028
1 9 23 0.0653755
1 9 24 0.128362
1 9 25 0.0433182
1 9 26 0.105922
1 9 27 0.057223
1 9 28 0.131426
1 10 1 0.0524046
1 10 2 0.0980741
1 10 3 0.055053
1 10 4 0.144139
1 10 5 0.0415381
1 10 6 0.0976492
1 10 7 0.0640958
1 10 8 0.136293
1 10 9 0.0413708
1 10 10 0.10323
1 10 11 0.0553483
1 10 12 0.135807
1 10 13 0.0413753
1 10 14 0.0982651
1 10 15 0.0550477
1 10 16 0.1399
1 10 17 0.0414866
1 10 18 0.103165
1 10 19 0.0552917
1 10 20 0.140714
1 10 21 0.0429745
1 10 22 0.0982342
1 10 23 0.0564279
1 10 24 0.140516
1 10 25 0.0413603
1 10 26 0.0984786
1 10 27 0.0550224
1 10 28 0.141188
1 11 1 0.125712
1 11 2 0.0457396
1 11 3 0.13199
1 11 4 0.049047
1 11 5 0.126983
1 11 6 0.0446718
1 11 7 0.136835
1 11 8 0.0489569
1 11 9 0.121465
1 11 10 0.0452674
1 11 11 0.131198
1 11 12 0.0489843
1 11 13 0.126232
1 11 14 0.0455128
1 11 15 0.134821
1 11 16 0.0487691
1 11 17 0.121578
1 11 18 0.0455871
1 11 19 0.131342
1 11 20 0.0487876
1 11 21 0.12127
1 11 22 0.0445875
1 11 23 0.139497
1 11 24 0.0494864
1 11 25 0.121188
1 11 26 0.0447361
1 11 27 0.131279
1 11 28 0.066259
1 12 1 0.128587
1 12 2 0.0536584
1 12 3 0.130616
1 12 4 0.0527464
1 12 5 0.131316
1 12 6 0.0536189
1 12 7 0.135083
1 12 8 0.0536669
1 12 9 0.12683
1 12 10 0.0620555
1 12 11 0.129703
1 12 12 0.0527345
1 12 13 0.128044
1 12 14 0.0611486
1 12 15 0.130843
1 12 16 0.053421
1 12 17 0.127751
1 12 18 0.0609013
1 12 19 0.134295
1 12 20 0.0531906
1 12 21 0.126001
1 12 22 0.0540408
1 12 23 0.135416
1 12 24 0.0615357
1 12 25 0.124768
1 12 26 0.05321
1 12 27 0.133826
1 12 28 0.0620967
1 13 1 0.12215
1 13 2 0.0581535
1 13 3 0.128201
1 13 4 0.0600011
1 13 5 0.122782
1 13 6 0.0588236
1 13 7 0.13293
1 13 8 0.0663881
1 13 9 0.126851
1 13 10 0.0594471
1 13 11 0.125548
1 13 12 0.0601291
1 13 13 0.1231
1 13 14 0.0588221
1 13 15 0.124334
1 13 16 0.0594371
1 13 17 0.12246
1 13 18 0.0591717
1 13 19 0.12907
1 13 20 0.0590994
1 13 21 0.129429
1 13 22 0.0595238
1 13 23 0.124863
1 13 24 0.0598659
1 13 25 0.122815
1 13 26 0.0586224
1 13 27 0.129068
1 13 28 0.0599369
1 14 1 0.127756
1 14 2 0.070213
1 14 3 0.118857
1 14 4 0.0680479
1 14 5 0.122732
1 14 6 0.0826016
1 14 7 0.122159
1 14 8 0.0692789
1 14 9 0.127444
1 14 10 0.0706811
1 14 11 0.117498
1 14 12 0.0689129
1 14 13 0.126546
1 14 14 0.0706166
1 14 15 0.113828
1 14 16 0.0687744
1 14 17 0.126146
1 14 18 0.0703611
1 14 19 0.114761
1 14 20 0.0685666
1 14 21 0.124876
1 14 22 0.0772992
1 14 23 0.1134
1 14 24 0.0684663
1 14 25 0.125922
1 14 26 0.0695582
1 14 27 0.115289
1 14 28 0.0694651
1 15 1 0.120144
1 15 2 0.0825882
1 15 3 0.0980781
1 15 4 0.0853027
1 15 5 0.113117
1 15 6 0.0833933
1 15 7 0.103033
1 15 8 0.0844308
1 15 9 0.116961
1 15 10 0.0884536
1 15 11 0.102024
1 15 12 0.0912658
1 15 13 0.121174
1 15 14 0.0825046
1 15 15 0.0968168
1 15 16 0.0842688
1 15 17 0.12197
1 15 18 0.0887587
1 15 19 0.0967514
1 15 20 0.0901369
1 15 21 0.121743
1 15 22 0.0888968
1 15 23 0.0963735
1 15 24 0.0843867
1 15 25 0.112485
1 15 26 0.0829483
1 15 27 0.101285
1 15 28 0.0842056
1 16 1 0.0845846
1 16 2 0.0943867
1 16 3 0.0787041
1 16 4 0.106435
1 16 5 0.0829863
1 16 6 0.0951208
1 16 7 0.0779859
1 16 8 0.104135
1 16 9 0.0838933
1 16 10 0.0995727
1 16 11 0.0785746
1 16 12 0.102953
1 16 13 0.0891803
1 16 14 0.0948361
1 16 15 0.0783828
1 16 16 0.102729
1 16 17 0.0837289
1 16 18 0.100544
1 16 19 0.0784125
1 16 20 0.103293
1 16 21 0.0840451
1 16 22 0.0950515
1 16 23 0.0782339
1 16 24 0.10282
1 16 25 0.0835245
1 16 26 0.0938716
1 16 27 0.0787709
1 16 28 0.102673
1 17 1 0.0604244
1 17 2 0.098521
1 17 3 0.0653496
1 17 4 0.121093
1 17 5 0.0605375
1 17 6 0.0983624
1 17 7 0.0653746
1 17 8 0.123637
1 17 9 0.0602924
1 17 10 0.0993215
1 17 11 0.0649504
1 17 12 0.117359
1 17 13 0.0612169
1 17 14 0.100421
1 17 15 0.065142
1 17 16 0.115575
1 17 17 0.0613019
1 17 18 0.0998243
1 17 19 0.0644738
1 17 20 0.119661
1 17 21 0.0611246
1 17 22 0.0989679
1 17 23 0.0662584
1 17 24 0.120871
1 17 25 0.0602109
1 17 26 0.103661
1 17 27 0.0645134
1 17 28 0.115799
1 18 1 0.050345
1 18 2 0.0993509
1 18 3 0.0581074
1 18 4 0.126379
1 18 5 0.0489156
1 18 6 0.101464
1 18 7 0.0576991
1 18 8 0.124535
1 18 9 0.0497585
1 18 10 0.10443
1 18 11 0.0586008
1 18 12 0.126068
1 18 13 0.0497682
1 18 14 0.105728
1 18 15 0.0586785
1 18 16 0.122394
1 18 17 0.0491396
1 18 18 0.101313
1 18 19 0.0593206
1 18 20 0.122646
1 18 21 0.0503518
1 18 22 0.0999472
1 18 23 0.0586944
1 18 24 0.127697
1 18 25 0.0498059
1 18 26 0.102591
1 18 27 0.0586461
1 18 28 0.12185
1 19 1 0.0453202
1 19 2 0.100296
1 19 3 0.0608777
1 19 4 0.132036
1 19 5 0.0454647
1 19 6 0.104254
1 19 7 0.061239
1 19 8 0.131056
1 19 9 0.0449095
1 19 10 0.100334
1 19 11 0.0688326
1 19 12 0.128272
1 19 13 0.0450157
1 19 14 0.101104
1 19 15 0.0605728
1 19 16 0.12735
1 19 17 0.0453613
1 19 18 0.104303
1 19 19 0.0673586
1 19 20 0.128086
1 19 21 0.0559782
1 19 22 0.100852
1 19 23 0.069195
1 19 24 0.134837
1 19 25 0.0449661
1 19 26 0.106279
1 19 27 0.0604326
1 19 28 0.128038
1 20 1 0.0419754
1 20 2 0.102829
1 20 3 0.0562012
1 20 4 0.133969
1 20 5 0.0406137
1 20 6 0.0985018
1 20 7 0.0571404
1 20 8 0.136429
1 20 9 0.0408216
1 20 10 0.0984247
1 20 11 0.0568651
1 20 12 0.132496
1 20 13 0.0408068
1 20 14 0.103279
1 20 15 0.0562754
1 20 16 0.132649
1 20 17 0.0406138
1 20 18 0.0992856
1 20 19 0.0580324
1 20 20 0.136894
1 20 21 0.0414014
1 20 22 0.0978484
1 20 23 0.0567593
1 20 24 0.137495
1 20 25 0.0406909
1 20 26 0.0986575
1 20 27 0.0563759
1 20 28 0.139946
1 21 1 0.125715
1 21 2 0.0438947
1 21 3 0.133998
1 21 4 0.0469475
1 21 5 0.125663
1 21 6 0.0436891
1 21 7 0.138096
1 21 8 0.047131
1 21 9 0.121283
1 21 10 0.0442911
1 21 11 0.126044
1 21 12 0.0470677
1 21 13 0.12514
1 21 14 0.0438451
1 21 15 0.127408
1 21 16 0.0474982
1 21 17 0.120569
1 21 18 0.043794
1 21 19 0.126212
1 21 20 0.0473704
1 21 21 0.122178
1 21 22 0.0440844
1 21 23 0.1274
1 21 24 0.0475486
1 21 25 0.121799
1 21 26 0.0437793
1 21 27 0.125964
1 21 28 0.0488164
1 22 1 0.122415
1 22 2 0.0508592
1 22 3 0.124544
1 22 4 0.0526342
1 22 5 0.123428
1 22 6 0.0509886
1 22 7 0.129817
1 22 8 0.0528452
1 22 9 0.122811
1 22 10 0.0517443
1 22 11 0.124316
1 22 12 0.0531254
1 22 13 0.12275
1 22 14 0.0516576
1 22 15 0.128326
1 22 16 0.0527401
1 22 17 0.122576
1 22 18 0.0517583
1 22 19 0.124727
1 22 20 0.0521798
1 22 21 0.129816
1 22 22 0.0514867
1 22 23 0.127797
1 22 24 0.0540515
1 22 25 0.129685
1 22 26 0.0508612
1 22 27 0.128471
1 22 28 0.0534257
1 23 1 0.121062
1 23 2 0.0595834
1 23 3 0.122929
1 23 4 0.0615592
1 23 5 0.120754
1 23 6 0.0595594
1 23 7 0.120596
1 23 8 0.0625662
1 23 9 0.12013
1 23 10 0.0598368
1 23 11 0.118587
1 23 12 0.0618051
1 23 13 0.124241
1 23 14 0.0595819
1 23 15 0.119302
1 23 16 0.0691848
1 23 17 0.120575
1 23 18 0.0590966
1 23 19 0.126694
1 23 20 0.0619971
1 23 21 0.126755
1 23 22 0.0736389
1 23 23 0.123249
1 23 24 0.0624307
1 23 25 0.12553
1 23 26 0.0591796
1 23 27 0.123645
1 23 28 0.0622938
1 24 1 0.118074
1 24 2 0.0681955
1 24 3 0.113879
1 24 4 0.0731079
1 24 5 0.122497
1 24 6 0.0688045
1 24 7 0.111569
1 24 8 0.0732374
1 24 9 0.122251
1 24 10 0.0682388
1 24 11 0.110374
1 24 12 0.0792073
1 24 13 0.11829
1 24 14 0.068015
1 24 15 0.11331
1 24 16 0.0727858
1 24 17 0.118857
1 24 18 0.0683611
1 24 19 0.115543
1 24 20 0.0726297
1 24 21 0.126579
1 24 22 0.0693291
1 24 23 0.109206
1 24 24 0.0730486
1 24 25 0.118673
1 24 26 0.0680682
1 24 27 0.113921
1 24 28 0.0723482
1 25 1 0.109961
1 25 2 0.0809485
1 25 3 0.0956986
1 25 4 0.0882245
1 25 5 0.108517
1 25 6 0.0814155
1 25 7 0.100044
1 25 8 0.0892009
1 25 9 0.112675
1 25 10 0.0808342
1 25 11 0.100527
1 25 12 0.0901647
1 25 13 0.108696
1 25 14 0.0868619
1 25 15 0.0950146
1 25 16 0.0885764
1 25 17 0.108499
1 25 18 0.0815251
1 25 19 0.0956473
1 25 20 0.0891027
1 25 21 0.11778
1 25 22 0.0815666
1 25 23 0.095072
1 25 24 0.0885236
1 25 25 0.108875
1 25 26 0.0805599
1 25 27 0.101248
1 25 28 0.0890003
1 26 1 0.0861697
1 26 2 0.0949121
1 26 3 0.0842742
1 26 4 0.110827
1 26 5 0.0867902
1 26 6 0.0988337
1 26 7 0.0783133
1 26 8 0.117633
1 26 9 0.0866446
1 26 10 0.0956058
1 26 11 0.0778386
1 26 12 0.114663
1 26 13 0.0875173
1 26 14 0.0960914
1 26 15 0.0779766
1 26 16 0.113545
1 26 17 0.0875943
1 26 18 0.100168
1 26 19 0.0772081
1 26 20 0.113914
1 26 21 0.0873613
1 26 22 0.0959574
1 26 23 0.0773628
1 26 24 0.113504
1 26 25 0.0862229
1 26 26 0.0948654
1 26 27 0.0778363
1 26 28 0.116799
1 27 1 0.0685924
1 27 2 0.100881
1 27 3 0.0673099
1 27 4 0.123135
1 27 5 0.0677623
1 27 6 0.102813
1 27 7 0.0662797
1 27 8 0.125428
1 27 9 0.0674116
1 27 10 0.101824
1 27 11 0.0671165
1 27 12 0.123763
1 27 13 0.0678346
1 27 14 0.115377
1 27 15 0.0737254
1 27 16 0.118616
1 27 17 0.0672755
1 27 18 0.107541
1 27 19 0.067273
1 27 20 0.119836
1 27 21 0.0679205
1 27 22 0.1015
1 27 23 0.066878
1 27 24 0.12889
1 27 25 0.0684074
1 27 26 0.103117
1 27 27 0.0670956
1 27 28 0.119518
1 28 1 0.066807
1 28 2 0.101388
1 28 3 0.0618121
1 28 4 0.125182
1 28 5 0.0595518
1 28 6 0.105731
1 28 7 0.0620866
1 28 8 0.134638
1 28 9 0.0595151
1 28 10 0.101305
1 28 11 0.0616926
1 28 12 0.128271
1 28 13 0.0594958
1 28 14 0.107577
1 28 15 0.0621645
1 28 16 0.123536
1 28 17 0.0600436
1 28 18 0.10238
1 28 19 0.0612583
1 28 20 0.128509
1 28 21 0.0670474
1 28 22 0.101934
1 28 23 0.06179
1 28 24 0.131791
1 28 25 0.059283
1 28 26 0.106675
1 28 27 0.0615619
1 28 28 0.123348
1 29 1 0.0521684
1 29 2 0.0988718
1 29 3 0.0630167
1 29 4 0.122908
1 29 5 0.0513732
1 29 6 0.100536
1 29 7 0.0620333
1 29 8 0.123789
1 29 9 0.0516524
1 29 10 0.0997374
1 29 11 0.0691244
1 29 12 0.126176
1 29 13 0.0524387
1 29 14 0.100174
1 29 15 0.0627707
1 29 16 0.126349
1 29 17 0.0513185
1 29 18 0.101102
1 29 19 0.064384
1 29 20 0.126596
1 29 21 0.0528292
1 29 22 0.0994334
1 29 23 0.0628711
1 29 24 0.124479
1 29 25 0.0520274
1 29 26 0.109377
1 29 27 0.0627206
1 29 28 0.122188
1 30 1 0.0469626
1 30 2 0.0980625
1 30 3 0.0620529
1 30 4 0.131641
1 30 5 0.0476479
1 30 6 0.0976848
1 30 7 0.0628528
1 30 8 0.124485
1 30 9 0.0468194
1 30 10 0.0979683
1 30 11 0.0630118
1 30 12 0.128166
1 30 13 0.0468318
1 30 14 0.103605
1 30 15 0.0618102
1 30 16 0.123852
1 30 17 0.0469031
1 30 18 0.0983352
1 30 19 0.0698557
1 30 20 0.128426
1 30 21 0.0472881
1 30 22 0.099009
1 30 23 0.0617013
1 30 24 0.128169
1 30 25 0.0466895
1 30 26 0.0992552
1 30 27 0.061784
1 30 28 0.124329
1 31 1 0.117853
1 31 2 0.0489363
1 31 3 0.118524
1 31 4 0.0524705
1 31 5 0.12123
1 31 6 0.0489113
1 31 7 0.116051
1 31 8 0.0525039
1 31 9 0.124824
1 31 10 0.0492602
1 31 11 0.118489
1 31 12 0.0524393
1 31 13 0.116297
1 31 14 0.0489114
1 31 15 0.118988
1 31 16 0.0528217
1 31 17 0.116954
1 31 18 0.0489588
1 31 19 0.11349
1 31 20 0.0520007
1 31 21 0.121747
1 31 22 0.0485645
1 31 23 0.11352
1 31 24 0.0531679
1 31 25 0.120873
1 31 26 0.048594
1 31 27 0.113811
1 31 28 0.0523977
1 32 1 0.120691
1 32 2 0.0555645
1 32 3 0.118049
1 32 4 0.0582943
1 32 5 0.116262
1 32 6 0.0545724
1 32 7 0.118151
1 32 8 0.0586038
1 32 9 0.120739
1 32 10 0.0634403
1 32 11 0.112959
1 32 12 0.0584621
1 32 13 0.116437
1 32 14 0.0548927
1 32 15 0.125413
1 32 16 0.0592949
1 32 17 0.120087
1 32 18 0.0545573
1 32 19 0.113869
1 32 20 0.0591866
1 32 21 0.122194
1 32 22 0.0552192
1 32 23 0.114169
1 32 24 0.0662901
1 32 25 0.118127
1 32 26 0.0550507
1 32 27 0.113217
1 32 28 0.0590049
1 33 1 0.123239
1 33 2 0.0609175
1 33 3 0.105051
1 33 4 0.0677402
1 33 5 0.115589
1 33 6 0.0609743
1 33 7 0.106416
1 33 8 0.068097
1 33 9 0.115105
1 33 10 0.0608187
1 33 11 0.106388
1 33 12 0.0677115
1 33 13 0.114364
1 33 14 0.0605406
1 33 15 0.106781
1 33 16 0.0676304
1 33 17 0.120405
1 33 18 0.0610007
1 33 19 0.106745
1 33 20 0.0670843
1 33 21 0.116601
1 33 22 0.0612044
1 33 23 0.105207
1 33 24 0.0753981
1 33 25 0.119502
1 33 26 0.060325
1 33 27 0.105194
1 33 28 0.066968
1 34 1 0.1139
1 34 2 0.0770004
1 34 3 0.101951
1 34 4 0.0781824
1 34 5 0.116979
1 34 6 0.0697793
1 34 7 0.105756
1 34 8 0.0838528
1 34 9 0.1166
1 34 10 0.0700354
1 34 11 0.104991
1 34 12 0.0798245
1 34 13 0.112718
1 34 14 0.0701648
1 34 15 0.101265
1 34 16 0.0783307
1 34 17 0.112929
1 34 18 0.0694505
1 34 19 0.106892
1 34 20 0.0792511
1 34 21 0.118681
1 34 22 0.0705623
1 34 23 0.100462
1 34 24 0.0791356
1 34 25 0.118013
1 34 26 0.0700147
1 34 27 0.101462
1 34 28 0.0781647
1 35 1 0.116127
1 35 2 0.0823178
1 35 3 0.0957896
1 35 4 0.0982772
1 35 5 0.114252
1 35 6 0.0826856
1 35 7 0.0915877
1 35 8 0.0927958
1 35 9 0.109068
1 35 10 0.0827638
1 35 11 0.0914087
1 35 12 0.0972127
1 35 13 0.108734
1 35 14 0.0825935
1 35 15 0.0906575
1 35 16 0.0924993
1 35 17 0.110141
1 35 18 0.0824949
1 35 19 0.0963505
1 35 20 0.0971137
1 35 21 0.114692
1 35 22 0.0830445
1 35 23 0.0900323
1 35 24 0.0924438
1 35 25 0.112854
1 35 26 0.0822665
1 35 27 0.0910138
1 35 28 0.0922664
1 36 1 0.0969837
1 36 2 0.103497
1 36 3 0.0775924
1 36 4 0.105627
1 36 5 0.100562
1 36 6 0.0994359
1 36 7 0.0765141
1 36 8 0.106896
1 36 9 0.0953103
1 36 10 0.103306
1 36 11 0.0761735
1 36 12 0.110719
1 36 13 0.100616
1 36 14 0.104325
1 36 15 0.0764538
1 36 16 0.109321
1 36 17 0.100089
1 36 18 0.0998145
1 36 19 0.0774643
1 36 20 0.106721
1 36 21 0.101501
1 36 22 0.107617
1 36 23 0.0765247
1 36 24 0.107112
1 36 25 0.101362
1 36 26 0.104323
1 36 27 0.077447
1 36 28 0.105992
1 37 1 0.0777295
1 37 2 0.104041
1 37 3 0.0709093
1 37 4 0.11204
1 37 5 0.0790369
1 37 6 0.104046
1 37 7 0.0701913
1 37 8 0.111542
1 37 9 0.0776587
1 37 10 0.108065
1 37 11 0.0763649
1 37 12 0.110768
1 37 13 0.0784181
1 37 14 0.110851
1 37 15 0.0714446
1 37 16 0.111341
1 37 17 0.0793309
1 37 18 0.108823
1 37 19 0.069834
1 37 20 0.115395
1 37 21 0.0780258
1 37 22 0.105431
1 37 23 0.0702927
1 37 24 0.119927
1 37 25 0.0781288
1 37 26 0.108
1 37 27 0.0704525
1 37 28 0.115238
1 38 1 0.0691381
1 38 2 0.100061
1 38 3 0.0687936
1 38 4 0.11775
1 38 5 0.0685198
1 38 6 0.10074
1 38 7 0.0676666
1 38 8 0.119258
1 38 9 0.0685745
1 38 10 0.1005
1 38 11 0.0688537
1 38 12 0.113852
1 38 13 0.0693908
1 38 14 0.101283
1 38 15 0.0749423
1 38 16 0.113774
1 38 17 0.0688703
1 38 18 0.105189
1 38 19 0.0689292
1 38 20 0.117737
1 38 21 0.0696553
1 38 22 0.100605
1 38 23 0.0680735
1 38 24 0.119445
1 38 25 0.0702349
1 38 26 0.101597
1 38 27 0.0750626
1 38 28 0.117335
1 39 1 0.0653834
1 39 2 0.0994532
1 39 3 0.0757731
1 39 4 0.110102
1 39 5 0.0666956
1 39 6 0.0992325
1 39 7 0.0701165
1 39 8 0.110013
1 39 9 0.0652616
1 39 10 0.0990828
1 39 11 0.0697889
1 39 12 0.109725
1 39 13 0.0716668
1 39 14 0.0992688
1 39 15 0.0696055
1 39 16 0.113357
1 39 17 0.0655873
1 39 18 0.109213
1 39 19 0.0693931
1 39 20 0.114049
1 39 21 0.0722748
1 39 22 0.101918
1 39 23 0.0696542
1 39 24 0.113986
1 39 25 0.0656026
1 39 26 0.101534
1 39 27 0.0693667
1 39 28 0.109702
1 40 1 0.0610068
1 40 2 0.101555
1 40 3 0.070576
1 40 4 0.107303
1 40 5 0.0688084
1 40 6 0.100565
1 40 7 0.0763753
1 40 8 0.112075
1 40 9 0.060802
1 40 10 0.105399
1 40 11 0.0698503
1 40 12 0.106923
1 40 13 0.0616707
1 40 14 0.101511
1 40 15 0.0700688
1 40 16 0.107861
1 40 17 0.0609023
1 40 18 0.106318
1 40 19 0.0778428
1 40 20 0.108213
1 40 21 0.0611518
1 40 22 0.11019
1 40 23 0.0697401
1 40 24 0.107592
1 40 25 0.0613343
1 40 26 0.106315
1 40 27 0.0698926
1 40 28 0.107111
1 41 1 0.110135
1 41 2 0.0607962
1 41 3 0.0968284
1 41 4 0.0642402
1 41 5 0.100687
1 41 6 0.060206
1 41 7 0.102128
1 41 8 0.0642841
1 41 9 0.10188
1 41 10 0.0613655
1 41 11 0.101944
1 41 12 0.0643241
1 41 13 0.100675
1 41 14 0.0608808
1 41 15 0.0976931
1 41 16 0.0719299
1 41 17 0.100479
1 41 18 0.060639
1 41 19 0.0972988
1 41 20 0.0645102
1 41 21 0.10672
1 41 22 0.0602684
1 41 23 0.0971265
1 41 24 0.0645311
1 41 25 0.101377
1 41 26 0.060371
1 41 27 0.101903
1 41 28 0.0643409
1 42 1 0.102816
1 42 2 0.0710407
1 42 3 0.0986779
1 42 4 0.0694628
1 42 5 0.102262
1 42 6 0.0650121
1 42 7 0.104806
1 42 8 0.0693105
1 42 9 0.106629
1 42 10 0.064493
1 42 11 0.10065
1 42 12 0.0696157
1 42 13 0.101292
1 42 14 0.0643987
1 42 15 0.104507
1 42 16 0.0688891
1 42 17 0.103649
1 42 18 0.0648935
1 42 19 0.107709
1 42 20 0.0682493
1 42 21 0.111732
1 42 22 0.0645287
1 42 23 0.103011
1 42 24 0.0697681
1 42 25 0.106162
1 42 26 0.063843
1 42 27 0.0987261
1 42 28 0.0682147
1 43 1 0.102723
1 43 2 0.0690955
1 43 3 0.0941468
1 43 4 0.0759886
1 43 5 0.106699
1 43 6 0.0678358
1 43 7 0.0953337
1 43 8 0.0765067
1 43 9 0.102045
1 43 10 0.0686329
1 43 11 0.0998715
1 43 12 0.0763853
1 43 13 0.10185
1 43 14 0.0689196
1 43 15 0.100189
1 43 16 0.0765289
1 43 17 0.111237
1 43 18 0.0675897
1 43 19 0.0971591
1 43 20 0.0774327
1 43 21 0.107433
1 43 22 0.0685248
1 43 23 0.0947239
1 43 24 0.0772175
1 43 25 0.103432
1 43 26 0.0689793
1 43 27 0.0943944
1 43 28 0.0763001
1 44 1 0.100455
1 44 2 0.076936
1 44 3 0.0931631
1 44 4 0.0865332
1 44 5 0.100963
1 44 6 0.077436
1 44 7 0.0938974
1 44 8 0.0861319
1 44 9 0.100661
1 44 10 0.0766032
1 44 11 0.0938841
1 44 12 0.0851895
1 44 13 0.099912
1 44 14 0.0760931
1 44 15 0.097913
1 44 16 0.0858955
1 44 17 0.102291
1 44 18 0.0770942
1 44 19 0.106775
1 44 20 0.0859629
1 44 21 0.107018
1 44 22 0.0766724
1 44 23 0.0931169
1 44 24 0.091875
1 44 25 0.100535
1 44 26 0.0761128
1 44 27 0.0933818
1 44 28 0.0852515
1 45 1 0.104148
1 45 2 0.0876532
1 45 3 0.0983443
1 45 4 0.0987466
1 45 5 0.107888
1 45 6 0.0920208
1 45 7 0.0872637
1 45 8 0.0942998
1 45 9 0.102903
1 45 10 0.0870554
1 45 11 0.086953
1 45 12 0.094402
1 45 13 0.103032
1 45 14 0.0879509
1 45 15 0.0875049
1 45 16 0.0940702
1 45 17 0.106861
1 45 18 0.0871742
1 45 19 0.0947726
1 45 20 0.0951885
1 45 21 0.111602
1 45 22 0.0880189
1 45 23 0.0869684
1 45 24 0.094245
1 45 25 0.104508
1 45 26 0.0889278
1 45 27 0.0928789
1 45 28 0.0933192
1 46 1 0.0970474
1 46 2 0.101509
1 46 3 0.0792212
1 46 4 0.107415
1 46 5 0.0998406
1 46 6 0.0969706
1 46 7 0.0787038
1 46 8 0.109974
1 46 9 0.0977926
1 46 10 0.096066
1 46 11 0.0792369
1 46 12 0.102119
1 46 13 0.102554
1 46 14 0.0971525
1 46 15 0.0792511
1 46 16 0.107144
1 46 17 0.0992836
1 46 18 0.0956094
1 46 19 0.078787
1 46 20 0.106734
1 46 21 0.0992598
1 46 22 0.101826
1 46 23 0.0781606
1 46 24 0.107753
1 46 25 0.0982158
1 46 26 0.100258
1 46 27 0.0844182
1 46 28 0.106472
1 47 1 0.0892724
1 47 2 0.106031
1 47 3 0.0801847
1 47 4 0.0968021
1 47 5 0.0948181
1 47 6 0.10539
1 47 7 0.0736198
1 47 8 0.0979143
1 47 9 0.089337
1 47 10 0.101145
1 47 11 0.0737421
1 47 12 0.0967449
1 47 13 0.0895316
1 47 14 0.118289
1 47 15 0.074485
1 47 16 0.0968434
1 47 17 0.0945395
1 47 18 0.100898
1 47 19 0.0743653
1 47 20 0.0971014
1 47 21 0.0889522
1 47 22 0.106014
1 47 23 0.0737374
1 47 24 0.10256
1 47 25 0.0909415
1 47 26 0.102574
1 47 27 0.074601
1 47 28 0.0965255
1 48 1 0.0835395
1 48 2 0.102346
1 48 3 0.0736519
1 48 4 0.100921
1 48 5 0.0843313
1 48 6 0.102431
1 48 7 0.0725637
1 48 8 0.100023
1 48 9 0.0829716
1 48 10 0.0968183
1 48 11 0.0722836
1 48 12 0.0947347
1 48 13 0.0830604
1 48 14 0.102973
1 48 15 0.073725
1 48 16 0.0997505
1 48 17 0.0848538
1 48 18 0.0983651
1 48 19 0.0720128
1 48 20 0.0959641
1 48 21 0.0838783
1 48 22 0.10407
1 48 23 0.0734793
1 48 24 0.101189
1 48 25 0.0889185
1 48 26 0.0982118
1 48 27 0.0726466
1 48 28 0.0958159
1 49 1 0.0792663
1 49 2 0.0960842
1 49 3 0.083508
1 49 4 0.0901603
1 49 5 0.0792298
1 49 6 0.0950958
1 49 7 0.0772829
1 49 8 0.0917259
1 49 9 0.0788251
1 49 10 0.0945484
1 49 11 0.0783417
1 49 12 0.089488
1 49 13 0.0795328
1 49 14 0.0962022
1 49 15 0.078262
1 49 16 0.0917952
1 49 17 0.0802882
1 49 18 0.0950127
1 49 19 0.0780761
1 49 20 0.0908608
1 49 21 0.079167
1 49 22 0.108251
1 49 23 0.0823852
1 49 24 0.0964893
1 49 25 0.0858695
1 49 26 0.10908
1 49 27 0.0776524
1 49 28 0.0904734
1 50 1 0.07553
1 50 2 0.10138
1 50 3 0.0771959
1 50 4 0.0915147
1 50 5 0.0825187
1 50 6 0.0910047
1 50 7 0.0773217
1 50 8 0.0968633
1 50 9 0.0750081
1 50 10 0.0916939
1 50 11 0.0771627
1 50 12 0.0915242
1 50 13 0.0749931
1 50 14 0.0957585
1 50 15 0.0777329
1 50 16 0.0965951
1 50 17 0.0752454
1 50 18 0.0916501
1 50 19 0.0783032
1 50 20 0.0973293
1 50 21 0.0754673
1 50 22 0.0935745
1 50 23 0.077483
1 50 24 0.0915239
1 50 25 0.0756427
1 50 26 0.0926661
1 50 27 0.0765249
1 50 28 0.0972225
1 51 1 0.0801179
1 51 2 0.0786753
1 51 3 0.0725957
1 51 4 0.0804225
1 51 5 0.0794843
1 51 6 0.0790487
1 51 7 0.0736046
1 51 8 0.0799917
1 51 9 0.0799662
1 51 10 0.0849851
1 51 11 0.0738112
1 51 12 0.079965
1 51 13 0.0798312
1 51 14 0.084546
1 51 15 0.0727323
1 51 16 0.0810083
1 51 17 0.0795742
1 51 18 0.0848665
1 51 19 0.0724727
1 51 20 0.0790334
1 51 21 0.0797483
1 51 22 0.0792431
1 51 23 0.0724862
1 51 24 0.0797142
1 51 25 0.0791015
1 51 26 0.078167
1 51 27 0.0728067
1 51 28 0.0789291
1 52 1 0.0809011
1 52 2 0.0793144
1 52 3 0.076629
1 52 4 0.0918297
1 52 5 0.0797714
1 52 6 0.0842485
1 52 7 0.0770965
1 52 8 0.0924692
1 52 9 0.0807194
1 52 10 0.079867
1 52 11 0.0832064
1 52 12 0.0926265
1 52 13 0.0810822
1 52 14 0.0799248
1 52 15 0.0773802
1 52 16 0.0878779
1 52 17 0.0810139
1 52 18 0.079166
1 52 19 0.0780278
1 52 20 0.0882347
1 52 21 0.0812721
1 52 22 0.0851066
1 52 23 0.0777179
1 52 24 0.087286
1 52 25 0.0811608
1 52 26 0.0798775
1 52 27 0.0770188
1 52 28 0.0873527
1 53 1 0.0827024
1 53 2 0.0830047
1 53 3 0.0801914
1 53 4 0.0953429
1 53 5 0.0826234
1 53 6 0.0837269
1 53 7 0.080509
1 53 8 0.0952505
1 53 9 0.0827796
1 53 10 0.0831428
1 53 11 0.0859184
1 53 12 0.0990306
1 53 13 0.0825615
1 53 14 0.0880223
1 53 15 0.079946
1 53 16 0.0939737
1 53 17 0.0898359
1 53 18 0.0841698
1 53 19 0.0797898
1 53 20 0.0992499
1 53 21 0.0834011
1 53 22 0.0832547
1 53 23 0.0800072
1 53 24 0.100185
1 53 25 0.0822766
1 53 26 0.0882156
1 53 27 0.0792841
1 53 28 0.0934259
1 54 1 0.0927823
1 54 2 0.0955763
1 54 3 0.0798496
1 54 4 0.102015
1 54 5 0.0867743
1 54 6 0.0904848
1 54 7 0.0796832
1 54 8 0.0974719
1 54 9 0.0868054
1 54 10 0.0957237
1 54 11 0.0804219
1 54 12 0.103422
1 54 13 0.0872206
1 54 14 0.0922963
1 54 15 0.0803508
1 54 16 0.102506
1 54 17 0.0871108
1 54 18 0.0906266
1 54 19 0.0875836
1 54 20 0.1032
1 54 21 0.0869249
1 54 22 0.095792
1 54 23 0.0803374
1 54 24 0.102824
1 54 25 0.088385
1 54 26 0.0928538
1 54 27 0.0793938
1 54 28 0.0977225
1 55 1 0.0951031
1 55 2 0.0972625
1 55 3 0.078555
1 55 4 0.0956011
1 55 5 0.0963984
1 55 6 0.102881
1 55 7 0.0786115
1 55 8 0.0952906
1 55 9 0.100479
1 55 10 0.0980802
1 55 11 0.0782625
1 55 12 0.0953233
1 55 13 0.0952559
1 55 14 0.101724
1 55 15 0.0785238
1 55 16 0.105203
1 55 17 0.0962599
1 55 18 0.102584
1 55 19 0.0789599
1 55 20 0.100023
1 55 21 0.0971351
1 55 22 0.101893
1 55 23 0.0774072
1 55 24 0.0967243
1 55 25 0.103716
1 55 26 0.105755
1 55 27 0.0785977
1 55 28 0.0947433
1 56 1 0.102801
1 56 2 0.0889761
1 56 3 0.080451
1 56 4 0.0907014
1 56 5 0.111395
1 56 6 0.0887239
1 56 7 0.0853495
1 56 8 0.0917628
1 56 9 0.111258
1 56 10 0.0885869
1 56 11 0.0795196
1 56 12 0.0910158
1 56 13 0.107503
1 56 14 0.0896893
1 56 15 0.086085
1 56 16 0.096425
1 56 17 0.106969
1 56 18 0.0893592
1 56 19 0.0815462
1 56 20 0.092045
1 56 21 0.106568
1 56 22 0.0895681
1 56 23 0.0800757
1 56 24 0.1054
1 56 25 0.108731
1 56 26 0.090797
1 56 27 0.0810769
1 56 28 0.0911303
1 57 1 0.0987084
1 57 2 0.0851986
1 57 3 0.0798791
1 57 4 0.079692
1 57 5 0.105163
1 57 6 0.0861877
1 57 7 0.0800918
1 57 8 0.0786274
1 57 9 0.0991447
1 57 10 0.0848702
1 57 11 0.0800373
1 57 12 0.0789033
1 57 13 0.0988897
1 57 14 0.0865175
1 57 15 0.0921078
1 57 16 0.0791183
1 57 17 0.100652
1 57 18 0.0854253
1 57 19 0.0797551
1 57 20 0.0786689
1 57 21 0.100347
1 57 22 0.0859325
1 57 23 0.0798759
1 57 24 0.0806889
1 57 25 0.103881
1 57 26 0.0850951
1 57 27 0.0799925
1 57 28 0.0795286
1 58 1 0.104549
1 58 2 0.0816609
1 58 3 0.0810833
1 58 4 0.0717122
1 58 5 0.100572
1 58 6 0.0867899
1 58 7 0.0807906
1 58 8 0.0727062
1 58 9 0.0999004
1 58 10 0.0811313
1 58 11 0.0817205
1 58 12 0.0713057
1 58 13 0.100029
1 58 14 0.0808755
1 58 15 0.0823861
1 58 16 0.0728972
1 58 17 0.114193
1 58 18 0.0799504
1 58 19 0.0815421
1 58 20 0.0719002
1 58 21 0.104297
1 58 22 0.0808278
1 58 23 0.0812771
1 58 24 0.0723838
1 58 25 0.105841
1 58 26 0.0812245
1 58 27 0.0810968
1 58 28 0.0721244
1 59 1 0.100932
1 59 2 0.0758726
1 59 3 0.0895811
1 59 4 0.0691639
1 59 5 0.0955258
1 59 6 0.0756919
1 59 7 0.0893094
1 59 8 0.0681105
1 59 9 0.095351
1 59 10 0.0759984
1 59 11 0.108412
1 59 12 0.0689153
1 59 13 0.095127
1 59 14 0.0748926
1 59 15 0.0960156
1 59 16 0.0682097
1 59 17 0.105517
1 59 18 0.0755877
1 59 19 0.0906157
1 59 20 0.0689368
1 59 21 0.0966748
1 59 22 0.0768659
1 59 23 0.0904676
1 59 24 0.068806
1 59 25 0.101449
1 59 26 0.0761711
1 59 27 0.0890685
1 59 28 0.0755045
1 60 1 0.0968687
1 60 2 0.0712957
1 60 3 0.091677
1 60 4 0.0676419
1 60 5 0.0914489
1 60 6 0.069943
1 60 7 0.0915684
1 60 8 0.068788
1 60 9 0.0911608
1 60 10 0.0702738
1 60 11 0.0931855
1 60 12 0.0675655
1 60 13 0.0910001
1 60 14 0.0704798
1 60 15 0.102536
1 60 16 0.0686213
1 60 17 0.0919993
1 60 18 0.0702217
1 60 19 0.102273
1 60 20 0.0753929
1 60 21 0.0914545
1 60 22 0.0703983
1 60 23 0.0913273
1 60 24 0.0677998
1 60 25 0.0922098
1 60 26 0.0707672
1 60 27 0.0916789
1 60 28 0.0686604
1 61 1 0.0690799
1 61 2 0.0885466
1 61 3 0.0565462
1 61 4 0.101938
1 61 5 0.0677374
1 61 6 0.0889733
1 61 7 0.0567229
1 61 8 0.0972625
1 61 9 0.074982
1 61 10 0.094692
1 61 11 0.0570293
1 61 12 0.0972858
1 61 13 0.0756625
1 61 14 0.0892649
1 61 15 0.0565783
1 61 16 0.10668
1 61 17 0.0682546
1 61 18 0.089937
1 61 19 0.0569144
1 61 20 0.0972478
1 61 21 0.0680139
1 61 22 0.0946476
1 61 23 0.0570907
1 61 24 0.101774
1 61 25 0.0679621
1 61 26 0.0890164
1 61 27 0.0570328
1 61 28 0.0969628
1 62 1 0.0685168
1 62 2 0.0886923
1 62 3 0.0623945
1 62 4 0.103446
1 62 5 0.0680215
1 62 6 0.0894883
1 62 7 0.0631578
1 62 8 0.107166
1 62 9 0.0685515
1 62 10 0.0890786
1 62 11 0.0629097
1 62 12 0.106299
1 62 13 0.0744605
1 62 14 0.0888176
1 62 15 0.0630192
1 62 16 0.10627
1 62 17 0.0752753
1 62 18 0.0903811
1 62 19 0.0621152
1 62 20 0.102009
1 62 21 0.0675435
1 62 22 0.0896688
1 62 23 0.06259
1 62 24 0.102157
1 62 25 0.0673009
1 62 26 0.0885585
1 62 27 0.062634
1 62 28 0.101244
1 63 1 0.0680769
1 63 2 0.0917631
1 63 3 0.0701598
1 63 4 0.109725
1 63 5 0.0672633
1 63 6 0.0917773
1 63 7 0.0765878
1 63 8 0.114416
1 63 9 0.0670882
1 63 10 0.0921687
1 63 11 0.0712064
1 63 12 0.106721
1 63 13 0.0686644
1 63 14 0.0932158
1 63 15 0.0765046
1 63 16 0.11097
1 63 17 0.0678309
1 63 18 0.0967614
1 63 19 0.0708535
1 63 20 0.115249
1 63 21 0.0673489
1 63 22 0.0921122
1 63 23 0.077354
1 63 24 0.11076
1 63 25 0.0681001
1 63 26 0.0983327
1 63 27 0.0700038
1 63 28 0.106508
1 64 1 0.074648
1 64 2 0.0988377
1 64 3 0.0790543
1 64 4 0.101958
1 64 5 0.0752887
1 64 6 0.0992768
1 64 7 0.0729845
1 64 8 0.10172
1 64 9 0.074774
1 64 10 0.104367
1 64 11 0.0722748
1 64 12 0.100743
1 64 13 0.0804046
1 64 14 0.103248
1 64 15 0.0728859
1 64 16 0.10066
1 64 17 0.0753357
1 64 18 0.100762
1 64 19 0.0727464
1 64 20 0.101786
1 64 21 0.0749108
1 64 22 0.0988991
1 64 23 0.0781693
1 64 24 0.105559
1 64 25 0.0740203
1 64 26 0.103495
1 64 27 0.0722589
1 64 28 0.109941
1 65 1 0.0831636
1 65 2 0.101184
1 65 3 0.0737768
1 65 4 0.0913005
1 65 5 0.0825264
1 65 6 0.106266
1 65 7 0.0732736
1 65 8 0.0964114
1 65 9 0.0829664
1 65 10 0.110396
1 65 11 0.0734291
1 65 12 0.0961418
1 65 13 0.0840191
1 65 14 0.106669
1 65 15 0.0729702
1 65 16 0.0915516
1 65 17 0.0823247
1 65 18 0.109668
1 65 19 0.075065
1 65 20 0.0918587
1 65 21 0.0826117
1 65 22 0.100871
1 65 23 0.0746507
1 65 24 0.0920298
1 65 25 0.0840502
1 65 26 0.108009
1 65 27 0.0740604
1 65 28 0.0914584
1 66 1 0.0941965
1 66 2 0.0860489
1 66 3 0.0831941
1 66 4 0.0783964
1 66 5 0.0956013
1 66 6 0.0865017
1 66 7 0.0838055
1 66 8 0.0781222
1 66 9 0.0951634
1 66 10 0.0863535
1 66 11 0.0842751
1 66 12 0.0788033
1 66 13 0.0942017
1 66 14 0.0857905
1 66 15 0.0850109
1 66 16 0.0780607
1 66 17 0.0942598
1 66 18 0.0872389
1 66 19 0.0936218
1 66 20 0.0774982
1 66 21 0.0955589
1 66 22 0.0855401
1 66 23 0.0835396
1 66 24 0.078436
1 66 25 0.0943285
1 66 26 0.0864105
1 66 27 0.0943001
1 66 28 0.0781758
1 67 1 0.100527
1 67 2 0.0785364
1 67 3 0.0852657
1 67 4 0.066353
1 67 5 0.104444
1 67 6 0.0778025
1 67 7 0.0854195
1 67 8 0.0669801
1 67 9 0.0999863
1 67 10 0.0786805
1 67 11 0.0849531
1 67 12 0.0664067
1 67 13 0.100461
1 67 14 0.07816
1 67 15 0.0908683
1 67 16 0.0671399
1 67 17 0.100317
1 67 18 0.0830285
1 67 19 0.0866074
1 67 20 0.0672509
1 67 21 0.0993955
1 67 22 0.0776417
1 67 23 0.0854208
1 67 24 0.0682045
1 67 25 0.10446
1 67 26 0.0840218
1 67 27 0.0856353
1 67 28 0.0734194
1 68 1 0.103873
1 68 2 0.0702767
1 68 3 0.0897619
1 68 4 0.0570097
1 68 5 0.103978
1 68 6 0.0710591
1 68 7 0.0900036
1 68 8 0.056228
1 68 9 0.108096
1 68 10 0.0761737
1 68 11 0.091156
1 68 12 0.0569078
1 68 13 0.108224
1 68 14 0.070226
1 68 15 0.0915717
1 68 16 0.0560374
1 68 17 0.109529
1 68 18 0.0709018
1 68 19 0.0958097
1 68 20 0.0560329
1 68 21 0.105171
1 68 22 0.0703722
1 68 23 0.100285
1 68 24 0.0570005
1 68 25 0.105363
1 68 26 0.070717
1 68 27 0.0899605
1 68 28 0.0570233
1 69 1 0.104126
1 69 2 0.07207
1 69 3 0.0952427
1 69 4 0.0502841
1 69 5 0.104067
1 69 6 0.063603
1 69 7 0.0958633
1 69 8 0.0512019
1 69 9 0.103975
1 69 10 0.0717361
1 69 11 0.0962706
1 69 12 0.0501703
1 69 13 0.103897
1 69 14 0.0640676
1 69 15 0.10549
1 69 16 0.0512308
1 69 17 0.105507
1 69 18 0.0638404
1 69 19 0.0964674
1 69 20 0.0511521
1 69 21 0.108219
1 69 22 0.0641405
1 69 23 0.0953334
1 69 24 0.0505149
1 69 25 0.104243
1 69 26 0.0642414
1 69 27 0.0955075
1 69 28 0.051084
1 70 1 0.107316
1 70 2 0.0573615
1 70 3 0.0976874
1 70 4 0.0489488
1 70 5 0.106252
1 70 6 0.0573784
1 70 7 0.0976325
1 70 8 0.0484642
1 70 9 0.110687
1 70 10 0.0574952
1 70 11 0.103278
1 70 12 0.0488984
1 70 13 0.106134
1 70 14 0.0570438
1 70 15 0.0994364
1 70 16 0.0484709
1 70 17 0.106807
1 70 18 0.0571392
1 70 19 0.105233
1 70 20 0.0492142
1 70 21 0.111135
1 70 22 0.0569406
1 70 23 0.0979425
1 70 24 0.048957
1 70 25 0.1151
1 70 26 0.0570452
1 70 27 0.0979927
1 70 28 0.0488897
1 71 1 0.0635267
1 71 2 0.0997005
1 71 3 0.0501939
1 71 4 0.103857
1 71 5 0.0546521
1 71 6 0.10008
1 71 7 0.0512369
1 71 8 0.102696
1 71 9 0.0552016
1 71 10 0.0998886
1 71 11 0.0500806
1 71 12 0.103213
1 71 13 0.0549721
1 71 14 0.0998734
1 71 15 0.050539
1 71 16 0.103253
1 71 17 0.0546138
1 71 18 0.106023
1 71 19 0.0499678
1 71 20 0.10309
1 71 21 0.0543985
1 71 22 0.1004
1 71 23 0.0499835
1 71 24 0.102883
1 71 25 0.0541307
1 71 26 0.0996384
1 71 27 0.0505413
1 71 28 0.102782
1 72 1 0.0630993
1 72 2 0.106596
1 72 3 0.0555091
1 72 4 0.111068
1 72 5 0.0546644
1 72 6 0.105974
1 72 7 0.0555385
1 72 8 0.107272
1 72 9 0.0547563
1 72 10 0.101568
1 72 11 0.0564336
1 72 12 0.111867
1 72 13 0.0557992
1 72 14 0.102915
1 72 15 0.0551789
1 72 16 0.107554
1 72 17 0.054922
1 72 18 0.111005
1 72 19 0.056207
1 72 20 0.111771
1 72 21 0.0549327
1 72 22 0.106736
1 72 23 0.0561761
1 72 24 0.107613
1 72 25 0.0555479
1 72 26 0.102861
1 72 27 0.063564
1 72 28 0.112017
1 73 1 0.0574687
1 73 2 0.098279
1 73 3 0.0610526
1 73 4 0.108052
1 73 5 0.0573805
1 73 6 0.0998878
1 73 7 0.0619936
1 73 8 0.106556
1 73 9 0.0569425
1 73 10 0.0993073
1 73 11 0.0610737
1 73 12 0.106826
1 73 13 0.0568716
1 73 14 0.099286
1 73 15 0.0619354
1 73 16 0.105478
1 73 17 0.0573279
1 73 18 0.101121
1 73 19 0.0611692
1 73 20 0.11583
1 73 21 0.0565366
1 73 22 0.0986987
1 73 23 0.0611849
1 73 24 0.106547
1 73 25 0.0560204
1 73 26 0.0989089
1 73 27 0.0612053
1 73 28 0.106689
1 74 1 0.0677664
1 74 2 0.101133
1 74 3 0.0647901
1 74 4 0.104222
1 74 5 0.0733948
1 74 6 0.106445
1 74 7 0.0649062
1 74 8 0.101276
1 74 9 0.0677383
1 74 10 0.106272
1 74 11 0.0654403
1 74 12 0.100042
1 74 13 0.0754024
1 74 14 0.107215
1 74 15 0.0643851
1 74 16 0.0998208
1 74 17 0.0672373
1 74 18 0.106048
1 74 19 0.0653978
1 74 20 0.100867
1 74 21 0.0675943
1 74 22 0.100924
1 74 23 0.0660318
1 74 24 0.101086
1 74 25 0.0680278
1 74 26 0.103343
1 74 27 0.0648183
1 74 28 0.104949
1 75 1 0.0795934
1 75 2 0.104317
1 75 3 0.0712369
1 75 4 0.0955261
1 75 5 0.0796842
1 75 6 0.104015
1 75 7 0.0716909
1 75 8 0.0951828
1 75 9 0.079427
1 75 10 0.105138
1 75 11 0.0715154
1 75 12 0.0905199
1 75 13 0.078885
1 75 14 0.0996859
1 75 15 0.0716392
1 75 16 0.0888238
1 75 17 0.0786894
1 75 18 0.101335
1 75 19 0.0712436
1 75 20 0.0886166
1 75 21 0.0797817
1 75 22 0.09871
1 75 23 0.0707161
1 75 24 0.0893795
1 75 25 0.0784135
1 75 26 0.107527
1 75 27 0.0710634
1 75 28 0.0892531
1 76 1 0.102319
1 76 2 0.0882438
1 76 3 0.0851218
1 76 4 0.0723955
1 76 5 0.0965255
1 76 6 0.0833518
1 76 7 0.0857471
1 76 8 0.0734452
1 76 9 0.10546
1 76 10 0.0831701
1 76 11 0.09535
1 76 12 0.0725876
1 76 13 0.102666
1 76 14 0.0830418
1 76 15 0.0852254
1 76 16 0.072806
1 76 17 0.0966165
1 76 18 0.0825358
1 76 19 0.0918091
1 76 20 0.0730658
1 76 21 0.105586
1 76 22 0.082882
1 76 23 0.0863204
1 76 24 0.0741268
1 76 25 0.0970494
1 76 26 0.0840233
1 76 27 0.0857301
1 76 28 0.0729995
1 77 1 0.111697
1 77 2 0.0719968
1 77 3 0.0899765
1 77 4 0.061861
1 77 5 0.102804
1 77 6 0.078355
1 77 7 0.0946271
1 77 8 0.0611976
1 77 9 0.103619
1 77 10 0.0716046
1 77 11 0.0909631
1 77 12 0.0618028
1 77 13 0.102504
1 77 14 0.0710547
1 77 15 0.0904123
1 77 16 0.0607787
1 77 17 0.102473
1 77 18 0.0723736
1 77 19 0.0907206
1 77 20 0.0609394
1 77 21 0.103485
1 77 22 0.0711817
1 77 23 0.0904021
1 77 24 0.0685245
1 77 25 0.103857
1 77 26 0.0718525
1 77 27 0.0899581
1 77 28 0.0617637
1 78 1 0.109041
1 78 2 0.064119
1 78 3 0.0963273
1 78 4 0.0502755
1 78 5 0.108239
1 78 6 0.0626006
1 78 7 0.0974138
1 78 8 0.0509542
1 78 9 0.107804
1 78 10 0.0643398
1 78 11 0.100896
1 78 12 0.0502114
1 78 13 0.113143
1 78 14 0.0627526
1 78 15 0.0970374
1 78 16 0.0508864
1 78 17 0.109624
1 78 18 0.062436
1 78 19 0.101895
1 78 20 0.0510571
1 78 21 0.10766
1 78 22 0.062601
1 78 23 0.0969049
1 78 24 0.0518716
1 78 25 0.111698
1 78 26 0.0631905
1 78 27 0.0973711
1 78 28 0.0507463
1 79 1 0.112405
1 79 2 0.0551611
1 79 3 0.101843
1 79 4 0.0443592
1 79 5 0.116097
1 79 6 0.0560135
1 79 7 0.106222
1 79 8 0.0435093
1 79 9 0.112838
1 79 10 0.0556642
1 79 11 0.103175
1 79 12 0.0441837
1 79 13 0.112003
1 79 14 0.0548596
1 79 15 0.102547
1 79 16 0.0435218
1 79 17 0.116762
1 79 18 0.0552258
1 79 19 0.109115
1 79 20 0.0435748
1 79 21 0.112783
1 79 22 0.054864
1 79 23 0.103014
1 79 24 0.0448016
1 79 25 0.112298
1 79 26 0.0553083
1 79 27 0.10219
1 79 28 0.0439638
1 80 1 0.124191
1 80 2 0.0507088
1 80 3 0.105043
1 80 4 0.0426462
1 80 5 0.120475
1 80 6 0.0508136
1 80 7 0.105973
1 80 8 0.0420051
1 80 9 0.116039
1 80 10 0.0504058
1 80 11 0.105491
1 80 12 0.0415635
1 80 13 0.12019
1 80 14 0.0501677
1 80 15 0.105803
1 80 16 0.0419538
1 80 17 0.120457
1 80 18 0.0500305
1 80 19 0.119235
1 80 20 0.0421184
1 80 21 0.116579
1 80 22 0.0501749
1 80 23 0.105064
1 80 24 0.0416716
1 80 25 0.117093
1 80 26 0.0501502
1 80 27 0.110592
1 80 28 0.0419612
1 81 1 0.0443152
1 81 2 0.111224
1 81 3 0.0507009
1 81 4 0.116962
1 81 5 0.0444192
1 81 6 0.114508
1 81 7 0.0592269
1 81 8 0.112868
1 81 9 0.0434365
1 81 10 0.110082
1 81 11 0.0511616
1 81 12 0.117411
1 81 13 0.0436605
1 81 14 0.115798
1 81 15 0.0504453
1 81 16 0.112735
1 81 17 0.0432958
1 81 18 0.119641
1 81 19 0.0509501
1 81 20 0.116797
1 81 21 0.043537
1 81 22 0.11077
1 81 23 0.0509271
1 81 24 0.113692
1 81 25 0.0439385
1 81 26 0.11584
1 81 27 0.050882
1 81 28 0.114079
1 82 1 0.0456298
1 82 2 0.114299
1 82 3 0.0558928
1 82 4 0.113041
1 82 5 0.0449776
1 82 6 0.111367
1 82 7 0.0566536
1 82 8 0.112075
1 82 9 0.0448322
1 82 10 0.110372
1 82 11 0.0560173
1 82 12 0.113306
1 82 13 0.0442318
1 82 14 0.1185
1 82 15 0.0559009
1 82 16 0.112688
1 82 17 0.0448886
1 82 18 0.112112
1 82 19 0.0557109
1 82 20 0.113285
1 82 21 0.0443686
1 82 22 0.114803
1 82 23 0.0556924
1 82 24 0.116275
1 82 25 0.0447619
1 82 26 0.114205
1 82 27 0.0555739
1 82 28 0.116165
1 83 1 0.0482178
1 83 2 0.105444
1 83 3 0.0620909
1 83 4 0.108907
1 83 5 0.0482294
1 83 6 0.10958
1 83 7 0.0623096
1 83 8 0.110219
1 83 9 0.0484259
1 83 10 0.104751
1 83 11 0.0703548
1 83 12 0.113606
1 83 13 0.0487807
1 83 14 0.11087
1 83 15 0.0616017
1 83 16 0.109602
1 83 17 0.0479563
1 83 18 0.109526
1 83 19 0.069991
1 83 20 0.114246
1 83 21 0.0484818
1 83 22 0.105502
1 83 23 0.0624191
1 83 24 0.110785
1 83 25 0.0492324
1 83 26 0.106255
1 83 27 0.0620762
1 83 28 0.110012
1 84 1 0.0613399
1 84 2 0.100158
1 84 3 0.0659276
1 84 4 0.104619
1 84 5 0.0616779
1 84 6 0.105115
1 84 7 0.0742306
1 84 8 0.107693
1 84 9 0.0682838
1 84 10 0.101655
1 84 11 0.0654464
1 84 12 0.104973
1 84 13 0.0607682
1 84 14 0.100678
1 84 15 0.0660876
1 84 16 0.102779
1 84 17 0.0610541
1 84 18 0.10143
1 84 19 0.0668903
1 84 20 0.103429
1 84 21 0.0610836
1 84 22 0.0992923
1 84 23 0.0654485
1 84 24 0.108173
1 84 25 0.0604222
1 84 26 0.0996246
1 84 27 0.0653837
1 84 28 0.102917
1 85 1 0.0769107
1 85 2 0.0944689
1 85 3 0.0724637
1 85 4 0.0932979
1 85 5 0.0761739
1 85 6 0.095274
1 85 7 0.0731344
1 85 8 0.103093
1 85 9 0.0766625
1 85 10 0.0993728
1 85 11 0.0732346
1 85 12 0.0979357
1 85 13 0.0774558
1 85 14 0.100232
1 85 15 0.0727499
1 85 16 0.0930288
1 85 17 0.0769596
1 85 18 0.0994033
1 85 19 0.0731849
1 85 20 0.0941916
1 85 21 0.0827446
1 85 22 0.0953114
1 85 23 0.0737913
1 85 24 0.0986601
1 85 25 0.0771503
1 85 26 0.0956949
1 85 27 0.0725772
1 85 28 0.0933822
1 86 1 0.106651
1 86 2 0.0800225
1 86 3 0.0918472
1 86 4 0.0751802
1 86 5 0.0957245
1 86 6 0.0793704
1 86 7 0.0956065
1 86 8 0.0751611
1 86 9 0.0971001
1 86 10 0.0799999
1 86 11 0.0900797
1 86 12 0.0753226
1 86 13 0.0959408
1 86 14 0.079871
1 86 15 0.0947828
1 86 16 0.0738489
1 86 17 0.0962086
1 86 18 0.0802458
1 86 19 0.0953209
1 86 20 0.074586
1 86 21 0.097174
1 86 22 0.0791241
1 86 23 0.0992033
1 86 24 0.0756022
1 86 25 0.101069
1 86 26 0.0791273
1 86 27 0.0898786
1 86 28 0.0738389
1 87 1 0.107032
1 87 2 0.0693272
1 87 3 0.101129
1 87 4 0.0612889
1 87 5 0.104996
1 87 6 0.0689486
1 87 7 0.0968641
1 87 8 0.062119
1 87 9 0.109096
1 87 10 0.0703636
1 87 11 0.0968439
1 87 12 0.0612208
1 87 13 0.106299
1 87 14 0.0689364
1 87 15 0.0966962
1 87 16 0.0620336
1 87 17 0.106251
1 87 18 0.0683793
1 87 19 0.0966772
1 87 20 0.0621391
1 87 21 0.105103
1 87 22 0.0691653
1 87 23 0.101933
1 87 24 0.0643994
1 87 25 0.110375
1 87 26 0.0694758
1 87 27 0.101678
1 87 28 0.0621163
1 88 1 0.118459
1 88 2 0.0713312
1 88 3 0.103687
1 88 4 0.0540445
1 88 5 0.113735
1 88 6 0.065407
1 88 7 0.103679
1 88 8 0.0534384
1 88 9 0.115542
1 88 10 0.0710859
1 88 11 0.108271
1 88 12 0.0540009
1 88 13 0.117347
1 88 14 0.0645182
1 88 15 0.107829
1 88 16 0.0534104
1 88 17 0.117883
1 88 18 0.0648515
1 88 19 0.105221
1 88 20 0.0541021
1 88 21 0.114232
1 88 22 0.0644659
1 88 23 0.10439
1 88 24 0.06363
1 88 25 0.118336
1 88 26 0.0724046
1 88 27 0.10751
1 88 28 0.0536911
1 89 1 0.120178
1 89 2 0.0576387
1 89 3 0.109941
1 89 4 0.0473715
1 89 5 0.124081
1 89 6 0.0561833
1 89 7 0.11516
1 89 8 0.0469862
1 89 9 0.126376
1 89 10 0.0573264
1 89 11 0.110726
1 89 12 0.0462975
1 89 13 0.120064
1 89 14 0.0557609
1 89 15 0.111599
1 89 16 0.046865
1 89 17 0.124664
1 89 18 0.0553925
1 89 19 0.115048
1 89 20 0.04719
1 89 21 0.124404
1 89 22 0.0558032
1 89 23 0.118128
1 89 24 0.0478226
1 89 25 0.120233
1 89 26 0.0562432
1 89 27 0.112062
1 89 28 0.0471649
1 90 1 0.119871
1 90 2 0.0524445
1 90 3 0.110115
1 90 4 0.0559218
1 90 5 0.120314
1 90 6 0.062171
1 90 7 0.110031
1 90 8 0.0462995
1 90 9 0.119919
1 90 10 0.0524448
1 90 11 0.110346
1 90 12 0.0466081
1 90 13 0.119143
1 90 14 0.0523128
1 90 15 0.11067
1 90 16 0.0462944
1 90 17 0.120238
1 90 18 0.0524658
1 90 19 0.111948
1 90 20 0.0463936
1 90 21 0.123658
1 90 22 0.0523033
1 90 23 0.110448
1 90 24 0.0469978
1 90 25 0.123634
1 90 26 0.0524552
1 90 27 0.114781
1 90 28 0.0481131
1 91 1 0.0429243
1 91 2 0.114909
1 91 3 0.0518338
1 91 4 0.121559
1 91 5 0.0536529
1 91 6 0.109743
1 91 7 0.0518551
1 91 8 0.125785
1 91 9 0.0428245
1 91 10 0.109319
1 91 11 0.0516294
1 91 12 0.126297
1 91 13 0.042677
1 91 14 0.109938
1 91 15 0.0509096
1 91 16 0.122632
1 91 17 0.0428422
1 91 18 0.110171
1 91 19 0.0508939
1 91 20 0.121638
1 91 21 0.042682
1 91 22 0.109863
1 91 23 0.0516214
1 91 24 0.126223
1 91 25 0.0436745
1 91 26 0.114753
1 91 27 0.0508069
1 91 28 0.129977
1 92 1 0.0430767
1 92 2 0.114594
1 92 3 0.0678021
1 92 4 0.118896
1 92 5 0.0441418
1 92 6 0.109399
1 92 7 0.0604994
1 92 8 0.119695
1 92 9 0.0430073
1 92 10 0.109426
1 92 11 0.0686285
1 92 12 0.119957
1 92 13 0.0432916
1 92 14 0.110631
1 92 15 0.0601692
1 92 16 0.13101
1 92 17 0.0429671
1 92 18 0.109531
1 92 19 0.0615289
1 92 20 0.119247
1 92 21 0.0432652
1 92 22 0.114038
1 92 23 0.0682032
1 92 24 0.124726
1 92 25 0.053767
1 92 26 0.110888
1 92 27 0.0604951
1 92 28 0.12036
1 93 1 0.0450772
1 93 2 0.108495
1 93 3 0.0642534
1 93 4 0.116927
1 93 5 0.0451048
1 93 6 0.112665
1 93 7 0.0648559
1 93 8 0.120458
1 93 9 0.04516
1 93 10 0.11317
1 93 11 0.064642
1 93 12 0.121876
1 93 13 0.0446332
1 93 14 0.112933
1 93 15 0.0638219
1 93 16 0.121647
1 93 17 0.0450513
1 93 18 0.108243
1 93 19 0.0720092
1 93 20 0.121315
1 93 21 0.0447315
1 93 22 0.108093
1 93 23 0.0641067
1 93 24 0.121526
1 93 25 0.0455474
1 93 26 0.112336
1 93 27 0.0634109
1 93 28 0.116303
1 94 1 0.0559864
1 94 2 0.10527
1 94 3 0.0685054
1 94 4 0.113223
1 94 5 0.0561393
1 94 6 0.101608
1 94 7 0.07557
1 94 8 0.109424
1 94 9 0.056485
1 94 10 0.105794
1 94 11 0.0691199
1 94 12 0.113904
1 94 13 0.0564655
1 94 14 0.101944
1 94 15 0.06822
1 94 16 0.108803
1 94 17 0.0567618
1 94 18 0.101214
1 94 19 0.0761109
1 94 20 0.114311
1 94 21 0.0563835
1 94 22 0.101323
1 94 23 0.0684969
1 94 24 0.114103
1 94 25 0.0565364
1 94 26 0.101257
1 94 27 0.0684526
1 94 28 0.108547
1 95 1 0.076342
1 95 2 0.094779
1 95 3 0.075284
1 95 4 0.102053
1 95 5 0.0755197
1 95 6 0.0942418
1 95 7 0.075287
1 95 8 0.0973348
1 95 9 0.0757252
1 95 10 0.0953126
1 95 11 0.0731613
1 95 12 0.102672
1 95 13 0.0756642
1 95 14 0.100061
1 95 15 0.0734569
1 95 16 0.0962264
1 95 17 0.0822519
1 95 18 0.0998396
1 95 19 0.0741916
1 95 20 0.102124
1 95 21 0.0762087
1 95 22 0.0995642
1 95 23 0.0734563
1 95 24 0.0978828
1 95 25 0.0759925
1 95 26 0.0939337
1 95 27 0.0732151
1 95 28 0.0959324
1 96 1 0.104133
1 96 2 0.0811786
1 96 3 0.104893
1 96 4 0.0803999
1 96 5 0.0978283
1 96 6 0.0812187
1 96 7 0.0955639
1 96 8 0.0804751
1 96 9 0.097967
1 96 10 0.0821896
1 96 11 0.0899125
1 96 12 0.0805082
1 96 13 0.103341
1 96 14 0.0877509
1 96 15 0.0900479
1 96 16 0.0803223
1 96 17 0.104032
1 96 18 0.0816413
1 96 19 0.0901486
1 96 20 0.0868526
1 96 21 0.103215
1 96 22 0.088124
1 96 23 0.0908085
1 96 24 0.0877318
1 96 25 0.104066
1 96 26 0.0813793
1 96 27 0.089764
1 96 28 0.08039
1 97 1 0.113565
1 97 2 0.0703514
1 97 3 0.103082
1 97 4 0.0683868
1 97 5 0.107399
1 97 6 0.0700298
1 97 7 0.096409
1 97 8 0.0681717
1 97 9 0.108501
1 97 10 0.0768444
1 97 11 0.0958409
1 97 12 0.0685013
1 97 13 0.107719
1 97 14 0.0704
1 97 15 0.0960163
1 97 16 0.0681127
1 97 17 0.112576
1 97 18 0.0701113
1 97 19 0.0967249
1 97 20 0.0695383
1 97 21 0.108099
1 97 22 0.0703222
1 97 23 0.0963782
1 97 24 0.0829865
1 97 25 0.113195
1 97 26 0.0709196
1 97 27 0.0960768
1 97 28 0.068105
1 98 1 0.120348
1 98 2 0.0658887
1 98 3 0.106353
1 98 4 0.0601365
1 98 5 0.11535
1 98 6 0.064289
1 98 7 0.106102
1 98 8 0.0604098
1 98 9 0.119216
1 98 10 0.0667494
1 98 11 0.10659
1 98 12 0.0600324
1 98 13 0.115379
1 98 14 0.0644641
1 98 15 0.106983
1 98 16 0.0603476
1 98 17 0.116424
1 98 18 0.0641378
1 98 19 0.115302
1 98 20 0.0683014
1 98 21 0.115967
1 98 22 0.0644101
1 98 23 0.105995
1 98 24 0.0701653
1 98 25 0.115842
1 98 26 0.0719734
1 98 27 0.107287
1 98 28 0.0605952
1 99 1 0.128025
1 99 2 0.0675963
1 99 3 0.118274
1 99 4 0.0533751
1 99 5 0.128154
1 99 6 0.0613363
1 99 7 0.122254
1 99 8 0.0529116
1 99 9 0.124628
1 99 10 0.0676897
1 99 11 0.122616
1 99 12 0.0531994
1 99 13 0.123163
1 99 14 0.059814
1 99 15 0.126742
1 99 16 0.0529079
1 99 17 0.128256
1 99 18 0.0600551
1 99 19 0.123629
1 99 20 0.0537457
1 99 21 0.135328
1 99 22 0.0597986
1 99 23 0.11847
1 99 24 0.062963
1 99 25 0.123921
1 99 26 0.0608693
1 99 27 0.12617
1 99 28 0.0546166
1 100 1 0.12279
1 100 2 0.0563383
1 100 3 0.122285
1 100 4 0.0540179
1 100 5 0.127344
1 100 6 0.0649969
1 100 7 0.118249
1 100 8 0.0530213
1 100 9 0.122377
1 100 10 0.0563019
1 100 11 0.122753
1 100 12 0.052885
1 100 13 0.122354
1 100 14 0.0554083
1 100 15 0.127774
1 100 16 0.0530359
1 100 17 0.127176
1 100 18 0.0553045
1 100 19 0.118489
1 100 20 0.0530772
1 100 21 0.123979
1 100 22 0.0554158
1 100 23 0.117806
1 100 24 0.0539299
1 100 25 0.12714
1 100 26 0.0554295
1 100 27 0.119011
1 100 28 0.0696183
