0 0.5 0.5 0 1.0 0.5 0.25 
1 1.5 0.5 0 1.0 0.5 0.25 
2 2.5 0.5 0 1.0 0.5 0.25 
3 3.5 0.5 0 1.0 0.5 0.25 
4 4.5 0.5 0 1.0 0.5 0.25 
5 5.5 0.5 1 1.0 0.25 0.5 
6 6.5 0.5 1 1.0 0.25 0.5 
7 7.5 0.5 1 1.0 0.25 0.5 
8 8.5 0.5 1 1.0 0.25 0.5 
9 9.5 0.5 1 1.0 0.25 0.5 
10 0.5 1.5 0 1.0 0.5 0.25 
11 1.5 1.5 0 1.0 0.5 0.25 
12 2.5 1.5 0 1.0 0.5 0.25 
13 3.5 1.5 0 1.0 0.5 0.25 
14 4.5 1.5 0 1.0 0.5 0.25 
15 5.5 1.5 1 1.0 0.25 0.5 
16 6.5 1.5 1 1.0 0.25 0.5 
17 7.5 1.5 1 1.0 0.25 0.5 
18 8.5 1.5 1 1.0 0.25 0.5 
19 9.5 1.5 1 1.0 0.25 0.5 
20 0.5 2.5 0 1.0 0.5 0.25 
21 1.5 2.5 0 1.0 0.5 0.25 
22 2.5 2.5 0 1.0 0.5 0.25 
23 3.5 2.5 0 1.0 0.5 0.25 
24 4.5 2.5 0 1.0 0.5 0.25 
25 5.5 2.5 1 1.0 0.25 0.5 
26 6.5 2.5 1 1.0 0.25 0.5 
27 7.5 2.5 1 1.0 0.25 0.5 
28 8.5 2.5 1 1.0 0.25 0.5 
29 9.5 2.5 1 1.0 0.25 0.5 
30 0.5 3.5 0 1.0 0.5 0.25 
31 1.5 3.5 0 1.0 0.5 0.25 
32 2.5 3.5 0 1.0 0.5 0.25 
33 3.5 3.5 0 1.0 0.5 0.25 
34 4.5 3.5 0 1.0 0.5 0.25 
35 5.5 3.5 1 1.0 0.25 0.5 
36 6.5 3.5 1 1.0 0.25 0.5 
37 7.5 3.5 1 1.0 0.25 0.5 
38 8.5 3.5 1 1.0 0.25 0.5 
39 9.5 3.5 1 1.0 0.25 0.5 
40 0.5 4.5 0 1.0 0.5 0.25 
41 1.5 4.5 0 1.0 0.5 0.25 
42 2.5 4.5 0 1.0 0.5 0.25 
43 3.5 4.5 0 1.0 0.5 0.25 
44 4.5 4.5 0 1.0 0.5 0.25 
45 5.5 4.5 1 1.0 0.25 0.5 
46 6.5 4.5 1 1.0 0.25 0.5 
47 7.5 4.5 1 1.0 0.25 0.5 
48 8.5 4.5 1 1.0 0.25 0.5 
49 9.5 4.5 1 1.0 0.25 0.5 
50 0.5 5.5 1 1.0 0.25 0.5 
51 1.5 5.5 1 1.0 0.25 0.5 
52 2.5 5.5 1 1.0 0.25 0.5 
53 3.5 5.5 1 1.0 0.25 0.5 
54 4.5 5.5 1 1.0 0.25 0.5 
55 5.5 5.5 0 1.0 0.5 0.25 
56 6.5 5.5 0 1.0 0.5 0.25 
57 7.5 5.5 0 1.0 0.5 0.25 
58 8.5 5.5 0 1.0 0.5 0.25 
59 9.5 5.5 0 1.0 0.5 0.25 
60 0.5 6.5 1 1.0 0.25 0.5 
61 1.5 6.5 1 1.0 0.25 0.5 
62 2.5 6.5 1 1.0 0.25 0.5 
63 3.5 6.5 1 1.0 0.25 0.5 
64 4.5 6.5 1 1.0 0.25 0.5 
65 5.5 6.5 0 1.0 0.5 0.25 
66 6.5 6.5 0 1.0 0.5 0.25 
67 7.5 6.5 0 1.0 0.5 0.25 
68 8.5 6.5 0 1.0 0.5 0.25 
69 9.5 6.5 0 1.0 0.5 0.25 
70 0.5 7.5 1 1.0 0.25 0.5 
71 1.5 7.5 1 1.0 0.25 0.5 
72 2.5 7.5 1 1.0 0.25 0.5 
73 3.5 7.5 1 1.0 0.25 0.5 
74 4.5 7.5 1 1.0 0.25 0.5 
75 5.5 7.5 0 1.0 0.5 0.25 
76 6.5 7.5 0 1.0 0.5 0.25 
77 7.5 7.5 0 1.0 0.5 0.25 
78 8.5 7.5 0 1.0 0.5 0.25 
79 9.5 7.5 0 1.0 0.5 0.25 
80 0.5 8.5 1 1.0 0.25 0.5 
81 1.5 8.5 1 1.0 0.25 0.5 
82 2.5 8.5 1 1.0 0.25 0.5 
83 3.5 8.5 1 1.0 0.25 0.5 
84 4.5 8.5 1 1.0 0.25 0.5 
85 5.5 8.5 0 1.0 0.5 0.25 
86 6.5 8.5 0 1.0 0.5 0.25 
87 7.5 8.5 0 1.0 0.5 0.25 
88 8.5 8.5 0 1.0 0.5 0.25 
89 9.5 8.5 0 1.0 0.5 0.25 
90 0.5 9.5 1 1.0 0.25 0.5 
91 1.5 9.5 1 1.0 0.25 0.5 
92 2.5 9.5 1 1.0 0.25 0.5 
93 3.5 9.5 1 1.0 0.25 0.5 
94 4.5 9.5 1 1.0 0.25 0.5 
95 5.5 9.5 0 1.0 0.5 0.25 
96 6.5 9.5 0 1.0 0.5 0.25 
97 7.5 9.5 0 1.0 0.5 0.25 
98 8.5 9.5 0 1.0 0.5 0.25 
99 9.5 9.5 0 1.0 0.5 0.25 
END