0 0 0 0 0.242696
0 0 0 1 5.86843
0 0 0 2 2.67258
0 0 1 0 0.149922
0 0 1 1 17.1166
0 0 1 2 6.49474
0 0 2 0 0.26251
0 0 2 1 5.64028
0 0 2 2 2.70704
0 0 3 0 0.150434
0 0 3 1 16.8361
0 0 3 2 6.75555
0 1 0 0 0.255437
0 1 0 1 5.7763
0 1 0 2 2.55076
0 1 1 0 0.150748
0 1 1 1 17.1262
0 1 1 2 6.3526
0 1 2 0 0.243103
0 1 2 1 5.6611
0 1 2 2 2.84188
0 1 3 0 0.151087
0 1 3 1 16.9117
0 1 3 2 6.58417
0 2 0 0 0.259342
0 2 0 1 5.73898
0 2 0 2 2.60648
0 2 1 0 0.149998
0 2 1 1 16.8611
0 2 1 2 6.78634
0 2 2 0 0.251866
0 2 2 1 5.74385
0 2 2 2 2.72044
0 2 3 0 0.149161
0 2 3 1 17.1147
0 2 3 2 6.59272
0 3 0 0 0.247241
0 3 0 1 5.73691
0 3 0 2 2.75399
0 3 1 0 0.150768
0 3 1 1 16.9478
0 3 1 2 6.58331
0 3 2 0 0.185475
0 3 2 1 5.76767
0 3 2 2 2.68806
0 3 3 0 0.149421
0 3 3 1 17.0325
0 3 3 2 6.65815
0 4 0 0 0.250401
0 4 0 1 5.61185
0 4 0 2 2.83914
0 4 1 0 0.139715
0 4 1 1 16.7012
0 4 1 2 6.99197
0 4 2 0 0.252257
0 4 2 1 5.68891
0 4 2 2 2.80999
0 4 3 0 0.141434
0 4 3 1 16.674
0 4 3 2 6.85036
0 5 0 0 0.238135
0 5 0 1 5.47483
0 5 0 2 2.91913
0 5 1 0 0.149147
0 5 1 1 17.0901
0 5 1 2 6.62451
0 5 2 0 0.252168
0 5 2 1 5.82077
0 5 2 2 2.65502
0 5 3 0 0.140752
0 5 3 1 16.7806
0 5 3 2 6.92828
0 6 0 0 0.243048
0 6 0 1 5.65572
0 6 0 2 2.84627
0 6 1 0 0.149924
0 6 1 1 17.0967
0 6 1 2 6.35972
0 6 2 0 0.252543
0 6 2 1 5.69766
0 6 2 2 2.75398
0 6 3 0 0.14035
0 6 3 1 16.579
0 6 3 2 7.03151
