29
0 48 0 5 0.1 -22.8985 -43.2496 0.2 1 0 1
0 58 2 5 0.1 -22.865 -43.2485 0.2 1 0 1
0 39 0 5 0.1 -22.931 -43.1786 0.2 1 0 1
0 56 1 5 0.1 -22.8664 -43.4098 0.2 1 0 1
0 57 1 5 0.1 -22.8657 -43.3522 0.2 1 0 1
1 29 0 5 0.1 -22.9649 -43.2223 0.2 1 0 1
1 45 2 5 0.1 -22.8937 -43.4814 0.2 1 0 1
1 43 0 5 0.1 -22.9019 -43.5937 0.2 1 0 1
1 57 0 5 0.1 -22.8657 -43.3522 0.2 1 0 1
1 48 2 5 0.1 -22.8985 -43.2496 0.2 1 0 1
1 18 2 5 0.1 -22.9993 -43.3471 0.2 1 0 1
2 48 0 5 0.1 -22.8985 -43.2496 0.2 1 0 1
2 18 0 5 0.1 -22.9993 -43.3471 0.2 1 0 1
2 26 0 5 0.1 -22.9669 -43.4133 0.2 1 0 1
2 57 0 5 0.1 -22.8657 -43.3522 0.2 1 0 1
2 49 0 5 0.1 -22.898 -43.2077 0.2 1 0 1
2 46 2 5 0.1 -22.8998 -43.3966 0.2 1 0 1
2 14 2 5 0.1 -22.9963 -43.6267 0.2 1 0 1
2 57 0 5 0.1 -22.8657 -43.3522 0.2 1 0 1
2 43 0 5 0.1 -22.9019 -43.5937 0.2 1 0 1
3 26 0 5 0.1 -22.9669 -43.4133 0.2 1 0 1
3 63 0 5 0.1 -22.8327 -43.4008 0.2 1 0 1
3 19 2 5 0.1 -22.9954 -43.2386 0.2 1 0 1
3 49 1 5 0.1 -22.898 -43.2077 0.2 1 0 1
3 48 2 5 0.1 -22.8985 -43.2496 0.2 1 0 1
3 20 0 5 0.1 -22.9861 -43.2118 0.2 1 0 1
3 25 2 5 0.1 -22.9815 -43.4617 0.2 1 0 1
3 70 2 5 0.1 -22.8078 -43.3613 0.2 1 0 1
3 65 2 5 0.1 -22.8317 -43.2859 0.2 1 0 1
34
0 23 2 5 0.1 -22.9691 -43.6086 0.2 1 0 1
0 43 0 5 0.1 -22.9019 -43.5937 0.2 1 0 1
0 37 1 5 0.1 -22.933 -43.3553 0.2 1 0 1
0 70 0 5 0.1 -22.8078 -43.3613 0.2 1 0 1
0 57 0 5 0.1 -22.8657 -43.3522 0.2 1 0 1
0 44 0 5 0.1 -22.9013 -43.5596 0.2 1 0 1
0 49 2 5 0.1 -22.898 -43.2077 0.2 1 0 1
0 14 1 5 0.1 -22.9963 -43.6267 0.2 1 0 1
0 23 2 5 0.1 -22.9691 -43.6086 0.2 1 0 1
0 54 0 5 0.1 -22.8678 -43.5577 0.2 1 0 1
1 64 1 5 0.1 -22.8322 -43.3205 0.2 1 0 1
1 39 0 5 0.1 -22.931 -43.1786 0.2 1 0 1
1 56 1 5 0.1 -22.8664 -43.4098 0.2 1 0 1
1 47 1 5 0.1 -22.8993 -43.3526 0.2 1 0 1
1 18 0 5 0.1 -22.9993 -43.3471 0.2 1 0 1
1 37 0 5 0.1 -22.933 -43.3553 0.2 1 0 1
1 48 0 5 0.1 -22.8985 -43.2496 0.2 1 0 1
1 49 0 5 0.1 -22.898 -43.2077 0.2 1 0 1
1 27 1 5 0.1 -22.9664 -43.3335 0.2 1 0 1
1 48 0 5 0.1 -22.8985 -43.2496 0.2 1 0 1
1 49 1 5 0.1 -22.898 -43.2077 0.2 1 0 1
1 27 1 5 0.1 -22.9664 -43.3335 0.2 1 0 1
2 70 1 5 0.1 -22.8078 -43.3613 0.2 1 0 1
2 55 2 5 0.1 -22.8672 -43.4668 0.2 1 0 1
2 39 1 5 0.1 -22.931 -43.1786 0.2 1 0 1
2 48 0 5 0.1 -22.8985 -43.2496 0.2 1 0 1
3 58 0 5 0.1 -22.865 -43.2485 0.2 1 0 1
3 65 0 5 0.1 -22.8317 -43.2859 0.2 1 0 1
3 48 2 5 0.1 -22.8985 -43.2496 0.2 1 0 1
3 22 0 5 0.1 -22.9696 -43.6972 0.2 1 0 1
3 48 0 5 0.1 -22.8985 -43.2496 0.2 1 0 1
3 18 2 5 0.1 -22.9993 -43.3471 0.2 1 0 1
3 34 0 5 0.1 -22.9252 -43.5201 0.2 1 0 1
3 24 2 5 0.1 -22.9586 -43.5748 0.2 1 0 1
44
0 58 1 5 0.1 -22.865 -43.2485 0.2 1 0 1
0 18 0 5 0.1 -22.9993 -43.3471 0.2 1 0 1
0 38 0 5 0.1 -22.9318 -43.2424 0.2 1 0 1
0 44 0 5 0.1 -22.9013 -43.5596 0.2 1 0 1
0 57 0 5 0.1 -22.8657 -43.3522 0.2 1 0 1
0 65 0 5 0.1 -22.8317 -43.2859 0.2 1 0 1
0 65 0 5 0.1 -22.8317 -43.2859 0.2 1 0 1
0 64 2 5 0.1 -22.8322 -43.3205 0.2 1 0 1
0 47 2 5 0.1 -22.8993 -43.3526 0.2 1 0 1
0 65 1 5 0.1 -22.8317 -43.2859 0.2 1 0 1
1 29 1 5 0.1 -22.9649 -43.2223 0.2 1 0 1
1 45 0 5 0.1 -22.8937 -43.4814 0.2 1 0 1
1 45 2 5 0.1 -22.8937 -43.4814 0.2 1 0 1
1 23 0 5 0.1 -22.9691 -43.6086 0.2 1 0 1
1 44 0 5 0.1 -22.9013 -43.5596 0.2 1 0 1
1 29 2 5 0.1 -22.9649 -43.2223 0.2 1 0 1
1 49 0 5 0.1 -22.898 -43.2077 0.2 1 0 1
1 55 2 5 0.1 -22.8672 -43.4668 0.2 1 0 1
2 48 2 5 0.1 -22.8985 -43.2496 0.2 1 0 1
2 65 0 5 0.1 -22.8317 -43.2859 0.2 1 0 1
2 43 0 5 0.1 -22.9019 -43.5937 0.2 1 0 1
2 29 0 5 0.1 -22.9649 -43.2223 0.2 1 0 1
2 58 0 5 0.1 -22.865 -43.2485 0.2 1 0 1
2 39 0 5 0.1 -22.931 -43.1786 0.2 1 0 1
2 39 2 5 0.1 -22.931 -43.1786 0.2 1 0 1
2 29 1 5 0.1 -22.9649 -43.2223 0.2 1 0 1
2 58 0 5 0.1 -22.865 -43.2485 0.2 1 0 1
2 49 0 5 0.1 -22.898 -43.2077 0.2 1 0 1
2 39 1 5 0.1 -22.931 -43.1786 0.2 1 0 1
2 39 2 5 0.1 -22.931 -43.1786 0.2 1 0 1
2 39 1 5 0.1 -22.931 -43.1786 0.2 1 0 1
3 29 2 5 0.1 -22.9649 -43.2223 0.2 1 0 1
3 47 0 5 0.1 -22.8993 -43.3526 0.2 1 0 1
3 48 1 5 0.1 -22.8985 -43.2496 0.2 1 0 1
3 15 0 5 0.1 -23.0125 -43.5634 0.2 1 0 1
3 46 0 5 0.1 -22.8998 -43.3966 0.2 1 0 1
3 46 0 5 0.1 -22.8998 -43.3966 0.2 1 0 1
3 16 0 5 0.1 -23.0099 -43.4572 0.2 1 0 1
3 66 2 5 0.1 -22.8227 -43.17 0.2 1 0 1
3 54 2 5 0.1 -22.8678 -43.5577 0.2 1 0 1
3 23 0 5 0.1 -22.9691 -43.6086 0.2 1 0 1
3 63 1 5 0.1 -22.8327 -43.4008 0.2 1 0 1
3 65 0 5 0.1 -22.8317 -43.2859 0.2 1 0 1
3 27 0 5 0.1 -22.9664 -43.3335 0.2 1 0 1
26
0 57 0 5 0.1 -22.8657 -43.3522 0.2 1 0 1
0 48 2 5 0.1 -22.8985 -43.2496 0.2 1 0 1
0 38 0 5 0.1 -22.9318 -43.2424 0.2 1 0 1
0 65 0 5 0.1 -22.8317 -43.2859 0.2 1 0 1
0 56 1 5 0.1 -22.8664 -43.4098 0.2 1 0 1
0 58 2 5 0.1 -22.865 -43.2485 0.2 1 0 1
0 64 0 5 0.1 -22.8322 -43.3205 0.2 1 0 1
0 49 1 5 0.1 -22.898 -43.2077 0.2 1 0 1
1 29 0 5 0.1 -22.9649 -43.2223 0.2 1 0 1
1 16 2 5 0.1 -23.0099 -43.4572 0.2 1 0 1
1 72 2 5 0.1 -22.7972 -43.1925 0.2 1 0 1
1 58 2 5 0.1 -22.865 -43.2485 0.2 1 0 1
2 29 2 5 0.1 -22.9649 -43.2223 0.2 1 0 1
2 36 2 5 0.1 -22.9333 -43.3836 0.2 1 0 1
2 29 2 5 0.1 -22.9649 -43.2223 0.2 1 0 1
2 48 2 5 0.1 -22.8985 -43.2496 0.2 1 0 1
2 26 2 5 0.1 -22.9669 -43.4133 0.2 1 0 1
2 55 1 5 0.1 -22.8672 -43.4668 0.2 1 0 1
2 55 2 5 0.1 -22.8672 -43.4668 0.2 1 0 1
2 72 0 5 0.1 -22.7972 -43.1925 0.2 1 0 1
3 58 0 5 0.1 -22.865 -43.2485 0.2 1 0 1
3 37 0 5 0.1 -22.933 -43.3553 0.2 1 0 1
3 44 2 5 0.1 -22.9013 -43.5596 0.2 1 0 1
3 48 0 5 0.1 -22.8985 -43.2496 0.2 1 0 1
3 47 2 5 0.1 -22.8993 -43.3526 0.2 1 0 1
3 39 0 5 0.1 -22.931 -43.1786 0.2 1 0 1
29
0 45 0 5 0.1 -22.8937 -43.4814 0.2 1 0 1
0 48 2 5 0.1 -22.8985 -43.2496 0.2 1 0 1
0 29 0 5 0.1 -22.9649 -43.2223 0.2 1 0 1
0 63 2 5 0.1 -22.8327 -43.4008 0.2 1 0 1
0 42 1 5 0.1 -22.9052 -43.7189 0.2 1 0 1
0 37 0 5 0.1 -22.933 -43.3553 0.2 1 0 1
0 47 1 5 0.1 -22.8993 -43.3526 0.2 1 0 1
0 29 0 5 0.1 -22.9649 -43.2223 0.2 1 0 1
1 29 2 5 0.1 -22.9649 -43.2223 0.2 1 0 1
1 45 0 5 0.1 -22.8937 -43.4814 0.2 1 0 1
1 65 2 5 0.1 -22.8317 -43.2859 0.2 1 0 1
1 48 0 5 0.1 -22.8985 -43.2496 0.2 1 0 1
1 18 2 5 0.1 -22.9993 -43.3471 0.2 1 0 1
1 57 2 5 0.1 -22.8657 -43.3522 0.2 1 0 1
1 64 0 5 0.1 -22.8322 -43.3205 0.2 1 0 1
1 49 2 5 0.1 -22.898 -43.2077 0.2 1 0 1
1 44 2 5 0.1 -22.9013 -43.5596 0.2 1 0 1
1 45 0 5 0.1 -22.8937 -43.4814 0.2 1 0 1
1 55 2 5 0.1 -22.8672 -43.4668 0.2 1 0 1
1 37 2 5 0.1 -22.933 -43.3553 0.2 1 0 1
2 47 0 5 0.1 -22.8993 -43.3526 0.2 1 0 1
2 55 0 5 0.1 -22.8672 -43.4668 0.2 1 0 1
3 47 0 5 0.1 -22.8993 -43.3526 0.2 1 0 1
3 18 0 5 0.1 -22.9993 -43.3471 0.2 1 0 1
3 39 0 5 0.1 -22.931 -43.1786 0.2 1 0 1
3 43 0 5 0.1 -22.9019 -43.5937 0.2 1 0 1
3 47 2 5 0.1 -22.8993 -43.3526 0.2 1 0 1
3 55 1 5 0.1 -22.8672 -43.4668 0.2 1 0 1
3 58 2 5 0.1 -22.865 -43.2485 0.2 1 0 1
26
0 27 2 5 0.1 -22.9664 -43.3335 0.2 1 0 1
0 55 0 5 0.1 -22.8672 -43.4668 0.2 1 0 1
0 54 0 5 0.1 -22.8678 -43.5577 0.2 1 0 1
0 57 2 5 0.1 -22.8657 -43.3522 0.2 1 0 1
0 14 2 5 0.1 -22.9963 -43.6267 0.2 1 0 1
1 36 0 5 0.1 -22.9333 -43.3836 0.2 1 0 1
1 64 0 5 0.1 -22.8322 -43.3205 0.2 1 0 1
1 37 0 5 0.1 -22.933 -43.3553 0.2 1 0 1
1 18 0 5 0.1 -22.9993 -43.3471 0.2 1 0 1
1 55 2 5 0.1 -22.8672 -43.4668 0.2 1 0 1
2 44 1 5 0.1 -22.9013 -43.5596 0.2 1 0 1
2 54 1 5 0.1 -22.8678 -43.5577 0.2 1 0 1
2 38 1 5 0.1 -22.9318 -43.2424 0.2 1 0 1
2 56 0 5 0.1 -22.8664 -43.4098 0.2 1 0 1
2 58 0 5 0.1 -22.865 -43.2485 0.2 1 0 1
2 49 2 5 0.1 -22.898 -43.2077 0.2 1 0 1
2 29 1 5 0.1 -22.9649 -43.2223 0.2 1 0 1
2 72 1 5 0.1 -22.7972 -43.1925 0.2 1 0 1
2 37 0 5 0.1 -22.933 -43.3553 0.2 1 0 1
2 57 0 5 0.1 -22.8657 -43.3522 0.2 1 0 1
2 57 1 5 0.1 -22.8657 -43.3522 0.2 1 0 1
3 8 1 5 0.1 -23.0265 -43.4637 0.2 1 0 1
3 58 0 5 0.1 -22.865 -43.2485 0.2 1 0 1
3 54 2 5 0.1 -22.8678 -43.5577 0.2 1 0 1
3 57 0 5 0.1 -22.8657 -43.3522 0.2 1 0 1
3 49 0 5 0.1 -22.898 -43.2077 0.2 1 0 1
38
0 27 2 5 0.1 -22.9664 -43.3335 0.2 1 0 1
0 64 1 5 0.1 -22.8322 -43.3205 0.2 1 0 1
0 39 0 5 0.1 -22.931 -43.1786 0.2 1 0 1
0 58 1 5 0.1 -22.865 -43.2485 0.2 1 0 1
0 49 0 5 0.1 -22.898 -43.2077 0.2 1 0 1
0 49 0 5 0.1 -22.898 -43.2077 0.2 1 0 1
0 58 2 5 0.1 -22.865 -43.2485 0.2 1 0 1
0 20 1 5 0.1 -22.9861 -43.2118 0.2 1 0 1
0 47 2 5 0.1 -22.8993 -43.3526 0.2 1 0 1
0 38 0 5 0.1 -22.9318 -43.2424 0.2 1 0 1
1 57 0 5 0.1 -22.8657 -43.3522 0.2 1 0 1
1 37 2 5 0.1 -22.933 -43.3553 0.2 1 0 1
1 55 1 5 0.1 -22.8672 -43.4668 0.2 1 0 1
1 48 0 5 0.1 -22.8985 -43.2496 0.2 1 0 1
1 64 2 5 0.1 -22.8322 -43.3205 0.2 1 0 1
1 49 0 5 0.1 -22.898 -43.2077 0.2 1 0 1
1 37 2 5 0.1 -22.933 -43.3553 0.2 1 0 1
2 39 0 5 0.1 -22.931 -43.1786 0.2 1 0 1
2 29 2 5 0.1 -22.9649 -43.2223 0.2 1 0 1
2 64 2 5 0.1 -22.8322 -43.3205 0.2 1 0 1
2 57 1 5 0.1 -22.8657 -43.3522 0.2 1 0 1
2 49 0 5 0.1 -22.898 -43.2077 0.2 1 0 1
2 65 0 5 0.1 -22.8317 -43.2859 0.2 1 0 1
3 49 2 5 0.1 -22.898 -43.2077 0.2 1 0 1
3 58 0 5 0.1 -22.865 -43.2485 0.2 1 0 1
3 29 0 5 0.1 -22.9649 -43.2223 0.2 1 0 1
3 57 0 5 0.1 -22.8657 -43.3522 0.2 1 0 1
3 56 2 5 0.1 -22.8664 -43.4098 0.2 1 0 1
3 29 0 5 0.1 -22.9649 -43.2223 0.2 1 0 1
3 49 0 5 0.1 -22.898 -43.2077 0.2 1 0 1
3 64 2 5 0.1 -22.8322 -43.3205 0.2 1 0 1
3 48 0 5 0.1 -22.8985 -43.2496 0.2 1 0 1
3 47 0 5 0.1 -22.8993 -43.3526 0.2 1 0 1
3 65 0 5 0.1 -22.8317 -43.2859 0.2 1 0 1
3 65 0 5 0.1 -22.8317 -43.2859 0.2 1 0 1
3 58 2 5 0.1 -22.865 -43.2485 0.2 1 0 1
3 38 0 5 0.1 -22.9318 -43.2424 0.2 1 0 1
3 17 1 5 0.1 -23.0005 -43.3965 0.2 1 0 1
24
0 47 1 5 0.1 -22.8993 -43.3526 0.2 1 0 1
0 22 0 5 0.1 -22.9696 -43.6972 0.2 1 0 1
0 32 2 5 0.1 -22.9359 -43.6829 0.2 1 0 1
0 57 2 5 0.1 -22.8657 -43.3522 0.2 1 0 1
0 65 0 5 0.1 -22.8317 -43.2859 0.2 1 0 1
0 47 0 5 0.1 -22.8993 -43.3526 0.2 1 0 1
0 62 0 5 0.1 -22.8477 -43.4719 0.2 1 0 1
0 48 2 5 0.1 -22.8985 -43.2496 0.2 1 0 1
1 44 1 5 0.1 -22.9013 -43.5596 0.2 1 0 1
1 49 2 5 0.1 -22.898 -43.2077 0.2 1 0 1
1 43 0 5 0.1 -22.9019 -43.5937 0.2 1 0 1
1 47 2 5 0.1 -22.8993 -43.3526 0.2 1 0 1
2 49 2 5 0.1 -22.898 -43.2077 0.2 1 0 1
2 42 2 5 0.1 -22.9052 -43.7189 0.2 1 0 1
2 37 0 5 0.1 -22.933 -43.3553 0.2 1 0 1
2 72 0 5 0.1 -22.7972 -43.1925 0.2 1 0 1
2 65 2 5 0.1 -22.8317 -43.2859 0.2 1 0 1
3 49 0 5 0.1 -22.898 -43.2077 0.2 1 0 1
3 38 0 5 0.1 -22.9318 -43.2424 0.2 1 0 1
3 39 2 5 0.1 -22.931 -43.1786 0.2 1 0 1
3 55 0 5 0.1 -22.8672 -43.4668 0.2 1 0 1
3 57 2 5 0.1 -22.8657 -43.3522 0.2 1 0 1
3 48 0 5 0.1 -22.8985 -43.2496 0.2 1 0 1
3 57 0 5 0.1 -22.8657 -43.3522 0.2 1 0 1
