0 -23.05073451841709 -43.65997135137739 0 0.322791440138171 0.0 0.0 0.0 0.0 1 0.026732310897372515 6 0.01039254262267015 7 0.061888598841570976
1 -23.049570776905483 -43.63326438315545 0 1.698459253952166 0.021288262821701 0.0 0.0 0.0 2 0.05587262928397463 0 0.026732310897372515 7 0.03516524180860672 8 0.11226784584183423 6 0.027248278788442656
2 -23.054898438241267 -43.577646339969846 0 7.452144229991899 0.183144846959127 0.0 2261.3648310668887 0.0 3 0.06782818411716626 1 0.05587262928397463 8 0.06112096721830614 9 0.12039420017065242 7 0.022084238991503545
3 -23.06336602848866 -43.5103487733271 0 0.162559255646899 0.0 0.0 0.0 0.0 2 0.06782818411716626 9 0.06232929949782175 10 0.08527120926991223 8 0.038681289597150295
4 -23.081736611093007 -43.2082506163772 0 0.410491353416789 0.0 0.0 0.0 0.0 5 0.06750591644561986 13 0.05573460159349812 12 0.11733808303594573
5 -23.06215632467017 -43.14364673771065 0 0.20802714228804 0.007516340981292 0.0 0.0 0.0 4 0.06750591644561986 13 0.06808232003924065
6 -23.040395161120777 -43.65892128811112 0 0.80682502285713 0.0 0.0 0.0 0.0 7 0.061056073781399045 14 0.062206423841104225 0 0.01039254262267015 15 0.05637003434704441 1 0.027248278788442656
7 -23.046834668695027 -43.59820574736741 0 16.555983650939567 0.054894326749477 0.0 0.0 0.0 8 0.07750281073007716 6 0.061056073781399045 15 0.07850470000583103 1 0.03516524180860672 16 0.04890204409452815 2 0.022084238991503545 14 0.11014506504821149 0 0.061888598841570976
8 -23.026919246467237 -43.52330540271833 0 24.82819644906808 0.189914334720396 0.0 13578.45061572898 387.7563502113032 9 0.06239979669423801 7 0.07750281073007716 16 0.04259538659750126 2 0.06112096721830614 17 0.0692849602040052 3 0.038681289597150295 15 0.13047268704159043 1 0.11226784584183423
9 -23.025390149851695 -43.46092434396631 0 7.474183667465206 0.65962950277621 0.0 283875.84520314087 11676.050286774833 10 0.023587258598969492 8 0.06239979669423801 17 0.017136822148245016 3 0.06232929949782175 18 0.07466776270950559 16 0.10326896171842177 2 0.12039420017065242
10 -23.016637665645664 -43.43902108419892 0 1.447326230723383 0.052229437854862 0.0 8.848553418854621 0.0 11 0.13156945440248394 9 0.023587258598969492 18 0.05108406927890652 19 0.09367176213885318 17 0.019056024480727733 3 0.08527120926991223
11 -23.015630403538513 -43.307455485523526 0 0.045806457716098 0.0 0.0 0.5429246882829203 0.0 12 0.0022304647745089597 10 0.13156945440248394 19 0.043085466523609214 20 0.06047157354176159 18 0.08543833075391442
12 -23.015675251971775 -43.30522547168313 0 0.159527432428653 0.003924847334886 0.0 18.710021124124975 0.0 13 0.10419417810224436 11 0.0022304647745089597 20 0.0584338060830171 21 0.09717901692501404 4 0.11733808303594573 19 0.045161690468713725
13 -23.026402043349364 -43.201584926059596 0 0.283550884713763 0.0 0.0 0.0 0.0 12 0.10419417810224436 21 0.041595486068712946 4 0.05573460159349812 5 0.06808232003924065 20 0.0603349225931652
14 -22.98684975528286 -43.690584021422566 3 0.552765555524897 0.049856195730135 0.0 18783.45584439626 20.292500418841318 15 0.04364662358879869 23 0.02638625307858627 6 0.062206423841104225 24 0.08743107944802307 7 0.11014506504821149 22 0.05227980689726218
15 -22.985307781082362 -43.646964644234586 0 16.314842358570544 0.440929135220803 0.0 249961.57579641818 21213.53639366893 16 0.08789094547527483 14 0.04364662358879869 24 0.045783316957917194 7 0.07850470000583103 25 0.06967523185704032 8 0.13047268704159043 23 0.06184417487870558 6 0.05637003434704441
16 -23.0124986779609 -43.56338549956632 0 21.802257149211908 0.769154109730774 0.240437556806771 149303.70257054063 8862.89942041429 17 0.10703121728601055 15 0.08789094547527483 25 0.05921687733884488 8 0.04259538659750126 26 0.07868832608344088 9 0.10326896171842177 24 0.06374718750967527 7 0.04890204409452815
17 -23.008856916130867 -43.45641625611523 0 18.59541472330835 1.080923135074461 0.009076625590696 300881.5398833866 23529.15395102802 18 0.0660088021500422 16 0.10703121728601055 26 0.049057888420901946 9 0.017136822148245016 27 0.07711377685102985 10 0.019056024480727733 25 0.1372548191415689 8 0.0692849602040052
18 -22.998683272817694 -43.3911961752887 0 13.283492704026544 3.439805030733091 0.068358334151232 655138.1305805594 8139.090677157135 19 0.04411574547127899 17 0.0660088021500422 27 0.033737719946739 10 0.05108406927890652 28 0.06554337228567637 11 0.08543833075391442 26 0.10453395773050395 9 0.07466776270950559
19 -22.998712352358673 -43.34708043940152 0 10.446154278552958 4.571033482283172 0.0 733978.1778807985 30888.95275243188 20 0.09572790381858615 18 0.04411574547127899 28 0.035823335790664046 11 0.043085466523609214 29 0.11273901488144161 12 0.045161690468713725 27 0.05696415591717312 10 0.09367176213885318
20 -22.992580704238474 -43.251549112284025 0 12.496940296274543 0.905947807334514 0.0 723756.7269510931 251860.0833584393 21 0.039458113673643366 19 0.09572790381858615 29 0.028408443883576058 12 0.0584338060830171 30 0.0401451893161612 13 0.0603349225931652 28 0.08786429495006957 11 0.06047157354176159
21 -22.986290337721787 -43.212595626897375 3 0.613707929611666 0.326665710413823 0.0 301198.71965119784 7594.328606881581 20 0.039458113673643366 30 0.023427428353849675 13 0.041595486068712946 31 0.053397793228699475 29 0.0324722303093371 12 0.09717901692501404
22 -22.950174565443916 -43.727841351701215 0 1.35364618289712 0.00728278734257 0.0 0.0 0.0 23 0.02691399748361284 32 0.03958147564409389 33 0.050971377850557054 14 0.05227980689726218
23 -22.965002508149084 -43.705380377196974 0 13.82841849662678 0.493334809749229 0.0 636020.2721329863 23797.413657029614 24 0.09945809073852349 22 0.02691399748361284 33 0.04188931639281892 14 0.02638625307858627 34 0.07850249228718945 15 0.06184417487870558 32 0.06623726891886896
24 -22.965018939536847 -43.60592228781576 0 16.649190448195878 0.812999164269604 0.099669946628539 713766.4534339078 45263.739942503285 25 0.023983493762323022 23 0.09945809073852349 34 0.04749980997808456 15 0.045783316957917194 35 0.05585110002429276 16 0.06374718750967527 33 0.08183188576954074 14 0.08743107944802307
25 -22.956767681882116 -43.58340285797922 0 23.43024764823212 0.161423034667128 0.311779919199775 57730.93308090401 20550.99819468885 26 0.0921903674848852 24 0.023983493762323022 35 0.03365294416002192 16 0.05921687733884488 36 0.07763326473666812 17 0.1372548191415689 34 0.05983152425541628 15 0.06967523185704032
26 -22.976589268407665 -43.49336859469791 0 24.161685371956082 0.311191439289604 0.0 22095.347469707398 1117.1872684654536 27 0.10104332918121729 25 0.0921903674848852 36 0.058557215023564424 17 0.049057888420901946 37 0.1168021195632357 18 0.10453395773050395 35 0.08170738546251542 16 0.07868832608344088
27 -22.96499342687193 -43.392992846476034 0 17.631725395640665 3.144095468956857 0.361918524070924 1273476.2739208953 164803.5096711415 28 0.05802128474841342 26 0.10104332918121729 37 0.034458235367061295 18 0.033737719946739 38 0.03972237771303181 19 0.05696415591717312 36 0.12855597354537818 17 0.07711377685102985
28 -22.964997571145776 -43.334971561875626 0 16.578346265338208 1.695312498772676 0.798335547605185 1909071.7084654283 417554.1858265972 29 0.09615292602558234 27 0.05802128474841342 38 0.0500129462361513 19 0.035823335790664046 39 0.09867875350277501 20 0.08786429495006957 37 0.060889489955059925 18 0.06554337228567637
29 -22.967172041340653 -43.23884322649707 0 24.810570236301434 0.143491302150894 0.028434079030529 17509.030436030735 4052.4134835363507 30 0.016609414486191857 28 0.09615292602558234 39 0.036015935819738595 20 0.028408443883576058 40 0.07019804618729364 21 0.0324722303093371 38 0.1378409351464832 19 0.11273901488144161
30 -22.965002180990652 -43.22237615767364 0 11.997834994309963 2.612490311161375 0.0 6349868.059466784 342726.1498609549 31 0.05752017218881237 29 0.016609414486191857 40 0.05532116554926638 21 0.023427428353849675 41 0.0767239348266621 39 0.03909733146320976 20 0.0401451893161612
31 -22.962236236175094 -43.164922526300955 0 1.339644445976521 0.121377914751139 0.0 390.8871265732314 10.742298339546055 30 0.05752017218881237 41 0.046439749980644075 40 0.03376498495717821 21 0.053397793228699475
32 -22.92281742535846 -43.75644694731656 0 15.707804519281831 0.18153049401231 3.638949197282154 0.0 0.0 33 0.07643120305059414 42 0.034236934973463425 22 0.03958147564409389 43 0.041396571838068184 23 0.06623726891886896
33 -22.931310676736217 -43.68048910716299 0 11.667170615035747 2.636885875315133 0.064478234756002 920434.8784152581 57454.79967920903 34 0.044586742942069865 32 0.07643120305059414 43 0.04651353456202144 23 0.04188931639281892 44 0.10039767667999032 24 0.08183188576954074 42 0.07744208027949466 22 0.050971377850557054
34 -22.928260884751097 -43.63600679140684 0 14.928415084923461 1.147599315549483 0.133831268745932 854986.8438354459 169169.00907664397 35 0.07468294002798734 33 0.044586742942069865 44 0.06062389389617464 24 0.04749980997808456 45 0.07329429698481398 25 0.05983152425541628 43 0.08612195331033537 23 0.07850249228718945
35 -22.931315873899784 -43.5613863614126 0 14.562548959453311 0.880569729159238 0.403030362138196 747310.1339455137 37288.836875604495 36 0.0482488161956808 34 0.07468294002798734 45 0.03464423950666824 25 0.03365294416002192 46 0.08934770476387961 26 0.08170738546251542 44 0.0496934788316043 24 0.05585110002429276
36 -22.921817777592786 -43.5140816636456 0 26.15667146219336 0.000114618549051 0.0 1909.7388850654706 14.096770320254992 37 0.12873521602569887 35 0.0482488161956808 46 0.044333843648541135 26 0.058557215023564424 47 0.076706981187914 27 0.12855597354537818 45 0.06040393115044266 25 0.07763326473666812
37 -22.931316347755278 -43.38569734602833 0 17.20571859238627 0.7577441003781 0.594698626807973 1916489.5765729349 253321.5288736693 38 0.013759887467546267 36 0.12873521602569887 47 0.06500350474590667 27 0.034458235367061295 48 0.04864684646982856 28 0.060889489955059925 46 0.10299558783848896 26 0.1168021195632357
38 -22.9313105234516 -43.37193745979344 3 11.43021529581759 0.987685260410367 0.482213894873663 2116109.941565282 115678.16359153627 39 0.12971804372152906 37 0.013759887467546267 48 0.03987379243427512 28 0.0500129462361513 49 0.12631113392879786 29 0.1378409351464832 47 0.07709910791382797 27 0.03972237771303181
39 -22.931314699324375 -43.24221941613913 0 17.00885595961297 0.828682916872626 0.0 2196693.5770207425 634305.1405446043 40 0.063727255904953 38 0.12971804372152906 49 0.03461735790127204 29 0.036015935819738595 50 0.05901879064173141 30 0.03909733146320976 48 0.11350947337510002 28 0.09867875350277501
40 -22.93131796905353 -43.17849216031806 3 9.155085977180715 2.134461688433126 0.0 6148852.9723578105 863000.8165683032 41 0.0215704589689357 39 0.063727255904953 50 0.0369848362133647 30 0.05532116554926638 51 0.0262516231665708 31 0.03376498495717821 49 0.07922660987632485 29 0.07019804618729364
41 -22.915818574338466 -43.163490378304004 0 0.303094426449388 0.241292180400333 0.0 655.879233329796 0.0 40 0.0215704589689357 51 0.006435279919755122 31 0.046439749980644075 50 0.035311390663603136 30 0.0767239348266621
42 -22.890179671168042 -43.74610553939583 0 11.755083902496118 0.192989643674014 6.43847730066828 11359.876551538158 1521.25643082606 43 0.03100398850251035 52 0.011863797597124458 32 0.034236934973463425 53 0.08309883311499906 33 0.07744208027949466
43 -22.90520327908153 -43.71898472620143 0 17.27478315380924 1.258052989887901 0.960920708905876 314472.60164501495 50648.23995365694 44 0.13088391262998925 42 0.03100398850251035 53 0.064151631350089 33 0.04651353456202144 54 0.0945319965290588 34 0.08612195331033537 52 0.03398031930653342 32 0.041396571838068184
44 -22.889992639634897 -43.58898766841565 0 11.546425725218166 0.955870577352356 0.655320228562799 1633927.8265116215 310364.5196708627 45 0.020995300297774216 43 0.13088391262998925 54 0.04450516487845717 34 0.06062389389617464 55 0.06435962430516948 35 0.0496934788316043 53 0.07924572921450516 33 0.10039767667999032
45 -22.89761734780099 -43.569425806030495 3 7.289934650044914 2.021507685818969 0.201012644810189 2098917.39672973 90258.40814138156 46 0.08857363631973338 44 0.020995300297774216 55 0.048678918612848614 35 0.03464423950666824 56 0.11806764955930066 36 0.06040393115044266 54 0.06549745641318203 34 0.07329429698481398
46 -22.89228941793384 -43.48101255920497 0 17.35363582301001 0.551315267547541 0.006789528322921 1724654.6803870273 182976.2220554903 47 0.04008031148253485 45 0.08857363631973338 56 0.03763438377262762 36 0.044333843648541135 57 0.0813547233669034 37 0.10299558783848896 55 0.048727452683433675 35 0.08934770476387961
47 -22.897626540455843 -43.44128918457841 0 14.663023534556563 1.723698297531234 0.009756125234612 2506214.3583275266 163670.43437446107 48 0.09067709697619836 46 0.04008031148253485 57 0.04968834116677511 37 0.06500350474590667 58 0.08838506403237635 38 0.07709910791382797 56 0.036867572815438766 36 0.076706981187914
48 -22.897618568344427 -43.350612087952655 3 11.049548667426711 1.237293154353831 0.015570147879486 2916595.7308604596 581954.8423789341 49 0.10041248558287777 47 0.09067709697619836 58 0.03483761829059788 38 0.03987379243427512 59 0.08131070487406597 39 0.11350947337510002 57 0.06375519271419897 37 0.04864684646982856
49 -22.897629716232316 -43.2501996029886 3 2.449245991565679 2.738282626837421 1.480466322031413 15967198.04419157 1716715.8176561962 50 0.056442362746666995 48 0.10041248558287777 59 0.04280139497762167 39 0.03461735790127204 60 0.04868018967927561 40 0.07922660987632485 58 0.11443825428102215 38 0.12631113392879786
50 -22.89763035345763 -43.19375724024553 1 0.652783407732903 9.903380181123625 0.812605458091406 1298421.2732351618 144967.29854984462 51 0.03197065246027282 49 0.056442362746666995 60 0.030443484725290272 40 0.0369848362133647 41 0.035311390663603136 59 0.08943306759747154 39 0.05901879064173141
51 -22.90940632815626 -43.16403436961309 1 0.0 0.579009907112396 0.0 0.0 0.0 50 0.03197065246027282 41 0.006435279919755122 60 0.05903085126559313 40 0.0262516231665708
52 -22.879416854924273 -43.741114399252695 0 0.798971717222851 0.0 0.105883970900285 178.17617787419346 0.0 53 0.07616179675532372 42 0.011863797597124458 43 0.03398031930653342
53 -22.869658984534993 -43.66558027947583 0 10.230099735046307 0.191948535391126 0.06993284917272 4021.63417711905 236.4283948789072 54 0.03562199703314992 52 0.07616179675532372 43 0.064151631350089 61 0.08452040998812214 44 0.07924572921450516 42 0.08309883311499906
54 -22.872981836530144 -43.63011360036363 0 12.046196439678054 1.073792507017574 1.798580297995648 82880.42425147025 9385.374199730608 55 0.10366345866445796 53 0.03562199703314992 61 0.05520821621255354 44 0.04450516487845717 62 0.10898267125264097 45 0.06549745641318203 43 0.0945319965290588
55 -22.874726494924875 -43.5264648240594 0 13.041612658832396 1.450374655307249 1.721565224942884 876997.0225938825 27230.68186374171 56 0.07102519156731928 54 0.10366345866445796 62 0.028856436541489765 45 0.048678918612848614 63 0.06179042911276654 46 0.048727452683433675 61 0.07058968834184459 44 0.06435962430516948
56 -22.863937144496973 -43.45626391413283 3 6.915878309268799 2.242925543569519 0.324755373502562 7681709.116392451 1727178.5791701896 57 0.051511000727101616 55 0.07102519156731928 63 0.023875061707988917 46 0.03763438377262762 64 0.058203742509046266 47 0.036867572815438766 62 0.07061028679561322 45 0.11806764955930066
57 -22.863951144753216 -43.40475291530831 0 9.558267500637928 8.426957213074317 0.07095175406097 1984075.1064784126 261914.41231113288 58 0.04518259612633234 56 0.051511000727101616 64 0.03394547135730064 47 0.04968834116677511 65 0.09119419625309387 48 0.06375519271419897 63 0.06948841537275953 46 0.0813547233669034
58 -22.86395241707817 -43.35957031919989 3 2.337819615716411 2.328220804690322 0.298077948700875 14801867.19823909 1405957.9615094466 59 0.08296740217647589 57 0.04518259612633234 65 0.051965968808388996 48 0.03483761829059788 66 0.08036231296524103 49 0.11443825428102215 64 0.05966295946628011 47 0.08838506403237635
59 -22.863942561572138 -43.27660291760877 3 3.630102597467661 3.088110493052159 1.50961454778676 10825940.872881511 3558736.793091629 60 0.06781770354466309 58 0.08296740217647589 66 0.03515865701747598 49 0.04280139497762167 67 0.06139246121018778 50 0.08943306759747154 65 0.05495064648958332 48 0.08131070487406597
60 -22.871391761742103 -43.20919557134073 1 1.337961765409885 2.728928580552886 0.966633014005557 36647.11354964274 7733.421330952633 59 0.06781770354466309 67 0.053617002229348794 50 0.030443484725290272 68 0.07376891898162434 51 0.05903085126559313 66 0.08768123863481904 49 0.04868018967927561
61 -22.83846297488283 -43.58702769399106 0 0.301074058490685 0.0 0.0 0.0 0.0 62 0.0629321373402863 54 0.05520821621255354 55 0.07058968834184459 53 0.08452040998812214
62 -22.845934284199764 -43.52454062775086 0 13.366876072813199 0.054885536463022 0.0 5984.4445158507115 1355.123158619177 63 0.05270020175518132 61 0.0629321373402863 55 0.028856436541489765 56 0.07061028679561322 54 0.10898267125264097
63 -22.845843267045897 -43.47184050459242 0 10.391503595716422 0.947235025191752 0.0 31895.763632115897 1100.5099695512276 64 0.06493976249111567 62 0.05270020175518132 56 0.023875061707988917 69 0.09916643856221224 57 0.06948841537275953 55 0.06179042911276654
64 -22.830247929890444 -43.40880116599016 3 5.301612632942218 0.877567258122785 0.032163928179694 3179153.736965685 412865.657685001 65 0.0887874304637221 63 0.06493976249111567 69 0.03539901799462331 57 0.03394547135730064 70 0.05439255164306182 58 0.05966295946628011 56 0.058203742509046266
65 -22.830251695890063 -43.32001373560631 3 1.974061172976109 3.898477821285641 1.994428207329397 8878339.77898937 2006058.3140929136 66 0.03339312655060362 64 0.0887874304637221 70 0.04630783610342468 58 0.051965968808388996 71 0.07239882876522177 59 0.05495064648958332 69 0.0618077070378698 57 0.09119419625309387
66 -22.830241270962674 -43.286620610682974 3 1.367058511385465 7.191436866721367 1.394491576725214 5472884.654172061 559621.3634156559 67 0.055876469970565515 65 0.03339312655060362 71 0.04279005408948212 59 0.03515865701747598 72 0.10973506562022325 60 0.08768123863481904 70 0.07692625473182824 58 0.08036231296524103
67 -22.82253344407986 -43.23127831852665 3 2.127711497913578 1.505989174613446 0.252698772033986 141929.05986177365 18960.383425261272 68 0.06923078923894929 66 0.055876469970565515 72 0.05554094485013948 60 0.053617002229348794 73 0.07861810882073376 71 0.027507226034660607 59 0.06139246121018778
68 -22.81424626668968 -43.16254532157794 2 1.141931566e-06 0.0 0.096478744728304 0.0 0.0 67 0.06923078923894929 73 0.028554887827282896 72 0.02641678281675545 60 0.07376891898162434
69 -22.81135870870154 -43.37886309995609 3 0.0 0.002338336977126 0.042280020602865 730.8205230064685 139.84066794304493 70 0.019628751387205857 64 0.03539901799462331 65 0.0618077070378698 63 0.09916643856221224
70 -22.806592853780245 -43.35982171061892 3 0.614785083865553 1.647834202455875 0.676747682854881 884360.6890391168 139016.67363406235 71 0.10757991012489056 69 0.019628751387205857 65 0.04630783610342468 66 0.07692625473182824 64 0.05439255164306182
71 -22.80474264500087 -43.25225771204155 0 3.699543054425697 3.316938835410403 0.125067466157995 12783.980818253436 10969.572587035747 72 0.07055393790635825 70 0.10757991012489056 66 0.04279005408948212 74 0.09176379803149408 67 0.027507226034660607 65 0.07239882876522177
72 -22.796571855035644 -43.18217849725258 3 5.311145738274555 3.325990843197017 0.099305863242172 1395323.442403644 210952.8241363267 73 0.023077303332902577 71 0.07055393790635825 74 0.03193099692283931 67 0.05554094485013948 75 0.027965946358754875 68 0.02641678281675545 66 0.10973506562022325
73 -22.785700534904066 -43.16182226165472 0 0.68316343254431 0.397475746976698 0.051927711103355 2224.941839718608 0.0 72 0.023077303332902577 75 0.007407247378940922 68 0.028554887827282896 74 0.018974565742411853 67 0.07861810882073376
74 -22.767844018314 -43.16823934513414 0 0.071394075812777 0.029626551072556 0.0 0.0 0.0 75 0.012769254043324758 72 0.03193099692283931 73 0.018974565742411853 71 0.09176379803149408
75 -22.778342431155473 -43.16097042660158 0 0.754766467627359 0.237262845686067 0.0 8014.712088842226 427.2408532445725 74 0.012769254043324758 73 0.007407247378940922 72 0.027965946358754875
END