0 0 337.461 337.582
0 1 905.639 905.688
0 2 336.484 336.609
0 3 904.537 904.543
0 4 337.131 337.287
0 5 905.862 905.918
0 6 338.076 338.226
0 7 903.544 903.599
0 8 338.087 338.238
0 9 905.339 905.395
0 10 337.357 337.513
0 11 904.062 904.115
0 12 336.779 336.938
0 13 904.554 904.61
0 14 337.611 337.765
0 15 904.946 905.002
0 16 337.824 337.976
0 17 904.729 904.785
0 18 337.521 337.676
0 19 906.043 906.098
0 20 337.4 337.555
0 21 905.035 905.091
0 22 336.819 336.978
0 23 904.355 904.41
0 24 337.432 337.587
0 25 904.164 904.164
0 26 337.375 337.53
0 27 904.577 904.633
0 28 678.814 679.878
0 29 1683.42 1811.96
0 30 680.75 681.714
0 31 1675.83 1802.31
0 32 674.165 675.061
0 33 1676.85 1803.22
0 34 672.671 673.571
0 35 1686.54 1815.84
0 36 671.738 672.612
0 37 1677.63 1804.37
0 38 677.374 678.347
0 39 1676.32 1802.88
0 40 679.516 680.388
0 41 1673.37 1799.39
0 42 672.893 673.776
0 43 1683.24 1811.76
0 44 677.814 678.694
0 45 1679.77 1807.31
0 46 672.857 673.98
0 47 1682.87 1811.57
0 48 672.145 672.98
0 49 1680.04 1807.53
0 50 675.18 676.327
0 51 1682.72 1811.02
0 52 667.554 668.592
0 53 1692.5 1823.76
0 54 675.068 675.898
0 55 1681.72 1809.84
0 56 677.983 679.061
0 57 1672.67 1798.43
0 58 673.324 674.224
0 59 1689.59 1819.73
