0 0 5.64263 5.36538
0 1 5.23632 4.96154
0 2 5.73264 5.5
0 3 5.41552 5.17308
0 4 4.91815 4.63462
0 5 4.47316 4.19231
0 6 4.97561 4.71154
0 7 3.56331 3.28846
0 8 3.81696 3.53846
0 9 3.18584 2.92308
0 10 2.93323 2.65385
0 11 2.91253 2.63462
0 12 2.96285 2.69231
0 13 2.32268 2.01923
0 14 2.18827 1.86538
0 15 2.6044 2.32692
0 16 3.14496 2.86538
0 17 3.71983 3.38462
0 18 4.67691 4.36538
0 19 5.35012 5.07692
0 20 7.16123 6.82692
0 21 7.7195 7.44231
0 22 7.83113 7.57692
0 23 9.35988 9.07692
0 24 9.97336 9.69231
0 25 10.715 10.4038
0 26 11.144 10.7885
0 27 10.6298 10.3846
0 28 10.8621 10.5769
0 29 8.94785 8.65385
0 30 9.34831 9.05769
0 31 9.3714 9.09615
0 32 9.38653 9.07692
0 33 8.72206 8.48077
0 34 9.19125 8.86538
0 35 8.44562 8.15385
0 36 8.29458 8
0 37 7.15189 6.86538
0 38 7.21694 6.92308
0 39 6.8102 6.5
0 40 6.53659 6.25
0 41 6.76327 6.5
0 42 6.38236 6.13462
0 43 6.64514 6.34615
0 44 7.15379 6.90385
0 45 6.81997 6.57692
0 46 5.40085 5.15385
0 47 5.83172 5.57692
0 48 5.29829 5.03846
0 49 5.51246 5.26923
0 50 4.54189 4.28846
0 51 4.59744 4.32692
0 52 3.66314 3.38462
0 53 4.02721 3.71154
0 54 3.09319 2.86538
0 55 2.87957 2.61538
0 56 2.67057 2.38462
0 57 2.5009 2.15385
0 58 2.3757 2.09615
0 59 2.35082 2.05769
0 60 2.32286 2.01923
0 61 1.99386 1.63462
0 62 2.37356 2.09615
0 63 2.01415 1.69231
0 64 2.66264 2.36538
0 65 3.18694 2.90385
0 66 3.94147 3.69231
0 67 5.58136 5.32692
0 68 6.5218 6.32692
0 69 7.01176 6.75
0 70 7.67783 7.38462
0 71 10.367 10.0962
0 72 10.0505 9.73077
0 73 10.8688 10.6346
0 74 11.6069 11.2885
0 75 11.6477 11.3269
0 76 10.8625 10.5577
0 77 10.921 10.6346
0 78 10.1504 9.84615
0 79 10.4022 10.0769
0 80 9.18798 8.92308
0 81 9.35612 9.03846
0 82 8.27056 7.96154
0 83 8.10398 7.80769
0 84 7.32429 7.07692
0 85 7.96126 7.65385
0 86 8.04732 7.76923
0 87 7.56163 7.30769
0 88 7.55348 7.26923
0 89 7.64839 7.32692
0 90 7.35937 7.11538
0 91 7.2267 7
0 92 6.41425 6.09615
0 93 6.01066 5.75
0 94 5.51318 5.23077
0 95 5.32182 5.03846
0 96 4.61687 4.32692
0 97 4.79958 4.51923
0 98 3.90239 3.63462
0 99 4.12742 3.82692
0 100 3.65281 3.40385
0 101 3.01419 2.75
0 102 2.91371 2.63462
0 103 2.25498 1.96154
0 104 2.4241 2.11538
0 105 2.25758 2.01923
0 106 1.92208 1.59615
0 107 2.06788 1.75
0 108 2.1028 1.76923
0 109 1.91579 1.59615
0 110 1.78875 1.48077
0 111 2.03512 1.65385
0 112 2.56256 2.21154
0 113 3.0025 2.73077
0 114 4.06105 3.73077
0 115 5.02382 4.73077
0 116 5.75976 5.48077
0 117 6.79745 6.5
0 118 7.47602 7.17308
0 119 9.11297 8.82692
0 120 9.06415 8.78846
0 121 10.6108 10.3269
0 122 9.96681 9.67308
0 123 10.5993 10.3077
0 124 10.2152 9.94231
0 125 10.4134 10.0962
0 126 10.3546 10.0385
0 127 8.87119 8.61538
0 128 9.83146 9.53846
0 129 8.92756 8.59615
0 130 8.37115 8.09615
0 131 7.54603 7.25
0 132 7.30491 7
0 133 6.88616 6.61538
0 134 6.84232 6.53846
0 135 7.40384 7.11538
0 136 6.25091 5.94231
0 137 7.0476 6.76923
0 138 6.73508 6.5
0 139 6.18479 5.92308
0 140 6.26279 5.98077
0 141 5.89076 5.57692
0 142 5.66503 5.38462
0 143 4.92261 4.65385
0 144 4.89332 4.65385
0 145 4.60423 4.30769
0 146 4.25244 3.94231
0 147 4.26549 4
0 148 3.20169 2.94231
0 149 3.22803 2.94231
0 150 3.11863 2.80769
0 151 2.63885 2.34615
0 152 2.76031 2.51923
0 153 2.19672 1.98077
0 154 2.3423 2.05769
0 155 2.08142 1.80769
0 156 2.1133 1.76923
0 157 2.06538 1.76923
0 158 2.19432 1.82692
0 159 2.1455 1.86538
0 160 2.68534 2.36538
0 161 3.03891 2.69231
0 162 4.18266 3.90385
0 163 5.38714 5.09615
0 164 6.34219 6.05769
0 165 7.59627 7.32692
0 166 8.82573 8.59615
0 167 8.7393 8.5
0 168 10.2153 9.86538
0 169 11.1253 10.7885
0 170 11.7608 11.4423
0 171 10.7462 10.4038
0 172 11.1594 10.8654
0 173 11.4843 11.1346
0 174 10.4386 10.1154
0 175 10.4999 10.2115
0 176 9.7206 9.40385
0 177 9.31046 8.98077
0 178 7.96644 7.67308
0 179 7.65905 7.40385
0 180 8.82821 8.5
0 181 8.18186 7.84615
0 182 8.14623 7.86538
0 183 7.62106 7.36538
0 184 7.24657 6.98077
0 185 7.2586 7
0 186 7.41065 7.07692
0 187 6.5315 6.23077
0 188 6.70506 6.44231
0 189 6.59885 6.36538
0 190 5.82004 5.51923
0 191 5.75783 5.5
0 192 4.76349 4.49524
0 193 5.06869 4.81905
0 194 4.96097 4.68571
0 195 3.97121 3.71429
0 196 3.83202 3.50476
0 197 3.53979 3.27619
0 198 3.03318 2.7619
0 199 2.97993 2.72381
0 200 3.0992 2.81905
0 201 2.85527 2.57143
0 202 2.5906 2.28571
0 203 2.60138 2.30476
0 204 2.24353 1.94286
0 205 2.35603 2.0381
0 206 1.93899 1.6381
0 207 1.89284 1.54286
0 208 3.01406 2.66667
0 209 3.30928 3.04762
0 210 4.14164 3.86667
0 211 5.19862 4.95238
0 212 5.90163 5.6
0 213 7.25131 6.97143
0 214 8.33223 8.01905
0 215 8.65624 8.3619
0 216 8.93848 8.62857
0 217 9.58795 9.31429
0 218 8.89273 8.62857
0 219 10.5794 10.2857
0 220 9.73937 9.46667
0 221 9.45102 9.10476
0 222 9.55775 9.29524
0 223 9.43667 9.14286
0 224 8.71349 8.38095
0 225 8.69667 8.4
0 226 7.33009 7.00952
0 227 7.94836 7.65714
0 228 7.31644 7.04762
0 229 6.99236 6.72381
0 230 6.95125 6.70476
0 231 7.32657 7.06667
0 232 6.2199 5.9619
0 233 6.82898 6.60952
0 234 6.55214 6.24762
0 235 6.99521 6.7619
0 236 5.59055 5.31429
0 237 6.01719 5.75238
0 238 5.45016 5.18095
0 239 5.78302 5.58095
0 240 5.07059 4.8381
0 241 5.37142 5.10476
0 242 4.4789 4.26667
0 243 4.65133 4.38095
0 244 3.98818 3.71429
0 245 4.1204 3.88571
0 246 3.74171 3.48571
0 247 3.92061 3.67619
0 248 3.30452 3.02857
0 249 3.61037 3.33333
0 250 2.72547 2.41905
0 251 2.61364 2.32381
0 252 3.07399 2.8381
0 253 3.21333 2.87619
0 254 3.21969 2.91429
0 255 2.85722 2.57143
0 256 2.99521 2.68571
0 257 3.4862 3.2381
0 258 4.19346 3.90476
0 259 4.97574 4.70476
0 260 5.89358 5.6381
0 261 5.50709 5.2381
0 262 7.07871 6.81905
0 263 7.61293 7.37143
0 264 8.67945 8.4381
0 265 8.8009 8.53333
0 266 9.05408 8.8
0 267 9.36459 9.10476
0 268 9.74124 9.46667
0 269 8.75897 8.51429
0 270 9.09121 8.85714
0 271 9.01454 8.74286
0 272 8.99522 8.70476
0 273 7.94052 7.69524
0 274 7.28702 7.02857
0 275 6.3087 6.0381
0 276 7.06536 6.8
0 277 7.12159 6.87619
0 278 7.23703 6.99048
0 279 6.95084 6.66667
0 280 6.7894 6.51429
0 281 6.13692 5.90476
0 282 6.35685 6.17143
0 283 6.38293 6.07619
0 284 7.57477 7.31429
0 285 6.49295 6.24762
0 286 6.53414 6.30476
0 287 6.44793 6.22857
0 288 5.15539 4.91429
0 289 5.84949 5.6
0 290 5.14076 4.87619
0 291 5.16474 4.87619
0 292 4.53721 4.24762
0 293 4.91415 4.66667
0 294 4.21283 3.92381
0 295 4.55343 4.3619
0 296 3.87802 3.6381
0 297 3.55571 3.27619
0 298 3.6626 3.37143
0 299 3.87537 3.6381
0 300 3.35066 3.12381
0 301 3.36513 3.06667
0 302 3.36268 3.10476
0 303 3.48685 3.18095
0 304 3.43953 3.14286
0 305 3.99896 3.69524
0 306 4.43062 4.19048
0 307 4.97191 4.7619
0 308 5.92099 5.67619
0 309 5.73112 5.46667
0 310 6.40677 6.13333
0 311 7.44471 7.2
0 312 8.17346 7.92381
0 313 8.7887 8.53333
0 314 8.5453 8.30476
0 315 10.2463 10
0 316 9.23659 8.97143
0 317 9.62513 9.40952
0 318 8.5613 8.32381
0 319 8.78901 8.51429
0 320 8.51683 8.26667
0 321 8.0596 7.77143
0 322 6.82693 6.57143
0 323 7.03766 6.7619
0 324 7.0251 6.81905
0 325 7.09129 6.8381
0 326 6.68354 6.45714
0 327 6.73154 6.51429
0 328 6.54625 6.32381
0 329 6.50553 6.26667
0 330 6.17949 5.94286
0 331 7.41887 7.14286
0 332 6.65882 6.4
0 333 6.82731 6.57143
0 334 5.82936 5.6
0 335 5.90446 5.6381
1 0 2.01379 1.67308
1 1 1.48409 1.13462
1 2 1.69014 1.30769
1 3 1.63147 1.32692
1 4 1.61763 1.26923
1 5 1.52338 1.19231
1 6 1.67892 1.34615
1 7 1.24337 0.903846
1 8 1.32451 0.961538
1 9 1.38723 1.01923
1 10 1.1537 0.788462
1 11 1.16098 0.788462
1 12 1.17888 0.884615
1 13 0.928617 0.596154
1 14 1.0816 0.769231
1 15 1.03545 0.634615
1 16 1.38388 1.01923
1 17 1.39179 1.09615
1 18 1.99208 1.71154
1 19 2.21208 1.92308
1 20 3.09971 2.80769
1 21 3.46468 3.19231
1 22 4.22023 3.90385
1 23 5.10293 4.82692
1 24 4.84212 4.55769
1 25 5.14884 4.84615
1 26 5.43635 5.15385
1 27 5.90818 5.61538
1 28 5.3044 5
1 29 5.42207 5.15385
1 30 4.30964 4.05769
1 31 4.64953 4.36538
1 32 4.59256 4.28846
1 33 4.58498 4.34615
1 34 4.4025 4.13462
1 35 3.95477 3.73077
1 36 4.08466 3.80769
1 37 3.52999 3.21154
1 38 3.23302 2.98077
1 39 3.6162 3.44231
1 40 3.51002 3.19231
1 41 3.54563 3.30769
1 42 3.20044 2.92308
1 43 3.40676 3.07692
1 44 2.64914 2.28846
1 45 2.24595 1.90385
1 46 2.55975 2.32692
1 47 2.23038 1.92308
1 48 2.5075 2.19231
1 49 2.16702 1.90385
1 50 2.00278 1.71154
1 51 1.54934 1.28846
1 52 1.7423 1.42308
1 53 1.51784 1.17308
1 54 1.30592 0.923077
1 55 1.36011 1.03846
1 56 1.40641 1.09615
1 57 1.10081 0.730769
1 58 1.01575 0.673077
1 59 1.01856 0.634615
1 60 1.11915 0.807692
1 61 1.20226 0.846154
1 62 1.03362 0.692308
1 63 1.00979 0.653846
1 64 1.21123 0.807692
1 65 1.53585 1.23077
1 66 1.8601 1.55769
1 67 2.15479 1.82692
1 68 2.75319 2.46154
1 69 3.31952 3.13462
1 70 3.41077 3.09615
1 71 3.88738 3.59615
1 72 4.9031 4.63462
1 73 5.03673 4.76923
1 74 4.8967 4.57692
1 75 5.26207 4.98077
1 76 4.90179 4.63462
1 77 4.33249 4.07692
1 78 3.95856 3.69231
1 79 4.1856 3.90385
1 80 3.87938 3.61538
1 81 4.09303 3.78846
1 82 3.19115 2.86538
1 83 3.84216 3.53846
1 84 3.50082 3.19231
1 85 3.36122 3.07692
1 86 3.24926 2.98077
1 87 3.64057 3.30769
1 88 2.65008 2.36538
1 89 3.1268 2.84615
1 90 2.65073 2.36538
1 91 2.69787 2.36538
1 92 2.5241 2.19231
1 93 2.42204 2.13462
1 94 2.54941 2.21154
1 95 2.05303 1.69231
1 96 2.03038 1.73077
1 97 2.10826 1.78846
1 98 1.9501 1.63462
1 99 1.58498 1.26923
1 100 1.74854 1.44231
1 101 1.54515 1.23077
1 102 1.43351 1.09615
1 103 1.49811 1.11538
1 104 1.41249 1.01923
1 105 1.16079 0.826923
1 106 1.01798 0.711538
1 107 1.05199 0.673077
1 108 0.989858 0.576923
1 109 0.694293 0.365385
1 110 1.04276 0.615385
1 111 1.01219 0.653846
1 112 0.964845 0.653846
1 113 1.07656 0.75
1 114 1.44042 1.07692
1 115 1.80027 1.46154
1 116 2.41872 2.11538
1 117 3.44261 3.13462
1 118 3.61884 3.32692
1 119 4.07184 3.76923
1 120 4.53996 4.28846
1 121 4.46304 4.15385
1 122 4.76064 4.48077
1 123 4.42561 4.15385
1 124 4.43919 4.15385
1 125 4.78108 4.46154
1 126 3.90559 3.63462
1 127 4.03631 3.75
1 128 3.57048 3.25
1 129 3.93476 3.63462
1 130 3.80274 3.46154
1 131 3.0792 2.73077
1 132 3.13898 2.86538
1 133 3.29017 3.03846
1 134 3.40997 3.09615
1 135 3.02303 2.75
1 136 2.99132 2.73077
1 137 2.62258 2.28846
1 138 3.23855 2.98077
1 139 2.53921 2.25
1 140 2.77501 2.48077
1 141 2.4938 2.21154
1 142 2.45154 2.15385
1 143 2.71329 2.40385
1 144 2.59268 2.26923
1 145 2.48866 2.17308
1 146 2.03293 1.71154
1 147 2.05299 1.75
1 148 1.49387 1.21154
1 149 1.75159 1.42308
1 150 1.80839 1.48077
1 151 1.35458 0.942308
1 152 1.51893 1.23077
1 153 1.22086 0.942308
1 154 1.43383 1.11538
1 155 1.13272 0.826923
1 156 1.00115 0.634615
1 157 1.05178 0.653846
1 158 1.06347 0.673077
1 159 0.960128 0.615385
1 160 1.22244 0.884615
1 161 1.55588 1.21154
1 162 1.67802 1.30769
1 163 2.18164 1.88462
1 164 2.71504 2.42308
1 165 3.27242 2.94231
1 166 3.35412 3.01923
1 167 3.84097 3.53846
1 168 4.57827 4.26923
1 169 4.88615 4.55769
1 170 4.32476 4.03846
1 171 4.7573 4.46154
1 172 4.36105 4.13462
1 173 4.72694 4.48077
1 174 3.72859 3.40385
1 175 3.85097 3.53846
1 176 3.8093 3.53846
1 177 3.3623 3.07692
1 178 3.22118 2.94231
1 179 3.04277 2.75
1 180 2.92793 2.67308
1 181 2.91707 2.61538
1 182 2.21059 1.90385
1 183 2.72166 2.44231
1 184 3.08983 2.80769
1 185 2.94646 2.59615
1 186 2.84764 2.55769
1 187 2.52285 2.23077
1 188 2.37836 2.05769
1 189 2.32025 2.01923
1 190 1.95268 1.63462
1 191 1.93429 1.59615
1 192 1.84672 1.5619
1 193 1.52272 1.18095
1 194 1.7169 1.42857
1 195 1.52292 1.2
1 196 1.46648 1.1619
1 197 1.20547 0.819048
1 198 1.4342 1.06667
1 199 1.41913 0.990476
1 200 1.30761 0.971429
1 201 1.06578 0.666667
1 202 1.1809 0.87619
1 203 1.06632 0.666667
1 204 1.03877 0.685714
1 205 0.916876 0.609524
1 206 0.858266 0.533333
1 207 0.870714 0.438095
1 208 1.25254 0.819048
1 209 1.3388 0.990476
1 210 1.8235 1.46667
1 211 2.00716 1.67619
1 212 2.6752 2.4
1 213 3.17196 2.87619
1 214 4.07523 3.73333
1 215 4.24789 3.9619
1 216 4.45914 4.15238
1 217 4.46243 4.13333
1 218 5.2077 4.89524
1 219 5.23951 4.91429
1 220 4.95024 4.68571
1 221 4.61095 4.30476
1 222 4.19475 3.94286
1 223 4.24672 3.9619
1 224 3.54368 3.27619
1 225 3.62967 3.35238
1 226 3.34462 3.04762
1 227 3.67646 3.39048
1 228 3.46175 3.1619
1 229 3.27329 2.99048
1 230 3.73083 3.42857
1 231 2.87981 2.57143
1 232 3.11269 2.8
1 233 3.35746 3.06667
1 234 3.02961 2.74286
1 235 2.87858 2.57143
1 236 2.41553 2.15238
1 237 2.64399 2.34286
1 238 2.35312 2.09524
1 239 2.43692 2.15238
1 240 2.17977 1.88571
1 241 2.11513 1.79048
1 242 2.12241 1.79048
1 243 1.78462 1.44762
1 244 1.82993 1.5619
1 245 1.77638 1.48571
1 246 1.90856 1.6381
1 247 1.72043 1.42857
1 248 1.79015 1.48571
1 249 1.33498 1.00952
1 250 1.49396 1.14286
1 251 1.40196 1.10476
1 252 1.69132 1.29524
1 253 1.22194 0.895238
1 254 1.41671 1.06667
1 255 1.14785 0.761905
1 256 1.43076 1.1619
1 257 1.45378 1.10476
1 258 2.20925 1.9619
1 259 2.04197 1.71429
1 260 2.72398 2.41905
1 261 2.36715 2.11429
1 262 3.42064 3.10476
1 263 3.64757 3.37143
1 264 4.23279 3.94286
1 265 4.09216 3.86667
1 266 4.33757 4.0381
1 267 3.973 3.67619
1 268 3.99637 3.71429
1 269 4.91457 4.64762
1 270 3.81123 3.5619
1 271 3.78035 3.50476
1 272 3.66173 3.37143
1 273 4.08797 3.77143
1 274 3.53459 3.31429
1 275 3.6944 3.39048
1 276 3.52124 3.27619
1 277 3.34404 3.06667
1 278 3.04211 2.72381
1 279 2.93127 2.62857
1 280 2.4622 2.19048
1 281 3.091 2.85714
1 282 2.51545 2.22857
1 283 2.79305 2.49524
1 284 2.30229 2.05714
1 285 2.17849 1.82857
1 286 2.52813 2.22857
1 287 2.24833 1.9619
1 288 2.46271 2.19048
1 289 2.20423 1.84762
1 290 1.9417 1.6
1 291 2.12109 1.80952
1 292 1.66665 1.39048
1 293 1.97057 1.6381
1 294 1.82474 1.50476
1 295 2.02728 1.71429
1 296 1.48667 1.2
1 297 1.88276 1.58095
1 298 1.71648 1.42857
1 299 1.43101 1.14286
1 300 1.69728 1.35238
1 301 1.34187 0.971429
1 302 1.35592 1.00952
1 303 1.06213 0.761905
1 304 1.37342 1.06667
1 305 1.59666 1.31429
1 306 1.6429 1.39048
1 307 2.28237 2.01905
1 308 2.25317 1.92381
1 309 2.39482 2.05714
1 310 2.9896 2.74286
1 311 3.03648 2.70476
1 312 3.29981 3.02857
1 313 4.1835 3.90476
1 314 3.95497 3.6381
1 315 4.17587 3.86667
1 316 4.01903 3.75238
1 317 4.08328 3.82857
1 318 3.51763 3.21905
1 319 3.973 3.67619
1 320 3.75778 3.48571
1 321 3.27252 2.95238
1 322 2.98319 2.72381
1 323 2.9747 2.68571
1 324 3.30683 2.99048
1 325 2.84109 2.55238
1 326 2.66639 2.3619
1 327 2.87346 2.64762
1 328 2.68591 2.38095
1 329 2.67419 2.38095
1 330 2.37843 2.05714
1 331 2.43579 2.11429
1 332 2.18883 1.86667
1 333 1.98501 1.67619
1 334 1.81359 1.48571
1 335 1.44906 1.10476
2 0 4.5722 4.28846
2 1 4.23285 3.96154
2 2 4.32379 4.09615
2 3 3.63429 3.38462
2 4 3.74016 3.53846
2 5 3.5168 3.30769
2 6 3.89668 3.65385
2 7 2.82158 2.55769
2 8 2.80811 2.53846
2 9 2.76716 2.5
2 10 2.15646 1.80769
2 11 1.93226 1.65385
2 12 2.5848 2.28846
2 13 2.0567 1.76923
2 14 2.07886 1.82692
2 15 2.09802 1.80769
2 16 2.08604 1.82692
2 17 2.62892 2.34615
2 18 3.87806 3.65385
2 19 5.34256 5.05769
2 20 5.59633 5.34615
2 21 6.39617 6.15385
2 22 7.77979 7.53846
2 23 8.74905 8.46154
2 24 9.32212 9.03846
2 25 9.21692 9
2 26 9.05127 8.75
2 27 10.8258 10.5192
2 28 9.77694 9.5
2 29 9.93137 9.67308
2 30 8.69268 8.42308
2 31 8.40812 8.13462
2 32 8.29325 8.03846
2 33 8.7283 8.48077
2 34 7.05378 6.76923
2 35 6.74989 6.46154
2 36 6.7063 6.46154
2 37 7.04509 6.84615
2 38 7.45452 7.19231
2 39 6.69039 6.42308
2 40 6.81195 6.51923
2 41 6.83916 6.55769
2 42 6.09218 5.82692
2 43 6.46877 6.19231
2 44 5.48663 5.23077
2 45 5.1119 4.88462
2 46 5.10199 4.88462
2 47 4.41595 4.13462
2 48 5.12197 4.88462
2 49 4.45682 4.19231
2 50 4.38065 4.15385
2 51 4.12947 3.88462
2 52 3.62342 3.40385
2 53 3.45008 3.26923
2 54 2.68515 2.40385
2 55 2.96674 2.73077
2 56 2.23445 1.98077
2 57 2.41486 2.15385
2 58 1.81123 1.5
2 59 1.99817 1.67308
2 60 1.8393 1.55769
2 61 1.75157 1.46154
2 62 1.70269 1.38462
2 63 1.46953 1.13462
2 64 2.05261 1.76923
2 65 2.37802 2.07692
2 66 3.4498 3.19231
2 67 4.35554 4.07692
2 68 4.80113 4.53846
2 69 5.53866 5.30769
2 70 6.57294 6.28846
2 71 7.57804 7.32692
2 72 7.98818 7.71154
2 73 8.81348 8.53846
2 74 8.47866 8.26923
2 75 8.96748 8.73077
2 76 8.77191 8.46154
2 77 8.67924 8.44231
2 78 8.04733 7.76923
2 79 7.67963 7.48077
2 80 7.63113 7.34615
2 81 7.78936 7.48077
2 82 6.77818 6.48077
2 83 6.84401 6.55769
2 84 6.15232 5.92308
2 85 5.46574 5.19231
2 86 6.12444 5.88462
2 87 6.31293 6.03846
2 88 6.19036 5.96154
2 89 5.58723 5.30769
2 90 5.74834 5.5
2 91 5.88969 5.59615
2 92 6.36192 6.11538
2 93 6.30131 6.05769
2 94 5.50787 5.25
2 95 5.6161 5.34615
2 96 5.7683 5.5
2 97 5.31064 5.03846
2 98 4.69364 4.44231
2 99 4.262 3.98077
2 100 4.49088 4.25
2 101 3.80822 3.55769
2 102 3.7901 3.51923
2 103 3.27398 3.01923
2 104 3.09149 2.84615
2 105 2.51656 2.25
2 106 2.03035 1.71154
2 107 2.00881 1.76923
2 108 1.93218 1.57692
2 109 1.90611 1.57692
2 110 2.13422 1.80769
2 111 1.81013 1.5
2 112 2.25052 1.92308
2 113 2.70728 2.44231
2 114 3.52819 3.25
2 115 4.56924 4.32692
2 116 4.87962 4.59615
2 117 5.07444 4.84615
2 118 6.83379 6.57692
2 119 7.84149 7.59615
2 120 8.79922 8.51923
2 121 8.59593 8.30769
2 122 9.46619 9.21154
2 123 10.0842 9.82692
2 124 8.61009 8.34615
2 125 8.52088 8.23077
2 126 8.20518 7.92308
2 127 7.86938 7.57692
2 128 7.24968 6.94231
2 129 7.16955 6.94231
2 130 6.40429 6.17308
2 131 6.42902 6.13462
2 132 6.22238 5.94231
2 133 6.38583 6.11538
2 134 6.69609 6.42308
2 135 6.62798 6.32692
2 136 6.51737 6.26923
2 137 6.20919 5.96154
2 138 5.5903 5.34615
2 139 5.46661 5.21154
2 140 5.70211 5.42308
2 141 4.7323 4.44231
2 142 4.94134 4.65385
2 143 4.72119 4.46154
2 144 4.50375 4.23077
2 145 4.95081 4.69231
2 146 3.90474 3.63462
2 147 3.75472 3.55769
2 148 3.8153 3.55769
2 149 3.74102 3.51923
2 150 2.82764 2.51923
2 151 3.30559 3.07692
2 152 2.42669 2.17308
2 153 2.75165 2.46154
2 154 2.33454 2.05769
2 155 1.88647 1.59615
2 156 2.19997 1.92308
2 157 1.81563 1.48077
2 158 1.60225 1.28846
2 159 1.85925 1.5
2 160 1.98618 1.61538
2 161 2.09468 1.80769
2 162 2.99808 2.73077
2 163 3.78161 3.53846
2 164 5.1351 4.96154
2 165 5.11145 4.84615
2 166 6.68009 6.44231
2 167 5.85451 5.63462
2 168 7.95876 7.69231
2 169 7.53065 7.25
2 170 8.50124 8.19231
2 171 9.01969 8.69231
2 172 7.62259 7.34615
2 173 8.13897 7.88462
2 174 7.16705 6.92308
2 175 7.25517 6.98077
2 176 6.92875 6.61538
2 177 7.40061 7.11538
2 178 6.16967 5.90385
2 179 6.19822 5.94231
2 180 6.81492 6.53846
2 181 5.56996 5.34615
2 182 6.05571 5.75
2 183 5.1837 4.94231
2 184 5.80031 5.51923
2 185 4.89241 4.69231
2 186 5.07708 4.82692
2 187 5.48842 5.21154
2 188 4.87278 4.61538
2 189 5.34057 5.09615
2 190 5.16796 4.88462
2 191 5.07165 4.82692
2 192 5.08206 4.78095
2 193 4.44086 4.15238
2 194 4.43716 4.17143
2 195 4.20177 3.94286
2 196 3.98065 3.73333
2 197 3.97488 3.71429
2 198 3.36338 3.1619
2 199 3.08833 2.81905
2 200 3.04745 2.7619
2 201 2.55333 2.26667
2 202 2.22679 1.98095
2 203 2.37362 2.07619
2 204 2.02386 1.79048
2 205 1.90319 1.6
2 206 1.84915 1.52381
2 207 1.49366 1.10476
2 208 2.24349 1.9619
2 209 2.56621 2.26667
2 210 3.65595 3.37143
2 211 4.19817 3.92381
2 212 4.69777 4.45714
2 213 6.15734 5.90476
2 214 6.64569 6.4
2 215 6.60326 6.30476
2 216 7.44781 7.14286
2 217 8.18608 7.9619
2 218 8.92183 8.62857
2 219 8.7156 8.4381
2 220 8.37451 8.11429
2 221 8.18964 7.90476
2 222 8.6993 8.4381
2 223 7.73837 7.46667
2 224 7.73272 7.48571
2 225 8.30294 8.0381
2 226 6.63106 6.34286
2 227 5.90688 5.6381
2 228 6.13334 5.88571
2 229 5.69642 5.44762
2 230 5.94679 5.67619
2 231 5.81272 5.5619
2 232 6.20673 6
2 233 5.90995 5.6381
2 234 4.79841 4.47619
2 235 5.11173 4.87619
2 236 5.34679 5.06667
2 237 5.36245 5.08571
2 238 4.16123 3.92381
2 239 4.10202 3.82857
2 240 4.18175 3.94286
2 241 4.26537 3.9619
2 242 3.58596 3.27619
2 243 3.75972 3.50476
2 244 3.54261 3.25714
2 245 3.52309 3.2381
2 246 3.11759 2.85714
2 247 2.93049 2.66667
2 248 3.13429 2.8381
2 249 2.5027 2.24762
2 250 2.63197 2.34286
2 251 2.49146 2.20952
2 252 2.71507 2.41905
2 253 2.48889 2.22857
2 254 2.07251 1.75238
2 255 1.92424 1.65714
2 256 2.42504 2.15238
2 257 2.76219 2.49524
2 258 3.37415 3.14286
2 259 3.82095 3.58095
2 260 4.74839 4.49524
2 261 4.62849 4.3619
2 262 5.81572 5.6
2 263 6.80068 6.51429
2 264 7.2408 6.93333
2 265 8.02491 7.84762
2 266 8.60308 8.38095
2 267 9.871 9.6381
2 268 8.58992 8.34286
2 269 8.36561 8.13333
2 270 8.02368 7.79048
2 271 7.93842 7.67619
2 272 7.728 7.52381
2 273 7.01841 6.74286
2 274 6.93419 6.68571
2 275 6.19936 5.9619
2 276 6.65148 6.4381
2 277 6.39478 6.17143
2 278 6.13888 5.92381
2 279 6.77354 6.55238
2 280 5.9434 5.69524
2 281 6.63405 6.41905
2 282 5.30438 5.08571
2 283 5.43158 5.18095
2 284 4.73022 4.47619
2 285 4.85598 4.59048
2 286 4.4039 4.19048
2 287 4.5081 4.28571
2 288 4.521 4.30476
2 289 4.31676 4.05714
2 290 4.14938 3.90476
2 291 4.38187 4.11429
2 292 3.80044 3.6
2 293 4.08047 3.84762
2 294 3.87339 3.6381
2 295 3.08724 2.81905
2 296 3.56477 3.33333
2 297 3.44264 3.21905
2 298 3.52337 3.27619
2 299 2.99993 2.72381
2 300 2.39413 2.11429
2 301 2.62049 2.32381
2 302 2.29731 2.01905
2 303 1.75003 1.46667
2 304 2.02189 1.75238
2 305 2.66388 2.41905
2 306 2.90687 2.66667
2 307 3.66448 3.37143
2 308 4.38148 4.11429
2 309 4.76733 4.53333
2 310 5.52241 5.33333
2 311 5.60276 5.37143
2 312 6.38411 6.13333
2 313 6.01005 5.75238
2 314 7.24291 7.04762
2 315 7.57056 7.33333
2 316 6.54386 6.32381
2 317 6.54638 6.26667
2 318 6.3724 6.13333
2 319 6.41165 6.17143
2 320 5.91186 5.65714
2 321 6.03112 5.80952
2 322 5.53101 5.33333
2 323 5.38163 5.14286
2 324 5.11059 4.91429
2 325 5.79897 5.5619
2 326 5.29743 5.12381
2 327 5.31553 5.08571
2 328 5.14971 4.91429
2 329 5.06853 4.85714
2 330 4.76743 4.55238
2 331 4.88104 4.60952
2 332 4.40825 4.19048
2 333 4.8277 4.57143
2 334 4.79489 4.53333
2 335 4.31679 4.07619
