0 0 0.6327764104413297 5.365384615384615
0 1 0.614328048259675 4.961538461538462
0 2 0.6476719609391242 5.5
0 3 0.6239858050399785 5.1730769230769225
0 4 0.5904848829123636 4.634615384615384
0 5 0.5409480412811266 4.192307692307692
0 6 0.5932952171416491 4.71153846153846
0 7 0.49449049530628664 3.2884615384615383
0 8 0.4997120898125589 3.5384615384615374
0 9 0.46971422699034987 2.9230769230769234
0 10 0.4401913850619449 2.6538461538461537
0 11 0.43640961690632574 2.634615384615385
0 12 0.43307687657757604 2.692307692307692
0 13 0.3678175348218325 2.019230769230769
0 14 0.3441940030502243 1.8653846153846154
0 15 0.4140752131300256 2.3269230769230766
0 16 0.44756250765065764 2.865384615384615
0 17 0.47614710748761657 3.384615384615384
0 18 0.5565367947689613 4.365384615384615
0 19 0.6064070041915167 5.076923076923076
0 20 0.710567047362477 6.826923076923076
0 21 0.7765837775790875 7.442307692307691
0 22 0.7497371444751131 7.5769230769230775
0 23 0.8256699886109847 9.076923076923077
0 24 0.8528718756262234 9.692307692307693
0 25 0.910833314257679 10.403846153846157
0 26 0.8819948513811935 10.78846153846154
0 27 0.8781565651090557 10.384615384615389
0 28 0.9114998982220228 10.57692307692308
0 29 0.8187604126950111 8.653846153846153
0 30 0.8364340506402052 9.057692307692308
0 31 0.8500053324947928 9.096153846153847
0 32 0.833743571629187 9.076923076923078
0 33 0.791513689903227 8.480769230769234
0 34 0.8250994718380182 8.865384615384617
0 35 0.7882810019047838 8.153846153846152
0 36 0.7744881397961818 7.999999999999999
0 37 0.7758865838324295 6.865384615384615
0 38 0.7389322498762491 6.9230769230769225
0 39 0.6828641075726238 6.499999999999999
0 40 0.6797103851783811 6.250000000000001
0 41 0.7091216777770893 6.499999999999999
0 42 0.68473743289403 6.134615384615384
0 43 0.6790144991168533 6.346153846153847
0 44 0.736107665619013 6.9038461538461515
0 45 0.7039285629350395 6.576923076923076
0 46 0.6195858967173292 5.153846153846153
0 47 0.653679697906024 5.576923076923075
0 48 0.6113927178989814 5.0384615384615365
0 49 0.6166407515135529 5.269230769230768
0 50 0.566830017394261 4.288461538461537
0 51 0.5528005752569138 4.326923076923076
0 52 0.5283324852108944 3.3846153846153837
0 53 0.5012003906702611 3.711538461538461
0 54 0.462727240645993 2.865384615384616
0 55 0.4483575083313067 2.615384615384615
0 56 0.41187973076129386 2.384615384615384
0 57 0.37561554370583894 2.1538461538461537
0 58 0.3973014451630154 2.096153846153846
0 59 0.38320645144450627 2.0576923076923075
0 60 0.3757476476596287 2.019230769230769
0 61 0.32465697677392874 1.6346153846153848
0 62 0.38886037554062775 2.0961538461538463
0 63 0.33595822864383124 1.6923076923076923
0 64 0.4041702229933649 2.365384615384615
0 65 0.458232897187996 2.9038461538461537
0 66 0.5329290905142806 3.692307692307692
0 67 0.6380593754296374 5.326923076923077
0 68 0.7124111547381262 6.326923076923077
0 69 0.7108670355562456 6.749999999999999
0 70 0.7426753587156568 7.384615384615385
0 71 0.8922438527191432 10.096153846153848
0 72 0.8811279314698446 9.730769230769234
0 73 0.9034375223468593 10.634615384615383
0 74 0.9201919365514974 11.288461538461538
0 75 0.9237569160166448 11.32692307692308
0 76 0.8774953516789961 10.55769230769231
0 77 0.8638123740076962 10.634615384615385
0 78 0.8641343663819828 9.84615384615385
0 79 0.8822528303477785 10.076923076923082
0 80 0.8434823334219 8.923076923076923
0 81 0.8373248677209709 9.03846153846154
0 82 0.7652403963854321 7.961538461538462
0 83 0.7398041716750586 7.807692307692308
0 84 0.7460939452087488 7.076923076923077
0 85 0.7650273396165909 7.653846153846152
0 86 0.7409128417152412 7.769230769230768
0 87 0.7311303371828652 7.3076923076923075
0 88 0.7519662761339603 7.2692307692307665
0 89 0.7228483932986113 7.326923076923077
0 90 0.7747300302287208 7.115384615384615
0 91 0.7570001839641797 6.999999999999998
0 92 0.6595246225091671 6.096153846153846
0 93 0.6466718083689196 5.749999999999998
0 94 0.6202177010895094 5.230769230769231
0 95 0.5898207980843672 5.038461538461537
0 96 0.5498992844482153 4.3269230769230775
0 97 0.5807990380272124 4.519230769230768
0 98 0.5097215872524292 3.634615384615385
0 99 0.5071593979447938 3.8269230769230766
0 100 0.5107618077197186 3.4038461538461533
0 101 0.4584396094929086 2.7499999999999996
0 102 0.4436145716919039 2.6346153846153846
0 103 0.36690384168456813 1.9615384615384612
0 104 0.38504994949468474 2.115384615384616
0 105 0.38409546060089783 2.019230769230769
0 106 0.33157008834484264 1.5961538461538463
0 107 0.32993023358441276 1.7499999999999998
0 108 0.34923913213700025 1.7692307692307692
0 109 0.3130096813021237 1.5961538461538465
0 110 0.3271009100462619 1.4807692307692313
0 111 0.31483653448532484 1.6538461538461537
0 112 0.37893699274322107 2.2115384615384612
0 113 0.44856779074515346 2.73076923076923
0 114 0.5248591816139695 3.7307692307692304
0 115 0.5915336460377306 4.73076923076923
0 116 0.6166568106045337 5.480769230769231
0 117 0.684072375383492 6.5
0 118 0.7365125803776259 7.1730769230769225
0 119 0.8106239648357322 8.826923076923078
0 120 0.8074590674690152 8.788461538461538
0 121 0.8611382114604265 10.32692307692308
0 122 0.8566429218042382 9.673076923076927
0 123 0.8926288765623602 10.30769230769231
0 124 0.8609993103603769 9.942307692307693
0 125 0.8850350676835129 10.096153846153845
0 126 0.8658429709300546 10.038461538461538
0 127 0.8045182108178819 8.615384615384617
0 128 0.8354456761389041 9.538461538461538
0 129 0.7983018798702406 8.596153846153845
0 130 0.7715700889720413 8.096153846153847
0 131 0.741093897781058 7.250000000000001
0 132 0.7210935575228596 6.999999999999998
0 133 0.7132094890734801 6.615384615384614
0 134 0.6835642010781116 6.5384615384615365
0 135 0.7222733793269571 7.115384615384613
0 136 0.6445681997298063 5.942307692307692
0 137 0.7033392378080328 6.769230769230768
0 138 0.7132654421706226 6.500000000000001
0 139 0.674501917288708 5.923076923076924
0 140 0.6535680717328713 5.980769230769229
0 141 0.6492001191089743 5.576923076923076
0 142 0.6240838979241273 5.384615384615385
0 143 0.5855566654825889 4.653846153846154
0 144 0.5930357116967759 4.653846153846153
0 145 0.5525920496426385 4.3076923076923075
0 146 0.5255550774795376 3.9423076923076925
0 147 0.5368754827576679 3.9999999999999996
0 148 0.46463352698109944 2.942307692307692
0 149 0.45916538805408563 2.9423076923076925
0 150 0.43316566784924626 2.8076923076923066
0 151 0.41661664146289107 2.3461538461538463
0 152 0.43576254676672044 2.519230769230769
0 153 0.39268233890418697 1.9807692307692304
0 154 0.39258363542233665 2.057692307692308
0 155 0.3698349389171233 1.8076923076923075
0 156 0.3390019799092208 1.7692307692307696
0 157 0.35622467188293844 1.769230769230769
0 158 0.33862520881025343 1.826923076923077
0 159 0.35149845905664695 1.8653846153846154
0 160 0.39282339042939096 2.3653846153846154
0 161 0.41751468775019385 2.692307692307692
0 162 0.5529841259797437 3.903846153846154
0 163 0.6053998931547849 5.096153846153846
0 164 0.6776231230373125 6.057692307692306
0 165 0.7393546498662502 7.326923076923075
0 166 0.8057799706341082 8.596153846153847
0 167 0.8106304729401814 8.5
0 168 0.8708164965668141 9.865384615384617
0 169 0.909055906382099 10.788461538461535
0 170 0.9506434593397436 11.442307692307692
0 171 0.8689258816919635 10.403846153846153
0 172 0.9248081234684076 10.865384615384615
0 173 0.9150489279507441 11.134615384615385
0 174 0.873841772345583 10.115384615384617
0 175 0.8734339380062773 10.211538461538463
0 176 0.8318937063451841 9.403846153846155
0 177 0.7969536690166804 8.98076923076923
0 178 0.7685124662252888 7.6730769230769225
0 179 0.7606717648628909 7.403846153846154
0 180 0.7637003292468002 8.500000000000002
0 181 0.7481864680325537 7.846153846153846
0 182 0.7393353986797698 7.865384615384615
0 183 0.7459770782398364 7.365384615384614
0 184 0.7289105887639125 6.980769230769231
0 185 0.7421885175083126 7
0 186 0.6973406578244455 7.076923076923075
0 187 0.6694334010111859 6.23076923076923
0 188 0.6976568800370477 6.442307692307693
0 189 0.6956023721788347 6.365384615384613
0 190 0.6324466421148544 5.51923076923077
0 191 0.6414077027564633 5.499999999999998
0 192 0.5797538356647 4.495238095238095
0 193 0.6394180582042813 4.819047619047617
0 194 0.5876279700666485 4.685714285714285
0 195 0.5134356972692253 3.714285714285714
0 196 0.51648442528156 3.504761904761904
0 197 0.49153824727246254 3.276190476190476
0 198 0.45476645101330027 2.761904761904762
0 199 0.45999389475153835 2.7238095238095235
0 200 0.4626418970115703 2.8190476190476184
0 201 0.4254280455121581 2.571428571428571
0 202 0.39957270227117603 2.285714285714286
0 203 0.42729769415299046 2.3047619047619046
0 204 0.3736532111305327 1.9428571428571428
0 205 0.38660607476771736 2.038095238095238
0 206 0.32923901902370656 1.638095238095238
0 207 0.34554039787201485 1.5428571428571431
0 208 0.43648152435711085 2.666666666666666
0 209 0.46167996604754186 3.0476190476190483
0 210 0.5310464316225216 3.8666666666666667
0 211 0.6292063280766064 4.952380952380951
0 212 0.6640297280814959 5.6
0 213 0.747861088957184 6.9714285714285715
0 214 0.8078399551749771 8.01904761904762
0 215 0.782729622154571 8.36190476190476
0 216 0.8197890937580375 8.628571428571426
0 217 0.8490067570247737 9.314285714285711
0 218 0.8201305296545625 8.628571428571426
0 219 0.8869126159470967 10.285714285714285
0 220 0.8634625583611002 9.466666666666665
0 221 0.8100452491828974 9.104761904761904
0 222 0.8390338257738436 9.295238095238094
0 223 0.8619890666382608 9.14285714285714
0 224 0.8237925762998539 8.38095238095238
0 225 0.8288593685671777 8.399999999999999
0 226 0.7403332377457654 7.0095238095238095
0 227 0.785124703461816 7.657142857142858
0 228 0.766764962744977 7.047619047619048
0 229 0.7123240769048829 6.723809523809522
0 230 0.7373705228973035 6.704761904761903
0 231 0.7660745282938548 7.0666666666666655
0 232 0.6827891682788737 5.96190476190476
0 233 0.7399970970485691 6.609523809523807
0 234 0.6837964979333464 6.247619047619047
0 235 0.7420229946915383 6.761904761904762
0 236 0.6435137708792553 5.314285714285712
0 237 0.6464122432541884 5.7523809523809515
0 238 0.6413155336517062 5.18095238095238
0 239 0.6693385830919162 5.5809523809523816
0 240 0.6369131722022231 4.838095238095238
0 241 0.6302615779244567 5.104761904761906
0 242 0.6062831518130439 4.266666666666665
0 243 0.5807129730054185 4.38095238095238
0 244 0.5278380765680525 3.7142857142857135
0 245 0.5589942697390419 3.885714285714286
0 246 0.5104595012099182 3.4857142857142858
0 247 0.5551944332470174 3.676190476190475
0 248 0.4833443045386026 3.0285714285714285
0 249 0.5140411987010894 3.3333333333333326
0 250 0.4134951326058796 2.4190476190476193
0 251 0.408339928410301 2.3238095238095235
0 252 0.4536452281084373 2.838095238095238
0 253 0.437640047269374 2.8761904761904757
0 254 0.45250586320897973 2.914285714285714
0 255 0.44286101103598613 2.571428571428571
0 256 0.4397553846897774 2.6857142857142846
0 257 0.5164542970028045 3.2380952380952377
0 258 0.5817407119404959 3.9047619047619038
0 259 0.5728460567359984 4.704761904761905
0 260 0.6539892034910509 5.638095238095238
0 261 0.6329279918170243 5.238095238095236
0 262 0.7259162654557808 6.819047619047619
0 263 0.764292708676905 7.37142857142857
0 264 0.7965492556139204 8.438095238095238
0 265 0.8055333275502796 8.533333333333333
0 266 0.808964362654954 8.799999999999999
0 267 0.8918936181240356 9.104761904761903
0 268 0.9259305267293595 9.466666666666665
0 269 0.827565852185955 8.514285714285712
0 270 0.8448046846966635 8.857142857142858
0 271 0.842308184579377 8.74285714285714
0 272 0.8321753481971635 8.704761904761902
0 273 0.7661086703308863 7.695238095238094
0 274 0.7203545143190313 7.028571428571428
0 275 0.6828659997670917 6.038095238095237
0 276 0.7449055946171034 6.799999999999999
0 277 0.7446524881471807 6.876190476190474
0 278 0.7366050156650489 6.9904761904761905
0 279 0.7089280566831578 6.666666666666667
0 280 0.7024141404490548 6.514285714285713
0 281 0.685189648429425 5.904761904761904
0 282 0.7365726366171211 6.17142857142857
0 283 0.6751332198021219 6.076190476190476
0 284 0.7531654640967991 7.314285714285715
0 285 0.7259890622732154 6.247619047619046
0 286 0.7232756839174591 6.304761904761903
0 287 0.6801405744891236 6.228571428571429
0 288 0.6189527409802168 4.914285714285713
0 289 0.6556640345131214 5.6
0 290 0.6053964151941483 4.876190476190477
0 291 0.5918723544385256 4.876190476190477
0 292 0.5680904740315263 4.247619047619047
0 293 0.6152017470077018 4.666666666666666
0 294 0.5412475982289494 3.9238095238095236
0 295 0.6075709174923288 4.3619047619047615
0 296 0.5428359046441014 3.638095238095238
0 297 0.49535086658535615 3.276190476190476
0 298 0.49457628022168965 3.371428571428572
0 299 0.5275445194414505 3.6380952380952376
0 300 0.5140774197197162 3.123809523809522
0 301 0.48458637259045634 3.066666666666666
0 302 0.48155454969390843 3.1047619047619035
0 303 0.473338969233266 3.1809523809523808
0 304 0.4774279209952771 3.142857142857143
0 305 0.5061897780754067 3.6952380952380945
0 306 0.5836676617624202 4.19047619047619
0 307 0.6113232379941153 4.761904761904762
0 308 0.6488913329723924 5.676190476190477
0 309 0.6466209795860512 5.466666666666667
0 310 0.6887212198481067 6.133333333333331
0 311 0.7709477137628298 7.199999999999998
0 312 0.7744587363451008 7.923809523809522
0 313 0.7994680175283265 8.533333333333333
0 314 0.825333506309122 8.304761904761907
0 315 0.8932467307780102 9.999999999999998
0 316 0.8734252218242744 8.971428571428572
0 317 0.8779276602135362 9.409523809523806
0 318 0.8247010560354883 8.323809523809524
0 319 0.8317457150091006 8.514285714285712
0 320 0.7842818543120774 8.266666666666667
0 321 0.7613649613114367 7.771428571428572
0 322 0.7421516998159697 6.57142857142857
0 323 0.7368157832889493 6.761904761904762
0 324 0.749785556634479 6.819047619047618
0 325 0.753605732041879 6.838095238095238
0 326 0.7053030327794403 6.457142857142855
0 327 0.7455906673685394 6.514285714285713
0 328 0.6973571111803418 6.323809523809524
0 329 0.7055804785727335 6.266666666666665
0 330 0.7079763450125262 5.94285714285714
0 331 0.7481380107515404 7.142857142857143
0 332 0.7208669187118124 6.400000000000001
0 333 0.7203566416242405 6.571428571428569
0 334 0.709341576563422 5.6
0 335 0.6691272120411664 5.638095238095239
1 0 0.3347130416595886 1.6730769230769234
1 1 0.26923470338127836 1.1346153846153846
1 2 0.28566350192012957 1.3076923076923077
1 3 0.30494674683735296 1.3269230769230769
1 4 0.28210262940204794 1.2692307692307694
1 5 0.27989729073013614 1.1923076923076923
1 6 0.30405764251762457 1.3461538461538463
1 7 0.24271217730341266 0.9038461538461541
1 8 0.24339696419579368 0.9615384615384616
1 9 0.24658953519108073 1.0192307692307694
1 10 0.2316268800564083 0.7884615384615383
1 11 0.22128164831502142 0.7884615384615384
1 12 0.2450358935453146 0.8846153846153847
1 13 0.20543267884495933 0.5961538461538463
1 14 0.2340404790744931 0.7692307692307693
1 15 0.20331848800215643 0.6346153846153846
1 16 0.2583758801349945 1.0192307692307692
1 17 0.2774239154307495 1.0961538461538463
1 18 0.34665045620271456 1.711538461538462
1 19 0.3719490046904005 1.9230769230769238
1 20 0.4656265583245174 2.807692307692307
1 21 0.4881280967840275 3.1923076923076925
1 22 0.5089028112256782 3.9038461538461537
1 23 0.5917705008090542 4.826923076923077
1 24 0.5754054161923383 4.557692307692308
1 25 0.5807255274259835 4.846153846153845
1 26 0.607356152801938 5.153846153846153
1 27 0.6260319852387423 5.615384615384614
1 28 0.5970452187329752 5.000000000000001
1 29 0.6235491585974591 5.153846153846154
1 30 0.5449689733390969 4.0576923076923075
1 31 0.5497342688266871 4.365384615384616
1 32 0.5488001541645148 4.288461538461538
1 33 0.5766277523357354 4.346153846153847
1 34 0.5488246917749364 4.134615384615384
1 35 0.5275997533252919 3.7307692307692304
1 36 0.5242072989172295 3.807692307692308
1 37 0.46703538472268963 3.211538461538462
1 38 0.45576587025132875 2.980769230769231
1 39 0.5226699553671086 3.4423076923076925
1 40 0.47313215776076345 3.1923076923076916
1 41 0.4997787784827782 3.3076923076923075
1 42 0.47460911895176494 2.923076923076923
1 43 0.44755722818810323 3.0769230769230766
1 44 0.39136620159167124 2.2884615384615383
1 45 0.3571023241662515 1.9038461538461537
1 46 0.42505625438368966 2.326923076923077
1 47 0.35950848651851336 1.923076923076923
1 48 0.3874653379170099 2.1923076923076925
1 49 0.37401762182134446 1.9038461538461537
1 50 0.3596335907859225 1.7115384615384617
1 51 0.2995983617883817 1.2884615384615385
1 52 0.3002575538615229 1.4230769230769231
1 53 0.26816949817725805 1.1730769230769234
1 54 0.23544520143235034 0.9230769230769231
1 55 0.2642596643331855 1.0384615384615383
1 56 0.27378629629516316 1.096153846153846
1 57 0.21652786830342372 0.730769230769231
1 58 0.21287335322992756 0.6730769230769231
1 59 0.19773685638359698 0.6346153846153847
1 60 0.22622969429791373 0.8076923076923076
1 61 0.23611594520790985 0.8461538461538461
1 62 0.20849073699030077 0.6923076923076925
1 63 0.20123352318680388 0.653846153846154
1 64 0.22121622363998378 0.8076923076923077
1 65 0.29304606684374424 1.230769230769231
1 66 0.3272917817466342 1.557692307692308
1 67 0.34951407189091843 1.826923076923077
1 68 0.4222538886042396 2.461538461538461
1 69 0.49151235073256616 3.1346153846153837
1 70 0.45759695108849296 3.096153846153846
1 71 0.510074622309118 3.596153846153846
1 72 0.5775162602006533 4.634615384615383
1 73 0.5959059454924894 4.769230769230769
1 74 0.557202237088038 4.576923076923077
1 75 0.6064150303671765 4.980769230769231
1 76 0.5779603344410503 4.634615384615385
1 77 0.5393151945419261 4.0769230769230775
1 78 0.5003997365875554 3.692307692307692
1 79 0.5242140297769762 3.9038461538461537
1 80 0.5064458388310156 3.6153846153846145
1 81 0.5200153734100381 3.788461538461538
1 82 0.44179002952364993 2.865384615384615
1 83 0.5052327843555128 3.538461538461537
1 84 0.44813427256682153 3.1923076923076916
1 85 0.46366441999032126 3.076923076923077
1 86 0.4516141078283012 2.980769230769231
1 87 0.45912752011201236 3.307692307692308
1 88 0.40358542205085957 2.365384615384616
1 89 0.46023492098535124 2.8461538461538454
1 90 0.4105461426854168 2.365384615384615
1 91 0.38968561968377236 2.365384615384615
1 92 0.37663702900165075 2.1923076923076925
1 93 0.37552419348616123 2.1346153846153846
1 94 0.3806072946861112 2.2115384615384617
1 95 0.32188760421082596 1.692307692307692
1 96 0.34406916213650474 1.730769230769231
1 97 0.35229404668171266 1.7884615384615385
1 98 0.3352915945535956 1.6346153846153844
1 99 0.2913967640906322 1.269230769230769
1 100 0.31371935659329425 1.442307692307692
1 101 0.2811400096716411 1.2307692307692306
1 102 0.26810100706729956 1.0961538461538463
1 103 0.24885700649255876 1.1153846153846154
1 104 0.24460325956301082 1.0192307692307694
1 105 0.22478027988050212 0.8269230769230771
1 106 0.22090358941257107 0.7115384615384618
1 107 0.198562688424438 0.6730769230769232
1 108 0.18264446418420135 0.5769230769230769
1 109 0.15876494328566076 0.36538461538461525
1 110 0.18730432807240815 0.6153846153846154
1 111 0.19314335420213508 0.6538461538461541
1 112 0.20660925009361855 0.6538461538461539
1 113 0.22393224232515252 0.75
1 114 0.26500691564044276 1.0769230769230766
1 115 0.3127149987260847 1.4615384615384615
1 116 0.3812118868262852 2.115384615384616
1 117 0.45510397105351413 3.1346153846153837
1 118 0.5015722880800315 3.326923076923076
1 119 0.5208724298966978 3.769230769230769
1 120 0.5626573569227985 4.288461538461537
1 121 0.5391595283762488 4.153846153846152
1 122 0.5686503374778829 4.48076923076923
1 123 0.5554337999009372 4.153846153846153
1 124 0.544571318289378 4.153846153846153
1 125 0.5445605809949234 4.461538461538461
1 126 0.5156191740436518 3.634615384615384
1 127 0.5259013793793015 3.7499999999999996
1 128 0.4770142587854955 3.249999999999999
1 129 0.5288123828641117 3.6346153846153846
1 130 0.4731721982029002 3.4615384615384617
1 131 0.42076046891122126 2.7307692307692304
1 132 0.47243703759942557 2.865384615384614
1 133 0.5077384451277976 3.0384615384615383
1 134 0.45754754242567497 3.096153846153846
1 135 0.4420089449844951 2.749999999999999
1 136 0.4485672942911298 2.7307692307692304
1 137 0.3879799875990082 2.2884615384615388
1 138 0.4597070476529021 2.9807692307692304
1 139 0.39195102366501494 2.25
1 140 0.4149465360937105 2.480769230769231
1 141 0.3887126531585485 2.211538461538462
1 142 0.39502045074756886 2.1538461538461533
1 143 0.41181419615253456 2.4038461538461537
1 144 0.38753702153464126 2.2692307692307696
1 145 0.3903090400219266 2.1730769230769225
1 146 0.34125708279414146 1.711538461538462
1 147 0.33773968751553474 1.7500000000000002
1 148 0.2892286822863216 1.2115384615384617
1 149 0.30547861638557505 1.423076923076923
1 150 0.31314392727698953 1.480769230769231
1 151 0.22287458884322509 0.9423076923076925
1 152 0.289053125243789 1.2307692307692306
1 153 0.24938030029994576 0.9423076923076924
1 154 0.26728277358180347 1.1153846153846156
1 155 0.24717224355167453 0.8269230769230769
1 156 0.19409021703889434 0.6346153846153848
1 157 0.1869585180472234 0.6538461538461537
1 158 0.20155620397803384 0.6730769230769231
1 159 0.2048872794939726 0.6153846153846155
1 160 0.2341056310917365 0.8846153846153846
1 161 0.2906386671790502 1.2115384615384612
1 162 0.28466864706077605 1.3076923076923077
1 163 0.37443398558295515 1.884615384615385
1 164 0.4004180812465222 2.4230769230769234
1 165 0.45163884697954104 2.9423076923076916
1 166 0.4417816373395648 3.019230769230769
1 167 0.5141096680587538 3.538461538461538
1 168 0.5531989483913435 4.269230769230768
1 169 0.5649293190706012 4.5576923076923075
1 170 0.5549554755593838 4.038461538461538
1 171 0.5505408577542523 4.461538461538462
1 172 0.5880651615206562 4.134615384615384
1 173 0.6096929544978638 4.48076923076923
1 174 0.49039024882245386 3.4038461538461533
1 175 0.4881004919935894 3.5384615384615383
1 176 0.5087326941241301 3.538461538461538
1 177 0.46890664430691403 3.076923076923077
1 178 0.4692580742476219 2.942307692307692
1 179 0.43000125613768003 2.7499999999999996
1 180 0.43153099551269836 2.673076923076923
1 181 0.4278563697669926 2.6153846153846154
1 182 0.3716821383797466 1.9038461538461537
1 183 0.41990425703685424 2.442307692307692
1 184 0.4570600915491569 2.8076923076923075
1 185 0.4125693018965537 2.596153846153846
1 186 0.42787502820295265 2.557692307692308
1 187 0.400684774283727 2.2307692307692304
1 188 0.37818871945393046 2.057692307692307
1 189 0.37292702719835524 2.0192307692307696
1 190 0.32956903206024873 1.6346153846153848
1 191 0.3213802816330725 1.5961538461538463
1 192 0.3452015198810465 1.561904761904762
1 193 0.28348188542764147 1.1809523809523808
1 194 0.32517480867113413 1.4285714285714286
1 195 0.29334102571855375 1.2000000000000002
1 196 0.27130929710926455 1.161904761904762
1 197 0.22389758166115295 0.8190476190476192
1 198 0.25470588870665045 1.0666666666666669
1 199 0.23266423481947485 0.9904761904761906
1 200 0.2636174235662943 0.9714285714285715
1 201 0.19442075943472548 0.6666666666666669
1 202 0.24934459333432296 0.8761904761904762
1 203 0.20963446736314115 0.6666666666666667
1 204 0.2168519774793111 0.6857142857142857
1 205 0.23038675682352447 0.6095238095238096
1 206 0.18061375545551478 0.5333333333333333
1 207 0.16028476399627986 0.4380952380952381
1 208 0.2158617404317819 0.8190476190476191
1 209 0.25714860056197797 0.9904761904761908
1 210 0.31064513842093205 1.4666666666666668
1 211 0.3423448466184368 1.6761904761904762
1 212 0.4382478412686699 2.4
1 213 0.4660300688571652 2.8761904761904766
1 214 0.5239837139917354 3.7333333333333334
1 215 0.5431515030257728 3.9619047619047616
1 216 0.5519743303668211 4.152380952380953
1 217 0.5622425908759378 4.133333333333333
1 218 0.6163289909722705 4.895238095238095
1 219 0.5754183667046862 4.914285714285714
1 220 0.5900495789094181 4.685714285714286
1 221 0.554450080610065 4.304761904761904
1 222 0.5716561026332565 3.942857142857143
1 223 0.5506767466854937 3.9619047619047625
1 224 0.5097151255413698 3.276190476190475
1 225 0.49102517229978837 3.352380952380952
1 226 0.4871113161084437 3.0476190476190466
1 227 0.4900069054908011 3.39047619047619
1 228 0.4748617849023619 3.161904761904762
1 229 0.4638546315097607 2.9904761904761896
1 230 0.4920066014013694 3.4285714285714293
1 231 0.4293564975988999 2.5714285714285716
1 232 0.443883810580758 2.8
1 233 0.4722554033040175 3.066666666666667
1 234 0.47333862272768723 2.742857142857143
1 235 0.4323899222431858 2.571428571428571
1 236 0.4259019165287765 2.1523809523809523
1 237 0.43801503191594304 2.342857142857143
1 238 0.4190650661530718 2.095238095238095
1 239 0.3905060162157947 2.152380952380952
1 240 0.3674980886881463 1.8857142857142857
1 241 0.3478181096660234 1.790476190476191
1 242 0.33920478772632245 1.7904761904761903
1 243 0.31656247826312667 1.4476190476190478
1 244 0.33339079019508633 1.5619047619047617
1 245 0.31630348731814284 1.4857142857142853
1 246 0.34377181825619907 1.638095238095238
1 247 0.3174030634440322 1.4285714285714284
1 248 0.32525797766222936 1.485714285714286
1 249 0.25551327718206945 1.0095238095238097
1 250 0.2783868277329916 1.142857142857143
1 251 0.2885360944362124 1.1047619047619048
1 252 0.2637855217053007 1.2952380952380953
1 253 0.2428206268770657 0.8952380952380955
1 254 0.2622773974968768 1.0666666666666667
1 255 0.19737305066803887 0.7619047619047619
1 256 0.2857909180925808 1.161904761904762
1 257 0.26669849574651844 1.1047619047619048
1 258 0.373615823646681 1.9619047619047616
1 259 0.34837832105699157 1.7142857142857142
1 260 0.41736196777454593 2.419047619047618
1 261 0.3994250651332755 2.114285714285714
1 262 0.45564994117064567 3.1047619047619044
1 263 0.5029033292739378 3.371428571428572
1 264 0.5559805778677321 3.9428571428571426
1 265 0.5781462021733365 3.8666666666666667
1 266 0.5276447944885359 4.038095238095238
1 267 0.5029022613966574 3.6761904761904756
1 268 0.5307438397566148 3.7142857142857135
1 269 0.5862175599560094 4.647619047619047
1 270 0.5087727349917324 3.5619047619047612
1 271 0.5099623000719309 3.5047619047619043
1 272 0.5186584389172677 3.3714285714285706
1 273 0.506721708919071 3.771428571428571
1 274 0.5195872832900101 3.3142857142857145
1 275 0.4757494036474078 3.3904761904761895
1 276 0.4914762236193866 3.2761904761904757
1 277 0.48448681544284156 3.0666666666666664
1 278 0.4453712470724252 2.723809523809524
1 279 0.42613278837452656 2.6285714285714277
1 280 0.42258694064937063 2.19047619047619
1 281 0.46873172871736707 2.8571428571428568
1 282 0.3890642961967397 2.2285714285714286
1 283 0.40830788024585846 2.495238095238095
1 284 0.40066331348217554 2.057142857142857
1 285 0.34941386862916857 1.8285714285714285
1 286 0.4155717105147645 2.228571428571428
1 287 0.37728084624374253 1.9619047619047618
1 288 0.40505768961821187 2.1904761904761902
1 289 0.3724344072273933 1.8476190476190475
1 290 0.32607438001549227 1.6000000000000003
1 291 0.3447531572505337 1.8095238095238095
1 292 0.3172558869646975 1.3904761904761906
1 293 0.3378770757510308 1.6380952380952383
1 294 0.3318036157888577 1.504761904761905
1 295 0.36801685368763526 1.714285714285714
1 296 0.3127443815422107 1.2
1 297 0.3217310679581232 1.580952380952381
1 298 0.3203411183091151 1.4285714285714288
1 299 0.27965021236240645 1.142857142857143
1 300 0.3052968558102618 1.3523809523809525
1 301 0.2573188612650076 0.9714285714285715
1 302 0.26145912450811604 1.0095238095238095
1 303 0.2308610008653956 0.7619047619047621
1 304 0.27163984100601274 1.0666666666666669
1 305 0.3117034185436053 1.3142857142857145
1 306 0.30885862196033176 1.3904761904761906
1 307 0.3800952915781893 2.019047619047619
1 308 0.3600955446157404 1.923809523809524
1 309 0.3760994361384968 2.057142857142857
1 310 0.4713500183172318 2.7428571428571416
1 311 0.45079138653888884 2.704761904761905
1 312 0.48267099809980507 3.028571428571428
1 313 0.5746334091316512 3.904761904761904
1 314 0.49585814904978825 3.638095238095238
1 315 0.5545690814178703 3.8666666666666663
1 316 0.5504582226727298 3.7523809523809506
1 317 0.5340158049417556 3.828571428571428
1 318 0.5010208087345209 3.2190476190476183
1 319 0.49243650600966826 3.676190476190477
1 320 0.49344474258022114 3.4857142857142853
1 321 0.4621173885337464 2.9523809523809526
1 322 0.45983672324704883 2.723809523809524
1 323 0.43924986158726964 2.6857142857142855
1 324 0.44969733608171886 2.99047619047619
1 325 0.4442857688877029 2.5523809523809518
1 326 0.4154332052093872 2.3619047619047615
1 327 0.4691208554515207 2.647619047619047
1 328 0.41685590674059164 2.380952380952381
1 329 0.4101679404978262 2.380952380952381
1 330 0.3815279097986837 2.057142857142857
1 331 0.39644563285530504 2.1142857142857148
1 332 0.36079482050340306 1.8666666666666665
1 333 0.36310551126629803 1.6761904761904762
1 334 0.34308076697276324 1.4857142857142853
1 335 0.26947467176171536 1.1047619047619046
2 0 0.56648997410168 4.288461538461537
2 1 0.5516758589040627 3.9615384615384603
2 2 0.5649394543891216 4.096153846153846
2 3 0.514079553624604 3.3846153846153846
2 4 0.515495119971967 3.538461538461538
2 5 0.508112065203422 3.3076923076923075
2 6 0.5196284303400684 3.6538461538461546
2 7 0.43008711637996005 2.557692307692308
2 8 0.4418491993632496 2.5384615384615383
2 9 0.4287531709838316 2.5000000000000004
2 10 0.3367892659191714 1.807692307692308
2 11 0.3445868089754293 1.6538461538461542
2 12 0.4161431151798456 2.2884615384615383
2 13 0.34956792403318954 1.7692307692307692
2 14 0.37294633768474467 1.8269230769230764
2 15 0.36339293799955297 1.807692307692308
2 16 0.3658351016676529 1.8269230769230766
2 17 0.43211490727110813 2.3461538461538463
2 18 0.5352393439624199 3.6538461538461537
2 19 0.6067150828752195 5.057692307692307
2 20 0.6389974364740287 5.346153846153845
2 21 0.7079934399008946 6.153846153846153
2 22 0.7916085139928293 7.538461538461536
2 23 0.814828903976244 8.461538461538462
2 24 0.8442975669008639 9.03846153846154
2 25 0.8376845084290188 9.000000000000002
2 26 0.8047177296618843 8.750000000000002
2 27 0.9010132959667172 10.51923076923077
2 28 0.8395240085792673 9.500000000000002
2 29 0.8660103366097928 9.673076923076922
2 30 0.8280075712896059 8.423076923076923
2 31 0.7987606634398382 8.134615384615381
2 32 0.7666972476672513 8.038461538461538
2 33 0.7949003163392474 8.48076923076923
2 34 0.7079678542612615 6.769230769230768
2 35 0.7020573535449086 6.46153846153846
2 36 0.6908822531405914 6.46153846153846
2 37 0.7204732236607103 6.846153846153846
2 38 0.7306266508721426 7.192307692307692
2 39 0.6910405875648877 6.423076923076922
2 40 0.69291145280036 6.519230769230768
2 41 0.6868294044349262 6.557692307692308
2 42 0.6583220234531214 5.826923076923077
2 43 0.664120392213325 6.192307692307693
2 44 0.6336500765161537 5.230769230769232
2 45 0.6184485368317878 4.884615384615384
2 46 0.6146963617925204 4.884615384615384
2 47 0.5447187005836934 4.134615384615384
2 48 0.6176204099433333 4.884615384615384
2 49 0.5666615305506558 4.1923076923076925
2 50 0.5708272136660093 4.153846153846153
2 51 0.543958635502264 3.8846153846153846
2 52 0.5210996491211587 3.403846153846154
2 53 0.49626803385108137 3.269230769230769
2 54 0.4077901207918934 2.4038461538461533
2 55 0.4431459912452386 2.7307692307692313
2 56 0.3869264384822053 1.9807692307692306
2 57 0.3993379561392184 2.1538461538461537
2 58 0.32740418873383414 1.5000000000000002
2 59 0.3420992476976116 1.6730769230769234
2 60 0.34261547808013504 1.557692307692308
2 61 0.3197633820407186 1.4615384615384621
2 62 0.3067633238246761 1.3846153846153844
2 63 0.26473154979244057 1.1346153846153848
2 64 0.348649365671299 1.7692307692307692
2 65 0.3935940744291038 2.0769230769230766
2 66 0.4904334484606883 3.192307692307692
2 67 0.5375170935726961 4.076923076923077
2 68 0.5895894475242864 4.538461538461537
2 69 0.6434731539205044 5.3076923076923075
2 70 0.6870317126067561 6.288461538461538
2 71 0.7656200898713433 7.326923076923075
2 72 0.758806946986343 7.711538461538462
2 73 0.8230383054131274 8.538461538461542
2 74 0.7980329257079946 8.269230769230768
2 75 0.8059856933044391 8.73076923076923
2 76 0.80779711728621 8.461538461538463
2 77 0.8011289842862016 8.442307692307695
2 78 0.7656668888628384 7.76923076923077
2 79 0.7738147740312595 7.48076923076923
2 80 0.7504387707000392 7.346153846153846
2 81 0.7437665650417379 7.480769230769232
2 82 0.6696546861487037 6.48076923076923
2 83 0.6906814154343304 6.557692307692306
2 84 0.6472239285889564 5.923076923076922
2 85 0.6282479773414127 5.192307692307691
2 86 0.6727974876096017 5.884615384615384
2 87 0.6737002632701691 6.038461538461537
2 88 0.6722490860470538 5.961538461538461
2 89 0.6281773531670429 5.307692307692307
2 90 0.6473036410725499 5.5
2 91 0.6279518851346725 5.596153846153847
2 92 0.6884893976851145 6.115384615384614
2 93 0.7049042422154623 6.057692307692307
2 94 0.6263811047638054 5.25
2 95 0.6185286229520527 5.346153846153846
2 96 0.6320078891702823 5.499999999999999
2 97 0.6053319448468869 5.038461538461538
2 98 0.5653392206817563 4.442307692307693
2 99 0.5336029055851276 3.980769230769231
2 100 0.5680012740753221 4.249999999999999
2 101 0.5257901607849393 3.5576923076923075
2 102 0.5081396241373353 3.519230769230769
2 103 0.4687146429572765 3.0192307692307683
2 104 0.461735578458791 2.846153846153846
2 105 0.408084881691348 2.249999999999999
2 106 0.3403103696378353 1.7115384615384615
2 107 0.3642702312237579 1.7692307692307692
2 108 0.3219718727157145 1.576923076923077
2 109 0.3346405441987981 1.5769230769230773
2 110 0.3474858335485857 1.807692307692308
2 111 0.3101444308384186 1.4999999999999998
2 112 0.3711062476462761 1.9230769230769231
2 113 0.42185568036472737 2.442307692307692
2 114 0.4851762321435163 3.2500000000000004
2 115 0.5675820968474633 4.326923076923077
2 116 0.5830954319247232 4.596153846153847
2 117 0.60566951869976 4.846153846153846
2 118 0.7125583993183922 6.576923076923076
2 119 0.7775967320797167 7.596153846153846
2 120 0.832397431306918 8.519230769230772
2 121 0.7732540392680325 8.307692307692307
2 122 0.8447659929470094 9.211538461538463
2 123 0.8592039507322315 9.826923076923077
2 124 0.8039996580625832 8.346153846153847
2 125 0.7984775996569545 8.230769230769232
2 126 0.7664942785269948 7.9230769230769225
2 127 0.7583829877461313 7.5769230769230775
2 128 0.6949251263446978 6.9423076923076925
2 129 0.7334479983553777 6.942307692307692
2 130 0.6716204785032431 6.1730769230769225
2 131 0.6665082558172735 6.134615384615385
2 132 0.671430830428788 5.942307692307693
2 133 0.6663108159883618 6.115384615384613
2 134 0.6955674393831118 6.423076923076923
2 135 0.6917716689097859 6.326923076923076
2 136 0.6984014325435566 6.269230769230769
2 137 0.6726645275162548 5.961538461538462
2 138 0.6433615943282724 5.346153846153844
2 139 0.6169604166309016 5.21153846153846
2 140 0.625924917723065 5.423076923076922
2 141 0.5608868972310811 4.442307692307691
2 142 0.5765062690381684 4.653846153846154
2 143 0.5648667151924734 4.461538461538462
2 144 0.563434066747839 4.230769230769231
2 145 0.5844754562980227 4.6923076923076925
2 146 0.5096858695010564 3.634615384615384
2 147 0.5302356028497863 3.5576923076923066
2 148 0.4992688578443115 3.5576923076923075
2 149 0.5240148226051595 3.5192307692307687
2 150 0.4240773124697067 2.519230769230769
2 151 0.4802762810561412 3.076923076923076
2 152 0.39858819764681713 2.173076923076923
2 153 0.4142963097439272 2.4615384615384612
2 154 0.37954435943627396 2.0576923076923075
2 155 0.33074982174705836 1.5961538461538465
2 156 0.3744760765437682 1.9230769230769231
2 157 0.3236746353667644 1.4807692307692304
2 158 0.2886567878313297 1.2884615384615383
2 159 0.30960938589613235 1.5000000000000002
2 160 0.31558246500565307 1.6153846153846154
2 161 0.3518453213870786 1.8076923076923077
2 162 0.43592428097961644 2.7307692307692313
2 163 0.5134673758926039 3.538461538461539
2 164 0.633388106515639 4.961538461538461
2 165 0.6028110051179574 4.846153846153846
2 166 0.7251808981938962 6.4423076923076925
2 167 0.7115907652648937 5.634615384615385
2 168 0.7439031717850675 7.6923076923076925
2 169 0.741492612278745 7.25
2 170 0.7983771292346008 8.192307692307693
2 171 0.8020821650063461 8.692307692307693
2 172 0.7485885194936923 7.346153846153846
2 173 0.7761457726762355 7.884615384615386
2 174 0.7249224561564948 6.923076923076922
2 175 0.7202648614800224 6.98076923076923
2 176 0.6995142206684224 6.615384615384615
2 177 0.7258984174732005 7.115384615384615
2 178 0.6540325547959311 5.903846153846154
2 179 0.6606804567643927 5.942307692307691
2 180 0.712005667494683 6.538461538461537
2 181 0.6468385739450061 5.346153846153846
2 182 0.6351551679818832 5.749999999999999
2 183 0.616498218277254 4.942307692307692
2 184 0.6408012046273461 5.519230769230771
2 185 0.5853615544537122 4.6923076923076925
2 186 0.5904536729391896 4.826923076923077
2 187 0.621526090841878 5.211538461538461
2 188 0.5982076748403924 4.615384615384615
2 189 0.6208767607650917 5.096153846153845
2 190 0.589758028052024 4.884615384615384
2 191 0.609398253417249 4.826923076923076
2 192 0.597421817919453 4.780952380952381
2 193 0.553046959276788 4.152380952380952
2 194 0.5587176576813793 4.171428571428571
2 195 0.5795488350163562 3.9428571428571426
2 196 0.5297174357811799 3.7333333333333316
2 197 0.5176326394040022 3.7142857142857144
2 198 0.5170181871364063 3.1619047619047618
2 199 0.45852334443253806 2.8190476190476192
2 200 0.4468679437104221 2.7619047619047623
2 201 0.41041555157510223 2.2666666666666666
2 202 0.39254170732302046 1.980952380952381
2 203 0.3846329822509744 2.0761904761904764
2 204 0.36528070805694596 1.7904761904761903
2 205 0.3286345035021413 1.6
2 206 0.31384216196419146 1.5238095238095237
2 207 0.24959016123996378 1.1047619047619048
2 208 0.3749138073701945 1.9619047619047623
2 209 0.40851143881939245 2.266666666666666
2 210 0.5241953567082688 3.3714285714285714
2 211 0.567741144384414 3.9238095238095227
2 212 0.6026053204762802 4.457142857142858
2 213 0.6914621919747604 5.904761904761904
2 214 0.7342895037708861 6.399999999999997
2 215 0.7059327027413147 6.304761904761903
2 216 0.7297690662033229 7.142857142857143
2 217 0.8005887185645211 7.961904761904764
2 218 0.8107713782324089 8.628571428571428
2 219 0.8141050240163322 8.438095238095235
2 220 0.806223275052137 8.114285714285712
2 221 0.7951605076019225 7.904761904761904
2 222 0.824693290726245 8.438095238095238
2 223 0.7675131210612491 7.466666666666666
2 224 0.7870270568167318 7.485714285714284
2 225 0.7842250872827667 8.038095238095236
2 226 0.6937599891522732 6.342857142857142
2 227 0.6755143552734366 5.638095238095238
2 228 0.6896962928658351 5.885714285714284
2 229 0.667678959318513 5.447619047619046
2 230 0.6620784598969874 5.6761904761904765
2 231 0.6443431414154174 5.561904761904761
2 232 0.6995509890190565 5.999999999999999
2 233 0.6479690208621361 5.638095238095237
2 234 0.5736240496759464 4.476190476190475
2 235 0.617633566646507 4.876190476190476
2 236 0.6126642977247563 5.0666666666666655
2 237 0.600655271871187 5.085714285714285
2 238 0.5730068017577298 3.9238095238095236
2 239 0.5441523242775809 3.8285714285714283
2 240 0.5913602606631232 3.9428571428571426
2 241 0.5229560660726191 3.9619047619047616
2 242 0.4867077140597345 3.276190476190476
2 243 0.5206502094007308 3.504761904761904
2 244 0.48815924748703104 3.2571428571428567
2 245 0.5007630622813661 3.2380952380952377
2 246 0.4500962494795344 2.857142857142857
2 247 0.450822270077491 2.666666666666666
2 248 0.4513645055136989 2.838095238095238
2 249 0.4342128619502228 2.247619047619047
2 250 0.4010358881127283 2.342857142857143
2 251 0.40558696223610297 2.2095238095238097
2 252 0.4134952749700704 2.4190476190476184
2 253 0.4009572669499449 2.228571428571428
2 254 0.343272766528748 1.7523809523809526
2 255 0.3446246471650602 1.6571428571428575
2 256 0.40141624803303155 2.152380952380952
2 257 0.424078598039773 2.495238095238095
2 258 0.49677367352132684 3.142857142857142
2 259 0.5172218026302828 3.5809523809523816
2 260 0.5683841927788115 4.495238095238094
2 261 0.5779138900646589 4.3619047619047615
2 262 0.6879048570916705 5.599999999999999
2 263 0.7244111153975031 6.5142857142857125
2 264 0.7056036964466301 6.933333333333333
2 265 0.7979100047827385 7.8476190476190455
2 266 0.8059643613163842 8.380952380952381
2 267 0.8905427484042042 9.63809523809524
2 268 0.8157604228212322 8.342857142857142
2 269 0.8312193954793943 8.133333333333331
2 270 0.7567229039340183 7.79047619047619
2 271 0.7593357968629538 7.676190476190475
2 272 0.7692252041299111 7.523809523809523
2 273 0.7401341420760363 6.742857142857142
2 274 0.7112450369526666 6.685714285714283
2 275 0.6931634285155285 5.961904761904759
2 276 0.7378105701323756 6.4380952380952365
2 277 0.7223156964942471 6.171428571428569
2 278 0.6961476056294446 5.923809523809525
2 279 0.7311603617803356 6.552380952380951
2 280 0.669918184392188 5.695238095238094
2 281 0.7081998685419444 6.4190476190476184
2 282 0.6303933734299979 5.085714285714285
2 283 0.6251387413718478 5.18095238095238
2 284 0.5954197073578695 4.476190476190476
2 285 0.5960875352273998 4.59047619047619
2 286 0.6001833728113443 4.19047619047619
2 287 0.585804827210434 4.285714285714286
2 288 0.5891102820053169 4.304761904761905
2 289 0.5879547465602517 4.057142857142857
2 290 0.5495231755285879 3.904761904761904
2 291 0.5556107322392941 4.114285714285714
2 292 0.5341882922581673 3.5999999999999996
2 293 0.533802103679378 3.8476190476190477
2 294 0.5374000511052957 3.638095238095238
2 295 0.46097543987244427 2.8190476190476184
2 296 0.49567310722089764 3.3333333333333326
2 297 0.5054625419867333 3.2190476190476183
2 298 0.5109460078769932 3.2761904761904757
2 299 0.4507690065372608 2.7238095238095235
2 300 0.3891664758020372 2.1142857142857143
2 301 0.4058317643024635 2.3238095238095235
2 302 0.3869100476945199 2.019047619047619
2 303 0.3289968552510495 1.4666666666666663
2 304 0.3671979896136298 1.7523809523809522
2 305 0.42845312973063826 2.4190476190476193
2 306 0.4668402053818204 2.666666666666667
2 307 0.51212384768338 3.3714285714285714
2 308 0.5673695909526355 4.114285714285713
2 309 0.5980253273906734 4.533333333333332
2 310 0.6795022767726904 5.333333333333333
2 311 0.6572720530820159 5.37142857142857
2 312 0.7007451421288609 6.133333333333332
2 313 0.6932323807265014 5.7523809523809515
2 314 0.75260039747562 7.047619047619046
2 315 0.7653055335393627 7.333333333333332
2 316 0.702621455119472 6.323809523809523
2 317 0.6833623380511862 6.266666666666664
2 318 0.6959044889790104 6.133333333333333
2 319 0.7033269644734298 6.17142857142857
2 320 0.6532751701651354 5.657142857142856
2 321 0.6877767624114797 5.80952380952381
2 322 0.686703892484113 5.33333333333333
2 323 0.6541698155687071 5.142857142857141
2 324 0.6390211601075046 4.914285714285714
2 325 0.6792454695856762 5.561904761904761
2 326 0.6640799997149088 5.123809523809524
2 327 0.6488673292035009 5.085714285714284
2 328 0.6353939331123264 4.914285714285713
2 329 0.6134539813558592 4.857142857142856
2 330 0.6132757899397021 4.552380952380951
2 331 0.6097281502586233 4.609523809523809
2 332 0.5759008656205279 4.190476190476191
2 333 0.5976868410864652 4.57142857142857
2 334 0.6006608195174632 4.533333333333334
2 335 0.5933321691924857 4.076190476190476
