0 0 16.033 5.36538
0 1 16.033 4.96154
0 2 16.033 5.5
0 3 16.033 5.17308
0 4 16.033 4.63462
0 5 16.033 4.19231
0 6 16.033 4.71154
0 7 16.033 3.28846
0 8 16.033 3.53846
0 9 16.033 2.92308
0 10 16.033 2.65385
0 11 16.033 2.63462
0 12 16.033 2.69231
0 13 16.033 2.01923
0 14 16.033 1.86538
0 15 16.033 2.32692
0 16 16.033 2.86538
0 17 16.033 3.38462
0 18 16.033 4.36538
0 19 16.033 5.07692
0 20 16.3926 6.82692
0 21 16.3917 7.44231
0 22 16.2703 7.57692
0 23 17.1422 9.07692
0 24 17.1692 9.69231
0 25 18.0363 10.4038
0 26 18.5889 10.7885
0 27 17.8308 10.3846
0 28 18.1285 10.5769
0 29 16.566 8.65385
0 30 16.7845 9.05769
0 31 16.9826 9.09615
0 32 16.9349 9.07692
0 33 16.5837 8.48077
0 34 17.0764 8.86538
0 35 16.8533 8.15385
0 36 16.4858 8
0 37 16.2817 6.86538
0 38 16.4851 6.92308
0 39 16.108 6.5
0 40 16.053 6.25
0 41 16.0713 6.5
0 42 16.033 6.13462
0 43 16.033 6.34615
0 44 16.033 6.90385
0 45 16.033 6.57692
0 46 16.033 5.15385
0 47 16.033 5.57692
0 48 16.033 5.03846
0 49 16.033 5.26923
0 50 16.033 4.28846
0 51 16.033 4.32692
0 52 16.033 3.38462
0 53 16.033 3.71154
0 54 16.033 2.86538
0 55 16.033 2.61538
0 56 16.033 2.38462
0 57 16.033 2.15385
0 58 16.033 2.09615
0 59 16.033 2.05769
0 60 16.033 2.01923
0 61 16.033 1.63462
0 62 16.033 2.09615
0 63 16.033 1.69231
0 64 16.033 2.36538
0 65 16.033 2.90385
0 66 16.033 3.69231
0 67 16.033 5.32692
0 68 16.0897 6.32692
0 69 16.033 6.75
0 70 16.033 7.38462
0 71 17.6592 10.0962
0 72 17.5468 9.73077
0 73 18.0021 10.6346
0 74 18.992 11.2885
0 75 18.9453 11.3269
0 76 18.2492 10.5577
0 77 18.3105 10.6346
0 78 17.6128 9.84615
0 79 17.8661 10.0769
0 80 16.9241 8.92308
0 81 17.0617 9.03846
0 82 16.596 7.96154
0 83 16.7029 7.80769
0 84 16.4405 7.07692
0 85 16.776 7.65385
0 86 16.7264 7.76923
0 87 16.033 7.30769
0 88 16.2193 7.26923
0 89 16.5034 7.32692
0 90 16.0398 7.11538
0 91 16.2979 7
0 92 16.1211 6.09615
0 93 16.033 5.75
0 94 16.033 5.23077
0 95 16.033 5.03846
0 96 16.033 4.32692
0 97 16.033 4.51923
0 98 16.033 3.63462
0 99 16.033 3.82692
0 100 16.033 3.40385
0 101 16.033 2.75
0 102 16.033 2.63462
0 103 16.033 1.96154
0 104 16.033 2.11538
0 105 16.033 2.01923
0 106 16.033 1.59615
0 107 16.033 1.75
0 108 16.033 1.76923
0 109 16.033 1.59615
0 110 16.033 1.48077
0 111 16.033 1.65385
0 112 16.033 2.21154
0 113 16.033 2.73077
0 114 16.033 3.73077
0 115 16.033 4.73077
0 116 16.033 5.48077
0 117 16.033 6.5
0 118 16.2097 7.17308
0 119 16.7273 8.80769
0 120 16.5144 8.78846
0 121 17.9823 10.3269
0 122 17.2546 9.65385
0 123 17.8919 10.3077
0 124 17.6782 9.94231
0 125 17.8629 10.0962
0 126 17.6673 10.0385
0 127 16.5851 8.61538
0 128 17.3005 9.53846
0 129 16.8992 8.59615
0 130 16.5387 8.09615
0 131 16.4251 7.23077
0 132 16.5029 7
0 133 16.2223 6.61538
0 134 16.1842 6.53846
0 135 16.2085 7.11538
0 136 16.1511 5.94231
0 137 16.0568 6.75
0 138 16.033 6.5
0 139 16.033 5.92308
0 140 16.033 5.98077
0 141 16.033 5.57692
0 142 16.033 5.38462
0 143 16.033 4.65385
0 144 16.033 4.65385
0 145 16.033 4.30769
0 146 16.033 3.94231
0 147 16.033 4
0 148 16.033 2.94231
0 149 16.033 2.94231
0 150 16.033 2.80769
0 151 16.033 2.34615
0 152 16.033 2.51923
0 153 16.033 1.98077
0 154 16.033 2.05769
0 155 16.033 1.80769
0 156 16.033 1.76923
0 157 16.033 1.76923
0 158 16.033 1.82692
0 159 16.033 1.86538
0 160 16.033 2.36538
0 161 16.033 2.69231
0 162 16.033 3.90385
0 163 16.033 5.09615
0 164 16.0715 6.05769
0 165 16.4845 7.32692
0 166 16.3005 8.59615
0 167 16.5368 8.5
0 168 17.7231 9.86538
0 169 18.3803 10.7885
0 170 19.0505 11.4423
0 171 18.0585 10.4038
0 172 18.534 10.8654
0 173 18.8799 11.1346
0 174 17.8515 10.1154
0 175 17.7745 10.1923
0 176 17.1863 9.40385
0 177 17.2464 8.98077
0 178 16.5737 7.65385
0 179 16.6676 7.40385
0 180 16.9907 8.5
0 181 16.8611 7.84615
0 182 16.361 7.86538
0 183 16.1583 7.36538
0 184 16.033 6.98077
0 185 16.1758 7
0 186 16.2527 7.07692
0 187 16.033 6.23077
0 188 16.0497 6.44231
0 189 16.033 6.36538
0 190 16.033 5.51923
0 191 16.033 5.5
0 192 16.033 4.49524
0 193 16.033 4.81905
0 194 16.033 4.68571
0 195 16.033 3.71429
0 196 16.033 3.50476
0 197 16.033 3.27619
0 198 16.033 2.7619
0 199 16.033 2.72381
0 200 16.033 2.81905
0 201 16.033 2.57143
0 202 16.033 2.28571
0 203 16.033 2.30476
0 204 16.033 1.94286
0 205 16.033 2.0381
0 206 16.033 1.6381
0 207 16.033 1.54286
0 208 16.033 2.66667
0 209 16.033 3.04762
0 210 16.033 3.86667
0 211 16.033 4.95238
0 212 16.033 5.6
0 213 16.1981 6.97143
0 214 16.6217 8.01905
0 215 16.5391 8.3619
0 216 16.5431 8.62857
0 217 17.0445 9.31429
0 218 16.7261 8.62857
0 219 17.9687 10.2857
0 220 16.9418 9.46667
0 221 17.2359 9.10476
0 222 16.9328 9.29524
0 223 17.0273 9.14286
0 224 16.9344 8.38095
0 225 16.7295 8.4
0 226 16.1462 7.00952
0 227 16.2394 7.65714
0 228 16.2199 7.04762
0 229 16.0549 6.72381
0 230 16.4405 6.70476
0 231 16.2199 7.06667
0 232 16.033 5.9619
0 233 16.045 6.60952
0 234 16.033 6.24762
0 235 16.033 6.7619
0 236 16.033 5.31429
0 237 16.033 5.75238
0 238 16.033 5.18095
0 239 16.033 5.58095
0 240 16.033 4.8381
0 241 16.033 5.10476
0 242 16.033 4.26667
0 243 16.033 4.38095
0 244 16.033 3.71429
0 245 16.033 3.88571
0 246 16.033 3.48571
0 247 16.033 3.67619
0 248 16.033 3.02857
0 249 16.033 3.33333
0 250 16.033 2.41905
0 251 16.033 2.32381
0 252 16.033 2.8381
0 253 16.033 2.87619
0 254 16.033 2.91429
0 255 16.033 2.57143
0 256 16.033 2.68571
0 257 16.033 3.2381
0 258 16.033 3.90476
0 259 16.033 4.70476
0 260 16.033 5.6381
0 261 16.033 5.2381
0 262 16.033 6.81905
0 263 16.1024 7.37143
0 264 16.2399 8.4381
0 265 16.402 8.53333
0 266 16.5572 8.8
0 267 16.6729 9.10476
0 268 17.1643 9.46667
0 269 16.3538 8.51429
0 270 16.5292 8.85714
0 271 16.6761 8.74286
0 272 16.8044 8.70476
0 273 16.4323 7.69524
0 274 16.0331 7.02857
0 275 16.033 6.0381
0 276 16.033 6.8
0 277 16.0647 6.87619
0 278 16.033 6.99048
0 279 16.066 6.66667
0 280 16.103 6.51429
0 281 16.033 5.90476
0 282 16.033 6.17143
0 283 16.033 6.07619
0 284 16.033 7.31429
0 285 16.033 6.24762
0 286 16.033 6.28571
0 287 16.033 6.22857
0 288 16.033 4.91429
0 289 16.033 5.6
0 290 16.033 4.87619
0 291 16.033 4.87619
0 292 16.033 4.24762
0 293 16.033 4.66667
0 294 16.033 3.92381
0 295 16.033 4.3619
0 296 16.033 3.6381
0 297 16.033 3.27619
0 298 16.033 3.37143
0 299 16.033 3.6381
0 300 16.033 3.12381
0 301 16.033 3.06667
0 302 16.033 3.10476
0 303 16.033 3.18095
0 304 16.033 3.14286
0 305 16.033 3.69524
0 306 16.033 4.19048
0 307 16.033 4.7619
0 308 16.033 5.67619
0 309 16.033 5.46667
0 310 16.033 6.13333
0 311 16.2202 7.2
0 312 16.033 7.92381
0 313 16.221 8.53333
0 314 16.033 8.30476
0 315 17.5984 10
0 316 16.7324 8.97143
0 317 16.9485 9.40952
0 318 16.1027 8.32381
0 319 16.4196 8.51429
0 320 16.1992 8.26667
0 321 16.3258 7.77143
0 322 16.1428 6.57143
0 323 16.033 6.7619
0 324 16.033 6.81905
0 325 16.033 6.8381
0 326 16.033 6.45714
0 327 16.033 6.51429
0 328 16.033 6.32381
0 329 16.033 6.26667
0 330 16.033 5.94286
0 331 16.033 7.14286
0 332 16.033 6.4
0 333 16.033 6.57143
0 334 16.033 5.6
0 335 16.033 5.6381
1 0 16.033 1.67308
1 1 16.033 1.13462
1 2 16.033 1.30769
1 3 16.033 1.32692
1 4 16.033 1.26923
1 5 16.033 1.19231
1 6 16.033 1.34615
1 7 16.033 0.903846
1 8 16.033 0.961538
1 9 16.033 1.01923
1 10 16.033 0.788462
1 11 16.033 0.788462
1 12 16.033 0.884615
1 13 16.033 0.596154
1 14 16.033 0.769231
1 15 16.033 0.634615
1 16 16.033 1.01923
1 17 16.033 1.09615
1 18 16.033 1.71154
1 19 16.033 1.92308
1 20 16.033 2.80769
1 21 16.033 3.19231
1 22 16.033 3.90385
1 23 16.033 4.82692
1 24 16.033 4.55769
1 25 16.033 4.84615
1 26 16.033 5.15385
1 27 16.033 5.61538
1 28 16.033 5
1 29 16.033 5.15385
1 30 16.033 4.05769
1 31 16.033 4.36538
1 32 16.033 4.28846
1 33 16.033 4.34615
1 34 16.033 4.13462
1 35 16.033 3.73077
1 36 16.033 3.80769
1 37 16.033 3.21154
1 38 16.033 2.98077
1 39 16.033 3.44231
1 40 16.033 3.19231
1 41 16.033 3.30769
1 42 16.033 2.92308
1 43 16.033 3.07692
1 44 16.033 2.28846
1 45 16.033 1.90385
1 46 16.033 2.32692
1 47 16.033 1.92308
1 48 16.033 2.19231
1 49 16.033 1.90385
1 50 16.033 1.71154
1 51 16.033 1.28846
1 52 16.033 1.42308
1 53 16.033 1.17308
1 54 16.033 0.923077
1 55 16.033 1.03846
1 56 16.033 1.09615
1 57 16.033 0.730769
1 58 16.033 0.673077
1 59 16.033 0.634615
1 60 16.033 0.807692
1 61 16.033 0.846154
1 62 16.033 0.692308
1 63 16.033 0.653846
1 64 16.033 0.807692
1 65 16.033 1.23077
1 66 16.033 1.55769
1 67 16.033 1.82692
1 68 16.033 2.46154
1 69 16.033 3.13462
1 70 16.033 3.09615
1 71 16.033 3.59615
1 72 16.033 4.61538
1 73 16.033 4.76923
1 74 16.033 4.57692
1 75 16.033 4.98077
1 76 16.033 4.63462
1 77 16.033 4.07692
1 78 16.033 3.69231
1 79 16.033 3.90385
1 80 16.033 3.61538
1 81 16.033 3.78846
1 82 16.033 2.86538
1 83 16.033 3.53846
1 84 16.033 3.19231
1 85 16.033 3.07692
1 86 16.033 2.98077
1 87 16.033 3.30769
1 88 16.033 2.36538
1 89 16.033 2.84615
1 90 16.033 2.36538
1 91 16.033 2.36538
1 92 16.033 2.19231
1 93 16.033 2.13462
1 94 16.033 2.21154
1 95 16.033 1.69231
1 96 16.033 1.73077
1 97 16.033 1.78846
1 98 16.033 1.63462
1 99 16.033 1.26923
1 100 16.033 1.44231
1 101 16.033 1.23077
1 102 16.033 1.09615
1 103 16.033 1.11538
1 104 16.033 1.01923
1 105 16.033 0.826923
1 106 16.033 0.711538
1 107 16.033 0.673077
1 108 16.033 0.576923
1 109 16.033 0.365385
1 110 16.033 0.615385
1 111 16.033 0.653846
1 112 16.033 0.653846
1 113 16.033 0.75
1 114 16.033 1.07692
1 115 16.033 1.46154
1 116 16.033 2.11538
1 117 16.033 3.13462
1 118 16.033 3.32692
1 119 16.033 3.76923
1 120 16.033 4.28846
1 121 16.033 4.15385
1 122 16.033 4.48077
1 123 16.033 4.15385
1 124 16.033 4.15385
1 125 16.033 4.46154
1 126 16.033 3.63462
1 127 16.033 3.75
1 128 16.033 3.25
1 129 16.033 3.63462
1 130 16.033 3.46154
1 131 16.033 2.73077
1 132 16.033 2.86538
1 133 16.033 3.03846
1 134 16.033 3.09615
1 135 16.033 2.75
1 136 16.033 2.73077
1 137 16.033 2.28846
1 138 16.033 2.98077
1 139 16.033 2.25
1 140 16.033 2.48077
1 141 16.033 2.21154
1 142 16.033 2.15385
1 143 16.033 2.40385
1 144 16.033 2.26923
1 145 16.033 2.17308
1 146 16.033 1.71154
1 147 16.033 1.75
1 148 16.033 1.21154
1 149 16.033 1.42308
1 150 16.033 1.48077
1 151 16.033 0.942308
1 152 16.033 1.23077
1 153 16.033 0.942308
1 154 16.033 1.11538
1 155 16.033 0.826923
1 156 16.033 0.634615
1 157 16.033 0.653846
1 158 16.033 0.673077
1 159 16.033 0.615385
1 160 16.033 0.884615
1 161 16.033 1.21154
1 162 16.033 1.30769
1 163 16.033 1.88462
1 164 16.033 2.42308
1 165 16.033 2.94231
1 166 16.033 3.01923
1 167 16.033 3.53846
1 168 16.033 4.26923
1 169 16.033 4.55769
1 170 16.033 4.03846
1 171 16.033 4.46154
1 172 16.033 4.13462
1 173 16.033 4.48077
1 174 16.033 3.40385
1 175 16.033 3.53846
1 176 16.033 3.53846
1 177 16.033 3.07692
1 178 16.033 2.94231
1 179 16.033 2.75
1 180 16.033 2.67308
1 181 16.033 2.61538
1 182 16.033 1.90385
1 183 16.033 2.44231
1 184 16.033 2.80769
1 185 16.033 2.59615
1 186 16.033 2.55769
1 187 16.033 2.23077
1 188 16.033 2.05769
1 189 16.033 2.01923
1 190 16.033 1.63462
1 191 16.033 1.59615
1 192 16.033 1.5619
1 193 16.033 1.18095
1 194 16.033 1.42857
1 195 16.033 1.2
1 196 16.033 1.1619
1 197 16.033 0.819048
1 198 16.033 1.06667
1 199 16.033 0.990476
1 200 16.033 0.971429
1 201 16.033 0.666667
1 202 16.033 0.87619
1 203 16.033 0.666667
1 204 16.033 0.685714
1 205 16.033 0.609524
1 206 16.033 0.533333
1 207 16.033 0.438095
1 208 16.033 0.819048
1 209 16.033 0.990476
1 210 16.033 1.46667
1 211 16.033 1.67619
1 212 16.033 2.4
1 213 16.033 2.87619
1 214 16.033 3.73333
1 215 16.033 3.9619
1 216 16.033 4.15238
1 217 16.033 4.13333
1 218 16.033 4.89524
1 219 16.033 4.91429
1 220 16.033 4.68571
1 221 16.033 4.30476
1 222 16.033 3.94286
1 223 16.033 3.9619
1 224 16.033 3.27619
1 225 16.033 3.35238
1 226 16.033 3.04762
1 227 16.033 3.39048
1 228 16.033 3.1619
1 229 16.033 2.99048
1 230 16.033 3.42857
1 231 16.033 2.57143
1 232 16.033 2.8
1 233 16.033 3.06667
1 234 16.033 2.74286
1 235 16.033 2.57143
1 236 16.033 2.15238
1 237 16.033 2.34286
1 238 16.033 2.09524
1 239 16.033 2.15238
1 240 16.033 1.88571
1 241 16.033 1.79048
1 242 16.033 1.79048
1 243 16.033 1.44762
1 244 16.033 1.54286
1 245 16.033 1.48571
1 246 16.033 1.6381
1 247 16.033 1.42857
1 248 16.033 1.48571
1 249 16.033 1.00952
1 250 16.033 1.14286
1 251 16.033 1.10476
1 252 16.033 1.29524
1 253 16.033 0.895238
1 254 16.033 1.06667
1 255 16.033 0.761905
1 256 16.033 1.1619
1 257 16.033 1.10476
1 258 16.033 1.9619
1 259 16.033 1.71429
1 260 16.033 2.41905
1 261 16.033 2.11429
1 262 16.033 3.10476
1 263 16.033 3.37143
1 264 16.033 3.94286
1 265 16.033 3.86667
1 266 16.033 4.0381
1 267 16.033 3.67619
1 268 16.033 3.71429
1 269 16.033 4.64762
1 270 16.033 3.5619
1 271 16.033 3.50476
1 272 16.033 3.37143
1 273 16.033 3.77143
1 274 16.033 3.31429
1 275 16.033 3.39048
1 276 16.033 3.27619
1 277 16.033 3.06667
1 278 16.033 2.72381
1 279 16.033 2.62857
1 280 16.033 2.19048
1 281 16.033 2.85714
1 282 16.033 2.22857
1 283 16.033 2.49524
1 284 16.033 2.05714
1 285 16.033 1.82857
1 286 16.033 2.22857
1 287 16.033 1.9619
1 288 16.033 2.19048
1 289 16.033 1.84762
1 290 16.033 1.6
1 291 16.033 1.80952
1 292 16.033 1.39048
1 293 16.033 1.6381
1 294 16.033 1.50476
1 295 16.033 1.71429
1 296 16.033 1.2
1 297 16.033 1.58095
1 298 16.033 1.42857
1 299 16.033 1.14286
1 300 16.033 1.35238
1 301 16.033 0.971429
1 302 16.033 1.00952
1 303 16.033 0.761905
1 304 16.033 1.06667
1 305 16.033 1.31429
1 306 16.033 1.39048
1 307 16.033 2.01905
1 308 16.033 1.92381
1 309 16.033 2.05714
1 310 16.033 2.72381
1 311 16.033 2.70476
1 312 16.033 3.02857
1 313 16.033 3.90476
1 314 16.033 3.6381
1 315 16.033 3.86667
1 316 16.033 3.75238
1 317 16.033 3.82857
1 318 16.033 3.21905
1 319 16.033 3.67619
1 320 16.033 3.48571
1 321 16.033 2.95238
1 322 16.033 2.72381
1 323 16.033 2.68571
1 324 16.033 2.99048
1 325 16.033 2.55238
1 326 16.033 2.3619
1 327 16.033 2.64762
1 328 16.033 2.38095
1 329 16.033 2.38095
1 330 16.033 2.05714
1 331 16.033 2.11429
1 332 16.033 1.86667
1 333 16.033 1.67619
1 334 16.033 1.48571
1 335 16.033 1.10476
2 0 16.033 4.28846
2 1 16.033 3.96154
2 2 16.033 4.09615
2 3 16.033 3.38462
2 4 16.033 3.51923
2 5 16.033 3.30769
2 6 16.033 3.65385
2 7 16.033 2.55769
2 8 16.033 2.53846
2 9 16.033 2.5
2 10 16.033 1.80769
2 11 16.033 1.65385
2 12 16.033 2.28846
2 13 16.033 1.76923
2 14 16.033 1.82692
2 15 16.033 1.80769
2 16 16.033 1.82692
2 17 16.033 2.34615
2 18 16.033 3.65385
2 19 16.033 5.05769
2 20 16.033 5.34615
2 21 16.033 6.15385
2 22 16.2636 7.53846
2 23 16.7602 8.46154
2 24 16.8505 9.03846
2 25 16.882 9
2 26 16.5745 8.75
2 27 18.0391 10.5192
2 28 17.2081 9.5
2 29 17.319 9.67308
2 30 16.7923 8.42308
2 31 16.655 8.13462
2 32 16.5702 8.03846
2 33 16.7196 8.48077
2 34 16.2362 6.75
2 35 16.254 6.46154
2 36 16.2967 6.46154
2 37 16.0348 6.84615
2 38 16.2268 7.19231
2 39 16.0332 6.42308
2 40 16.3158 6.51923
2 41 16.033 6.55769
2 42 16.033 5.82692
2 43 16.033 6.19231
2 44 16.033 5.23077
2 45 16.033 4.88462
2 46 16.033 4.88462
2 47 16.033 4.13462
2 48 16.033 4.88462
2 49 16.033 4.19231
2 50 16.033 4.15385
2 51 16.033 3.88462
2 52 16.033 3.40385
2 53 16.033 3.26923
2 54 16.033 2.40385
2 55 16.033 2.73077
2 56 16.033 1.98077
2 57 16.033 2.15385
2 58 16.033 1.5
2 59 16.033 1.67308
2 60 16.033 1.55769
2 61 16.033 1.46154
2 62 16.033 1.38462
2 63 16.033 1.13462
2 64 16.033 1.76923
2 65 16.033 2.07692
2 66 16.033 3.19231
2 67 16.033 4.07692
2 68 16.033 4.53846
2 69 16.033 5.30769
2 70 16.033 6.28846
2 71 16.033 7.32692
2 72 16.5264 7.71154
2 73 16.4879 8.53846
2 74 16.377 8.26923
2 75 16.5603 8.73077
2 76 16.8158 8.46154
2 77 16.4681 8.44231
2 78 16.5597 7.76923
2 79 16.3242 7.48077
2 80 16.489 7.34615
2 81 16.3614 7.48077
2 82 16.0717 6.48077
2 83 16.1844 6.55769
2 84 16.1118 5.92308
2 85 16.033 5.19231
2 86 16.0452 5.88462
2 87 16.2453 6.03846
2 88 16.0641 5.96154
2 89 16.033 5.30769
2 90 16.033 5.5
2 91 16.033 5.59615
2 92 16.033 6.11538
2 93 16.033 6.05769
2 94 16.033 5.25
2 95 16.033 5.34615
2 96 16.033 5.5
2 97 16.033 5.03846
2 98 16.033 4.44231
2 99 16.033 3.98077
2 100 16.033 4.25
2 101 16.033 3.55769
2 102 16.033 3.51923
2 103 16.033 3.01923
2 104 16.033 2.84615
2 105 16.033 2.25
2 106 16.033 1.71154
2 107 16.033 1.76923
2 108 16.033 1.57692
2 109 16.033 1.57692
2 110 16.033 1.80769
2 111 16.033 1.5
2 112 16.033 1.92308
2 113 16.033 2.44231
2 114 16.033 3.25
2 115 16.033 4.32692
2 116 16.033 4.59615
2 117 16.033 4.84615
2 118 16.3877 6.57692
2 119 16.1724 7.59615
2 120 17.0004 8.51923
2 121 16.8816 8.30769
2 122 16.7891 9.21154
2 123 17.466 9.82692
2 124 16.7007 8.34615
2 125 16.7734 8.23077
2 126 16.6679 7.92308
2 127 16.6542 7.57692
2 128 16.6819 6.94231
2 129 16.1791 6.94231
2 130 16.033 6.17308
2 131 16.0333 6.13462
2 132 16.033 5.94231
2 133 16.033 6.11538
2 134 16.2615 6.42308
2 135 16.3 6.32692
2 136 16.148 6.26923
2 137 16.116 5.96154
2 138 16.033 5.34615
2 139 16.033 5.21154
2 140 16.033 5.42308
2 141 16.033 4.44231
2 142 16.033 4.65385
2 143 16.033 4.46154
2 144 16.033 4.23077
2 145 16.033 4.69231
2 146 16.033 3.63462
2 147 16.033 3.55769
2 148 16.033 3.55769
2 149 16.033 3.51923
2 150 16.033 2.51923
2 151 16.033 3.07692
2 152 16.033 2.17308
2 153 16.033 2.46154
2 154 16.033 2.05769
2 155 16.033 1.59615
2 156 16.033 1.92308
2 157 16.033 1.48077
2 158 16.033 1.28846
2 159 16.033 1.5
2 160 16.033 1.61538
2 161 16.033 1.80769
2 162 16.033 2.73077
2 163 16.033 3.53846
2 164 16.033 4.96154
2 165 16.033 4.84615
2 166 16.033 6.44231
2 167 16.033 5.63462
2 168 16.4129 7.69231
2 169 16.0637 7.25
2 170 16.6473 8.19231
2 171 16.782 8.69231
2 172 16.2093 7.34615
2 173 16.4905 7.88462
2 174 16.1064 6.92308
2 175 16.2683 6.98077
2 176 16.2214 6.61538
2 177 16.5011 7.11538
2 178 16.033 5.90385
2 179 16.033 5.94231
2 180 16.3566 6.53846
2 181 16.033 5.34615
2 182 16.0431 5.75
2 183 16.033 4.94231
2 184 16.033 5.51923
2 185 16.033 4.69231
2 186 16.033 4.82692
2 187 16.033 5.21154
2 188 16.033 4.61538
2 189 16.033 5.09615
2 190 16.033 4.88462
2 191 16.033 4.82692
2 192 16.033 4.78095
2 193 16.033 4.15238
2 194 16.033 4.17143
2 195 16.033 3.94286
2 196 16.033 3.71429
2 197 16.033 3.71429
2 198 16.033 3.1619
2 199 16.033 2.81905
2 200 16.033 2.7619
2 201 16.033 2.26667
2 202 16.033 1.98095
2 203 16.033 2.07619
2 204 16.033 1.79048
2 205 16.033 1.6
2 206 16.033 1.52381
2 207 16.033 1.10476
2 208 16.033 1.9619
2 209 16.033 2.26667
2 210 16.033 3.37143
2 211 16.033 3.92381
2 212 16.033 4.45714
2 213 16.033 5.88571
2 214 16.0576 6.4
2 215 16.033 6.30476
2 216 16.4122 7.14286
2 217 16.1629 7.9619
2 218 16.442 8.62857
2 219 16.5975 8.4381
2 220 16.7846 8.11429
2 221 16.5054 7.90476
2 222 16.3846 8.4381
2 223 16.0681 7.46667
2 224 16.5352 7.48571
2 225 16.4989 8.0381
2 226 16.033 6.34286
2 227 16.1429 5.6381
2 228 16.033 5.88571
2 229 16.033 5.44762
2 230 16.033 5.67619
2 231 16.033 5.5619
2 232 16.033 6
2 233 16.033 5.6381
2 234 16.033 4.47619
2 235 16.033 4.87619
2 236 16.033 5.06667
2 237 16.033 5.08571
2 238 16.033 3.92381
2 239 16.033 3.82857
2 240 16.033 3.94286
2 241 16.033 3.9619
2 242 16.033 3.27619
2 243 16.033 3.50476
2 244 16.033 3.25714
2 245 16.033 3.21905
2 246 16.033 2.85714
2 247 16.033 2.66667
2 248 16.033 2.8381
2 249 16.033 2.24762
2 250 16.033 2.34286
2 251 16.033 2.20952
2 252 16.033 2.41905
2 253 16.033 2.22857
2 254 16.033 1.75238
2 255 16.033 1.65714
2 256 16.033 2.15238
2 257 16.033 2.49524
2 258 16.033 3.14286
2 259 16.033 3.58095
2 260 16.033 4.49524
2 261 16.033 4.3619
2 262 16.033 5.6
2 263 16.033 6.51429
2 264 16.2369 6.93333
2 265 16.033 7.84762
2 266 16.2251 8.38095
2 267 16.9776 9.6381
2 268 16.1746 8.34286
2 269 16.3791 8.13333
2 270 16.1241 7.79048
2 271 16.3562 7.67619
2 272 16.033 7.52381
2 273 16.033 6.74286
2 274 16.033 6.68571
2 275 16.033 5.9619
2 276 16.033 6.4381
2 277 16.033 6.17143
2 278 16.033 5.92381
2 279 16.033 6.55238
2 280 16.033 5.69524
2 281 16.033 6.41905
2 282 16.033 5.08571
2 283 16.033 5.18095
2 284 16.033 4.47619
2 285 16.033 4.59048
2 286 16.033 4.19048
2 287 16.033 4.28571
2 288 16.033 4.30476
2 289 16.033 4.05714
2 290 16.033 3.90476
2 291 16.033 4.11429
2 292 16.033 3.6
2 293 16.033 3.84762
2 294 16.033 3.6381
2 295 16.033 2.81905
2 296 16.033 3.33333
2 297 16.033 3.21905
2 298 16.033 3.27619
2 299 16.033 2.72381
2 300 16.033 2.11429
2 301 16.033 2.32381
2 302 16.033 2.01905
2 303 16.033 1.46667
2 304 16.033 1.75238
2 305 16.033 2.41905
2 306 16.033 2.66667
2 307 16.033 3.37143
2 308 16.033 4.11429
2 309 16.033 4.53333
2 310 16.033 5.33333
2 311 16.033 5.37143
2 312 16.033 6.13333
2 313 16.033 5.75238
2 314 16.033 7.04762
2 315 16.033 7.33333
2 316 16.033 6.32381
2 317 16.033 6.26667
2 318 16.033 6.13333
2 319 16.033 6.17143
2 320 16.033 5.65714
2 321 16.033 5.80952
2 322 16.033 5.33333
2 323 16.033 5.14286
2 324 16.033 4.91429
2 325 16.033 5.5619
2 326 16.033 5.12381
2 327 16.033 5.08571
2 328 16.033 4.91429
2 329 16.033 4.85714
2 330 16.033 4.55238
2 331 16.033 4.60952
2 332 16.033 4.19048
2 333 16.033 4.57143
2 334 16.033 4.53333
2 335 16.033 4.07619
