0 0 1.40947 1.40952
0 1 1.1618 1.1619
0 2 1.33335 1.33333
0 3 1.17933 1.18095
0 4 1.10475 1.10476
0 5 0.742723 0.742857
0 6 1.06669 1.06667
0 7 0.952402 0.952381
0 8 0.876177 0.87619
0 9 0.609542 0.609524
0 10 0.742877 0.742857
0 11 0.609531 0.609524
0 12 0.571446 0.571429
0 13 0.552413 0.552381
0 14 0.51432 0.514286
0 15 0.437685 0.438095
0 16 0.72383 0.72381
0 17 0.914307 0.914286
0 18 1.44405 1.44762
0 19 1.54284 1.54286
0 20 2.28547 2.28571
0 21 2.66248 2.66667
0 22 3.54103 3.54286
0 23 3.69469 3.69524
0 24 3.86588 3.86667
0 25 3.87843 3.88571
0 26 4.70388 4.70476
0 27 4.53339 4.53333
0 28 4.32214 4.32381
0 29 4.17122 4.17143
0 30 3.67591 3.67619
0 31 3.78738 3.79048
0 32 3.14158 3.14286
0 33 3.1044 3.10476
0 34 2.83773 2.8381
0 35 3.18023 3.18095
0 36 3.0095 3.00952
0 37 2.91434 2.91429
0 38 3.20007 3.2
0 39 2.38098 2.38095
0 40 2.4761 2.47619
0 41 2.9522 2.95238
0 42 2.57096 2.57143
0 43 2.41851 2.41905
0 44 1.96188 1.9619
0 45 2.22812 2.22857
0 46 1.98096 1.98095
0 47 2.03788 2.0381
0 48 1.73327 1.73333
0 49 1.65715 1.65714
0 50 1.65716 1.65714
0 51 1.31426 1.31429
0 52 1.48573 1.48571
0 53 1.44763 1.44762
0 54 1.58092 1.58095
0 55 1.29525 1.29524
0 56 1.37089 1.37143
0 57 0.914307 0.914286
0 58 1.08574 1.08571
0 59 1.00954 1.00952
0 60 1.25715 1.25714
0 61 0.838114 0.838095
0 62 1.04694 1.04762
0 63 0.706576 0.704762
0 64 1.12073 1.12381
0 65 1.04762 1.04762
0 66 1.84764 1.84762
0 67 1.55968 1.5619
0 68 2.22854 2.22857
0 69 1.9996 2
0 70 3.02724 3.02857
0 71 3.16152 3.1619
0 72 3.77087 3.77143
0 73 3.63616 3.6381
0 74 3.86471 3.86667
0 75 3.46615 3.46667
0 76 3.52138 3.52381
0 77 4.3978 4.4
0 78 3.29354 3.29524
0 79 3.25491 3.25714
0 80 3.16176 3.1619
0 81 3.63699 3.6381
0 82 3.14271 3.14286
0 83 3.14224 3.14286
0 84 3.17819 3.18095
0 85 2.99002 2.99048
0 86 2.47621 2.47619
0 87 2.47604 2.47619
0 88 2.07582 2.07619
0 89 2.68579 2.68571
0 90 2.07621 2.07619
0 91 2.3619 2.3619
0 92 1.98087 1.98095
0 93 1.7143 1.71429
0 94 2.1524 2.15238
0 95 1.80944 1.80952
0 96 2.07607 2.07619
0 97 1.73245 1.73333
0 98 1.48549 1.48571
0 99 1.71429 1.71429
0 100 1.4095 1.40952
0 101 1.60001 1.6
0 102 1.39023 1.39048
0 103 1.60001 1.6
0 104 1.12383 1.12381
0 105 1.42859 1.42857
0 106 1.29482 1.29524
0 107 1.08443 1.08571
0 108 1.31372 1.31429
0 109 0.933078 0.933333
0 110 0.971436 0.971429
0 111 0.724804 0.72381
0 112 1.04718 1.04762
0 113 1.25705 1.25714
0 114 1.37132 1.37143
0 115 1.88565 1.88571
0 116 1.79046 1.79048
0 117 2.01902 2.01905
0 118 2.57014 2.57143
0 119 2.53338 2.53333
0 120 2.89289 2.89524
0 121 3.52344 3.52381
0 122 3.46641 3.46667
0 123 3.63771 3.6381
0 124 3.50383 3.50476
0 125 3.56006 3.5619
0 126 3.02859 3.02857
0 127 3.40952 3.40952
0 128 3.19979 3.2
0 129 2.74276 2.74286
0 130 2.66628 2.66667
0 131 2.45711 2.45714
0 132 2.87601 2.87619
0 133 2.38103 2.38095
0 134 2.17143 2.17143
0 135 2.4377 2.4381
0 136 2.26664 2.26667
0 137 2.17123 2.17143
0 138 1.94287 1.94286
0 139 2.05716 2.05714
0 140 1.69526 1.69524
0 141 1.40952 1.40952
0 142 1.37138 1.37143
0 143 0.990422 0.990476
0 144 1.61902 1.61905
0 145 1.0095 1.00952
0 146 1.16192 1.1619
0 147 1.21906 1.21905
0 148 1.16175 1.1619
0 149 1.12374 1.12381
0 150 1.22002 1.21905
0 151 0.895253 0.895238
0 152 0.89526 0.895238
0 153 0.933205 0.933333
0 154 0.780975 0.780952
0 155 0.761926 0.761905
0 156 0.85738 0.857143
0 157 0.573767 0.571429
0 158 0.704782 0.704762
0 159 0.630598 0.628571
0 160 1.02858 1.02857
0 161 1.06669 1.06667
0 162 1.56186 1.5619
0 163 1.77122 1.77143
0 164 2.68505 2.68571
0 165 2.95163 2.95238
0 166 3.59986 3.6
0 167 4.38051 4.38095
0 168 4.1523 4.15238
0 169 4.47641 4.47619
0 170 4.81961 4.81905
0 171 5.18053 5.18095
0 172 4.5491 4.55238
0 173 4.81536 4.81905
0 174 3.82747 3.82857
0 175 4.13136 4.13333
0 176 3.88588 3.88571
0 177 4.09085 4.09524
0 178 3.73273 3.73333
0 179 3.57428 3.58095
0 180 3.48116 3.48571
0 181 3.00929 3.00952
0 182 2.85393 2.85714
0 183 3.29382 3.29524
0 184 2.9521 2.95238
0 185 3.14287 3.14286
0 186 2.72375 2.72381
0 187 2.89511 2.89524
0 188 2.18976 2.19048
0 189 1.73336 1.73333
0 190 2.09521 2.09524
0 191 1.82861 1.82857
0 192 2.11539 2.11538
0 193 1.82675 1.82692
0 194 1.57693 1.57692
0 195 1.26925 1.26923
0 196 1.38554 1.38462
0 197 1.03848 1.03846
0 198 0.865398 0.865385
0 199 0.961558 0.961538
0 200 1.01925 1.01923
0 201 0.673096 0.673077
0 202 0.59623 0.596154
0 203 0.615408 0.615385
0 204 0.752351 0.75
0 205 0.788469 0.788462
0 206 0.65387 0.653846
0 207 0.634634 0.634615
0 208 0.769255 0.769231
0 209 1.13641 1.13462
0 210 1.49981 1.5
0 211 1.7307 1.73077
0 212 2.32685 2.32692
0 213 2.86529 2.86538
0 214 2.82676 2.82692
0 215 3.28017 3.28846
0 216 4.44242 4.44231
0 217 4.60905 4.61538
0 218 4.28878 4.28846
0 219 4.48067 4.48077
0 220 4.36048 4.36538
0 221 3.82624 3.84615
0 222 3.38411 3.38462
0 223 3.63456 3.63462
0 224 3.4608 3.46154
0 225 3.44144 3.44231
0 226 2.66885 2.67308
0 227 3.34588 3.34615
0 228 2.88365 2.88462
0 229 2.9807 2.98077
0 230 2.82682 2.82692
0 231 3.17266 3.17308
0 232 2.28724 2.28846
0 233 2.55747 2.55769
0 234 2.3065 2.30769
0 235 2.1923 2.19231
0 236 2.05713 2.05769
0 237 2.01908 2.01923
0 238 2.07695 2.07692
0 239 1.59597 1.59615
0 240 1.63463 1.63462
0 241 1.57687 1.57692
0 242 1.5577 1.55769
0 243 1.21151 1.21154
0 244 1.38463 1.38462
0 245 1.15386 1.15385
0 246 1.07694 1.07692
0 247 1.05771 1.05769
0 248 1.00002 1
0 249 0.809317 0.807692
0 250 0.615403 0.615385
0 251 0.674996 0.673077
0 252 0.577001 0.576923
0 253 0.362054 0.365385
0 254 0.615395 0.615385
0 255 0.576973 0.576923
0 256 0.675371 0.673077
0 257 0.732147 0.730769
0 258 1.05761 1.05769
0 259 1.3654 1.36538
0 260 1.94214 1.94231
0 261 2.9411 2.94231
0 262 2.98077 2.98077
0 263 3.53828 3.53846
0 264 4.05648 4.05769
0 265 3.89865 3.90385
0 266 4.24896 4.25
0 267 3.76122 3.76923
0 268 3.9578 3.96154
0 269 4.32656 4.32692
0 270 3.53484 3.53846
0 271 3.55748 3.55769
0 272 3.07692 3.07692
0 273 3.34471 3.34615
0 274 3.25012 3.25
0 275 2.63401 2.63462
0 276 2.61489 2.61538
0 277 2.88375 2.88462
0 278 2.92091 2.92308
0 279 2.57697 2.57692
0 280 2.51873 2.51923
0 281 2.07512 2.07692
0 282 2.78849 2.78846
0 283 2.09583 2.09615
0 284 2.36541 2.36538
0 285 2.09597 2.09615
0 286 2.05763 2.05769
0 287 2.26927 2.26923
0 288 2.13443 2.13462
0 289 2.05749 2.05769
0 290 1.61523 1.61538
0 291 1.65543 1.65385
0 292 1.15387 1.15385
0 293 1.34614 1.34615
0 294 1.34617 1.34615
0 295 0.865403 0.865385
0 296 1.21156 1.21154
0 297 0.884638 0.884615
0 298 1.05771 1.05769
0 299 0.750021 0.75
0 300 0.615463 0.615385
0 301 0.596172 0.596154
0 302 0.655966 0.653846
0 303 0.534966 0.538462
0 304 0.8654 0.865385
0 305 1.15378 1.15385
0 306 1.28649 1.28846
0 307 1.80735 1.80769
0 308 2.28846 2.28846
0 309 2.69077 2.69231
0 310 2.78851 2.78846
0 311 3.26929 3.26923
0 312 4.01757 4.01923
0 313 4.26916 4.26923
0 314 3.82568 3.82692
0 315 4.07417 4.07692
0 316 3.88165 3.88462
0 317 4.30614 4.30769
0 318 3.20877 3.21154
0 319 3.30744 3.30769
0 320 3.32671 3.32692
0 321 2.96014 2.96154
0 322 2.80769 2.80769
0 323 2.59606 2.59615
0 324 2.49821 2.5
0 325 2.40386 2.40385
0 326 1.76922 1.76923
0 327 2.32697 2.32692
0 328 2.71107 2.71154
0 329 2.4474 2.46154
0 330 2.44229 2.44231
0 331 2.05759 2.05769
0 332 1.88459 1.88462
0 333 1.80769 1.80769
0 334 1.50002 1.5
0 335 1.50002 1.5
1 0 4.66615 4.66667
1 1 3.97982 3.98095
1 2 4.01819 4.01905
1 3 3.67524 3.67619
1 4 3.59975 3.6
1 5 3.59844 3.6
1 6 3.0092 3.00952
1 7 2.6665 2.66667
1 8 2.58975 2.59048
1 9 2.17129 2.17143
1 10 1.80833 1.80952
1 11 1.94283 1.94286
1 12 1.7143 1.71429
1 13 1.54287 1.54286
1 14 1.42857 1.42857
1 15 1.08572 1.08571
1 16 1.80954 1.80952
1 17 2.19028 2.19048
1 18 3.21907 3.21905
1 19 3.7134 3.71429
1 20 4.32157 4.32381
1 21 5.51957 5.52381
1 22 6.26518 6.26667
1 23 5.99961 6
1 24 6.78046 6.78095
1 25 7.49229 7.50476
1 26 8.14745 8.15238
1 27 8.08703 8.11429
1 28 7.65513 7.67619
1 29 7.579 7.6
1 30 8.33816 8.34286
1 31 6.98936 6.99048
1 32 7.1804 7.18095
1 33 7.65405 7.65714
1 34 5.98098 5.98095
1 35 5.3512 5.35238
1 36 5.65634 5.65714
1 37 5.12375 5.12381
1 38 5.42668 5.42857
1 39 5.29397 5.29524
1 40 5.84761 5.84762
1 41 5.50513 5.50476
1 42 4.32364 4.32381
1 43 4.74179 4.74286
1 44 4.80106 4.8
1 45 4.77728 4.78095
1 46 3.73132 3.73333
1 47 3.76895 3.77143
1 48 3.74288 3.75238
1 49 3.63706 3.6381
1 50 3.10381 3.10476
1 51 3.40953 3.40952
1 52 3.14261 3.14286
1 53 3.14279 3.14286
1 54 2.68526 2.68571
1 55 2.56807 2.57143
1 56 2.8953 2.89524
1 57 2.20944 2.20952
1 58 2.28566 2.28571
1 59 2.03807 2.0381
1 60 2.28474 2.28571
1 61 2.05655 2.05714
1 62 1.65714 1.65714
1 63 1.60001 1.6
1 64 2.0366 2.0381
1 65 2.32268 2.32381
1 66 2.96926 2.97143
1 67 3.27552 3.27619
1 68 4.29147 4.30476
1 69 4.30439 4.30476
1 70 5.25537 5.25714
1 71 6.32245 6.32381
1 72 6.78109 6.78095
1 73 7.34636 7.35238
1 74 8.1536 8.17143
1 75 9.0084 9.00952
1 76 7.7783 7.79048
1 77 7.86704 7.86667
1 78 7.67283 7.67619
1 79 7.25575 7.25714
1 80 7.30781 7.31429
1 81 6.49496 6.49524
1 82 6.47568 6.47619
1 83 5.59828 5.6
1 84 6.33918 6.34286
1 85 5.78967 5.79048
1 86 5.63594 5.6381
1 87 6.11347 6.11429
1 88 5.29373 5.29524
1 89 6.13284 6.13333
1 90 4.81879 4.81905
1 91 4.83658 4.8381
1 92 4.16646 4.17143
1 93 4.34281 4.34286
1 94 4.03599 4.0381
1 95 4.09529 4.09524
1 96 4.03767 4.0381
1 97 3.95948 3.9619
1 98 3.63384 3.6381
1 99 3.90143 3.90476
1 100 3.25603 3.25714
1 101 3.67592 3.67619
1 102 3.38995 3.39048
1 103 2.6279 2.62857
1 104 3.18065 3.18095
1 105 3.1779 3.18095
1 106 3.18011 3.18095
1 107 2.60874 2.60952
1 108 1.90233 1.90476
1 109 2.28574 2.28571
1 110 1.9428 1.94286
1 111 1.4476 1.44762
1 112 1.67714 1.67619
1 113 2.30472 2.30476
1 114 2.57143 2.57143
1 115 3.19678 3.2
1 116 3.82741 3.82857
1 117 4.4181 4.41905
1 118 5.0804 5.08571
1 119 4.96969 4.97143
1 120 5.95462 5.9619
1 121 5.42795 5.42857
1 122 6.53067 6.53333
1 123 7.06491 7.06667
1 124 5.84393 5.84762
1 125 6.12976 6.13333
1 126 5.84762 5.84762
1 127 5.6373 5.6381
1 128 5.50055 5.50476
1 129 5.42613 5.42857
1 130 4.91022 4.91429
1 131 4.7809 4.78095
1 132 4.60955 4.60952
1 133 5.10314 5.10476
1 134 4.89289 4.89524
1 135 4.79917 4.8
1 136 4.70459 4.70476
1 137 4.64664 4.64762
1 138 4.34237 4.34286
1 139 4.26439 4.26667
1 140 3.92327 3.92381
1 141 4.22622 4.22857
1 142 4.38039 4.38095
1 143 3.97979 3.98095
1 144 3.99887 4
1 145 3.76687 3.77143
1 146 3.86158 3.86667
1 147 3.31305 3.31429
1 148 3.27413 3.27619
1 149 3.0467 3.04762
1 150 3.27524 3.27619
1 151 2.41874 2.41905
1 152 2.40125 2.4
1 153 2.34229 2.34286
1 154 1.71417 1.71429
1 155 1.58226 1.58095
1 156 2.2091 2.20952
1 157 1.67601 1.67619
1 158 1.77143 1.77143
1 159 1.67618 1.67619
1 160 1.79034 1.79048
1 161 2.18994 2.19048
1 162 3.40818 3.40952
1 163 4.84711 4.85714
1 164 5.00428 5.00952
1 165 5.87892 5.88571
1 166 7.18917 7.2
1 167 7.90499 7.92381
1 168 8.43372 8.4381
1 169 8.31364 8.32381
1 170 8.28426 8.28571
1 171 10.0796 10.1143
1 172 9.00654 9.00952
1 173 9.32923 9.35238
1 174 7.84236 7.86667
1 175 7.51694 7.52381
1 176 7.69338 7.69524
1 177 7.98097 8.01905
1 178 6.45798 6.45714
1 179 6.10563 6.11429
1 180 5.91413 5.92381
1 181 6.51096 6.51429
1 182 6.84408 6.85714
1 183 6.20887 6.20952
1 184 6.03583 6.0381
1 185 6.24713 6.24762
1 186 5.46667 5.46667
1 187 5.69113 5.69524
1 188 4.91404 4.91429
1 189 4.70411 4.70476
1 190 4.72025 4.72381
1 191 3.90315 3.90476
1 192 4.69138 4.69231
1 193 3.82187 3.82692
1 194 4.07621 4.07692
1 195 3.7801 3.78846
1 196 2.98078 2.98077
1 197 3.13376 3.13462
1 198 2.28835 2.28846
1 199 2.59596 2.59615
1 200 1.90378 1.90385
1 201 2.07694 2.07692
1 202 1.3845 1.38462
1 203 1.59616 1.59615
1 204 1.48078 1.48077
1 205 1.44232 1.44231
1 206 1.34607 1.34615
1 207 1.05766 1.05769
1 208 1.76723 1.76923
1 209 1.96155 1.96154
1 210 3.01923 3.01923
1 211 3.90327 3.90385
1 212 4.32633 4.32692
1 213 5.08845 5.09615
1 214 5.99174 6
1 215 6.96463 6.98077
1 216 7.55447 7.55769
1 217 7.96008 7.96154
1 218 7.97067 7.98077
1 219 8.33857 8.34615
1 220 8.01853 8.03846
1 221 8.15146 8.15385
1 222 7.28895 7.28846
1 223 7.05102 7.05769
1 224 6.93798 6.94231
1 225 7.24971 7.25
1 226 6.21158 6.21154
1 227 6.11467 6.11538
1 228 5.65243 5.65385
1 229 4.86451 4.86538
1 230 5.67117 5.67308
1 231 5.68342 5.69231
1 232 5.66919 5.67308
1 233 4.9418 4.94231
1 234 5.22969 5.23077
1 235 5.32667 5.32692
1 236 5.68871 5.69231
1 237 5.91979 5.92308
1 238 4.86529 4.86538
1 239 4.92318 4.92308
1 240 5.05363 5.05769
1 241 4.90201 4.90385
1 242 4.23025 4.23077
1 243 3.71056 3.71154
1 244 4.05572 4.05769
1 245 3.30637 3.30769
1 246 3.36508 3.36538
1 247 2.88523 2.88462
1 248 2.59577 2.59615
1 249 2.11524 2.11538
1 250 1.67309 1.67308
1 251 1.69221 1.69231
1 252 1.48259 1.48077
1 253 1.46148 1.46154
1 254 1.65386 1.65385
1 255 1.42309 1.42308
1 256 1.7864 1.78846
1 257 2.32638 2.32692
1 258 3.09557 3.09615
1 259 4.15153 4.15385
1 260 4.44094 4.44231
1 261 4.61228 4.61538
1 262 6.2942 6.30769
1 263 7.38232 7.38462
1 264 8.26638 8.30769
1 265 7.96968 7.98077
1 266 8.80475 8.80769
1 267 9.49251 9.5
1 268 7.98216 7.98077
1 269 7.72998 7.73077
1 270 7.60596 7.61538
1 271 7.10698 7.11538
1 272 6.44504 6.46154
1 273 6.68805 6.71154
1 274 5.9023 5.90385
1 275 5.78466 5.78846
1 276 5.67021 5.67308
1 277 5.95984 5.96154
1 278 6.13295 6.13462
1 279 6.14545 6.15385
1 280 5.94162 5.94231
1 281 5.62702 5.63462
1 282 5.13269 5.13462
1 283 5.11454 5.11538
1 284 5.1319 5.13462
1 285 4.15247 4.15385
1 286 4.42178 4.42308
1 287 4.20856 4.21154
1 288 3.92136 3.92308
1 289 4.4993 4.5
1 290 3.51848 3.51923
1 291 3.39906 3.40385
1 292 3.44131 3.44231
1 293 3.46008 3.46154
1 294 2.48038 2.48077
1 295 2.94251 2.94231
1 296 2.01913 2.01923
1 297 2.3459 2.34615
1 298 1.90386 1.90385
1 299 1.48144 1.48077
1 300 1.86531 1.86538
1 301 1.44233 1.44231
1 302 1.25 1.25
1 303 1.38463 1.38462
1 304 1.48072 1.48077
1 305 1.74992 1.75
1 306 2.65501 2.65385
1 307 3.36664 3.36538
1 308 4.84575 4.84615
1 309 4.63416 4.63462
1 310 6.28427 6.28846
1 311 5.22913 5.23077
1 312 7.30392 7.30769
1 313 6.93718 6.94231
1 314 7.80928 7.80769
1 315 8.2242 8.23077
1 316 6.97883 6.98077
1 317 7.55358 7.55769
1 318 6.38292 6.38462
1 319 6.70748 6.71154
1 320 6.21017 6.21154
1 321 6.65177 6.65385
1 322 5.69149 5.69231
1 323 5.65339 5.65385
1 324 6.06892 6.07692
1 325 5.03888 5.03846
1 326 5.63527 5.63462
1 327 4.69063 4.69231
1 328 5.24994 5.25
1 329 4.40036 4.40385
1 330 4.74957 4.75
1 331 4.99947 5
1 332 4.49731 4.5
1 333 4.99804 5
1 334 4.63349 4.63462
1 335 4.57551 4.57692
2 0 4.24292 4.24762
2 1 4.51369 4.51429
2 2 4.41828 4.41905
2 3 3.46672 3.46667
2 4 3.3327 3.33333
2 5 3.02685 3.02857
2 6 2.47593 2.47619
2 7 2.55183 2.55238
2 8 2.70465 2.70476
2 9 2.36192 2.3619
2 10 2.2279 2.22857
2 11 2.15206 2.15238
2 12 1.90472 1.90476
2 13 1.92379 1.92381
2 14 1.54288 1.54286
2 15 1.4666 1.46667
2 16 2.56625 2.57143
2 17 2.89506 2.89524
2 18 3.69494 3.69524
2 19 4.68234 4.68571
2 20 5.27541 5.27619
2 21 6.66579 6.66667
2 22 7.56452 7.58095
2 23 7.99616 8
2 24 8.1112 8.11429
2 25 8.98013 9.00952
2 26 8.2419 8.24762
2 27 9.6074 9.6381
2 28 9.22815 9.2381
2 29 8.57485 8.59048
2 30 8.78996 8.8
2 31 8.79422 8.8
2 32 7.89632 7.90476
2 33 7.9708 7.98095
2 34 6.66582 6.66667
2 35 7.19603 7.2
2 36 6.57471 6.59048
2 37 6.41636 6.41905
2 38 6.3212 6.32381
2 39 6.73794 6.74286
2 40 5.67281 5.67619
2 41 6.33921 6.34286
2 42 5.69285 5.69524
2 43 6.43835 6.4381
2 44 5.2941 5.29524
2 45 5.54212 5.54286
2 46 4.97047 4.97143
2 47 5.29166 5.29524
2 48 4.62842 4.62857
2 49 4.73974 4.74286
2 50 4.11253 4.11429
2 51 4.151 4.15238
2 52 3.58091 3.58095
2 53 3.50242 3.50476
2 54 3.37119 3.37143
2 55 3.50406 3.50476
2 56 2.76147 2.7619
2 57 3.18097 3.18095
2 58 2.17144 2.17143
2 59 2.26644 2.26667
2 60 2.60913 2.60952
2 61 2.55217 2.55238
2 62 2.78093 2.78095
2 63 2.43779 2.4381
2 64 2.63937 2.64762
2 65 3.04748 3.04762
2 66 3.61907 3.61905
2 67 4.51471 4.51429
2 68 5.31164 5.31429
2 69 4.85049 4.85714
2 70 6.35895 6.3619
2 71 6.87323 6.87619
2 72 8.12128 8.13333
2 73 8.34555 8.3619
2 74 8.33784 8.34286
2 75 8.89999 8.91429
2 76 9.11516 9.12381
2 77 8.03339 8.0381
2 78 8.26552 8.26667
2 79 8.24519 8.24762
2 80 8.3448 8.3619
2 81 7.33249 7.33333
2 82 6.58807 6.59048
2 83 5.8833 5.88571
2 84 6.34016 6.34286
2 85 6.64719 6.64762
2 86 6.72406 6.72381
2 87 6.22736 6.22857
2 88 6.0953 6.09524
2 89 5.54124 5.54286
2 90 5.82619 5.82857
2 91 5.97993 5.98095
2 92 6.92607 6.93333
2 93 5.69466 5.69524
2 94 5.88582 5.88571
2 95 6.00002 6
2 96 4.64355 4.64762
2 97 5.35197 5.35238
2 98 4.7405 4.74286
2 99 4.60865 4.60952
2 100 4.03806 4.0381
2 101 4.30136 4.30476
2 102 3.67627 3.67619
2 103 4.11352 4.11429
2 104 3.46549 3.46667
2 105 3.1237 3.12381
2 106 3.16198 3.1619
2 107 3.42623 3.42857
2 108 2.99018 2.99048
2 109 2.97139 2.97143
2 110 2.93323 2.93333
2 111 3.04761 3.04762
2 112 2.95689 2.97143
2 113 3.46544 3.46667
2 114 3.98074 3.98095
2 115 4.51192 4.51429
2 116 5.44761 5.44762
2 117 5.14287 5.14286
2 118 6.0179 6.01905
2 119 6.9249 6.93333
2 120 7.50331 7.50476
2 121 8.14878 8.15238
2 122 7.76876 7.77143
2 123 9.473 9.48571
2 124 8.59144 8.59048
2 125 8.88755 8.91429
2 126 7.84079 7.84762
2 127 7.99228 8
2 128 7.80286 7.80952
2 129 7.59992 7.6
2 130 6.41508 6.41905
2 131 6.39918 6.4
2 132 6.43391 6.4381
2 133 6.53171 6.53333
2 134 6.22832 6.22857
2 135 6.22676 6.22857
2 136 6.01971 6.01905
2 137 5.92293 5.92381
2 138 5.65636 5.65714
2 139 6.87044 6.87619
2 140 5.94122 5.94286
2 141 6.30531 6.30476
2 142 5.33346 5.33333
2 143 5.11877 5.12381
2 144 5.02802 5.02857
2 145 4.7035 4.70476
2 146 5.17927 5.18095
2 147 5.00832 5.00952
2 148 4.36163 4.3619
2 149 3.98026 3.98095
2 150 4.53293 4.53333
2 151 3.04627 3.04762
2 152 3.27496 3.27619
2 153 2.6854 2.68571
2 154 2.57369 2.57143
2 155 2.53271 2.53333
2 156 2.55288 2.55238
2 157 1.90478 1.90476
2 158 1.75237 1.75238
2 159 2.24707 2.24762
2 160 2.64626 2.64762
2 161 3.13989 3.14286
2 162 4.20779 4.20952
2 163 4.64727 4.64762
2 164 6.44751 6.45714
2 165 7.12071 7.12381
2 166 6.96813 6.97143
2 167 8.54548 8.57143
2 168 9.37683 9.39048
2 169 9.79838 9.80952
2 170 10.3421 10.3429
2 171 10.0295 10.0571
2 172 9.69879 9.73333
2 173 8.07533 8.07619
2 174 8.55796 8.59048
2 175 8.71678 8.74286
2 176 8.47621 8.49524
2 177 7.88236 7.88571
2 178 8.2378 8.26667
2 179 7.5999 7.61905
2 180 7.69401 7.69524
2 181 6.37806 6.38095
2 182 6.32002 6.32381
2 183 6.0763 6.07619
2 184 5.80592 5.80952
2 185 5.95986 5.9619
2 186 5.73049 5.73333
2 187 6.0186 6.01905
2 188 6.47453 6.47619
2 189 6.16628 6.17143
2 190 4.856 4.85714
2 191 5.36907 5.37143
2 192 4.78787 4.78846
2 193 5.09546 5.09615
2 194 4.03776 4.03846
2 195 4.13319 4.13462
2 196 3.19071 3.19231
2 197 3.61544 3.61538
2 198 2.69141 2.69231
2 199 2.46157 2.46154
2 200 2.30726 2.30769
2 201 2.07693 2.07692
2 202 1.96194 1.96154
2 203 1.9615 1.96154
2 204 1.88463 1.88462
2 205 1.53796 1.53846
2 206 1.94233 1.94231
2 207 1.61467 1.61538
2 208 2.23011 2.23077
2 209 2.8619 2.86538
2 210 3.47893 3.48077
2 211 5.01879 5.01923
2 212 6.05069 6.05769
2 213 6.47874 6.48077
2 214 6.95515 6.96154
2 215 9.64514 9.67308
2 216 9.07437 9.09615
2 217 10.1983 10.2115
2 218 10.6525 10.6923
2 219 10.7625 10.7692
2 220 10.1908 10.1923
2 221 10.3942 10.4231
2 222 9.43502 9.44231
2 223 9.65249 9.67308
2 224 8.44533 8.46154
2 225 8.46114 8.48077
2 226 7.55731 7.55769
2 227 7.5529 7.55769
2 228 6.74807 6.75
2 229 7.50997 7.51923
2 230 7.49274 7.5
2 231 7.01112 7.01923
2 232 6.82556 6.82692
2 233 7.1709 7.17308
2 234 6.62937 6.63462
2 235 6.66324 6.67308
2 236 5.80902 5.80769
2 237 5.45881 5.46154
2 238 5.04948 5.05769
2 239 4.80694 4.80769
2 240 4.07674 4.07692
2 241 4.32648 4.32692
2 242 3.46106 3.46154
2 243 3.71127 3.71154
2 244 3.2685 3.26923
2 245 2.61489 2.61538
2 246 2.36537 2.36538
2 247 1.88443 1.88462
2 248 2.03823 2.03846
2 249 1.9037 1.90385
2 250 1.46125 1.46154
2 251 1.61564 1.61538
2 252 1.69232 1.69231
2 253 1.53848 1.53846
2 254 1.38464 1.38462
2 255 1.55747 1.55769
2 256 2.01924 2.01923
2 257 2.51875 2.51923
2 258 3.6516 3.65385
2 259 4.50005 4.5
2 260 5.17279 5.17308
2 261 6.15259 6.15385
2 262 6.72206 6.73077
2 263 8.40584 8.42308
2 264 8.344 8.34615
2 265 9.86107 9.88462
2 266 9.27178 9.28846
2 267 9.61088 9.61538
2 268 9.58276 9.59615
2 269 9.78495 9.82692
2 270 9.63591 9.63462
2 271 8.06153 8.07692
2 272 9.23924 9.25
2 273 8.23669 8.25
2 274 7.6311 7.63462
2 275 6.87792 6.88462
2 276 6.70191 6.71154
2 277 6.20865 6.21154
2 278 6.24685 6.25
2 279 6.67198 6.67308
2 280 5.51972 5.51923
2 281 6.53626 6.53846
2 282 6.32419 6.32692
2 283 5.4984 5.5
2 284 5.57491 5.57692
2 285 5.28856 5.28846
2 286 5.13369 5.13462
2 287 4.4804 4.48077
2 288 4.49909 4.5
2 289 3.99943 4
2 290 3.6921 3.69231
2 291 3.76426 3.76923
2 292 2.71066 2.71154
2 293 2.80731 2.80769
2 294 2.61518 2.61538
2 295 2.21153 2.21154
2 296 2.34579 2.34615
2 297 1.80834 1.80769
2 298 1.94221 1.94231
2 299 1.71156 1.71154
2 300 1.69231 1.69231
2 301 1.67297 1.67308
2 302 1.65381 1.65385
2 303 1.80667 1.80769
2 304 2.26922 2.26923
2 305 2.51924 2.51923
2 306 3.7651 3.76923
2 307 4.78693 4.78846
2 308 5.82715 5.82692
2 309 7.12554 7.13462
2 310 8.26921 8.26923
2 311 8.25478 8.28846
2 312 9.38878 9.40385
2 313 10.2553 10.2692
2 314 10.7396 10.75
2 315 9.88396 9.88462
2 316 10.5329 10.5385
2 317 10.6905 10.6923
2 318 9.86172 9.86538
2 319 9.71781 9.73077
2 320 8.67129 8.69231
2 321 8.45028 8.46154
2 322 7.38093 7.38462
2 323 7.09858 7.11538
2 324 8.12887 8.13462
2 325 7.60594 7.63462
2 326 7.41342 7.42308
2 327 7.09509 7.09615
2 328 6.48026 6.48077
2 329 6.56177 6.57692
2 330 6.67426 6.67308
2 331 6.01686 6.01923
2 332 6.05787 6.05769
2 333 5.90224 5.90385
2 334 5.19009 5.19231
2 335 5.28812 5.28846
