0 0 27.5 32.06100001707506
0 1 35 32.55600007775796
0 2 30 27.561000084031576
0 3 32.5 36.05899999629956
0 4 26.5 27.062000100692995
0 5 29.5 34.05300007559837
0 6 40 26.564000059346988
0 7 34.5 26.062000086191148
0 8 34 23.063000102647543
0 9 25 33.05699537967565
0 10 28 36.05700004175967
0 11 31 26.564000067575197
0 12 31.5 29.0610000716893
0 13 31.5 30.062000021910094
0 14 24.5 30.559000084031588
0 15 27 29.5580000922598
0 16 29 30.05700009441935
0 17 23 29.065000026229193
0 18 32 30.55500010676164
0 19 37 31.06100005430698
0 20 31.5 34.55900004196467
0 21 28 33.05500008814567
0 22 33.5 25.5610001130353
0 23 26.5 35.05300007364383
0 24 34.5 32.5620000303433
0 25 26.5 24.065000071689294
0 26 31 28.06100007168927
0 27 34.5 33.550000125172595
