0 0 31.699999999999996 29.66760750818898
0 1 31.050000000000015 28.85274161092361
0 2 29.649999999999995 28.837866905677505
0 3 30.150000000000002 27.932336186883553
0 4 29.20000000000001 29.479853789592568
0 5 29.650000000000006 28.560837822671964
0 6 30.650000000000027 28.57398685947318
0 7 27.95 27.715109587304628
0 8 29.700000000000006 29.62912131950935
0 9 29.700000000000006 28.66203110305865
0 10 29.55000000000002 28.815557675984433
0 11 28.7 27.77454295092332
0 12 31.350000000000005 29.85285893348577
0 13 27.200000000000003 28.036583460777567
0 14 30.700000000000003 29.169285697780982
0 15 30.349999999999994 28.08459891829541
0 16 30.650000000000013 29.532160206523066
0 17 29.900000000000013 28.711168145900935
0 18 30.500000000000014 28.72796533611353
0 19 28.00000000000001 27.652946026381205
0 20 32.25 29.986600875919375
0 21 30.350000000000005 28.434471058222435
0 22 27.85000000000001 28.071484781120528
0 23 29.55 27.824954127931946
0 24 30.75 29.499913645709285
0 25 30.350000000000023 28.62187517915621
0 26 29.150000000000006 28.589899785369294
0 27 27.899999999999995 27.438238159742344
