0 0 29.995 16.781341376492925
0 1 29.995999999999995 16.840347443787568
0 2 29.748000000000015 16.768279904035072
0 3 29.994000000000007 16.76706610347957
0 4 29.864000000000008 16.77378232926061
0 5 30.182 16.844862136118568
0 6 30.237999999999992 16.783088964832217
0 7 30.046 16.764974100154987
0 8 30.075 16.7797368649175
0 9 29.93899999999999 16.847728775685002
0 10 30.172999999999995 16.77145723392714
0 11 29.899000000000004 16.76301129672355
0 12 30.035000000000004 16.779874119832584
0 13 29.963 16.843445292296735
0 14 29.840999999999994 16.771326151284175
0 15 29.793999999999997 16.76949597491409
0 16 29.92000000000001 16.772349945335453
0 17 30.348000000000003 16.85060335029086
0 18 29.730000000000015 16.77303406828708
0 19 29.940000000000005 16.766064873780703
0 20 30.069000000000003 16.77407580547144
0 21 30.156000000000002 16.845010690015386
0 22 30.053999999999995 16.773946763862448
0 23 29.975999999999992 16.76479674118949
0 24 29.761 16.77401744065225
0 25 30.260999999999996 16.84822743067403
0 26 29.865999999999996 16.77438199351044
0 27 30.09 16.76712137190544
