0 0 30 30.055999974515903
0 1 27.5 27.562999952401533
0 2 32.5 32.55699986729861
0 3 31 31.053999933648637
0 4 25.5 25.55999997788069
0 5 26 26.061999933648305
0 6 40 40.05199864609169
0 7 34 34.05399993364763
0 8 41 41.04999862397502
0 9 30 30.056999955764013
0 10 25.5 25.567999911532954
0 11 38 38.04799995239949
0 12 37 37.05199860186131
0 13 29 29.06299990816817
0 14 26 26.06599986729993
0 15 29.5 29.55499995576401
0 16 32.5 32.55699991152996
0 17 30.5 30.555999955763024
0 18 27 27.061999911532965
0 19 33.5 33.55599988941393
0 20 30 30.059999889415938
0 21 33.5 33.56099988605014
0 22 33.5 33.55499993364766
0 23 31 31.061999955762694
0 24 34 34.051999999995395
0 25 27 27.064999911530983
0 26 29 29.05799991153195
0 27 28.5 28.56299993364831
