0 0 2.59891 5.36538
0 1 2.45593 4.96154
0 2 2.63087 5.5
0 3 2.49924 5.17308
0 4 2.37323 4.63462
0 5 2.20596 4.19231
0 6 2.37085 4.71154
0 7 1.89009 3.28846
0 8 1.97984 3.53846
0 9 1.75672 2.92308
0 10 1.65856 2.65385
0 11 1.63837 2.63462
0 12 1.67248 2.69231
0 13 1.41637 2.01923
0 14 1.36958 1.86538
0 15 1.5305 2.32692
0 16 1.73288 2.86538
0 17 1.9261 3.38462
0 18 2.28867 4.36538
0 19 2.49952 5.07692
0 20 2.99142 6.82692
0 21 3.15667 7.44231
0 22 3.1968 7.57692
0 23 3.56046 9.07692
0 24 3.67707 9.69231
0 25 3.85191 10.4038
0 26 3.9411 10.7885
0 27 3.85297 10.3846
0 28 3.89197 10.5769
0 29 3.46388 8.65385
0 30 3.54866 9.05769
0 31 3.57381 9.09615
0 32 3.57144 9.07692
0 33 3.40853 8.48077
0 34 3.50935 8.86538
0 35 3.30311 8.15385
0 36 3.30583 8
0 37 3.01275 6.86538
0 38 3.00212 6.92308
0 39 2.9115 6.5
0 40 2.82857 6.25
0 41 2.92118 6.5
0 42 2.8028 6.13462
0 43 2.87475 6.34615
0 44 3.01716 6.90385
0 45 2.94213 6.57692
0 46 2.53417 5.15385
0 47 2.65395 5.57692
0 48 2.49471 5.03846
0 49 2.5505 5.26923
0 50 2.25136 4.28846
0 51 2.24483 4.32692
0 52 1.93358 3.38462
0 53 2.06269 3.71154
0 54 1.74252 2.86538
0 55 1.64511 2.61538
0 56 1.56855 2.38462
0 57 1.47371 2.15385
0 58 1.44534 2.09615
0 59 1.43567 2.05769
0 60 1.40519 2.01923
0 61 1.29331 1.63462
0 62 1.43783 2.09615
0 63 1.28939 1.69231
0 64 1.55499 2.36538
0 65 1.74668 2.90385
0 66 2.03958 3.69231
0 67 2.5579 5.32692
0 68 2.85158 6.32692
0 69 2.97417 6.75
0 70 3.14967 7.38462
0 71 3.8 10.0962
0 72 3.70527 9.73077
0 73 3.88527 10.6346
0 74 4.06394 11.2885
0 75 4.07003 11.3269
0 76 3.90226 10.5577
0 77 3.91697 10.6346
0 78 3.74799 9.84615
0 79 3.78538 10.0769
0 80 3.50954 8.92308
0 81 3.54251 9.03846
0 82 3.30017 7.96154
0 83 3.24582 7.80769
0 84 3.0522 7.07692
0 85 3.20131 7.65385
0 86 3.2445 7.76923
0 87 3.10733 7.30769
0 88 3.09944 7.26923
0 89 3.11896 7.32692
0 90 3.09018 7.11538
0 91 3.01554 7
0 92 2.79741 6.09615
0 93 2.69944 5.75
0 94 2.53641 5.23077
0 95 2.49675 5.03846
0 96 2.27685 4.32692
0 97 2.31377 4.51923
0 98 2.02951 3.63462
0 99 2.11423 3.82692
0 100 1.94475 3.40385
0 101 1.68441 2.75
0 102 1.66916 2.63462
0 103 1.38337 1.96154
0 104 1.43545 2.11538
0 105 1.4131 2.01923
0 106 1.27517 1.59615
0 107 1.31454 1.75
0 108 1.32028 1.76923
0 109 1.24944 1.59615
0 110 1.2291 1.48077
0 111 1.28707 1.65385
0 112 1.50126 2.21154
0 113 1.67013 2.73077
0 114 2.04261 3.73077
0 115 2.37367 4.73077
0 116 2.62355 5.48077
0 117 2.91817 6.5
0 118 3.09738 7.17308
0 119 3.49171 8.82692
0 120 3.49156 8.78846
0 121 3.83574 10.3269
0 122 3.69628 9.67308
0 123 3.84962 10.3077
0 124 3.76131 9.94231
0 125 3.79842 10.0962
0 126 3.78377 10.0385
0 127 3.44428 8.61538
0 128 3.67146 9.53846
0 129 3.45211 8.59615
0 130 3.32095 8.09615
0 131 3.11211 7.25
0 132 3.04185 7
0 133 2.93127 6.61538
0 134 2.92997 6.53846
0 135 3.07392 7.11538
0 136 2.74631 5.94231
0 137 2.97567 6.76923
0 138 2.90482 6.5
0 139 2.75339 5.92308
0 140 2.7627 5.98077
0 141 2.65719 5.57692
0 142 2.59567 5.38462
0 143 2.37182 4.65385
0 144 2.34608 4.65385
0 145 2.26171 4.30769
0 146 2.15291 3.94231
0 147 2.15708 4
0 148 1.76155 2.94231
0 149 1.76334 2.94231
0 150 1.72494 2.80769
0 151 1.54362 2.34615
0 152 1.60183 2.51923
0 153 1.38137 1.98077
0 154 1.44142 2.05769
0 155 1.3166 1.80769
0 156 1.32903 1.76923
0 157 1.30695 1.76923
0 158 1.3601 1.82692
0 159 1.349 1.86538
0 160 1.55559 2.36538
0 161 1.6843 2.69231
0 162 2.11158 3.90385
0 163 2.51071 5.09615
0 164 2.7924 6.05769
0 165 3.11385 7.32692
0 166 3.43343 8.59615
0 167 3.42296 8.5
0 168 3.7297 9.86538
0 169 3.94624 10.7885
0 170 4.0813 11.4423
0 171 3.86241 10.4038
0 172 3.94582 10.8654
0 173 4.02751 11.1346
0 174 3.79223 10.1154
0 175 3.81631 10.2115
0 176 3.62893 9.40385
0 177 3.53074 8.98077
0 178 3.20242 7.67308
0 179 3.12617 7.40385
0 180 3.40246 8.5
0 181 3.25106 7.84615
0 182 3.27952 7.86538
0 183 3.13334 7.36538
0 184 3.04883 6.98077
0 185 3.04327 7
0 186 3.08334 7.07692
0 187 2.83236 6.23077
0 188 2.9013 6.44231
0 189 2.86559 6.36538
0 190 2.63985 5.51923
0 191 2.63818 5.5
0 192 2.32735 4.49524
0 193 2.43176 4.81905
0 194 2.39347 4.68571
0 195 2.05899 3.71429
0 196 1.98368 3.50476
0 197 1.88634 3.27619
0 198 1.68988 2.7619
0 199 1.69363 2.72381
0 200 1.71991 2.81905
0 201 1.63362 2.57143
0 202 1.52861 2.28571
0 203 1.52441 2.30476
0 204 1.39099 1.94286
0 205 1.42985 2.0381
0 206 1.2877 1.6381
0 207 1.25025 1.54286
0 208 1.67722 2.66667
0 209 1.83071 3.04762
0 210 2.10126 3.86667
0 211 2.45788 4.95238
0 212 2.66773 5.6
0 213 3.04994 6.97143
0 214 3.31566 8.01905
0 215 3.39432 8.3619
0 216 3.47157 8.62857
0 217 3.61626 9.31429
0 218 3.46468 8.62857
0 219 3.85954 10.2857
0 220 3.66007 9.46667
0 221 3.57346 9.10476
0 222 3.62327 9.29524
0 223 3.56657 9.14286
0 224 3.38095 8.38095
0 225 3.40869 8.4
0 226 3.07057 7.00952
0 227 3.23673 7.65714
0 228 3.0716 7.04762
0 229 2.97927 6.72381
0 230 2.97011 6.70476
0 231 3.07847 7.06667
0 232 2.7719 5.9619
0 233 2.93106 6.60952
0 234 2.8648 6.24762
0 235 2.98973 6.7619
0 236 2.56536 5.31429
0 237 2.71175 5.75238
0 238 2.5391 5.18095
0 239 2.64805 5.58095
0 240 2.40827 4.8381
0 241 2.51408 5.10476
0 242 2.24719 4.26667
0 243 2.28491 4.38095
0 244 2.05506 3.71429
0 245 2.12809 3.88571
0 246 1.97566 3.48571
0 247 2.04053 3.67619
0 248 1.80113 3.02857
0 249 1.93015 3.33333
0 250 1.58081 2.41905
0 251 1.53628 2.32381
0 252 1.71811 2.8381
0 253 1.75767 2.87619
0 254 1.76531 2.91429
0 255 1.62245 2.57143
0 256 1.67001 2.68571
0 257 1.87563 3.2381
0 258 2.12356 3.90476
0 259 2.38433 4.70476
0 260 2.66852 5.6381
0 261 2.54468 5.2381
0 262 3.01308 6.81905
0 263 3.13673 7.37143
0 264 3.41927 8.4381
0 265 3.457 8.53333
0 266 3.5061 8.8
0 267 3.57087 9.10476
0 268 3.66993 9.46667
0 269 3.42947 8.51429
0 270 3.51764 8.85714
0 271 3.48239 8.74286
0 272 3.47508 8.70476
0 273 3.22178 7.69524
0 274 3.04592 7.02857
0 275 2.78578 6.0381
0 276 3.00413 6.8
0 277 3.02044 6.87619
0 278 3.04858 6.99048
0 279 2.96057 6.66667
0 280 2.91352 6.51429
0 281 2.73042 5.90476
0 282 2.81871 6.17143
0 283 2.80972 6.07619
0 284 3.15019 7.31429
0 285 2.83284 6.24762
0 286 2.85393 6.30476
0 287 2.84301 6.22857
0 288 2.47114 4.91429
0 289 2.64617 5.6
0 290 2.44569 4.87619
0 291 2.44897 4.87619
0 292 2.24833 4.24762
0 293 2.3581 4.66667
0 294 2.13127 3.92381
0 295 2.25871 4.3619
0 296 2.01315 3.6381
0 297 1.87151 3.27619
0 298 1.93725 3.37143
0 299 1.99693 3.6381
0 300 1.83705 3.12381
0 301 1.82032 3.06667
0 302 1.81804 3.10476
0 303 1.87469 3.18095
0 304 1.8416 3.14286
0 305 2.05855 3.69524
0 306 2.21626 4.19048
0 307 2.39294 4.7619
0 308 2.68314 5.67619
0 309 2.62316 5.46667
0 310 2.80572 6.13333
0 311 3.09161 7.2
0 312 3.27548 7.92381
0 313 3.44275 8.53333
0 314 3.37509 8.30476
0 315 3.77433 10
0 316 3.55445 8.97143
0 317 3.63105 9.40952
0 318 3.39074 8.32381
0 319 3.42351 8.51429
0 320 3.37903 8.26667
0 321 3.26043 7.77143
0 322 2.92995 6.57143
0 323 2.99075 6.7619
0 324 2.98864 6.81905
0 325 3.01334 6.8381
0 326 2.90338 6.45714
0 327 2.9034 6.51429
0 328 2.87364 6.32381
0 329 2.8383 6.26667
0 330 2.75588 5.94286
0 331 3.09142 7.14286
0 332 2.87544 6.4
0 333 2.94915 6.57143
0 334 2.66335 5.6
0 335 2.65217 5.6381
1 0 1.28375 1.67308
1 1 1.11971 1.13462
1 2 1.20081 1.30769
1 3 1.18537 1.32692
1 4 1.16062 1.26923
1 5 1.1395 1.19231
1 6 1.1861 1.34615
1 7 1.05609 0.903846
1 8 1.09061 0.961538
1 9 1.09665 1.01923
1 10 1.04888 0.788462
1 11 1.04295 0.788462
1 12 1.0496 0.884615
1 13 1.01857 0.596154
1 14 1.0389 0.769231
1 15 1.02909 0.634615
1 16 1.0686 1.01923
1 17 1.0867 1.09615
1 18 1.30629 1.71154
1 19 1.3806 1.92308
1 20 1.71944 2.80769
1 21 1.86304 3.19231
1 22 2.1431 3.90385
1 23 2.41995 4.82692
1 24 2.33489 4.55769
1 25 2.40888 4.84615
1 26 2.51295 5.15385
1 27 2.66209 5.61538
1 28 2.47227 5
1 29 2.51903 5.15385
1 30 2.15723 4.05769
1 31 2.28056 4.36538
1 32 2.23999 4.28846
1 33 2.26317 4.34615
1 34 2.20998 4.13462
1 35 2.0298 3.73077
1 36 2.08575 3.80769
1 37 1.87393 3.21154
1 38 1.74066 2.98077
1 39 1.9323 3.44231
1 40 1.85633 3.19231
1 41 1.89838 3.30769
1 42 1.75871 2.92308
1 43 1.82412 3.07692
1 44 1.54877 2.28846
1 45 1.38184 1.90385
1 46 1.53176 2.32692
1 47 1.38952 1.92308
1 48 1.49676 2.19231
1 49 1.37576 1.90385
1 50 1.29007 1.71154
1 51 1.16526 1.28846
1 52 1.22842 1.42308
1 53 1.1291 1.17308
1 54 1.07725 0.923077
1 55 1.07299 1.03846
1 56 1.10122 1.09615
1 57 1.04716 0.730769
1 58 1.03807 0.673077
1 59 1.02748 0.634615
1 60 1.04736 0.807692
1 61 1.05736 0.846154
1 62 1.03604 0.692308
1 63 1.03014 0.653846
1 64 1.04322 0.807692
1 65 1.14769 1.23077
1 66 1.26782 1.55769
1 67 1.34373 1.82692
1 68 1.59258 2.46154
1 69 1.82796 3.13462
1 70 1.85063 3.09615
1 71 2.00775 3.59615
1 72 2.36054 4.63462
1 73 2.40846 4.76923
1 74 2.3252 4.57692
1 75 2.46829 4.98077
1 76 2.35196 4.63462
1 77 2.18083 4.07692
1 78 2.02401 3.69231
1 79 2.08613 3.90385
1 80 2.01727 3.61538
1 81 2.08564 3.78846
1 82 1.74104 2.86538
1 83 2.00992 3.53846
1 84 1.85321 3.19231
1 85 1.80868 3.07692
1 86 1.75972 2.98077
1 87 1.92272 3.30769
1 88 1.54962 2.36538
1 89 1.72422 2.84615
1 90 1.55093 2.36538
1 91 1.56327 2.36538
1 92 1.49445 2.19231
1 93 1.46664 2.13462
1 94 1.49206 2.21154
1 95 1.3176 1.69231
1 96 1.28926 1.73077
1 97 1.33192 1.78846
1 98 1.26652 1.63462
1 99 1.17558 1.26923
1 100 1.19977 1.44231
1 101 1.13119 1.23077
1 102 1.09598 1.09615
1 103 1.12408 1.11538
1 104 1.08561 1.01923
1 105 1.04486 0.826923
1 106 1.03133 0.711538
1 107 1.03558 0.673077
1 108 1.02132 0.576923
1 109 0.992278 0.365385
1 110 1.02948 0.615385
1 111 1.03393 0.653846
1 112 1.03286 0.653846
1 113 1.03987 0.75
1 114 1.10319 1.07692
1 115 1.24519 1.46154
1 116 1.45317 2.11538
1 117 1.83571 3.13462
1 118 1.9261 3.32692
1 119 2.06528 3.76923
1 120 2.25076 4.28846
1 121 2.18303 4.15385
1 122 2.31065 4.48077
1 123 2.17234 4.15385
1 124 2.19613 4.15385
1 125 2.32537 4.46154
1 126 2.02159 3.63462
1 127 2.06398 3.75
1 128 1.89274 3.25
1 129 2.01933 3.63462
1 130 1.97258 3.46154
1 131 1.68939 2.73077
1 132 1.73838 2.86538
1 133 1.82029 3.03846
1 134 1.83339 3.09615
1 135 1.70494 2.75
1 136 1.66616 2.73077
1 137 1.54004 2.28846
1 138 1.77909 2.98077
1 139 1.52143 2.25
1 140 1.60214 2.48077
1 141 1.49522 2.21154
1 142 1.47375 2.15385
1 143 1.58148 2.40385
1 144 1.5249 2.26923
1 145 1.48937 2.17308
1 146 1.2923 1.71154
1 147 1.32702 1.75
1 148 1.14114 1.21154
1 149 1.22163 1.42308
1 150 1.20718 1.48077
1 151 1.07953 0.942308
1 152 1.13454 1.23077
1 153 1.06014 0.942308
1 154 1.11576 1.11538
1 155 1.04506 0.826923
1 156 1.02383 0.634615
1 157 1.03209 0.653846
1 158 1.0312 0.673077
1 159 1.0279 0.615385
1 160 1.07003 0.884615
1 161 1.1523 1.21154
1 162 1.18633 1.30769
1 163 1.36543 1.88462
1 164 1.55205 2.42308
1 165 1.76243 2.94231
1 166 1.79759 3.01923
1 167 1.99176 3.53846
1 168 2.23762 4.26923
1 169 2.34419 4.55769
1 170 2.16412 4.03846
1 171 2.30432 4.46154
1 172 2.1976 4.13462
1 173 2.32069 4.48077
1 174 1.96291 3.40385
1 175 2.00136 3.53846
1 176 1.98263 3.53846
1 177 1.79762 3.07692
1 178 1.76927 2.94231
1 179 1.70203 2.75
1 180 1.65325 2.67308
1 181 1.64544 2.61538
1 182 1.36651 1.90385
1 183 1.58915 2.44231
1 184 1.72863 2.80769
1 185 1.63715 2.59615
1 186 1.62792 2.55769
1 187 1.48303 2.23077
1 188 1.4434 2.05769
1 189 1.43119 2.01923
1 190 1.27807 1.63462
1 191 1.25443 1.59615
1 192 1.25759 1.5619
1 193 1.1561 1.18095
1 194 1.18913 1.42857
1 195 1.1578 1.2
1 196 1.1233 1.1619
1 197 1.07002 0.819048
1 198 1.0856 1.06667
1 199 1.08859 0.990476
1 200 1.07227 0.971429
1 201 1.03069 0.666667
1 202 1.08032 0.87619
1 203 1.04137 0.666667
1 204 1.03424 0.685714
1 205 1.02399 0.609524
1 206 1.01167 0.533333
1 207 1.00526 0.438095
1 208 1.0631 0.819048
1 209 1.09316 0.990476
1 210 1.23848 1.46667
1 211 1.30785 1.67619
1 212 1.5702 2.4
1 213 1.73231 2.87619
1 214 2.06026 3.73333
1 215 2.15408 3.9619
1 216 2.22146 4.15238
1 217 2.17475 4.13333
1 218 2.44327 4.89524
1 219 2.46145 4.91429
1 220 2.3904 4.68571
1 221 2.2358 4.30476
1 222 2.12376 3.94286
1 223 2.1408 3.9619
1 224 1.88628 3.27619
1 225 1.93081 3.35238
1 226 1.80869 3.04762
1 227 1.94093 3.39048
1 228 1.85818 3.1619
1 229 1.78641 2.99048
1 230 1.95806 3.42857
1 231 1.63381 2.57143
1 232 1.73001 2.8
1 233 1.80806 3.06667
1 234 1.70135 2.74286
1 235 1.62971 2.57143
1 236 1.4689 2.15238
1 237 1.56504 2.34286
1 238 1.43392 2.09524
1 239 1.48198 2.15238
1 240 1.3681 1.88571
1 241 1.3075 1.79048
1 242 1.32281 1.79048
1 243 1.23444 1.44762
1 244 1.2683 1.5619
1 245 1.23983 1.48571
1 246 1.29304 1.6381
1 247 1.20614 1.42857
1 248 1.264 1.48571
1 249 1.07731 1.00952
1 250 1.10998 1.14286
1 251 1.11639 1.10476
1 252 1.21406 1.29524
1 253 1.10402 0.895238
1 254 1.10814 1.06667
1 255 1.08298 0.761905
1 256 1.14399 1.1619
1 257 1.114 1.10476
1 258 1.41279 1.9619
1 259 1.30268 1.71429
1 260 1.5762 2.41905
1 261 1.46485 2.11429
1 262 1.85191 3.10476
1 263 1.94884 3.37143
1 264 2.12219 3.94286
1 265 2.0846 3.86667
1 266 2.17701 4.0381
1 267 2.03903 3.67619
1 268 2.0595 3.71429
1 269 2.35974 4.64762
1 270 1.99392 3.5619
1 271 1.96002 3.50476
1 272 1.93929 3.37143
1 273 2.09094 3.77143
1 274 1.89466 3.31429
1 275 1.95136 3.39048
1 276 1.8899 3.27619
1 277 1.81839 3.06667
1 278 1.69188 2.72381
1 279 1.65509 2.62857
1 280 1.47646 2.19048
1 281 1.72758 2.85714
1 282 1.49349 2.22857
1 283 1.59335 2.49524
1 284 1.43096 2.05714
1 285 1.34447 1.82857
1 286 1.51331 2.22857
1 287 1.38997 1.9619
1 288 1.45868 2.19048
1 289 1.37389 1.84762
1 290 1.26293 1.6
1 291 1.33498 1.80952
1 292 1.19609 1.39048
1 293 1.27994 1.6381
1 294 1.24901 1.50476
1 295 1.2912 1.71429
1 296 1.13186 1.2
1 297 1.25103 1.58095
1 298 1.23695 1.42857
1 299 1.13648 1.14286
1 300 1.21451 1.35238
1 301 1.10972 0.971429
1 302 1.10428 1.00952
1 303 1.04839 0.761905
1 304 1.1297 1.06667
1 305 1.19558 1.31429
1 306 1.19447 1.39048
1 307 1.40158 2.01905
1 308 1.38601 1.92381
1 309 1.4262 2.05714
1 310 1.67258 2.74286
1 311 1.67715 2.70476
1 312 1.81226 3.02857
1 313 2.12095 3.90476
1 314 2.03552 3.6381
1 315 2.10231 3.86667
1 316 2.05571 3.75238
1 317 2.09706 3.82857
1 318 1.87116 3.21905
1 319 2.03896 3.67619
1 320 1.96694 3.48571
1 321 1.75286 2.95238
1 322 1.67834 2.72381
1 323 1.66914 2.68571
1 324 1.80823 2.99048
1 325 1.62255 2.55238
1 326 1.55958 2.3619
1 327 1.63745 2.64762
1 328 1.55784 2.38095
1 329 1.55005 2.38095
1 330 1.44298 2.05714
1 331 1.46474 2.11429
1 332 1.37456 1.86667
1 333 1.28383 1.67619
1 334 1.2225 1.48571
1 335 1.1238 1.10476
2 0 2.24756 4.28846
2 1 2.15429 3.96154
2 2 2.15279 4.09615
2 3 1.91521 3.38462
2 4 1.96462 3.53846
2 5 1.8958 3.30769
2 6 2.0317 3.65385
2 7 1.59604 2.55769
2 8 1.59899 2.53846
2 9 1.59718 2.5
2 10 1.33122 1.80769
2 11 1.27315 1.65385
2 12 1.51096 2.28846
2 13 1.31617 1.76923
2 14 1.31987 1.82692
2 15 1.34463 1.80769
2 16 1.35344 1.82692
2 17 1.53242 2.34615
2 18 2.00664 3.65385
2 19 2.49082 5.05769
2 20 2.56074 5.34615
2 21 2.7847 6.15385
2 22 3.1575 7.53846
2 23 3.39116 8.46154
2 24 3.53571 9.03846
2 25 3.51491 9
2 26 3.48731 8.75
2 27 3.869 10.5192
2 28 3.66077 9.5
2 29 3.69222 9.67308
2 30 3.38834 8.42308
2 31 3.315 8.13462
2 32 3.29624 8.03846
2 33 3.41865 8.48077
2 34 2.98694 6.76923
2 35 2.88895 6.46154
2 36 2.89481 6.46154
2 37 2.97595 6.84615
2 38 3.07409 7.19231
2 39 2.8764 6.42308
2 40 2.90494 6.51923
2 41 2.91435 6.55769
2 42 2.70268 5.82692
2 43 2.8234 6.19231
2 44 2.55088 5.23077
2 45 2.43861 4.88462
2 46 2.4197 4.88462
2 47 2.20219 4.13462
2 48 2.43334 4.88462
2 49 2.20815 4.19231
2 50 2.18536 4.15385
2 51 2.12202 3.88462
2 52 1.91661 3.40385
2 53 1.86814 3.26923
2 54 1.54743 2.40385
2 55 1.66019 2.73077
2 56 1.4078 1.98077
2 57 1.47419 2.15385
2 58 1.25086 1.5
2 59 1.29498 1.67308
2 60 1.23057 1.55769
2 61 1.21707 1.46154
2 62 1.18984 1.38462
2 63 1.11365 1.13462
2 64 1.319 1.76923
2 65 1.43403 2.07692
2 66 1.86201 3.19231
2 67 2.16197 4.07692
2 68 2.29985 4.53846
2 69 2.55097 5.30769
2 70 2.85593 6.28846
2 71 3.13018 7.32692
2 72 3.20258 7.71154
2 73 3.42252 8.53846
2 74 3.35388 8.26923
2 75 3.47641 8.73077
2 76 3.39737 8.46154
2 77 3.38883 8.44231
2 78 3.21356 7.76923
2 79 3.1513 7.48077
2 80 3.12791 7.34615
2 81 3.14251 7.48077
2 82 2.908 6.48077
2 83 2.92953 6.55769
2 84 2.7456 5.92308
2 85 2.54764 5.19231
2 86 2.73089 5.88462
2 87 2.75876 6.03846
2 88 2.73718 5.96154
2 89 2.56534 5.30769
2 90 2.61302 5.5
2 91 2.64619 5.59615
2 92 2.77917 6.11538
2 93 2.78031 6.05769
2 94 2.55052 5.25
2 95 2.59224 5.34615
2 96 2.63018 5.5
2 97 2.48087 5.03846
2 98 2.29707 4.44231
2 99 2.15459 3.98077
2 100 2.20525 4.25
2 101 2.00132 3.55769
2 102 1.97808 3.51923
2 103 1.79599 3.01923
2 104 1.7209 2.84615
2 105 1.51255 2.25
2 106 1.28601 1.71154
2 107 1.29986 1.76923
2 108 1.25178 1.57692
2 109 1.28141 1.57692
2 110 1.32289 1.80769
2 111 1.23272 1.5
2 112 1.39281 1.92308
2 113 1.57045 2.44231
2 114 1.87906 3.25
2 115 2.2311 4.32692
2 116 2.31642 4.59615
2 117 2.39009 4.84615
2 118 2.89786 6.57692
2 119 3.18931 7.59615
2 120 3.41923 8.51923
2 121 3.36384 8.30769
2 122 3.5909 9.21154
2 123 3.72792 9.82692
2 124 3.39889 8.34615
2 125 3.34631 8.23077
2 126 3.26962 7.92308
2 127 3.1671 7.57692
2 128 3.00046 6.94231
2 129 3.03561 6.94231
2 130 2.80816 6.17308
2 131 2.81729 6.13462
2 132 2.7405 5.94231
2 133 2.80164 6.11538
2 134 2.8685 6.42308
2 135 2.86122 6.32692
2 136 2.84352 6.26923
2 137 2.74792 5.96154
2 138 2.55518 5.34615
2 139 2.53345 5.21154
2 140 2.6066 5.42308
2 141 2.29114 4.44231
2 142 2.37361 4.65385
2 143 2.31273 4.46154
2 144 2.24062 4.23077
2 145 2.36889 4.69231
2 146 2.01925 3.63462
2 147 1.96711 3.55769
2 148 2.00244 3.55769
2 149 1.98171 3.51923
2 150 1.60929 2.51923
2 151 1.81851 3.07692
2 152 1.48436 2.17308
2 153 1.60121 2.46154
2 154 1.41549 2.05769
2 155 1.23936 1.59615
2 156 1.37784 1.92308
2 157 1.23476 1.48077
2 158 1.16319 1.28846
2 159 1.22402 1.5
2 160 1.26644 1.61538
2 161 1.32625 1.80769
2 162 1.64767 2.73077
2 163 1.98783 3.53846
2 164 2.42429 4.96154
2 165 2.42644 4.84615
2 166 2.9033 6.44231
2 167 2.64667 5.63462
2 168 3.20966 7.69231
2 169 3.11709 7.25
2 170 3.34416 8.19231
2 171 3.47648 8.69231
2 172 3.1276 7.34615
2 173 3.24875 7.88462
2 174 3.01431 6.92308
2 175 3.01989 6.98077
2 176 2.95729 6.61538
2 177 3.07319 7.11538
2 178 2.75538 5.90385
2 179 2.74563 5.94231
2 180 2.9191 6.53846
2 181 2.56438 5.34615
2 182 2.68735 5.75
2 183 2.4331 4.94231
2 184 2.63456 5.51923
2 185 2.35708 4.69231
2 186 2.40007 4.82692
2 187 2.53268 5.21154
2 188 2.35537 4.61538
2 189 2.51488 5.09615
2 190 2.44216 4.88462
2 191 2.42348 4.82692
2 192 2.41155 4.78095
2 193 2.20423 4.15238
2 194 2.22178 4.17143
2 195 2.1238 3.94286
2 196 2.06808 3.73333
2 197 2.06669 3.71429
2 198 1.84602 3.1619
2 199 1.72611 2.81905
2 200 1.71401 2.7619
2 201 1.51983 2.26667
2 202 1.40055 1.98095
2 203 1.43879 2.07619
2 204 1.31157 1.79048
2 205 1.24696 1.6
2 206 1.24767 1.52381
2 207 1.10975 1.10476
2 208 1.37791 1.9619
2 209 1.52183 2.26667
2 210 1.922 3.37143
2 211 2.13418 3.92381
2 212 2.3198 4.45714
2 213 2.72922 5.90476
2 214 2.84883 6.4
2 215 2.86993 6.30476
2 216 3.08409 7.14286
2 217 3.27475 7.9619
2 218 3.4499 8.62857
2 219 3.39192 8.4381
2 220 3.32275 8.11429
2 221 3.27523 7.90476
2 222 3.42041 8.4381
2 223 3.18297 7.46667
2 224 3.16353 7.48571
2 225 3.30113 8.0381
2 226 2.87307 6.34286
2 227 2.67545 5.6381
2 228 2.73541 5.88571
2 229 2.61701 5.44762
2 230 2.66401 5.67619
2 231 2.64431 5.5619
2 232 2.74776 6
2 233 2.67004 5.6381
2 234 2.31771 4.47619
2 235 2.44727 4.87619
2 236 2.48573 5.06667
2 237 2.5046 5.08571
2 238 2.12219 3.92381
2 239 2.09761 3.82857
2 240 2.14984 3.94286
2 241 2.13879 3.9619
2 242 1.89212 3.27619
2 243 1.96203 3.50476
2 244 1.89866 3.25714
2 245 1.88186 3.2381
2 246 1.73068 2.85714
2 247 1.66681 2.66667
2 248 1.74459 2.8381
2 249 1.50017 2.24762
2 250 1.54806 2.34286
2 251 1.49349 2.20952
2 252 1.584 2.41905
2 253 1.51142 2.22857
2 254 1.31955 1.75238
2 255 1.30119 1.65714
2 256 1.47694 2.15238
2 257 1.59947 2.49524
2 258 1.81728 3.14286
2 259 1.98674 3.58095
2 260 2.32154 4.49524
2 261 2.26269 4.3619
2 262 2.61973 5.6
2 263 2.91348 6.51429
2 264 3.04243 6.93333
2 265 3.24463 7.84762
2 266 3.40587 8.38095
2 267 3.68984 9.6381
2 268 3.38919 8.34286
2 269 3.31314 8.13333
2 270 3.24329 7.79048
2 271 3.21098 7.67619
2 272 3.16723 7.52381
2 273 2.98609 6.74286
2 274 2.97222 6.68571
2 275 2.75778 5.9619
2 276 2.88837 6.4381
2 277 2.81122 6.17143
2 278 2.73909 5.92381
2 279 2.92061 6.55238
2 280 2.68546 5.69524
2 281 2.87075 6.41905
2 282 2.50413 5.08571
2 283 2.54404 5.18095
2 284 2.29769 4.47619
2 285 2.33798 4.59048
2 286 2.21082 4.19048
2 287 2.2421 4.28571
2 288 2.24159 4.30476
2 289 2.16349 4.05714
2 290 2.12256 3.90476
2 291 2.20217 4.11429
2 292 2.00388 3.6
2 293 2.09609 3.84762
2 294 2.0077 3.6381
2 295 1.72949 2.81905
2 296 1.90123 3.33333
2 297 1.87136 3.21905
2 298 1.8939 3.27619
2 299 1.69508 2.72381
2 300 1.44208 2.11429
2 301 1.53682 2.32381
2 302 1.40761 2.01905
2 303 1.24414 1.46667
2 304 1.31338 1.75238
2 305 1.56277 2.41905
2 306 1.66833 2.66667
2 307 1.91372 3.37143
2 308 2.2049 4.11429
2 309 2.29906 4.53333
2 310 2.56298 5.33333
2 311 2.5808 5.37143
2 312 2.80984 6.13333
2 313 2.69151 5.75238
2 314 3.04842 7.04762
2 315 3.14716 7.33333
2 316 2.84822 6.32381
2 317 2.83904 6.26667
2 318 2.78565 6.13333
2 319 2.81492 6.17143
2 320 2.67532 5.65714
2 321 2.71084 5.80952
2 322 2.56346 5.33333
2 323 2.51113 5.14286
2 324 2.42207 4.91429
2 325 2.62679 5.5619
2 326 2.50026 5.12381
2 327 2.48879 5.08571
2 328 2.44688 4.91429
2 329 2.42231 4.85714
2 330 2.31004 4.55238
2 331 2.36028 4.60952
2 332 2.20546 4.19048
2 333 2.34136 4.57143
2 334 2.29306 4.53333
2 335 2.17331 4.07619
