0 0 0.10292921074043938 0.0010039236821944933
1 0 0.03498779495524817 0.001001220968652715
2 0 0.0854353132628153 0.0010031223399121403
0 1 0.0984540276647681 0.001003613881929452
1 1 0.024003254678600486 0.0010008293767552376
2 1 0.07689178193653377 0.0010028894113853016
0 2 0.10679414157851912 0.0010040060532126548
1 2 0.026851098454027666 0.001000954846824319
2 2 0.07973962571196094 0.0010029867010016079
0 3 0.09784377542717657 0.0010037674381835591
1 3 0.02725793327908869 0.001000968599473486
2 3 0.06834825061025224 0.0010024677922725023
0 4 0.08950366151342555 0.0010033791283658275
1 4 0.026037428803905614 0.0010009258660898207
2 4 0.06895850284784377 0.0010025851345181831
0 5 0.08279088689991863 0.0010030572174751483
1 5 0.025223759153783564 0.0010008715484546569
2 5 0.06489015459723352 0.0010024075076206602
0 6 0.09438567941415785 0.001003437924455985
1 6 0.02725793327908869 0.0010009819819000515
2 6 0.07404393816110659 0.001002668857766653
0 7 0.06509357200976404 0.0010024049927223934
1 7 0.018307567127746133 0.0010006593403444131
2 7 0.05044751830756713 0.0010018629054422995
0 8 0.0709926769731489 0.0010025803399055222
1 8 0.019934906427990236 0.0010007025325809201
2 8 0.05207485760781123 0.0010018546771615358
0 9 0.05777054515866558 0.001002130366781937
1 9 0.02034174125305126 0.0010007434232687156
2 9 0.05044751830756713 0.0010018236825468474
0 10 0.053295362082994305 0.001001935601211139
1 10 0.016680227827502035 0.0010005763465587233
2 10 0.037835638730675344 0.001001320705108553
0 11 0.05044751830756713 0.001001917293474341
1 11 0.01627339300244101 0.0010005756717521496
2 11 0.03458096013018715 0.0010012077717358467
0 12 0.05343097369134797 0.0010019599255241462
1 12 0.01871440195280716 0.0010006466327244221
2 12 0.04800650935720097 0.0010016714680251163
0 13 0.04149715215622457 0.001001474583924072
1 13 0.012611879576891782 0.0010004357742273268
2 13 0.036208299430431246 0.0010012915456130984
0 14 0.03905614320585842 0.0010013629868452847
1 14 0.015866558177379985 0.0010005616145190095
2 14 0.03580146460537022 0.0010013299808511388
0 15 0.047192839707078924 0.0010016969890022708
1 15 0.013425549227013833 0.0010004638886936053
2 15 0.03512340656360185 0.0010013158425914127
0 16 0.05614320585842148 0.0010020876903378117
1 16 0.02115541090317331 0.0010007438674684906
2 16 0.036208299430431246 0.0010013305113547948
0 17 0.06550040683482507 0.0010024652719289868
1 17 0.022375915378356388 0.0010007992447638794
2 17 0.04597233523189585 0.0010017092336160568
0 18 0.08340113913751017 0.001003181900926916
1 18 0.03498779495524817 0.0010012496482952682
2 18 0.07160292921074043 0.001002663499279128
0 19 0.09336859235150528 0.0010036963362169884
1 19 0.03946297803091944 0.0010014032159416434
2 19 0.10191212367778682 0.0010036839947110217
0 20 0.1242880390561432 0.0010050276334147277
1 20 0.05777054515866558 0.0010020501082553899
2 20 0.10150528885272579 0.0010038981428352695
0 21 0.13283157038242474 0.0010054440495483872
1 21 0.06346623270951994 0.001002329416121876
2 21 0.11513425549227013 0.0010044899595970634
0 22 0.1383238405207486 0.0010055696470699853
1 22 0.07628152969894222 0.0010028440782866167
2 22 0.13774749118524549 0.001005516431134958
0 23 0.16497152156224573 0.0010066999292323597
1 23 0.09641985353946297 0.0010035330569133118
2 23 0.15168158394358558 0.0010062216316555853
0 24 0.17046379170056958 0.0010071549711590073
1 24 0.0854353132628153 0.0010033216833052559
2 24 0.16320857065364797 0.001006626971726108
0 25 0.17805804176837536 0.001007680246287004
1 25 0.09479251423921888 0.001003540002172874
2 25 0.1596826688364524 0.0010066143559180447
0 26 0.18410631950094927 0.001008568388855657
1 26 0.09926769731489016 0.0010037848638361332
2 26 0.1567670192568484 0.00100645814341725
0 27 0.1751559533496067 0.0010077455712890302
1 27 0.10781122864117168 0.0010040912419401315
2 27 0.17385408190941143 0.001007871889750427
0 28 0.1822620016273393 0.0010078137372807599
1 28 0.096826688364524 0.0010036641130941489
2 28 0.1622253864930838 0.0010071641788949183
0 29 0.15073230268510984 0.0010063791506300867
1 29 0.09804719283970707 0.0010037540495675178
2 29 0.17168429617575265 0.0010071114960054214
0 30 0.16063195009492814 0.0010066925745165396
1 30 0.07973962571196094 0.001002960928655718
2 30 0.15215622457282343 0.00100621098010219
0 31 0.1569704366693789 0.0010067206664392428
1 31 0.08502847843775427 0.0010031852286543645
2 31 0.14456197450501765 0.0010060166239182745
0 32 0.15785191212367777 0.0010067439894136175
1 32 0.08177379983726607 0.001003152061648526
2 32 0.145240032546786 0.0010059333845755854
0 33 0.15134255492270138 0.0010062425873905946
1 33 0.08462164361269324 0.001003168203736227
2 33 0.15066449688093303 0.0010062477781794467
0 34 0.15595334960672633 0.0010065490728636873
1 34 0.080553295362083 0.0010030094455444297
2 34 0.12327095199349064 0.0010049538862880111
0 35 0.14679956604285327 0.0010060162694743502
1 35 0.07241659886086249 0.0010027232365827584
2 35 0.12123677786818551 0.0010047391967721554
0 36 0.14534174125305127 0.0010058899382810668
1 36 0.0742473555736371 0.0010027840413737899
2 36 0.11798209926769732 0.0010048044112892585
0 37 0.12327095199349064 0.0010050306483982592
1 37 0.061025223759153785 0.0010023441432812426
2 37 0.12449145646867373 0.0010050620617352295
0 38 0.1240846216436127 0.0010050589108751612
1 38 0.05695687550854353 0.0010021735512194974
2 38 0.1327637645782479 0.0010053264789886432
0 39 0.11798209926769732 0.001004807301370251
1 39 0.06794141578519121 0.0010025079114578893
2 39 0.1148630322755628 0.0010046913547236587
0 40 0.11879576891781937 0.001004556231270622
1 40 0.06224572823433686 0.00100232759091842
2 40 0.11716842961757526 0.0010048018158916499
0 41 0.11940602115541091 0.0010047738891926395
1 41 0.06305939788445891 0.0010024036378207786
2 41 0.12306753458096013 0.0010048103599532153
0 42 0.11655817737998372 0.0010044816036544548
1 42 0.054922701383238404 0.0010021245598035259
2 42 0.10781122864117168 0.0010042690144395003
0 43 0.11533767290480065 0.0010046195153918373
1 43 0.061838893409275834 0.001002243253645308
2 43 0.11818551668022782 0.0010045444834300018
0 44 0.12866151342554924 0.0010050522827505942
1 44 0.04434499593165175 0.001001667527847051
2 44 0.10204773528614049 0.0010038386339806826
0 45 0.12001627339300244 0.0010048098090576086
1 45 0.03824247355573637 0.0010013880258519549
2 45 0.0951993490642799 0.0010035605182958374
0 46 0.09804719283970707 0.0010037588327743033
1 46 0.046379170056956874 0.0010016984120429116
2 46 0.0951993490642799 0.0010035666078487767
0 47 0.10435313262815298 0.0010040709715328966
1 47 0.03986981285598047 0.0010014039144996176
2 47 0.080553295362083 0.0010030171361214903
0 48 0.09418226200162734 0.0010036728243475895
1 48 0.043938161106590726 0.0010015981027173993
2 48 0.08852047735286141 0.0010035861024954632
0 49 0.10028478437754272 0.0010038455084197362
1 49 0.03905614320585842 0.0010013890901939002
2 49 0.0838079739625712 0.0010030561456412512
0 50 0.08096013018714401 0.0010031221967656942
1 50 0.035394629780309196 0.0010012497441362813
2 50 0.08299430431244914 0.0010030276279021364
0 51 0.08462164361269324 0.001003163537194948
1 51 0.02563059397884459 0.0010009391353940603
2 51 0.07343368592351505 0.001002826129672824
0 52 0.06590724165988608 0.0010024672128943046
1 52 0.029292107404393815 0.0010010388856391851
2 52 0.06509357200976404 0.0010024871628332183
0 53 0.07200976403580146 0.0010027087967069276
1 53 0.02481692432872254 0.0010008574912215176
2 53 0.06427990235964198 0.0010023788509406612
0 54 0.0570924871168972 0.001002087936144502
1 54 0.01871440195280716 0.0010006735008505497
2 54 0.04963384865744508 0.0010017545715588717
0 55 0.051668022782750206 0.0010019066133077961
1 55 0.020748576078112285 0.001000757178931775
2 55 0.05532953620829943 0.001001990622715052
0 56 0.048413344182262 0.0010017397228764477
1 56 0.023189585028478437 0.0010008005943770288
2 56 0.03986981285598047 0.001001444364677673
0 57 0.044751830756712775 0.0010015730604984946
1 57 0.015052888527257934 0.0010005335000527295
2 57 0.04271765663140765 0.00100158106677709
0 58 0.0435313262815297 0.0010015316942980751
1 58 0.014239218877135883 0.0010004920031598855
2 58 0.030919446704637917 0.0010010945229205273
0 59 0.04068348250610252 0.0010014997103592143
1 59 0.013018714401952807 0.0010004632138870314
2 59 0.03458096013018715 0.001001219724870889
0 60 0.03946297803091944 0.0010014767590758753
1 60 0.016680227827502035 0.0010005897289852893
2 60 0.03213995117982099 0.0010011369085605498
0 61 0.03417412530512612 0.0010011941900102959
1 61 0.01708706265256306 0.0010006171686449939
2 61 0.030512611879576892 0.0010010670070001086
0 62 0.04149715215622457 0.001001528338481677
1 62 0.014239218877135883 0.0010005053855864504
2 62 0.02807160292921074 0.0010010094284544015
0 63 0.035394629780309196 0.0010012371013889145
1 63 0.013425549227013833 0.0010004773717139522
2 63 0.023596419853539462 0.001000828701948663
0 64 0.048413344182262 0.0010017263404498824
1 64 0.016680227827502035 0.0010005900294687397
2 64 0.035394629780309196 0.0010012882915713475
0 65 0.05899104963384866 0.001002124662570936
1 65 0.02563059397884459 0.0010008989881143614
2 65 0.0419039869812856 0.001001519931070879
0 66 0.07200976403580146 0.0010026923478208564
1 66 0.03213995117982099 0.001001137286271163
2 66 0.06346623270951994 0.0010023274914866683
0 67 0.09865744507729862 0.0010038773121994564
1 67 0.037835638730675344 0.0010013334948373075
2 67 0.07811228641171684 0.0010029789465876174
0 68 0.11791429346352049 0.0010046453200718312
1 68 0.04922701383238405 0.0010017947082925469
2 68 0.08889340927583401 0.0010033071476582322
0 69 0.1273393002441009 0.0010049323946772957
1 69 0.06468673718470301 0.0010022891060332733
2 69 0.10130187144019528 0.0010038692168522745
0 70 0.13791700569568754 0.0010054161045743534
1 70 0.06305939788445891 0.0010022591656960425
2 70 0.1224572823433686 0.001004582667547748
0 71 0.1790073230268511 0.0010074328383287408
1 71 0.07078925956061839 0.0010026239625383403
2 71 0.13425549227013833 0.0010053406156387756
0 72 0.16680227827502034 0.0010071513483404773
1 72 0.09031733116354759 0.0010033791672873248
2 72 0.14334147002983458 0.0010056301218770802
0 73 0.1876525630593979 0.0010078488565172907
1 73 0.0919446704637917 0.0010034747332313511
2 73 0.14713859506373747 0.001006258583054028
0 74 0.192988879848115 0.001008388820048513
1 74 0.09072416598860862 0.0010033468057775731
2 74 0.15052888527257932 0.0010060254863874273
0 75 0.19524681312720368 0.0010084604493248734
1 75 0.09147002983455382 0.001003636382288585
2 75 0.15564822348793056 0.0010064177874103833
0 76 0.17927854624355846 0.0010080520580739072
1 76 0.0870626525630594 0.0010033793546684955
2 76 0.15141036072687822 0.001006247173528164
0 77 0.1804312449145647 0.0010078360168732454
1 77 0.08014646053702197 0.0010029758792950577
2 77 0.1506305939788446 0.001006223335884606
0 78 0.16649715215622457 0.0010074106928552927
1 78 0.07200976403580146 0.0010026919060920228
2 78 0.137306753458096 0.0010057049748259383
0 79 0.17524410089503661 0.001007476807848895
1 79 0.07445077298616762 0.0010028433016871737
2 79 0.13174667751559535 0.0010055152181677413
0 80 0.15869948467588824 0.0010066251206705605
1 80 0.06855166802278274 0.001002635858056977
2 80 0.1383238405207486 0.0010054049211617355
0 81 0.15793327908868998 0.001006663494356858
1 81 0.07241659886086249 0.0010027625660522677
2 81 0.13303498779495526 0.0010054990374930635
0 82 0.14320585842148087 0.0010058675075514834
1 82 0.05736371033360456 0.0010020913632637332
2 82 0.121033360455655 0.0010047821314499432
0 83 0.13395036615134256 0.0010061127866615143
1 83 0.07017900732302686 0.001002580459650708
2 83 0.12449145646867373 0.0010048060966576246
0 84 0.13100081366965013 0.0010052037608839555
1 84 0.06305939788445891 0.0010023286806175593
2 84 0.1096419853539463 0.0010043361740307807
0 85 0.13011933821535124 0.00100758038951993
1 85 0.059397884458909686 0.0010022398214731326
2 85 0.0973691347979387 0.0010037959259003443
0 86 0.13323840520748575 0.0010057410045032132
1 86 0.059397884458909686 0.0010021745530815434
2 86 0.10821806346623271 0.0010042934066650366
0 87 0.13195009492812587 0.0010053619960487595
1 87 0.06468673718470301 0.0010024095773233993
2 87 0.1116083536750746 0.0010044506616411538
0 88 0.13486574450772987 0.0010053556546366672
1 88 0.048413344182262 0.0010017249290559568
2 88 0.11404936262544073 0.0010043483647691096
0 89 0.13262815296989422 0.0010053425032208623
1 89 0.05614320585842148 0.0010020737612590918
2 89 0.0984540276647681 0.0010038715805058566
0 90 0.12794955248169243 0.0010052494158353012
1 90 0.048413344182262 0.0010017262784566838
2 90 0.10414971521562245 0.00100401409644349
0 91 0.12998372660699756 0.0010051076325115818
1 91 0.04800650935720097 0.001001725530879527
2 91 0.10537021969080554 0.001004083067920582
0 92 0.11472742066720912 0.0010044768350907355
1 92 0.0419039869812856 0.0010015951051749552
2 92 0.11655817737998372 0.0010044771734684392
0 93 0.10699755899104964 0.0010042158862555797
1 93 0.043124491456468676 0.0010015574097715957
2 93 0.11269324654190399 0.0010044295490676369
0 94 0.10048820179007323 0.0010038074950568011
1 94 0.043938161106590726 0.0010016119337566379
2 94 0.10089503661513426 0.0010038253004250343
0 95 0.0941144561974505 0.0010036848544888205
1 95 0.03376729048006509 0.001001233743339648
2 95 0.10292921074043938 0.001003894708208015
0 96 0.08441822620016273 0.001003158036936753
1 96 0.03498779495524817 0.0010012620824484673
2 96 0.1080146460537022 0.0010040278687506675
0 97 0.08950366151342555 0.001003307559316175
1 97 0.036208299430431246 0.0010013050030558785
2 97 0.09641985353946297 0.0010036731800609866
0 98 0.07160292921074043 0.0010026497798343028
1 98 0.03376729048006509 0.0010011935152037228
2 98 0.08584214808787632 0.0010032392231120368
0 99 0.07689178193653377 0.0010027904260323565
1 99 0.025223759153783564 0.001000924333072268
2 99 0.07689178193653377 0.00100291280954566
0 100 0.06834825061025224 0.00100247925531749
1 100 0.029292107404393815 0.0010010516001538205
2 100 0.0821806346623271 0.0010030985201301868
0 101 0.05451586655817738 0.001002004662560392
1 101 0.02481692432872254 0.0010008956347654211
2 101 0.07160292921074043 0.0010025927543326092
0 102 0.05207485760781123 0.001001919501084156
1 102 0.022782750203417412 0.0010008005874823846
2 102 0.07038242473555736 0.0010025692156574312
0 103 0.03946297803091944 0.0010014304637473745
1 103 0.022375915378356388 0.0010008134047779177
2 103 0.061838893409275834 0.0010022036428025466
0 104 0.0435313262815297 0.0010015448137176508
1 104 0.020748576078112285 0.0010007436837432507
2 104 0.05736371033360456 0.0010020757445530152
0 105 0.04149715215622457 0.0010014743257443022
1 105 0.017493897477624084 0.0010006044610250029
2 105 0.045565500406834825 0.0010016439282990698
0 106 0.03213995117982099 0.0010011640511242933
1 106 0.014646053702196907 0.0010005195417562695
2 106 0.03580146460537022 0.0010012497510309248
0 107 0.03580146460537022 0.001001277293544052
1 107 0.014239218877135883 0.0010004920031598849
2 107 0.03580146460537022 0.0010012907853642874
0 108 0.03742880390561432 0.001001293265448849
1 108 0.012205044751830757 0.0010004217169941865
2 108 0.03254678600488202 0.001001151343504303
0 109 0.03295362082994304 0.0010011660132002724
1 109 0.007323026851098454 0.0010002664126230751
2 109 0.03336045565500407 0.0010011520252055212
0 110 0.02888527257933279 0.001001078923589316
1 110 0.013018714401952807 0.0010004498314604658
2 110 0.03742880390561432 0.0010013194334937356
0 111 0.03295362082994304 0.0010012059725973642
1 111 0.013832384052074858 0.001000477945926746
2 111 0.030919446704637917 0.0010010945532669556
0 112 0.04434499593165175 0.001001613858718752
1 112 0.013018714401952807 0.0010004765963135972
2 112 0.03905614320585842 0.0010014018651850717
0 113 0.05451586655817738 0.0010019907694251103
1 113 0.015866558177379985 0.001000547564180514
2 113 0.04922701383238405 0.001001779935455284
0 114 0.0709926769731489 0.001002719784173575
1 114 0.022782750203417412 0.001000787205055819
2 114 0.06672091131000814 0.001002374756508126
0 115 0.09113100081366965 0.0010034555124694739
1 115 0.030512611879576892 0.0010010676749120392
2 115 0.08441822620016273 0.0010031662902595395
0 116 0.10557363710333605 0.0010040244814564702
1 116 0.043124491456468676 0.0010015447497304499
2 116 0.09153783563873068 0.0010033578670368495
0 117 0.12042310821806347 0.0010047429433170676
1 117 0.061025223759153785 0.0010022841019346129
2 117 0.09703010577705451 0.001003541130009681
0 118 0.13140764849471115 0.0010052467998388648
1 118 0.06631407648494711 0.0010024279720666405
2 118 0.11788039056143206 0.0010048216459482954
0 119 0.16192026037428803 0.001006454036321709
1 119 0.07323026851098453 0.0010027632392734633
2 119 0.14320585842148087 0.0010055565796112378
0 120 0.15386493083807973 0.0010064748059116899
1 120 0.08502847843775427 0.001003127498424718
2 120 0.1523393002441009 0.0010062851128747404
0 121 0.17961757526444264 0.0010076347186150068
1 121 0.07933279088689991 0.0010030411846512787
2 121 0.14727420667209112 0.0010060671967473296
0 122 0.17059940330892323 0.0010070822913616853
1 122 0.0870626525630594 0.0010032736565765278
2 122 0.16283563873067536 0.0010067966834777901
0 123 0.1826688364524003 0.001007572267637907
1 123 0.07933279088689991 0.0010030248468772783
2 123 0.17439652834282612 0.001007209488804754
0 124 0.17212503390290207 0.0010074320509324054
1 124 0.08157038242473556 0.0010030330406232328
2 124 0.14452807160292921 0.0010061149425205824
0 125 0.17066720911310007 0.0010117798030499418
1 125 0.08340113913751017 0.0010032537414998554
2 125 0.14808787632221318 0.001006031215863878
0 126 0.1710740439381611 0.0010074046899596649
1 126 0.0717385408190941 0.0010026661909402939
2 126 0.14330756712774614 0.0010058558672093347
0 127 0.15419039869812856 0.001006323029279819
1 127 0.07363710333604556 0.0010027451269880134
2 127 0.1354759967453214 0.0010056014714542292
0 128 0.1603946297803092 0.001007156670531146
1 128 0.06427990235964198 0.0010023935351024334
2 128 0.12367778681855167 0.001005164691701031
0 129 0.14625711960943857 0.0010066601327084349
1 129 0.06997558991049634 0.0010026764788753438
2 129 0.1255085435313263 0.0010050820926427394
0 130 0.14572823433685922 0.0010060041029406463
1 130 0.06794141578519121 0.001002526626684772
2 130 0.11564279902359642 0.0010045510913349184
0 131 0.12754271765663142 0.0010053572271483669
1 131 0.054109031733116354 0.0010020010330914996
2 131 0.11187957689178193 0.0010044912591445506
0 132 0.12327095199349064 0.001005131578808711
1 132 0.05695687550854353 0.001002089737082707
2 132 0.11310008136696502 0.0010043534923767435
0 133 0.12021969080553295 0.0010048447362888179
1 133 0.06061838893409276 0.0010022175182390453
2 133 0.11472742066720912 0.0010044745881406282
0 134 0.12144019528071603 0.0010047888515714795
1 134 0.061432058584214806 0.0010022590153811028
2 134 0.11635475996745322 0.0010047044834598684
0 135 0.12937347436940602 0.0010052074523732172
1 135 0.05655004068348251 0.0010020072996423169
2 135 0.1145240032546786 0.0010046698210361815
0 136 0.11004882017900733 0.0010043646243578603
1 136 0.054109031733116354 0.0010019911863994235
2 136 0.11472742066720912 0.001004581540661225
0 137 0.11981285598047192 0.001004952035350371
1 137 0.04434499593165175 0.0010016760483094658
2 137 0.10754000542446435 0.0010043367111612232
0 138 0.12306753458096013 0.0010047749461090914
1 138 0.057160292921074045 0.0010021669153975
2 138 0.10577705451586655 0.0010039012873157111
0 139 0.10679414157851912 0.0010043374166100675
1 139 0.043938161106590726 0.0010016393027316743
2 139 0.09533496067263357 0.0010038123313656968
0 140 0.11187957689178193 0.0010043946291393997
1 140 0.0500406834825061 0.0010018078990725267
2 140 0.10191212367778682 0.0010039540945014566
0 141 0.10598047192839707 0.0010040726159264908
1 141 0.04373474369406021 0.0010016109005646873
2 141 0.0870626525630594 0.0010032454531917995
0 142 0.1000813669650122 0.0010039236626951911
1 142 0.043124491456468676 0.0010015700340330687
2 142 0.09336859235150528 0.0010033998376258522
0 143 0.0886899918633035 0.0010033906105176198
1 143 0.04882017900732303 0.0010017533457270793
2 143 0.08624898291293735 0.001003248618887664
0 144 0.09052074857607811 0.0010033957206992546
1 144 0.04597233523189585 0.0010016542486981097
2 144 0.0838079739625712 0.0010030837978199103
0 145 0.0823840520748576 0.0010031346755918892
1 145 0.043938161106590726 0.0010015852102638954
2 145 0.08970707892595606 0.001003419729521117
0 146 0.07567127746135069 0.0010028739639342148
1 146 0.03417412530512612 0.0010012477197165579
2 146 0.07078925956061839 0.001002649683452383
0 147 0.07607811228641172 0.0010029126544908802
1 147 0.03580146460537022 0.0010012765158840555
2 147 0.07241659886086249 0.0010025964778502742
0 148 0.05858421480878763 0.0010021546726568594
1 148 0.025223759153783564 0.001000884930881223
2 148 0.06929753186872796 0.0010025942971952375
0 149 0.05777054515866558 0.0010021429329100384
1 149 0.02888527257933279 0.00100103821083261
2 149 0.07119609438567942 0.00100256836574113
0 150 0.05614320585842148 0.001002048081070844
1 150 0.030105777054515868 0.0010010810988871147
2 150 0.05065093572009764 0.001001835081645112
0 151 0.0467860048820179 0.001001710415456323
1 151 0.019121236777868186 0.0010006874548106916
2 151 0.059397884458909686 0.001002242338142876
0 152 0.04963384865744508 0.0010018424137879939
1 152 0.02563059397884459 0.0010008989786343336
2 152 0.043938161106590726 0.00100158500553632
0 153 0.04068348250610252 0.0010014458705936624
1 153 0.019934906427990236 0.0010006882451353235
2 153 0.0500406834825061 0.0010017936813438329
0 154 0.04231082180634662 0.0010015036412434001
1 154 0.022782750203417412 0.0010008142749996516
2 154 0.04231082180634662 0.0010015022602431224
0 155 0.036208299430431246 0.0010013185163082914
1 155 0.017493897477624084 0.001000604461025003
2 155 0.03193653376729048 0.0010011631190715113
0 156 0.03580146460537022 0.0010012918668213246
1 156 0.013425549227013833 0.0010004638886936062
2 156 0.03986981285598047 0.0010014046480824068
0 157 0.03580146460537022 0.0010012906808739672
1 157 0.013832384052074858 0.0010004779459267448
2 157 0.030919446704637917 0.0010010818476952732
0 158 0.03742880390561432 0.0010013334127285441
1 158 0.013628966639544346 0.0010004900917165553
2 158 0.02725793327908869 0.0010009411667084255
0 159 0.038649308380797394 0.0010013622020013991
1 159 0.013018714401952807 0.0010004498314604663
2 159 0.030105777054515868 0.001001093097046664
0 160 0.04800650935720097 0.001001725799340545
1 160 0.01790073230268511 0.0010006447145065312
2 160 0.03295362082994304 0.001001178783164007
0 161 0.054922701383238404 0.0010019650227363352
1 161 0.02563059397884459 0.0010008856056877963
2 161 0.03742880390561432 0.00100131880851854
0 162 0.07445077298616762 0.001002846617125423
1 162 0.02644426362896664 0.0010009535119364808
2 162 0.054109031733116354 0.001001989126179266
0 163 0.09723352318958503 0.0010037106323848124
1 163 0.03946297803091944 0.0010013762661291818
2 163 0.06997558991049634 0.001002578169233479
0 164 0.11269324654190399 0.001004431282101296
1 164 0.04759967453213995 0.0010017664424711403
2 164 0.09397884458909683 0.0010036190068097202
0 165 0.13608624898291294 0.001005403405541188
1 165 0.05817737998372661 0.0010021434688466538
2 165 0.08991049633848658 0.0010035266145380446
0 166 0.15093572009764036 0.0010062938520833005
1 166 0.05899104963384866 0.0010021974442888761
2 166 0.11981285598047192 0.0010047124082524037
0 167 0.15432601030648224 0.0010062147451812033
1 167 0.06956875508543531 0.0010025845629819058
2 167 0.10659072416598861 0.0010041141672277743
0 168 0.16598860862489828 0.001007233683478176
1 168 0.0821806346623271 0.0010031121552641913
2 168 0.14130729590452945 0.0010056032007744859
0 169 0.18761866015730946 0.001008105632849237
1 169 0.08624898291293735 0.0010033187051177025
2 169 0.1324247355573637 0.001005276804816581
0 170 0.19406021155410902 0.0010084561078761802
1 170 0.080553295362083 0.0010029408158155069
2 170 0.14245999457553568 0.0010060138111472614
0 171 0.1775834011391375 0.0010076754099137455
1 171 0.08190941144561975 0.001003268001656215
2 171 0.15449552481692433 0.0010064059644801038
0 172 0.18199077841063196 0.0010080987382162722
1 172 0.07851912123677787 0.0010030211375393553
2 172 0.1354759967453214 0.0010053849600012356
0 173 0.1811771087605099 0.0010083241933503957
1 173 0.08482506102522376 0.0010032696293730073
2 173 0.14220233251966366 0.0010058398731610158
0 174 0.17229454841334418 0.0010075328726614054
1 174 0.06631407648494711 0.001002484127086697
2 174 0.1240846216436127 0.0010050722353532793
0 175 0.17236235421752102 0.001007571769200387
1 175 0.06834825061025224 0.0010025768546010796
2 175 0.1327637645782479 0.0010051207761676874
0 176 0.16334418226200162 0.001006918510339603
1 176 0.07078925956061839 0.0010025795507213177
2 176 0.12042310821806347 0.0010048446696416258
0 177 0.15005424464334147 0.0010067005273328687
1 177 0.061025223759153785 0.0010022448535912218
2 177 0.1282546786004882 0.0010052451719249622
0 178 0.13466232709519935 0.0010056307109975915
1 178 0.059397884458909686 0.0010021464566875166
2 178 0.11187957689178193 0.0010043021787628425
0 179 0.13005153241117437 0.001005463607817403
1 179 0.054109031733116354 0.001002002693798228
2 179 0.10740439381611067 0.0010043734441894442
0 180 0.14751152698671008 0.001006340086286962
1 180 0.052481692432872255 0.0010019600412585006
2 180 0.11661629664070672 0.0010048925889363782
0 181 0.14096826688364525 0.001005809986307811
1 181 0.050244100895036614 0.0010019039420796363
2 181 0.10272579332790886 0.0010039266459927162
0 182 0.14096826688364525 0.0010057499934309504
1 182 0.037835638730675344 0.001001387201792001
2 182 0.10618388934092758 0.0010041925226592242
0 183 0.12560347165717387 0.0010054073071748683
1 183 0.047735286140493625 0.0010017743968233149
2 183 0.096826688364524 0.0010036128968398746
0 184 0.1277461350691619 0.0010051446915461323
1 184 0.054922701383238404 0.0010020455880668867
2 184 0.09977624084621643 0.0010040360280543926
0 185 0.12764442636289666 0.001005134934493833
1 185 0.05126118795768918 0.0010019108368036012
2 185 0.08950366151342555 0.0010034217831819507
0 186 0.12611879576891782 0.0010051882117684207
1 186 0.04759967453213995 0.0010018628338366112
2 186 0.09309736913479794 0.0010035289483205196
0 187 0.11689720640086791 0.0010045528571753111
1 187 0.04597233523189585 0.0010016267099557281
2 187 0.10089503661513426 0.0010037958106621275
0 188 0.11879576891781937 0.001004727080605863
1 188 0.04271765663140765 0.001001501648854536
2 188 0.08950366151342555 0.001003376307795318
0 189 0.11940602115541091 0.0010046511805559767
1 189 0.0402766476810415 0.00100147223874219
2 189 0.10130187144019528 0.0010037190236419622
0 190 0.10170870626525631 0.001004024074627314
1 190 0.03295362082994304 0.0010011923793894217
2 190 0.09621643612693247 0.0010035583149422263
0 191 0.1000813669650122 0.0010040004281260636
1 191 0.03295362082994304 0.0010011650881945053
2 191 0.0951993490642799 0.0010035179446426662
0 192 0.08950366151342555 0.0010033112081751687
1 192 0.03254678600488202 0.0010011516412174386
2 192 0.08923243829671819 0.0010035353791183735
0 193 0.09153783563873068 0.0010035431161677499
1 193 0.022375915378356388 0.0010008673170042981
2 193 0.08014646053702197 0.001003051615400844
0 194 0.08909682668836452 0.0010034523966328825
1 194 0.029698942229454843 0.0010010516870610647
2 194 0.0821806346623271 0.0010030694141924725
0 195 0.07363710333604556 0.001002743262492287
1 195 0.02563059397884459 0.001000885605687797
2 195 0.07709519934906428 0.0010028998009125843
0 196 0.06997558991049634 0.0010025808027083704
1 196 0.024410089503661515 0.0010008568164149442
2 196 0.07445077298616762 0.0010027559851269118
0 197 0.06509357200976404 0.0010024185806035528
1 197 0.017493897477624084 0.0010006044610250027
2 197 0.0743287225386493 0.0010027265369979457
0 198 0.054922701383238404 0.001002031944869452
1 198 0.021562245728234338 0.001000785180636096
2 198 0.06265256305939788 0.001002324210795301
0 199 0.054922701383238404 0.0010020055061542067
1 199 0.02115541090317331 0.0010007309761232602
2 199 0.05736371033360456 0.0010020751212283725
0 200 0.05532953620829943 0.0010020733593903977
1 200 0.020748576078112285 0.00100071691889012
2 200 0.05573637103336045 0.001002032450357549
0 201 0.050244100895036614 0.0010018889372417137
1 201 0.013832384052074858 0.0010004914282320545
2 201 0.04495524816924329 0.0010016665037670246
0 202 0.0467860048820179 0.001001682826031954
1 202 0.018307567127746133 0.0010006464845209275
2 202 0.04068348250610252 0.0010014589889994591
0 203 0.045565500406834825 0.0010016950347519116
1 203 0.014239218877135883 0.0010004920031598849
2 203 0.04271765663140765 0.0010015296763964965
0 204 0.03844589096826689 0.001001429615735886
1 204 0.014646053702196907 0.0010005060603930252
2 204 0.037021969080553295 0.0010013193554954055
0 205 0.0419039869812856 0.001001502256968343
1 205 0.012611879576891782 0.0010004491566538922
2 205 0.03254678600488202 0.0010011793355363895
0 206 0.03417412530512612 0.001001206904524931
1 206 0.011391375101708706 0.0010003936025279076
2 206 0.03132628152969894 0.001001122965059322
0 207 0.03213995117982099 0.0010011373827496653
1 207 0.00935720097640358 0.0010003233163622081
2 207 0.023189585028478437 0.001000814644715524
0 208 0.05370219690805533 0.0010019699488813887
1 208 0.01708706265256306 0.0010006037862184275
2 208 0.0402766476810415 0.0010014461868546524
0 209 0.05838079739625712 0.0010022428978305104
1 209 0.02034174125305126 0.0010007297361883302
2 209 0.04597233523189585 0.0010016672210436473
0 210 0.07282343368592352 0.0010028526333671348
1 210 0.029698942229454843 0.0010010799224193627
2 210 0.06631407648494711 0.0010024795562446735
0 211 0.09865744507729862 0.0010036546958055504
1 211 0.03498779495524817 0.0010012351287082058
2 211 0.07750203417412531 0.0010028875327362495
0 212 0.10659072416598861 0.0010041278163774392
1 212 0.048413344182262 0.0010017667891391235
2 212 0.08828315703824248 0.001003280167474372
0 213 0.13018714401952808 0.0010051789507503732
1 213 0.05655004068348251 0.00100211497367717
2 213 0.11350691619202603 0.001004351042268863
0 214 0.1482912937347437 0.0010059307929693216
1 214 0.07485760781122865 0.0010027473795476353
2 214 0.12082994304312449 0.0010047223500491045
0 215 0.15378356387306755 0.0010061745885372993
1 215 0.07404393816110659 0.0010029137463933128
2 215 0.11940602115541091 0.001004646789746546
0 216 0.1548006509357201 0.0010063707748373448
1 216 0.08136696501220504 0.0010030511889738468
2 216 0.12978030919446704 0.0010052992872688715
0 217 0.16347979387035533 0.0010068860129135177
1 217 0.08150257662055871 0.0010030526873831683
2 217 0.14578247898020072 0.0010058459804193325
0 218 0.15256305939788445 0.0010063776549003821
1 218 0.09438567941415785 0.0010036045303924703
2 218 0.15368185516680227 0.0010064616891663546
0 219 0.17317602386764305 0.0010077469433149243
1 219 0.0949959316517494 0.0010036203265220821
2 219 0.15561432058584215 0.0010062749347606403
0 220 0.16598860862489828 0.0010070128181210755
1 220 0.08991049633848658 0.0010034521134602583
2 220 0.14856251695145103 0.001006075206549475
0 221 0.1573433685923515 0.0010068163979923032
1 221 0.08665581773799837 0.0010031752127356846
2 221 0.1405614320585842 0.0010058689192973564
0 222 0.16680227827502034 0.001006911321110501
1 222 0.07851912123677787 0.0010028985039821194
2 222 0.15273257390832656 0.001006293541156365
0 223 0.15174938974776242 0.0010070326588619163
1 223 0.08034987794955248 0.0010029178666125975
2 223 0.13439110387849199 0.001005562112640452
0 224 0.14981692432872254 0.0010062665152960407
1 224 0.0644833197721725 0.0010024148384969918
2 224 0.13262815296989422 0.0010055417259010257
0 225 0.14313805261730403 0.0010062116211267023
1 225 0.06753458096013018 0.0010024683185598066
2 225 0.1476132356929753 0.0010060169872308455
0 226 0.12194873881204231 0.0010052326973469905
1 226 0.05858421480878763 0.0010022419954826753
2 226 0.11960943856794141 0.0010047134049273718
0 227 0.14239218877135884 0.0010056337264343531
1 227 0.06875508543531327 0.0010024949187083377
2 227 0.10333604556550041 0.0010041663817270882
0 228 0.1327637645782479 0.0010052339937757075
1 228 0.06387306753458095 0.0010023336870843638
2 228 0.11025223759153784 0.0010043542752994987
0 229 0.11859235150528885 0.0010049924636643245
1 229 0.05960130187144019 0.0010022030619885485
2 229 0.10211554109031733 0.0010040052223429566
0 230 0.12530512611879577 0.0010049528411348197
1 230 0.06794141578519121 0.0010025235237213746
2 230 0.10862489829129374 0.0010041763201351812
0 231 0.1287632221318145 0.00100523027707758
1 231 0.05126118795768918 0.001001890540154273
2 231 0.10292921074043938 0.0010040959351460522
0 232 0.10862489829129374 0.0010044020503289573
1 232 0.05695687550854353 0.001002060243834716
2 232 0.11187957689178193 0.0010044185553953935
0 233 0.1240846216436127 0.0010048725535371189
1 233 0.05899104963384866 0.001002258497295794
2 233 0.10740439381611067 0.0010041573753095283
0 234 0.11350691619202603 0.0010046204938198343
1 234 0.05532953620829943 0.0010020182125536235
2 234 0.08828315703824248 0.001003300700037125
0 235 0.11777868185516681 0.0010050123381931632
1 235 0.05268510984540277 0.00100190404562661
2 235 0.0935720097640358 0.001003583487836435
0 236 0.10211554109031733 0.001003916737300718
1 236 0.045565500406834825 0.0010015868469494995
2 236 0.09601301871440195 0.0010037385046006608
0 237 0.10618388934092758 0.0010042294347942127
1 237 0.04597233523189585 0.0010017258597172633
2 237 0.0984540276647681 0.00100376615411311
0 238 0.0989964740981828 0.0010038250437549336
1 238 0.0435313262815297 0.001001544382113289
2 238 0.07851912123677787 0.0010028898176089904
0 239 0.1080146460537022 0.0010041067100899977
1 239 0.04434499593165175 0.0010015863678529645
2 239 0.07607811228641172 0.0010028168162652849
0 240 0.09235150528885272 0.0010035575833620607
1 240 0.03905614320585842 0.0010013882489682104
2 240 0.08014646053702197 0.0010029057398186407
0 241 0.09580960130187144 0.0010037583674274407
1 241 0.03661513425549227 0.001001319181052489
2 241 0.07729861676159479 0.00100291345954946
0 242 0.08665581773799837 0.0010031436012147923
1 242 0.03742880390561432 0.0010013201437262128
2 242 0.06712774613506917 0.001002413786346606
0 243 0.08482506102522376 0.0010032366213451125
1 243 0.030105777054515868 0.0010010673950284629
2 243 0.07160292921074043 0.0010025837167708333
0 244 0.07404393816110659 0.0010027339037091238
1 244 0.03213995117982099 0.0010011513380143791
2 244 0.06407648494711148 0.0010024029991659168
0 245 0.07872253864930838 0.0010028626657899325
1 245 0.03132628152969894 0.001001095789378319
2 245 0.062381339842690536 0.001002385645013027
0 246 0.06956875508543531 0.001002572772959439
1 246 0.03417412530512612 0.0010012069845388375
2 246 0.059397884458909686 0.0010021056799804009
0 247 0.07078925956061839 0.0010027081386041962
1 247 0.029292107404393815 0.0010010522680657518
2 247 0.05451586655817738 0.0010019663041408874
0 248 0.059397884458909686 0.0010022367418804007
1 248 0.030512611879576892 0.0010010954649876881
2 248 0.05736371033360456 0.001002088018570997
0 249 0.06319500949281258 0.0010024581995087857
1 249 0.020748576078112285 0.0010007436837432507
2 249 0.04536208299430431 0.001001654514551198
0 250 0.04882017900732303 0.00100179154204629
1 250 0.024410089503661515 0.0010008427660764471
2 250 0.04597233523189585 0.0010017430504192634
0 251 0.045565500406834825 0.0010017302660496029
1 251 0.021969080553295363 0.0010008123186485759
2 251 0.045158665581773796 0.0010016230754619233
0 252 0.05541090317331163 0.0010021057064076237
1 252 0.024410089503661515 0.0010009611637037104
2 252 0.04800650935720097 0.001001777019816008
0 253 0.052481692432872255 0.0010021106322114525
1 253 0.018307567127746133 0.0010006594500924781
2 253 0.043938161106590726 0.0010016422207901573
0 254 0.054980820643961405 0.0010021468950440983
1 254 0.02115541090317331 0.001000784204182296
2 254 0.036208299430431246 0.0010012914326991476
0 255 0.050854353132628156 0.0010018899506607356
1 255 0.015052888527257934 0.0010005602649058617
2 255 0.03417412530512612 0.00100122062322974
0 256 0.052481692432872255 0.0010019869145717081
1 256 0.024003254678600486 0.0010008562583639505
2 256 0.043124491456468676 0.0010015858362989265
0 257 0.06468673718470301 0.0010023893792251721
1 257 0.022782750203417412 0.0010008150610294124
2 257 0.04882017900732303 0.0010018341100991822
0 258 0.07546786004882018 0.0010028832015302348
1 258 0.03905614320585842 0.0010014433711081638
2 258 0.06427990235964198 0.001002313318988661
0 259 0.09153783563873068 0.0010034606216823738
1 259 0.035394629780309196 0.001001262711113466
2 259 0.0709926769731489 0.0010026376035867784
0 260 0.10618388934092758 0.0010041483056039242
1 260 0.048413344182262 0.0010017801249461481
2 260 0.08340113913751017 0.0010033061386067056
0 261 0.10130187144019528 0.0010038516057716052
1 261 0.043124491456468676 0.0010015573402402398
2 261 0.08279088689991863 0.0010032113719715865
0 262 0.1273393002441009 0.001005010692729005
1 262 0.06224572823433686 0.0010022848414439902
2 262 0.10882831570382424 0.0010041205613281188
0 263 0.13506916192026036 0.0010054325341023042
1 263 0.06753458096013018 0.0010024839794863089
2 263 0.12205044751830757 0.0010047899071399127
0 264 0.15174938974776242 0.0010062654078962971
1 264 0.07729861676159479 0.001002900318413692
2 264 0.128966639544345 0.0010051428219444406
0 265 0.15907241659886087 0.0010062915813502658
1 265 0.07892595606183889 0.0010028449018844455
2 265 0.14462978030919446 0.0010058132937280494
0 266 0.16314076484947113 0.0010065046959665414
1 266 0.0821806346623271 0.0010029764312065627
2 266 0.1562245728234337 0.0010061850388812697
0 267 0.15786547328451317 0.0010067771300937432
1 267 0.07567127746135069 0.0010027066543571903
2 267 0.16558177379983727 0.0010071968813286625
0 268 0.1667344724708435 0.0010069880439683761
1 268 0.07445077298616762 0.0010027353217961388
2 268 0.15683482506102522 0.0010061917641890803
0 269 0.15419039869812856 0.0010062965061718664
1 269 0.08909682668836452 0.0010034208906546148
2 269 0.14981692432872254 0.0010060349877781104
0 270 0.15602115541090317 0.0010065913794880432
1 270 0.06997558991049634 0.0010026266196298352
2 270 0.14239218877135884 0.0010057758352302727
0 271 0.15398698128559804 0.001006483534593955
1 271 0.0677379983726607 0.0010025730327269799
2 271 0.13840520748576077 0.0010057405002036129
0 272 0.1573094656902631 0.0010064612099108337
1 272 0.06590724165988608 0.001002479803494567
2 272 0.1419853539462978 0.001005549933970149
0 273 0.14145646867371847 0.0010057135844396916
1 273 0.0742473555736371 0.0010027772403378634
2 273 0.12835638730675344 0.0010049884068055227
0 274 0.12713588283157037 0.0010051879021502294
1 274 0.06753458096013018 0.0010024434914558697
2 274 0.1259153783563873 0.0010049476551831555
0 275 0.1118117710876051 0.0010044575455176417
1 275 0.06631407648494711 0.0010024976614590932
2 275 0.11208299430431246 0.0010044441438584158
0 276 0.1273393002441009 0.0010050031323847962
1 276 0.06631407648494711 0.00100241470287639
2 276 0.12157580688906972 0.0010047445883149442
0 277 0.12713588283157037 0.0010050614846823316
1 277 0.06224572823433686 0.0010022576701265737
2 277 0.11960943856794141 0.001004561635533552
0 278 0.12700027122321672 0.00100515387555299
1 278 0.05573637103336045 0.0010020170097744408
2 278 0.1128966639544345 0.0010043629655467298
0 279 0.12184703010577705 0.0010049371668132323
1 279 0.05390561432058584 0.0010019303119170456
2 279 0.12164361269324654 0.0010048487725340279
0 280 0.11696501220504475 0.0010048774106806615
1 280 0.043124491456468676 0.0010016114469925562
2 280 0.10862489829129374 0.0010041906917291773
0 281 0.11106590724165989 0.0010043461110313054
1 281 0.05777054515866558 0.001002104309304862
2 281 0.11988066178464875 0.001004750265509457
0 282 0.11655817737998372 0.0010045317489112263
1 282 0.046379170056956874 0.0010016426718576174
2 282 0.09641985353946297 0.0010037465845258917
0 283 0.11065907241659886 0.00100448153986326
1 283 0.05044751830756713 0.0010018363231780545
2 283 0.09987794955248169 0.001003838131445811
0 284 0.1371033360455655 0.0010053787784642255
1 284 0.04271765663140765 0.0010015152723575331
2 284 0.0886899918633035 0.0010032988637399803
0 285 0.11655817737998372 0.0010045936174064621
1 285 0.037835638730675344 0.0010013469077869259
2 285 0.08889340927583401 0.0010033910958582824
0 286 0.11777868185516681 0.001004631879262906
1 286 0.044751830756712775 0.0010016394931100755
2 286 0.08299430431244914 0.0010030786575248106
0 287 0.11838893409275834 0.0010045933812262361
1 287 0.04149715215622457 0.0010014446602934154
2 287 0.08299430431244914 0.0010031602471219534
0 288 0.09560618388934093 0.001003614169781055
1 288 0.044751830756712775 0.0010016136310537838
2 288 0.08340113913751017 0.0010031870874740742
0 289 0.10903173311635476 0.0010041419238340967
1 289 0.037021969080553295 0.0010013599358152214
2 289 0.08096013018714401 0.0010029857602929751
0 290 0.0949959316517494 0.001003592077555716
1 290 0.03376729048006509 0.001001180242576568
2 290 0.07709519934906428 0.0010028700798291464
0 291 0.0949959316517494 0.0010035874675715407
1 291 0.037835638730675344 0.0010013334196231876
2 291 0.0807567127746135 0.0010030403488574622
0 292 0.08462164361269324 0.0010031271061099834
1 292 0.02888527257933279 0.001001024828406046
2 292 0.07160292921074043 0.0010026468100063875
0 293 0.0919446704637917 0.0010034431709078089
1 293 0.03376729048006509 0.0010012068976302877
2 293 0.07689178193653377 0.0010028319546241632
0 294 0.07607811228641172 0.001002879895980228
1 294 0.03132628152969894 0.0010011095465779385
2 294 0.07119609438567942 0.0010026767493751664
0 295 0.08462164361269324 0.001003216537546932
1 295 0.03417412530512612 0.0010012594782939426
2 295 0.05655004068348251 0.001002075995202601
0 296 0.07241659886086249 0.0010026769297022155
1 296 0.025223759153783564 0.0010008849308812226
2 296 0.06672091131000814 0.001002454786828858
0 297 0.06387306753458095 0.0010024263539121412
1 297 0.03254678600488202 0.001001163652329577
2 297 0.0619745050176295 0.0010023608797307241
0 298 0.06366965012205045 0.0010024780388601785
1 298 0.029292107404393815 0.0010010526968435424
2 298 0.06346623270951994 0.0010024224035292749
0 299 0.0691619202603743 0.0010026885881005494
1 299 0.023189585028478437 0.0010008443418567695
2 299 0.05098996474098182 0.0010019812683175994
0 300 0.061432058584214806 0.0010023005600657538
1 300 0.02725793327908869 0.0010009953643266179
2 300 0.04149715215622457 0.0010015665900207742
0 301 0.06061838893409276 0.0010022558463771679
1 301 0.02034174125305126 0.0010007159230206904
2 301 0.046379170056956874 0.001001709245227234
0 302 0.060211554109031735 0.001002289941906375
1 302 0.020748576078112285 0.001000747114748504
2 302 0.04109031733116355 0.0010014855617633146
0 303 0.061838893409275834 0.0010023443327682377
1 303 0.01627339300244101 0.0010005622893255843
2 303 0.030105777054515868 0.0010010805067258495
0 304 0.05736371033360456 0.0010024032099447402
1 304 0.020748576078112285 0.0010007824644877278
2 304 0.03742880390561432 0.0010012919296249886
0 305 0.07119609438567942 0.0010027190346027586
1 305 0.027664768104149716 0.0010009692742800626
2 305 0.04922701383238405 0.0010017820230913805
0 306 0.0821806346623271 0.0010031103635951093
1 306 0.02888527257933279 0.0010010250049342607
2 306 0.054109031733116354 0.0010019637697309483
0 307 0.09296175752644427 0.0010035049042332823
1 307 0.0402766476810415 0.001001484106550111
2 307 0.06875508543531327 0.0010024811909444078
0 308 0.10591266612422025 0.001004182736829743
1 308 0.03946297803091944 0.0010014170813208091
2 308 0.08136696501220504 0.0010030290318843761
0 309 0.10537021969080554 0.0010040265691285029
1 309 0.043124491456468676 0.001001516831565936
2 309 0.08828315703824248 0.0010033394788452916
0 310 0.11533767290480065 0.0010045276867851403
1 310 0.05532953620829943 0.0010020208464266423
2 310 0.10353946297803092 0.0010039194057846618
0 311 0.13954434499593166 0.0010053118672158164
1 311 0.054109031733116354 0.001001992388930517
2 311 0.10303091944670464 0.00100396064009267
0 312 0.14585028478437753 0.0010058598135021188
1 312 0.06224572823433686 0.001002232174154495
2 312 0.11472742066720912 0.0010045160184076762
0 313 0.15581773799837267 0.0010063174954694511
1 313 0.07689178193653377 0.001002873439159726
2 313 0.11310008136696502 0.0010042329230920844
0 314 0.15093572009764036 0.0010061288386812913
1 314 0.07404393816110659 0.0010026792415869562
2 314 0.12849199891510713 0.0010051921943772634
0 315 0.17554922701383238 0.001007435021105494
1 315 0.07770545158665582 0.0010028485267314989
2 315 0.13466232709519935 0.0010054099786741338
0 316 0.158597775969623 0.0010066683950311825
1 316 0.07363710333604556 0.0010027667373738328
2 316 0.1255085435313263 0.0010046649550215282
0 317 0.16420531597504745 0.0010070053925608326
1 317 0.07729861676159479 0.0010028199103102725
2 317 0.11777868185516681 0.001004630391084173
0 318 0.15174938974776242 0.001006166608171972
1 318 0.06082180634662327 0.0010023657775968112
2 318 0.1114727420667209 0.0010045511427649457
0 319 0.15541090317331163 0.0010062838145254935
1 319 0.07200976403580146 0.0010027009504881405
2 319 0.11513425549227013 0.001004558164868023
0 320 0.14869812855980472 0.001006163614121432
1 320 0.0691619202603743 0.0010025649586734972
2 320 0.10699755899104964 0.0010041681736808993
0 321 0.14259560618388933 0.0010058013522788595
1 321 0.05736371033360456 0.0010021745698640344
2 321 0.11086248982912937 0.0010042699397216324
0 322 0.12611879576891782 0.0010048468766985005
1 322 0.05349877949552482 0.0010020047067978747
2 322 0.10496338486574451 0.0010039298484540468
0 323 0.12693246541903988 0.001004978528711292
1 323 0.05451586655817738 0.001001973993063086
2 323 0.09723352318958503 0.0010037987725542584
0 324 0.1226606997558991 0.0010050287412100936
1 324 0.060211554109031735 0.0010022009609965711
2 324 0.09397884458909683 0.0010036440452834373
0 325 0.12652563059397884 0.0010050507802904542
1 325 0.04922701383238405 0.001001873450474387
2 325 0.10720097640358014 0.0010041022508556865
0 326 0.12164361269324654 0.0010047484650013193
1 326 0.04882017900732303 0.0010017405963531206
2 326 0.09621643612693247 0.0010037562753583168
0 327 0.12571196094385678 0.00100482267210003
1 327 0.054109031733116354 0.0010019493432036847
2 327 0.1000813669650122 0.0010037440690970434
0 328 0.121033360455655 0.0010046711275272196
1 328 0.04759967453213995 0.0010017500409538853
2 328 0.09492812584757254 0.001003610841880997
0 329 0.11486303227556278 0.00100460971465508
1 329 0.04922701383238405 0.0010017547162254185
2 329 0.096826688364524 0.0010035706139905499
0 330 0.1128966639544345 0.0010043691083909297
1 330 0.03986981285598047 0.0010015115388505125
2 330 0.08991049633848658 0.0010033484037487547
0 331 0.13466232709519935 0.0010052714631171645
1 331 0.04149715215622457 0.0010015568068448715
2 331 0.0886899918633035 0.0010033994880637763
0 332 0.11879576891781937 0.0010047025266726067
1 332 0.03824247355573637 0.0010013746481305828
2 332 0.080553295362083 0.001003086382903048
0 333 0.11676159479251425 0.0010048680817792877
1 333 0.035394629780309196 0.0010012376840477578
2 333 0.08767290480065093 0.0010033627335026192
0 334 0.10720097640358014 0.0010041338895007228
1 334 0.03132628152969894 0.0010010937856425274
2 334 0.08930024410089504 0.0010033354725534304
0 335 0.10821806346623271 0.0010041406338260467
1 335 0.023596419853539462 0.0010008153195220975
2 335 0.08096013018714401 0.001003005515582365
