0 0 30.08999999999998 27.291268122837362
0 1 29.739999999999988 27.519363441897358
0 2 30.139999999999993 27.61736814092669
0 3 29.849999999999998 27.397858208216856
0 4 29.51 27.29880345895969
0 5 30.419999999999998 27.555987801853398
0 6 30.73 27.6424620825232
0 7 29.969999999999995 27.45502810878462
0 8 30.139999999999993 27.295038385565093
0 9 29.77 27.48667756713021
0 10 31.11 27.663820815111432
0 11 29.289999999999992 27.45674669680797
0 12 30.290000000000003 27.29486915686481
0 13 29.17000000000001 27.449604851867303
0 14 29.439999999999998 27.539323474476465
0 15 30.560000000000002 27.476255376204993
0 16 29.769999999999985 27.30296862584773
0 17 30.969999999999995 27.581962442970813
0 18 29.659999999999982 27.536910624243635
0 19 29.689999999999994 27.407071519828303
0 20 29.250000000000004 27.2718981427932
0 21 30.029999999999994 27.507084132946996
0 22 29.84 27.578239744589276
0 23 30.48000000000001 27.485694027355414
0 24 29.450000000000003 27.32016327807473
0 25 30.330000000000005 27.570705292287272
0 26 30.589999999999996 27.645166085417834
0 27 30.399999999999988 27.475785750628457
