0 0 30.699999999999996 27.285540141853456
0 1 27.49999999999999 26.670383604238474
0 2 31.8 28.182911219212972
0 3 29.20000000000001 27.454337762378128
0 4 26.20000000000001 25.852603671992814
0 5 29.3 26.895756831386493
0 6 34.1 28.582807956593115
0 7 30 27.477346977651873
0 8 30.199999999999992 27.267065683729722
0 9 27.60000000000001 26.16501329671248
0 10 28.000000000000004 27.276658694670168
0 11 29.000000000000014 27.09567050830779
0 12 30.4 27.500500436015432
0 13 29.600000000000016 27.251164767203246
0 14 28.300000000000008 26.89422098088807
0 15 30.200000000000003 27.62587089363485
0 16 29.699999999999996 26.78295659169593
0 17 28.200000000000006 26.523657791180902
0 18 29.800000000000004 27.491685714673757
0 19 29.100000000000005 27.644970232975982
0 20 28.600000000000005 26.668407747245062
0 21 34.00000000000003 28.65004432693421
0 22 29.500000000000007 27.36472605243482
0 23 29.400000000000006 26.72725693705342
0 24 28.4 26.903279657891805
0 25 29.199999999999992 26.875070174033777
0 26 27.600000000000012 26.8599499139625
0 27 31.600000000000005 28.015919192346274
