0 0 2.81868 5.36538
0 1 2.6177 4.96154
0 2 2.85698 5.5
0 3 2.70358 5.17308
0 4 2.4443 4.63462
0 5 2.23613 4.19231
0 6 2.486 4.71154
0 7 1.77467 3.28846
0 8 1.90819 3.53846
0 9 1.59255 2.92308
0 10 1.46601 2.65385
0 11 1.4471 2.63462
0 12 1.47615 2.69231
0 13 1.15573 2.01923
0 14 1.09341 1.86538
0 15 1.301 2.32692
0 16 1.55198 2.86538
0 17 1.85529 3.38462
0 18 2.33468 4.36538
0 19 2.64924 5.07692
0 20 3.53413 6.82692
0 21 3.81982 7.44231
0 22 3.88577 7.57692
0 23 4.64836 9.07692
0 24 4.97329 9.69231
0 25 5.34212 10.4038
0 26 5.53226 10.7885
0 27 5.32971 10.3846
0 28 5.39737 10.5769
0 29 4.44794 8.65385
0 30 4.64836 9.05769
0 31 4.66092 9.09615
0 32 4.67619 9.07692
0 33 4.36476 8.48077
0 34 4.55343 8.86538
0 35 4.18087 8.15385
0 36 4.11678 8
0 37 3.54154 6.86538
0 38 3.58443 6.92308
0 39 3.39825 6.5
0 40 3.2563 6.25
0 41 3.37096 6.5
0 42 3.19093 6.13462
0 43 3.27885 6.34615
0 44 3.56738 6.90385
0 45 3.41039 6.57692
0 46 2.70007 5.15385
0 47 2.91391 5.57692
0 48 2.64106 5.03846
0 49 2.7538 5.26923
0 50 2.26454 4.28846
0 51 2.29728 4.32692
0 52 1.83155 3.38462
0 53 2.01338 3.71154
0 54 1.5383 2.86538
0 55 1.43494 2.61538
0 56 1.32906 2.38462
0 57 1.2476 2.15385
0 58 1.18756 2.09615
0 59 1.17295 2.05769
0 60 1.16102 2.01923
0 61 0.992535 1.63462
0 62 1.1865 2.09615
0 63 1.00663 1.69231
0 64 1.32883 2.36538
0 65 1.57053 2.90385
0 66 1.95631 3.69231
0 67 2.77354 5.32692
0 68 3.2001 6.32692
0 69 3.48338 6.75
0 70 3.7993 7.38462
0 71 5.19841 10.0962
0 72 4.97842 9.73077
0 73 5.47469 10.6346
0 74 5.80865 11.2885
0 75 5.83276 11.3269
0 76 5.43653 10.5577
0 77 5.47629 10.6346
0 78 5.07681 9.84615
0 79 5.18267 10.0769
0 80 4.56393 8.92308
0 81 4.66779 9.03846
0 82 4.11366 7.96154
0 83 4.02121 7.80769
0 84 3.6417 7.07692
0 85 3.89075 7.65385
0 86 3.98101 7.76923
0 87 3.78308 7.30769
0 88 3.75976 7.26923
0 89 3.79824 7.32692
0 90 3.66329 7.11538
0 91 3.57984 7
0 92 3.19491 6.09615
0 93 3.00523 5.75
0 94 2.7389 5.23077
0 95 2.64773 5.03846
0 96 2.30818 4.32692
0 97 2.39693 4.51923
0 98 1.94893 3.63462
0 99 2.0613 3.82692
0 100 1.82518 3.40385
0 101 1.5065 2.75
0 102 1.45663 2.63462
0 103 1.12448 1.96154
0 104 1.21172 2.11538
0 105 1.12664 2.01923
0 106 0.957685 1.59615
0 107 1.03117 1.75
0 108 1.04678 1.76923
0 109 0.954259 1.59615
0 110 0.888771 1.48077
0 111 1.01542 1.65385
0 112 1.27428 2.21154
0 113 1.49536 2.73077
0 114 2.0009 3.73077
0 115 2.47572 4.73077
0 116 2.86342 5.48077
0 117 3.37572 6.5
0 118 3.70166 7.17308
0 119 4.54721 8.82692
0 120 4.53405 8.78846
0 121 5.30741 10.3269
0 122 4.96156 9.67308
0 123 5.31727 10.3077
0 124 5.10308 9.94231
0 125 5.17958 10.0962
0 126 5.16039 10.0385
0 127 4.436 8.61538
0 128 4.89663 9.53846
0 129 4.42908 8.59615
0 130 4.18407 8.09615
0 131 3.73289 7.25
0 132 3.63345 7
0 133 3.42295 6.61538
0 134 3.40288 6.53846
0 135 3.68541 7.11538
0 136 3.11359 5.94231
0 137 3.51501 6.76923
0 138 3.36188 6.5
0 139 3.06222 5.92308
0 140 3.12991 5.98077
0 141 2.93717 5.57692
0 142 2.83072 5.38462
0 143 2.45187 4.65385
0 144 2.4437 4.65385
0 145 2.28272 4.30769
0 146 2.12091 3.94231
0 147 2.11081 4
0 148 1.58759 2.94231
0 149 1.6138 2.94231
0 150 1.55706 2.80769
0 151 1.3185 2.34615
0 152 1.36295 2.51923
0 153 1.09807 1.98077
0 154 1.16797 2.05769
0 155 1.04039 1.80769
0 156 1.05609 1.76923
0 157 1.03196 1.76923
0 158 1.09535 1.82692
0 159 1.07073 1.86538
0 160 1.34096 2.36538
0 161 1.51781 2.69231
0 162 2.0823 3.90385
0 163 2.68935 5.09615
0 164 3.13613 6.05769
0 165 3.77459 7.32692
0 166 4.42173 8.59615
0 167 4.37556 8.5
0 168 5.04988 9.86538
0 169 5.5363 10.7885
0 170 5.8789 11.4423
0 171 5.37106 10.4038
0 172 5.56761 10.8654
0 173 5.71997 11.1346
0 174 5.19784 10.1154
0 175 5.22185 10.2115
0 176 4.82887 9.40385
0 177 4.60436 8.98077
0 178 3.95503 7.67308
0 179 3.79617 7.40385
0 180 4.38501 8.5
0 181 4.01959 7.84615
0 182 4.05887 7.86538
0 183 3.8013 7.36538
0 184 3.60859 6.98077
0 185 3.59105 7
0 186 3.65929 7.07692
0 187 3.26034 6.23077
0 188 3.34562 6.44231
0 189 3.29866 6.36538
0 190 2.89833 5.51923
0 191 2.8717 5.5
0 192 2.36084 4.49524
0 193 2.5233 4.81905
0 194 2.47888 4.68571
0 195 1.98529 3.71429
0 196 1.91497 3.50476
0 197 1.73665 3.27619
0 198 1.51638 2.7619
0 199 1.48963 2.72381
0 200 1.54878 2.81905
0 201 1.42343 2.57143
0 202 1.28986 2.28571
0 203 1.29731 2.30476
0 204 1.12083 1.94286
0 205 1.17725 2.0381
0 206 0.965212 1.6381
0 207 0.94461 1.54286
0 208 1.48153 2.66667
0 209 1.65098 3.04762
0 210 2.05616 3.86667
0 211 2.58342 4.95238
0 212 2.92479 5.6
0 213 3.59786 6.97143
0 214 4.12683 8.01905
0 215 4.31439 8.3619
0 216 4.42999 8.62857
0 217 4.76757 9.31429
0 218 4.41898 8.62857
0 219 5.27841 10.2857
0 220 4.87593 9.46667
0 221 4.63263 9.10476
0 222 4.77271 9.29524
0 223 4.68279 9.14286
0 224 4.29434 8.38095
0 225 4.32998 8.4
0 226 3.63637 7.00952
0 227 3.95411 7.65714
0 228 3.64736 7.04762
0 229 3.49547 6.72381
0 230 3.42919 6.70476
0 231 3.64473 7.06667
0 232 3.10549 5.9619
0 233 3.39719 6.60952
0 234 3.26677 6.24762
0 235 3.48434 6.7619
0 236 2.79523 5.31429
0 237 3.00304 5.75238
0 238 2.71417 5.18095
0 239 2.86298 5.58095
0 240 2.53445 4.8381
0 241 2.68534 5.10476
0 242 2.23235 4.26667
0 243 2.32412 4.38095
0 244 1.98652 3.71429
0 245 2.04961 3.88571
0 246 1.86215 3.48571
0 247 1.93236 3.67619
0 248 1.65102 3.02857
0 249 1.79588 3.33333
0 250 1.34946 2.41905
0 251 1.30122 2.32381
0 252 1.52615 2.8381
0 253 1.60155 2.87619
0 254 1.59511 2.91429
0 255 1.41436 2.57143
0 256 1.457 2.68571
0 257 1.72808 3.2381
0 258 2.04712 3.90476
0 259 2.46587 4.70476
0 260 2.90125 5.6381
0 261 2.73638 5.2381
0 262 3.52783 6.81905
0 263 3.79482 7.37143
0 264 4.34522 8.4381
0 265 4.40944 8.53333
0 266 4.52636 8.8
0 267 4.68218 9.10476
0 268 4.87111 9.46667
0 269 4.3693 8.51429
0 270 4.54817 8.85714
0 271 4.50133 8.74286
0 272 4.47304 8.70476
0 273 3.95796 7.69524
0 274 3.63683 7.02857
0 275 3.14974 6.0381
0 276 3.53329 6.8
0 277 3.5449 6.87619
0 278 3.61113 6.99048
0 279 3.46955 6.66667
0 280 3.3889 6.51429
0 281 3.06739 5.90476
0 282 3.17813 6.17143
0 283 3.18289 6.07619
0 284 3.78984 7.31429
0 285 3.24354 6.24762
0 286 3.26707 6.30476
0 287 3.22358 6.22857
0 288 2.57664 4.91429
0 289 2.92443 5.6
0 290 2.56218 4.87619
0 291 2.58217 4.87619
0 292 2.26291 4.24762
0 293 2.4565 4.66667
0 294 2.10089 3.92381
0 295 2.26501 4.3619
0 296 1.91633 3.6381
0 297 1.77156 3.27619
0 298 1.8043 3.37143
0 299 1.92479 3.6381
0 300 1.66524 3.12381
0 301 1.67769 3.06667
0 302 1.64249 3.10476
0 303 1.72789 3.18095
0 304 1.68781 3.14286
0 305 1.9862 3.69524
0 306 2.20448 4.19048
0 307 2.48359 4.7619
0 308 2.94656 5.67619
0 309 2.83786 5.46667
0 310 3.16694 6.13333
0 311 3.69309 7.2
0 312 4.08949 7.92381
0 313 4.40269 8.53333
0 314 4.28066 8.30476
0 315 5.12036 10
0 316 4.62934 8.97143
0 317 4.82971 9.40952
0 318 4.28096 8.32381
0 319 4.37992 8.51429
0 320 4.26557 8.26667
0 321 4.01953 7.77143
0 322 3.39583 6.57143
0 323 3.50972 6.7619
0 324 3.50655 6.81905
0 325 3.54612 6.8381
0 326 3.34158 6.45714
0 327 3.36109 6.51429
0 328 3.2701 6.32381
0 329 3.24747 6.26667
0 330 3.06814 5.94286
0 331 3.71101 7.14286
0 332 3.32933 6.4
0 333 3.40416 6.57143
0 334 2.91335 5.6
0 335 2.95148 5.6381
1 0 1.00606 1.67308
1 1 0.740487 1.13462
1 2 0.841795 1.30769
1 3 0.815114 1.32692
1 4 0.807359 1.26923
1 5 0.761066 1.19231
1 6 0.838997 1.34615
1 7 0.617251 0.903846
1 8 0.661017 0.961538
1 9 0.691704 1.01923
1 10 0.555093 0.788462
1 11 0.555961 0.788462
1 12 0.587357 0.884615
1 13 0.398179 0.596154
1 14 0.50533 0.769231
1 15 0.502205 0.634615
1 16 0.691492 1.01923
1 17 0.692754 1.09615
1 18 0.990611 1.71154
1 19 1.10441 1.92308
1 20 1.54884 2.80769
1 21 1.71114 3.19231
1 22 2.10757 3.90385
1 23 2.52997 4.82692
1 24 2.42059 4.55769
1 25 2.56714 4.84615
1 26 2.70418 5.15385
1 27 2.91985 5.61538
1 28 2.63827 5
1 29 2.70421 5.15385
1 30 2.1431 4.05769
1 31 2.31364 4.36538
1 32 2.28099 4.28846
1 33 2.28835 4.34615
1 34 2.19474 4.13462
1 35 1.95379 3.73077
1 36 2.02719 3.80769
1 37 1.73698 3.21154
1 38 1.6067 2.98077
1 39 1.8021 3.44231
1 40 1.73484 3.19231
1 41 1.76113 3.30769
1 42 1.59401 2.92308
1 43 1.69159 3.07692
1 44 1.31189 2.28846
1 45 1.11842 1.90385
1 46 1.27645 2.32692
1 47 1.11221 1.92308
1 48 1.24976 2.19231
1 49 1.082 1.90385
1 50 1.0005 1.71154
1 51 0.773601 1.28846
1 52 0.869898 1.42308
1 53 0.755918 1.17308
1 54 0.648384 0.923077
1 55 0.678967 1.03846
1 56 0.702394 1.09615
1 57 0.513753 0.730769
1 58 0.462281 0.673077
1 59 0.48996 0.634615
1 60 0.539397 0.807692
1 61 0.590896 0.846154
1 62 0.498596 0.692308
1 63 0.497619 0.653846
1 64 0.603336 0.807692
1 65 0.766484 1.23077
1 66 0.926934 1.55769
1 67 1.07137 1.82692
1 68 1.37385 2.46154
1 69 1.64989 3.13462
1 70 1.70194 3.09615
1 71 1.92417 3.59615
1 72 2.42976 4.63462
1 73 2.5167 4.76923
1 74 2.44023 4.57692
1 75 2.62196 4.98077
1 76 2.44273 4.63462
1 77 2.15567 4.07692
1 78 1.94907 3.69231
1 79 2.08987 3.90385
1 80 1.93402 3.61538
1 81 2.0344 3.78846
1 82 1.58839 2.86538
1 83 1.91099 3.53846
1 84 1.74759 3.19231
1 85 1.67563 3.07692
1 86 1.61084 2.98077
1 87 1.80864 3.30769
1 88 1.30622 2.36538
1 89 1.55951 2.84615
1 90 1.32159 2.36538
1 91 1.3486 2.36538
1 92 1.25326 2.19231
1 93 1.19528 2.13462
1 94 1.27329 2.21154
1 95 1.02316 1.69231
1 96 1.01415 1.73077
1 97 1.05297 1.78846
1 98 0.974733 1.63462
1 99 0.791046 1.26923
1 100 0.872524 1.44231
1 101 0.771663 1.23077
1 102 0.716322 1.09615
1 103 0.747646 1.11538
1 104 0.703623 1.01923
1 105 0.563116 0.826923
1 106 0.4906 0.711538
1 107 0.517759 0.673077
1 108 0.45063 0.576923
1 109 0.345038 0.365385
1 110 0.460953 0.615385
1 111 0.480007 0.653846
1 112 0.456906 0.653846
1 113 0.505307 0.75
1 114 0.718212 1.07692
1 115 0.898844 1.46154
1 116 1.20572 2.11538
1 117 1.71822 3.13462
1 118 1.80466 3.32692
1 119 2.02148 3.76923
1 120 2.2594 4.28846
1 121 2.20608 4.15385
1 122 2.35716 4.48077
1 123 2.20052 4.15385
1 124 2.18784 4.15385
1 125 2.37506 4.46154
1 126 1.94028 3.63462
1 127 2.00401 3.75
1 128 1.75263 3.25
1 129 1.9382 3.63462
1 130 1.89649 3.46154
1 131 1.52723 2.73077
1 132 1.5601 2.86538
1 133 1.63545 3.03846
1 134 1.68572 3.09615
1 135 1.50808 2.75
1 136 1.48572 2.73077
1 137 1.28578 2.28846
1 138 1.60818 2.98077
1 139 1.25104 2.25
1 140 1.37791 2.48077
1 141 1.24652 2.21154
1 142 1.22502 2.15385
1 143 1.35418 2.40385
1 144 1.29608 2.26923
1 145 1.24054 2.17308
1 146 1.01575 1.71154
1 147 1.02418 1.75
1 148 0.745128 1.21154
1 149 0.868328 1.42308
1 150 0.891814 1.48077
1 151 0.676234 0.942308
1 152 0.758416 1.23077
1 153 0.60797 0.942308
1 154 0.713964 1.11538
1 155 0.557734 0.826923
1 156 0.451054 0.634615
1 157 0.496356 0.653846
1 158 0.514246 0.673077
1 159 0.443721 0.615385
1 160 0.594057 0.884615
1 161 0.776317 1.21154
1 162 0.837136 1.30769
1 163 1.08673 1.88462
1 164 1.35712 2.42308
1 165 1.62409 2.94231
1 166 1.67636 3.01923
1 167 1.91688 3.53846
1 168 2.26165 4.26923
1 169 2.41962 4.55769
1 170 2.13667 4.03846
1 171 2.34867 4.46154
1 172 2.16018 4.13462
1 173 2.34525 4.48077
1 174 1.8484 3.40385
1 175 1.9193 3.53846
1 176 1.89658 3.53846
1 177 1.68091 3.07692
1 178 1.60679 2.94231
1 179 1.51875 2.75
1 180 1.44332 2.67308
1 181 1.45324 2.61538
1 182 1.10448 1.90385
1 183 1.35083 2.44231
1 184 1.54286 2.80769
1 185 1.42419 2.59615
1 186 1.4175 2.55769
1 187 1.25232 2.23077
1 188 1.18388 2.05769
1 189 1.15967 2.01923
1 190 0.973486 1.63462
1 191 0.965798 1.59615
1 192 0.922589 1.5619
1 193 0.760141 1.18095
1 194 0.857705 1.42857
1 195 0.75952 1.2
1 196 0.732163 1.1619
1 197 0.588432 0.819048
1 198 0.716021 1.06667
1 199 0.709193 0.990476
1 200 0.651762 0.971429
1 201 0.496702 0.666667
1 202 0.582536 0.87619
1 203 0.504551 0.666667
1 204 0.510171 0.685714
1 205 0.440621 0.609524
1 206 0.422607 0.533333
1 207 0.399144 0.438095
1 208 0.609945 0.819048
1 209 0.666386 0.990476
1 210 0.906975 1.46667
1 211 0.984822 1.67619
1 212 1.33077 2.4
1 213 1.57057 2.87619
1 214 2.02976 3.73333
1 215 2.10074 3.9619
1 216 2.22579 4.15238
1 217 2.20366 4.13333
1 218 2.57483 4.89524
1 219 2.61477 4.91429
1 220 2.472 4.68571
1 221 2.2983 4.30476
1 222 2.09323 3.94286
1 223 2.11387 3.9619
1 224 1.75978 3.27619
1 225 1.80818 3.35238
1 226 1.66072 3.04762
1 227 1.83091 3.39048
1 228 1.7145 3.1619
1 229 1.63223 2.99048
1 230 1.85387 3.42857
1 231 1.42759 2.57143
1 232 1.54299 2.8
1 233 1.65938 3.06667
1 234 1.49653 2.74286
1 235 1.43486 2.57143
1 236 1.1914 2.15238
1 237 1.31193 2.34286
1 238 1.17497 2.09524
1 239 1.21752 2.15238
1 240 1.08774 1.88571
1 241 1.05283 1.79048
1 242 1.06073 1.79048
1 243 0.891751 1.44762
1 244 0.909855 1.5619
1 245 0.887857 1.48571
1 246 0.949017 1.6381
1 247 0.859166 1.42857
1 248 0.892921 1.48571
1 249 0.66701 1.00952
1 250 0.745906 1.14286
1 251 0.699921 1.10476
1 252 0.830126 1.29524
1 253 0.600692 0.895238
1 254 0.70523 1.06667
1 255 0.564045 0.761905
1 256 0.707943 1.1619
1 257 0.724221 1.10476
1 258 1.08606 1.9619
1 259 1.01644 1.71429
1 260 1.35921 2.41905
1 261 1.17812 2.11429
1 262 1.70081 3.10476
1 263 1.82277 3.37143
1 264 2.11524 3.94286
1 265 2.04232 3.86667
1 266 2.16852 4.0381
1 267 1.96836 3.67619
1 268 1.9982 3.71429
1 269 2.45559 4.64762
1 270 1.90508 3.5619
1 271 1.86879 3.50476
1 272 1.83073 3.37143
1 273 2.03555 3.77143
1 274 1.75971 3.31429
1 275 1.83939 3.39048
1 276 1.76054 3.27619
1 277 1.66881 3.06667
1 278 1.52002 2.72381
1 279 1.45642 2.62857
1 280 1.22923 2.19048
1 281 1.5438 2.85714
1 282 1.25742 2.22857
1 283 1.39085 2.49524
1 284 1.145 2.05714
1 285 1.08411 1.82857
1 286 1.2474 2.22857
1 287 1.12387 1.9619
1 288 1.23083 2.19048
1 289 1.09375 1.84762
1 290 0.969256 1.6
1 291 1.06025 1.80952
1 292 0.83138 1.39048
1 293 0.98482 1.6381
1 294 0.909529 1.50476
1 295 1.01179 1.71429
1 296 0.74132 1.2
1 297 0.940837 1.58095
1 298 0.852184 1.42857
1 299 0.71275 1.14286
1 300 0.842668 1.35238
1 301 0.657198 0.971429
1 302 0.674726 1.00952
1 303 0.494756 0.761905
1 304 0.678522 1.06667
1 305 0.797173 1.31429
1 306 0.809809 1.39048
1 307 1.13301 2.01905
1 308 1.12584 1.92381
1 309 1.19446 2.05714
1 310 1.48761 2.74286
1 311 1.5125 2.70476
1 312 1.64915 3.02857
1 313 2.08756 3.90476
1 314 1.97716 3.6381
1 315 2.08689 3.86667
1 316 2.00808 3.75238
1 317 2.04129 3.82857
1 318 1.75015 3.21905
1 319 1.98358 3.67619
1 320 1.87787 3.48571
1 321 1.62307 2.95238
1 322 1.48513 2.72381
1 323 1.48146 2.68571
1 324 1.63697 2.99048
1 325 1.40453 2.55238
1 326 1.32966 2.3619
1 327 1.43355 2.64762
1 328 1.34026 2.38095
1 329 1.32579 2.38095
1 330 1.18662 2.05714
1 331 1.21372 2.11429
1 332 1.09208 1.86667
1 333 0.991053 1.67619
1 334 0.904419 1.48571
1 335 0.72226 1.10476
2 0 2.27147 4.28846
2 1 2.1043 3.96154
2 2 2.15998 4.09615
2 3 1.81487 3.38462
2 4 1.86783 3.53846
2 5 1.75733 3.30769
2 6 1.94686 3.65385
2 7 1.41055 2.55769
2 8 1.40274 2.53846
2 9 1.38214 2.5
2 10 1.06902 1.80769
2 11 0.963663 1.65385
2 12 1.28758 2.28846
2 13 1.02583 1.76923
2 14 1.03825 1.82692
2 15 1.04261 1.80769
2 16 1.04177 1.82692
2 17 1.30515 2.34615
2 18 1.93439 3.65385
2 19 2.64853 5.05769
2 20 2.78246 5.34615
2 21 3.19747 6.15385
2 22 3.86366 7.53846
2 23 4.34282 8.46154
2 24 4.63925 9.03846
2 25 4.60487 9
2 26 4.52282 8.75
2 27 5.37978 10.5192
2 28 4.89212 9.5
2 29 4.97611 9.67308
2 30 4.31332 8.42308
2 31 4.17042 8.13462
2 32 4.12493 8.03846
2 33 4.35782 8.48077
2 34 3.50655 6.76923
2 35 3.35042 6.46154
2 36 3.34544 6.46154
2 37 3.52372 6.84615
2 38 3.71424 7.19231
2 39 3.33279 6.42308
2 40 3.36491 6.51923
2 41 3.40926 6.55769
2 42 3.02882 5.82692
2 43 3.22592 6.19231
2 44 2.74287 5.23077
2 45 2.55543 4.88462
2 46 2.54965 4.88462
2 47 2.20342 4.13462
2 48 2.5371 4.88462
2 49 2.22733 4.19231
2 50 2.18986 4.15385
2 51 2.05084 3.88462
2 52 1.80852 3.40385
2 53 1.72457 3.26923
2 54 1.34165 2.40385
2 55 1.47865 2.73077
2 56 1.11665 1.98077
2 57 1.20711 2.15385
2 58 0.903788 1.5
2 59 0.998792 1.67308
2 60 0.918611 1.55769
2 61 0.87406 1.46154
2 62 0.850838 1.38462
2 63 0.734084 1.13462
2 64 1.0218 1.76923
2 65 1.18326 2.07692
2 66 1.72392 3.19231
2 67 2.1657 4.07692
2 68 2.37409 4.53846
2 69 2.75934 5.30769
2 70 3.27107 6.28846
2 71 3.77444 7.32692
2 72 3.96909 7.71154
2 73 4.39072 8.53846
2 74 4.24585 8.26923
2 75 4.48797 8.73077
2 76 4.34628 8.46154
2 77 4.33179 8.44231
2 78 3.98988 7.76923
2 79 3.82131 7.48077
2 80 3.80033 7.34615
2 81 3.86386 7.48077
2 82 3.36899 6.48077
2 83 3.40082 6.55769
2 84 3.06955 5.92308
2 85 2.72737 5.19231
2 86 3.05545 5.88462
2 87 3.12245 6.03846
2 88 3.0764 5.96154
2 89 2.78306 5.30769
2 90 2.86344 5.5
2 91 2.94311 5.59615
2 92 3.18007 6.11538
2 93 3.15069 6.05769
2 94 2.75379 5.25
2 95 2.80552 5.34615
2 96 2.88407 5.5
2 97 2.65514 5.03846
2 98 2.34176 4.44231
2 99 2.12501 3.98077
2 100 2.23103 4.25
2 101 1.90027 3.55769
2 102 1.89473 3.51923
2 103 1.63672 3.01923
2 104 1.53872 2.84615
2 105 1.2571 2.25
2 106 1.01388 1.71154
2 107 1.00268 1.76923
2 108 0.965639 1.57692
2 109 0.949853 1.57692
2 110 1.06629 1.80769
2 111 0.901353 1.5
2 112 1.11976 1.92308
2 113 1.35183 2.44231
2 114 1.75686 3.25
2 115 2.28426 4.32692
2 116 2.43014 4.59615
2 117 2.53031 4.84615
2 118 3.35267 6.57692
2 119 3.89349 7.59615
2 120 4.35387 8.51923
2 121 4.22353 8.30769
2 122 4.73011 9.21154
2 123 5.04425 9.82692
2 124 4.28269 8.34615
2 125 4.21239 8.23077
2 126 4.06665 7.92308
2 127 3.87082 7.57692
2 128 3.59266 6.94231
2 129 3.57412 6.94231
2 130 3.20104 6.17308
2 131 3.19766 6.13462
2 132 3.06872 5.94231
2 133 3.1907 6.11538
2 134 3.31524 6.42308
2 135 3.26396 6.32692
2 136 3.23678 6.26923
2 137 3.08701 5.96154
2 138 2.76736 5.34615
2 139 2.73261 5.21154
2 140 2.84545 5.42308
2 141 2.36601 4.44231
2 142 2.46838 4.65385
2 143 2.3601 4.46154
2 144 2.24921 4.23077
2 145 2.47508 4.69231
2 146 1.95008 3.63462
2 147 1.87653 3.55769
2 148 1.90748 3.55769
2 149 1.86 3.51923
2 150 1.41355 2.51923
2 151 1.64868 3.07692
2 152 1.20841 2.17308
2 153 1.37126 2.46154
2 154 1.16696 2.05769
2 155 0.941276 1.59615
2 156 1.09963 1.92308
2 157 0.907462 1.48077
2 158 0.800063 1.28846
2 159 0.929127 1.5
2 160 0.99279 1.61538
2 161 1.04558 1.80769
2 162 1.49862 2.73077
2 163 1.88611 3.53846
2 164 2.5505 4.96154
2 165 2.52929 4.84615
2 166 3.33988 6.44231
2 167 2.91116 5.63462
2 168 3.96554 7.69231
2 169 3.76384 7.25
2 170 4.20002 8.19231
2 171 4.45539 8.69231
2 172 3.80093 7.34615
2 173 4.06225 7.88462
2 174 3.57794 6.92308
2 175 3.61031 6.98077
2 176 3.44291 6.61538
2 177 3.67681 7.11538
2 178 3.06359 5.90385
2 179 3.08407 5.94231
2 180 3.37552 6.53846
2 181 2.7809 5.34615
2 182 3.01448 5.75
2 183 2.58999 4.94231
2 184 2.88059 5.51923
2 185 2.44335 4.69231
2 186 2.53699 4.82692
2 187 2.72943 5.21154
2 188 2.43395 4.61538
2 189 2.66529 5.09615
2 190 2.58408 4.88462
2 191 2.51455 4.82692
2 192 2.53506 4.78095
2 193 2.21913 4.15238
2 194 2.21764 4.17143
2 195 2.09393 3.94286
2 196 1.97064 3.73333
2 197 1.96898 3.71429
2 198 1.67893 3.1619
2 199 1.54335 2.81905
2 200 1.5235 2.7619
2 201 1.27449 2.26667
2 202 1.10672 1.98095
2 203 1.18578 2.07619
2 204 1.0104 1.79048
2 205 0.951268 1.6
2 206 0.924257 1.52381
2 207 0.745757 1.10476
2 208 1.11746 1.9619
2 209 1.28143 2.26667
2 210 1.82508 3.37143
2 211 2.07094 3.92381
2 212 2.34603 4.45714
2 213 3.06121 5.90476
2 214 3.28315 6.4
2 215 3.28962 6.30476
2 216 3.67366 7.14286
2 217 4.09794 7.9619
2 218 4.44091 8.62857
2 219 4.3118 8.4381
2 220 4.15064 8.11429
2 221 4.07868 7.90476
2 222 4.35546 8.4381
2 223 3.86862 7.46667
2 224 3.83781 7.48571
2 225 4.1245 8.0381
2 226 3.30623 6.34286
2 227 2.93618 5.6381
2 228 3.05619 5.88571
2 229 2.84162 5.44762
2 230 2.97132 5.67619
2 231 2.90563 5.5619
2 232 3.08868 6
2 233 2.94219 5.6381
2 234 2.36923 4.47619
2 235 2.55322 4.87619
2 236 2.6611 5.06667
2 237 2.64788 5.08571
2 238 2.077 3.92381
2 239 2.04943 3.82857
2 240 2.0746 3.94286
2 241 2.12928 3.9619
2 242 1.79138 3.27619
2 243 1.87612 3.50476
2 244 1.76467 3.25714
2 245 1.75267 3.2381
2 246 1.54611 2.85714
2 247 1.45456 2.66667
2 248 1.56076 2.8381
2 249 1.24392 2.24762
2 250 1.29873 2.34286
2 251 1.23786 2.20952
2 252 1.34923 2.41905
2 253 1.23042 2.22857
2 254 1.03389 1.75238
2 255 0.958668 1.65714
2 256 1.20321 2.15238
2 257 1.37777 2.49524
2 258 1.66401 3.14286
2 259 1.90651 3.58095
2 260 2.32716 4.49524
2 261 2.31337 4.3619
2 262 2.90403 5.6
2 263 3.36906 6.51429
2 264 3.60929 6.93333
2 265 4.01763 7.84762
2 266 4.31095 8.38095
2 267 4.92498 9.6381
2 268 4.29942 8.34286
2 269 4.18354 8.13333
2 270 4.01653 7.79048
2 271 3.94584 7.67619
2 272 3.86637 7.52381
2 273 3.50975 6.74286
2 274 3.45517 6.68571
2 275 3.09946 5.9619
2 276 3.32617 6.4381
2 277 3.18787 6.17143
2 278 3.06935 5.92381
2 279 3.38677 6.55238
2 280 2.97125 5.69524
2 281 3.31515 6.41905
2 282 2.65189 5.08571
2 283 2.71503 5.18095
2 284 2.36141 4.47619
2 285 2.42358 4.59048
2 286 2.20185 4.19048
2 287 2.25171 4.28571
2 288 2.25871 4.30476
2 289 2.1582 4.05714
2 290 2.06944 3.90476
2 291 2.18587 4.11429
2 292 1.89681 3.6
2 293 2.03968 3.84762
2 294 1.93285 3.6381
2 295 1.54336 2.81905
2 296 1.78058 3.33333
2 297 1.70143 3.21905
2 298 1.7585 3.27619
2 299 1.47334 2.72381
2 300 1.17924 2.11429
2 301 1.30229 2.32381
2 302 1.14196 2.01905
2 303 0.873806 1.46667
2 304 1.00762 1.75238
2 305 1.3193 2.41905
2 306 1.43831 2.66667
2 307 1.82037 3.37143
2 308 2.17271 4.11429
2 309 2.3758 4.53333
2 310 2.75206 5.33333
2 311 2.7949 5.37143
2 312 3.19098 6.13333
2 313 3.00451 5.75238
2 314 3.62358 7.04762
2 315 3.78745 7.33333
2 316 3.27175 6.32381
2 317 3.26219 6.26667
2 318 3.17961 6.13333
2 319 3.20545 6.17143
2 320 2.95533 5.65714
2 321 3.01524 5.80952
2 322 2.76411 5.33333
2 323 2.68373 5.14286
2 324 2.54677 4.91429
2 325 2.89916 5.5619
2 326 2.64819 5.12381
2 327 2.65289 5.08571
2 328 2.56927 4.91429
2 329 2.53382 4.85714
2 330 2.3776 4.55238
2 331 2.4353 4.60952
2 332 2.19361 4.19048
2 333 2.41314 4.57143
2 334 2.39675 4.53333
2 335 2.15203 4.07619
