0 0 5.365384615384611 3.0274102530279063
1 0 1.673076923076923 1.3303255296254155
2 0 4.288461538461534 2.6129701828477954
0 1 4.9615384615384555 2.8834299717349507
1 1 1.1346153846153848 0.9407223888122918
2 1 3.961538461538459 2.447546575336859
0 2 5.499999999999991 3.1883302139405085
1 2 1.3076923076923082 1.098094804334564
2 2 4.096153846153843 2.591247990209501
0 3 5.173076923076919 2.9439444260314622
1 3 1.3269230769230773 1.1434096417004505
2 3 3.3846153846153824 2.1835604969212437
0 4 4.634615384615379 2.7377026809850857
1 4 1.2692307692307696 1.100620644782194
2 4 3.5192307692307656 2.311638200697855
0 5 4.192307692307688 2.576427100037312
1 5 1.192307692307692 1.0297344113612328
2 5 3.3076923076923057 2.2317303350288715
0 6 4.711538461538457 2.817793714474273
1 6 1.3461538461538467 1.1330410686812933
2 6 3.6538461538461506 2.3273344179289213
0 7 3.2884615384615383 2.122261337064461
1 7 0.9038461538461542 0.7931827262616244
2 7 2.5576923076923066 1.7810356272262624
0 8 3.5384615384615365 2.2739423124510605
1 8 0.9615384615384617 0.9038017209075212
2 8 2.5384615384615383 1.83310309322574
0 9 2.9230769230769216 2.004941531377469
1 9 1.0192307692307694 0.9288375254776204
2 9 2.4999999999999987 1.779999842167764
0 10 2.6538461538461524 1.8800361738892428
1 10 0.788461538461539 0.7343290160800044
2 10 1.8076923076923077 1.3599291267272626
0 11 2.6346153846153832 1.8514746750236235
1 11 0.7884615384615388 0.7573084155529353
2 11 1.6538461538461542 1.3358476082183925
0 12 2.692307692307691 1.8619986129865647
1 12 0.8846153846153851 0.7928334862987568
2 12 2.2884615384615365 1.6604041291355391
0 13 2.019230769230769 1.4947201978695106
1 13 0.596153846153846 0.573346000947439
2 13 1.7692307692307692 1.3828331525117645
0 14 1.8653846153846152 1.4148486679498509
1 14 0.7692307692307694 0.669921491543646
2 14 1.8269230769230764 1.3629575735695352
0 15 2.3269230769230758 1.7242077741997806
1 15 0.6346153846153845 0.6676690985269658
2 15 1.8076923076923082 1.416262926881342
0 16 2.865384615384614 1.966521312139398
1 16 1.0192307692307696 0.8902266159712843
2 16 1.8269230769230762 1.3628592227651757
0 17 3.384615384615383 2.1931771462780176
1 17 1.096153846153846 0.9378607989531557
2 17 2.3461538461538445 1.7093908465140504
0 18 4.365384615384609 2.627224648218541
1 18 1.7115384615384615 1.3689042247261725
2 18 3.6538461538461506 2.3973055600611883
0 19 5.076923076923073 2.9412367206978813
1 19 1.923076923076923 1.4548609394954028
2 19 5.0576923076923 2.9980545833718355
0 20 6.8269230769230695 3.705504234115308
1 20 2.8076923076923057 1.9448495481478891
2 20 5.3461538461538405 3.1172577131554915
0 21 7.442307692307683 3.8697235793225473
1 21 3.1923076923076903 2.145959863465583
2 21 6.153846153846144 3.4591464219941206
0 22 7.576923076923068 3.893282311298369
1 22 3.9038461538461515 2.402142335356744
2 22 7.538461538461529 4.04592206461654
0 23 9.076923076923075 4.514791030567858
1 23 4.826923076923072 2.840654319628509
2 23 8.46153846153846 4.2628177282575335
0 24 9.692307692307688 4.751239094520205
1 24 4.557692307692302 2.7948159847616236
2 24 9.038461538461535 4.637435260258716
0 25 10.403846153846153 5.025644089155417
1 25 4.846153846153841 2.8683402226014962
2 25 8.999999999999993 4.7582325112294575
0 26 10.788461538461544 4.87611755495447
1 26 5.15384615384615 3.017507903181584
2 26 8.749999999999996 4.3774266095566245
0 27 10.384615384615383 6.652096323553254
1 27 5.615384615384611 3.2006989400856267
2 27 10.51923076923076 5.006939521177033
0 28 10.576923076923073 5.589970106879587
1 28 4.999999999999995 3.0185903095897326
2 28 9.5 4.604664263232113
0 29 8.653846153846153 4.261012548094135
1 29 5.153846153846148 2.953425599741976
2 29 9.67307692307692 4.679179219178678
0 30 9.057692307692305 4.513498906712675
1 30 4.057692307692304 2.5810627656474185
2 30 8.42307692307692 4.245145798589801
0 31 9.09615384615384 4.447199781288458
1 31 4.365384615384612 2.599340235907171
2 31 8.134615384615378 5.864843992751147
0 32 9.076923076923077 4.460854813751521
1 32 4.288461538461536 2.555006594159188
2 32 8.038461538461531 4.136583292033962
0 33 8.480769230769226 4.26702633364454
1 33 4.346153846153841 2.6465378812072076
2 33 8.480769230769228 4.281452753234481
0 34 8.86538461538461 4.372891015404567
1 34 4.1346153846153815 2.6257123142786996
2 34 6.749999999999992 3.581361469900246
0 35 8.153846153846146 4.448375396833726
1 35 3.7307692307692277 2.3911746605773225
2 35 6.4615384615384555 3.56862882463588
0 36 7.999999999999991 4.049534732118722
1 36 3.807692307692304 2.4142227266413245
2 36 6.4615384615384555 3.554878650940578
0 37 6.865384615384608 3.7003805743615845
1 37 3.211538461538459 2.09215939977473
2 37 6.84615384615384 3.7216105886946687
0 38 6.923076923076916 3.758670737756987
1 38 2.9807692307692304 1.9574652382487343
2 38 7.192307692307684 3.7555524032510643
0 39 6.499999999999996 3.466328557141092
1 39 3.442307692307688 2.24285083637901
2 39 6.423076923076916 3.3986476718785785
0 40 6.249999999999994 3.534108755832168
1 40 3.1923076923076907 2.1059598104984665
2 40 6.519230769230766 3.5046948714380104
0 41 6.499999999999995 3.610054213872934
1 41 3.3076923076923053 2.142886814424223
2 41 6.557692307692302 3.55442336458294
0 42 6.134615384615378 3.3801029644106575
1 42 2.9230769230769207 1.9631026532868483
2 42 5.82692307692307 3.249888018382739
0 43 6.346153846153841 3.3963046744576917
1 43 3.0769230769230744 2.031732795406817
2 43 6.192307692307687 3.3411786091703926
0 44 6.903846153846147 3.7414038978988136
1 44 2.2884615384615383 1.649958967957362
2 44 5.230769230769224 2.9824903041843585
0 45 6.576923076923068 3.550395749879042
1 45 1.9038461538461537 1.4514314585137271
2 45 4.884615384615381 2.9080315570759163
0 46 5.153846153846151 2.8954326712198446
1 46 2.3269230769230758 1.6985397833148694
2 46 4.884615384615379 2.9647447718320854
0 47 5.5769230769230695 3.110815314443531
1 47 1.9230769230769234 1.4579961579455119
2 47 4.1346153846153815 2.569845998310804
0 48 5.038461538461534 2.9232980920777902
1 48 2.192307692307692 1.6381929142748322
2 48 4.8846153846153815 2.7735033961466113
0 49 5.269230769230762 3.0092566642027068
1 49 1.9038461538461546 1.448184156954518
2 49 4.192307692307688 2.6904835949407477
0 50 4.288461538461534 2.6038265814752592
1 50 1.711538461538461 1.306764200655401
2 50 4.153846153846148 2.680738525420659
0 51 4.326923076923072 2.590452533138307
1 51 1.2884615384615385 1.0457290581405083
2 51 3.8846153846153815 2.437595385543439
0 52 3.384615384615381 2.2384058279221
1 52 1.4230769230769227 1.1697378355348655
2 52 3.403846153846151 2.251181204013848
0 53 3.7115384615384586 2.3180181037767844
1 53 1.1730769230769227 1.0310750577063765
2 53 3.269230769230767 2.1297704671813595
0 54 2.8653846153846136 1.9794367309070946
1 54 0.9230769230769235 0.8548036166506933
2 54 2.4038461538461537 1.72567846553525
0 55 2.6153846153846145 1.824304556236123
1 55 1.0384615384615388 0.9156621205875758
2 55 2.7307692307692295 1.9134379133979698
0 56 2.3846153846153837 1.7307769191885671
1 56 1.0961538461538463 0.9435667555832291
2 56 1.9807692307692304 1.4819688890798517
0 57 2.1538461538461533 1.6153882182876576
1 57 0.730769230769231 0.7103392463414239
2 57 2.1538461538461533 1.5260008559272802
0 58 2.096153846153846 1.5985511829495023
1 58 0.6730769230769231 0.641119002908229
2 58 1.5000000000000009 1.2172878535762235
0 59 2.057692307692307 1.5039662121078659
1 59 0.6346153846153847 0.6862420488460995
2 59 1.6730769230769231 1.3474707095152088
0 60 2.0192307692307696 1.5281302976539144
1 60 0.8076923076923079 0.7296391241577915
2 60 1.5576923076923073 1.2533570999056711
0 61 1.6346153846153848 1.32849493292359
1 61 0.8461538461538463 0.7932262077869355
2 61 1.4615384615384617 1.2348657502795222
0 62 2.096153846153846 1.4900903978867186
1 62 0.6923076923076926 0.7434999743826447
2 62 1.384615384615385 1.1737336379485066
0 63 1.692307692307692 1.3287116729493473
1 63 0.653846153846154 0.6351891385100185
2 63 1.134615384615385 0.9963307185309931
0 64 2.365384615384615 1.7091096263531094
1 64 0.8076923076923076 0.7772875160539087
2 64 1.7692307692307685 1.3275894633394043
0 65 2.9038461538461524 1.9729004348309316
1 65 1.230769230769231 1.0374607447571327
2 65 2.0769230769230775 1.549440881298237
0 66 3.69230769230769 2.372411320358242
1 66 1.557692307692307 1.2734604500022069
2 66 3.1923076923076894 2.163221741525836
0 67 5.326923076923071 3.093662603864177
1 67 1.826923076923077 1.3925452117265584
2 67 4.076923076923073 2.531638827999796
0 68 6.32692307692307 3.5212587112492177
1 68 2.46153846153846 1.754475232331731
2 68 4.538461538461536 2.774924944157746
0 69 6.749999999999993 3.710932543728674
1 69 3.1346153846153806 2.0834486264024115
2 69 5.307692307692303 3.1736827445619276
0 70 7.384615384615374 3.8986181528449286
1 70 3.096153846153844 2.0726414822404498
2 70 6.28846153846153 3.496412913558572
0 71 10.096153846153845 4.8164189015662595
1 71 3.5961538461538436 2.325568284062769
2 71 7.326923076923069 4.044482906914171
0 72 9.730769230769225 4.678928834577081
1 72 4.615384615384611 2.76178492820825
2 72 7.711538461538455 4.018085267192355
0 73 10.634615384615383 5.131381026260356
1 73 4.769230769230766 2.8577150003801886
2 73 8.538461538461537 4.299957517101071
0 74 11.288461538461538 5.08722431517121
1 74 4.576923076923072 2.700222043493886
2 74 8.269230769230763 4.534584627375404
0 75 11.326923076923075 5.193785247932209
1 75 4.9807692307692255 2.8961331882826418
2 75 8.730769230769228 4.49252114325964
0 76 10.5576923076923 4.924814580118408
1 76 4.634615384615378 2.800479728653918
2 76 8.461538461538458 4.152177514739002
0 77 10.634615384615381 4.990510596457249
1 77 4.076923076923073 2.542249763546853
2 77 8.442307692307686 4.679547050325187
0 78 9.846153846153845 4.660855771986749
1 78 3.6923076923076903 2.3465468901067994
2 78 7.769230769230762 3.979177707084178
0 79 10.07692307692308 4.653751513213661
1 79 3.903846153846151 2.4435307071275183
2 79 7.480769230769223 3.9441516440649416
0 80 8.923076923076923 4.500725430469212
1 80 3.615384615384613 2.3548951726302443
2 80 7.346153846153838 3.9046672441610895
0 81 9.038461538461535 4.415927915598899
1 81 3.788461538461534 2.3473200342014877
2 81 7.4807692307692255 3.89967555791022
0 82 7.961538461538455 4.009867820568003
1 82 2.865384615384614 1.9862022241232113
2 82 6.480769230769221 3.5264907057375745
0 83 7.807692307692304 3.903428151799122
1 83 3.5384615384615348 2.268755525035344
2 83 6.5576923076923 3.702933460490622
0 84 7.0769230769230695 3.721301619413389
1 84 3.1923076923076894 2.1234802757974527
2 84 5.923076923076918 3.257419807005711
0 85 7.653846153846148 3.8663397892848943
1 85 3.0769230769230744 2.054476720126889
2 85 5.192307692307688 2.9887876175951607
0 86 7.769230769230762 3.880800461762331
1 86 2.9807692307692277 2.017780690933096
2 86 5.88461538461538 3.4736513242457048
0 87 7.307692307692299 3.9010145706462747
1 87 3.307692307692306 2.220484817547018
2 87 6.038461538461533 3.3455882265096855
0 88 7.269230769230762 3.8216655617599646
1 88 2.3653846153846145 1.724079795730241
2 88 5.9615384615384555 3.5812321472861357
0 89 7.32692307692307 3.836548115627317
1 89 2.846153846153844 1.9535699697458375
2 89 5.307692307692305 3.008184321784169
0 90 7.115384615384609 3.6723124102734834
1 90 2.365384615384614 1.7024706846903865
2 90 5.499999999999995 3.2000017809006263
0 91 6.999999999999993 3.7968155914674893
1 91 2.3653846153846154 1.6364801461392964
2 91 5.5961538461538405 3.1749910414378353
0 92 6.096153846153841 3.3452706480551764
1 92 2.1923076923076916 1.651303126551699
2 92 6.115384615384607 3.422144768986401
0 93 5.749999999999993 3.2132476780665065
1 93 2.134615384615384 1.5422542708598
2 93 6.0576923076923 3.4165188545422835
0 94 5.230769230769225 3.0682725889136946
1 94 2.2115384615384612 1.6074464624845324
2 94 5.249999999999994 3.103585914410981
0 95 5.038461538461533 2.925043806265159
1 95 1.6923076923076923 1.3214792634500316
2 95 5.34615384615384 3.0508458802712313
0 96 4.326923076923072 2.593763100157238
1 96 1.7307692307692313 1.3303912767154131
2 96 5.499999999999995 3.1128265581527828
0 97 4.5192307692307665 2.7381131834379886
1 97 1.7884615384615394 1.41138195337465
2 97 5.038461538461533 2.9495019606875896
0 98 3.6346153846153815 2.375307773041833
1 98 1.6346153846153846 1.2482910126210844
2 98 4.442307692307688 2.6356864536636087
0 99 3.826923076923073 2.4197223347214596
1 99 1.2692307692307698 1.0579749728960497
2 99 3.9807692307692277 2.4759508623639648
0 100 3.403846153846151 2.163623645924695
1 100 1.4423076923076927 1.1740338038322866
2 100 4.249999999999995 2.627936434246043
0 101 2.7499999999999996 1.9162466331651762
1 101 1.2307692307692308 1.011755603024467
2 101 3.557692307692305 2.323371756256021
0 102 2.634615384615382 1.8879069561817323
1 102 1.0961538461538465 0.9765204666491557
2 102 3.5192307692307647 2.2360926222088002
0 103 1.961538461538461 1.483567717455677
1 103 1.1153846153846159 1.0120288631606322
2 103 3.019230769230766 2.0362234949207942
0 104 2.115384615384615 1.5528207075340847
1 104 1.0192307692307696 0.9353826582888236
2 104 2.846153846153845 1.9438470283228044
0 105 2.0192307692307687 1.491215999967806
1 105 0.8269230769230771 0.7857395452606952
2 105 2.2499999999999987 1.6440718942414414
0 106 1.596153846153846 1.301523330485912
1 106 0.7115384615384616 0.6692789947616594
2 106 1.7115384615384615 1.351142691266917
0 107 1.749999999999999 1.3802916408946815
1 107 0.6730769230769231 0.6310771741678021
2 107 1.7692307692307687 1.3794826477310742
0 108 1.7692307692307694 1.4050549485352994
1 108 0.576923076923077 0.6228956692573817
2 108 1.5769230769230762 1.2655057956534137
0 109 1.5961538461538463 1.250065187898329
1 109 0.36538461538461525 0.4371384258468929
2 109 1.576923076923077 1.2939543536136466
0 110 1.4807692307692306 1.1708650287553237
1 110 0.6153846153846155 0.6499978067597832
2 110 1.8076923076923075 1.4114603512958281
0 111 1.6538461538461537 1.3204989215225014
1 111 0.653846153846154 0.5937563393263061
2 111 1.4999999999999993 1.2456609879140768
0 112 2.2115384615384612 1.607077018887653
1 112 0.6538461538461539 0.6268271280763796
2 112 1.9230769230769231 1.4114202562148421
0 113 2.730769230769229 1.877109768285698
1 113 0.7500000000000002 0.688196505248917
2 113 2.4423076923076916 1.7515663229510943
0 114 3.7307692307692273 2.397360666955029
1 114 1.0769230769230773 0.9484215974635527
2 114 3.249999999999998 2.110545552662935
0 115 4.730769230769227 2.738119110179756
1 115 1.4615384615384617 1.2181708419821229
2 115 4.326923076923073 2.7405017765289825
0 116 5.480769230769225 3.025015118275722
1 116 2.115384615384614 1.5572224974584694
2 116 4.5961538461538405 2.809236642456193
0 117 6.499999999999995 3.566741259021445
1 117 3.134615384615382 2.0876214389105194
2 117 4.84615384615384 2.9250422533745515
0 118 7.173076923076919 3.789813254769597
1 118 3.326923076923075 2.1719157141600727
2 118 6.576923076923071 3.6262612155930345
0 119 8.807692307692307 4.504519962751847
1 119 3.7692307692307665 2.36360082558243
2 119 7.59615384615384 4.243251446068737
0 120 8.788461538461531 4.438769510016429
1 120 4.288461538461534 2.6666900101646878
2 120 8.519230769230763 4.301092496970679
0 121 10.326923076923077 4.908239840395318
1 121 4.15384615384615 2.585103238046373
2 121 8.307692307692303 4.522622018594451
0 122 9.65384615384615 4.611587579740215
1 122 4.480769230769227 2.6543826801257615
2 122 9.211538461538456 4.545859633441412
0 123 10.307692307692303 4.812873325889354
1 123 4.153846153846151 2.5453685260407695
2 123 9.826923076923073 5.038936327832324
0 124 9.942307692307692 4.626422141853657
1 124 4.153846153846151 2.5653463060167856
2 124 8.346153846153843 4.10481134682815
0 125 10.096153846153845 4.696142513002749
1 125 4.461538461538459 2.622799056068729
2 125 8.230769230769225 4.194257576359049
0 126 10.03846153846154 5.115124009290094
1 126 3.6346153846153815 2.350861261872312
2 126 7.923076923076916 4.344611117372534
0 127 8.61538461538461 4.334882602734311
1 127 3.7499999999999973 2.356671071692814
2 127 7.576923076923067 4.097579094243886
0 128 9.538461538461535 4.628097720813985
1 128 3.2499999999999982 2.103056765858504
2 128 6.942307692307684 3.724160129684855
0 129 8.596153846153841 4.202297410901906
1 129 3.6346153846153815 2.365872602616204
2 129 6.9423076923076845 3.646536178333846
0 130 8.096153846153838 4.1233458916116135
1 130 3.461538461538459 2.3162032259197733
2 130 6.173076923076918 3.3792703544877343
0 131 7.230769230769224 3.7657947380656576
1 131 2.7307692307692295 1.8528632370156604
2 131 6.134615384615381 3.3461256107199158
0 132 6.999999999999994 3.702874252737275
1 132 2.8653846153846128 1.942231709616223
2 132 5.942307692307686 3.3444434986827862
0 133 6.615384615384608 3.5750937961163265
1 133 3.038461538461536 2.054986058932598
2 133 6.11538461538461 3.3546772567587735
0 134 6.53846153846153 3.5840346430274033
1 134 3.0961538461538445 2.1050996128297657
2 134 6.423076923076919 3.449514832540324
0 135 7.11538461538461 3.714488863898018
1 135 2.749999999999998 1.914663355754672
2 135 6.3269230769230695 3.455556100401213
0 136 5.942307692307685 3.3259588791431267
1 136 2.7307692307692286 1.9139656694058587
2 136 6.269230769230762 3.4709330563336445
0 137 6.749999999999993 3.5920275000283177
1 137 2.2884615384615374 1.695960325762538
2 137 5.961538461538455 3.3740078439612655
0 138 6.499999999999995 3.5469366582456234
1 138 2.980769230769228 1.9833846681692524
2 138 5.34615384615384 3.128293548986231
0 139 5.923076923076917 3.350613287096509
1 139 2.2499999999999996 1.552810755204669
2 139 5.2115384615384555 3.039123885560484
0 140 5.980769230769223 3.343316610288955
1 140 2.4807692307692286 1.7616509938640652
2 140 5.423076923076915 3.141758830828762
0 141 5.576923076923072 3.1299008262441905
1 141 2.211538461538461 1.5457863730766241
2 141 4.442307692307688 2.6949632756972726
0 142 5.38461538461538 3.0983307482893405
1 142 2.1538461538461537 1.5754269871186823
2 142 4.653846153846149 2.7292565963096393
0 143 4.653846153846149 2.7581359870368254
1 143 2.4038461538461524 1.6905980222312176
2 143 4.461538461538458 2.641693901807897
0 144 4.65384615384615 2.8020905425025746
1 144 2.269230769230768 1.6864606978609225
2 144 4.230769230769226 2.5846589973779523
0 145 4.307692307692307 2.6508731195791078
1 145 2.1730769230769225 1.6048239616526783
2 145 4.692307692307686 2.8223556692445673
0 146 3.942307692307689 2.409548032699203
1 146 1.7115384615384621 1.3491176057293366
2 146 3.634615384615381 2.327716599450576
0 147 3.9999999999999964 2.541211930040355
1 147 1.7499999999999996 1.3842274168605422
2 147 3.5576923076923035 2.3088548074168145
0 148 2.94230769230769 1.9639411325950196
1 148 1.2115384615384615 1.0439162997887044
2 148 3.557692307692307 2.2536114017583366
0 149 2.9423076923076907 2.028368366489989
1 149 1.4230769230769236 1.227560919670042
2 149 3.519230769230765 2.34308938190115
0 150 2.8076923076923066 1.888449203907193
1 150 1.4807692307692308 1.1893640542341348
2 150 2.519230769230768 1.7790396378118425
0 151 2.346153846153845 1.7104600534261813
1 151 0.9423076923076924 0.8896484837189913
2 151 3.0769230769230744 2.103929103227747
0 152 2.5192307692307687 1.8146814632685968
1 152 1.2307692307692315 1.010924003209072
2 152 2.1730769230769225 1.614853643086376
0 153 1.9807692307692308 1.540469458943069
1 153 0.9423076923076926 0.8297342541028133
2 153 2.461538461538461 1.7557597455445788
0 154 2.057692307692308 1.5150046052778456
1 154 1.1153846153846152 0.960998808332386
2 154 2.0576923076923075 1.5342929287706624
0 155 1.8076923076923082 1.3440666681482853
1 155 0.8269230769230772 0.7617359086445444
2 155 1.596153846153845 1.2523191813566337
0 156 1.7692307692307696 1.3434530669912292
1 156 0.6346153846153846 0.6107183830991189
2 156 1.9230769230769231 1.480780272776076
0 157 1.769230769230769 1.3841639327818542
1 157 0.6538461538461537 0.7021015425679759
2 157 1.4807692307692308 1.2817801871783958
0 158 1.8269230769230766 1.4158431332778445
1 158 0.6730769230769229 0.6721844995895182
2 158 1.288461538461539 1.1032052275669986
0 159 1.8653846153846159 1.423004458685036
1 159 0.6153846153846153 0.5985183025915236
2 159 1.5000000000000002 1.2617046390275535
0 160 2.3653846153846154 1.6706721612883686
1 160 0.8846153846153848 0.8088395056922116
2 160 1.6153846153846154 1.2591171755099089
0 161 2.692307692307691 1.8650126039021222
1 161 1.211538461538462 1.066831133682432
2 161 1.8076923076923075 1.378104141660496
0 162 3.903846153846152 2.493399129076496
1 162 1.3076923076923082 1.06765121490406
2 162 2.730769230769229 1.867390085007522
0 163 5.0961538461538405 3.0041333117702345
1 163 1.8846153846153855 1.458528841634221
2 163 3.5384615384615365 2.309279924318327
0 164 6.057692307692302 3.2912054432079505
1 164 2.423076923076921 1.7497494710832546
2 164 4.961538461538456 2.8804102368123257
0 165 7.326923076923068 3.7879287691085555
1 165 2.94230769230769 2.003074870353492
2 165 4.846153846153842 2.876176162381321
0 166 8.596153846153841 4.4684671181799445
1 166 3.019230769230767 2.0496720268551756
2 166 6.4423076923076845 3.512031000523662
0 167 8.499999999999996 4.639138570406646
1 167 3.5384615384615374 2.2341683151642053
2 167 5.63461538461538 3.5408864585399797
0 168 9.865384615384611 4.644420177374775
1 168 4.269230769230766 2.5780764803520646
2 168 7.692307692307683 4.065494526438012
0 169 10.788461538461538 5.230243969653938
1 169 4.557692307692304 2.7678262805399494
2 169 7.249999999999991 3.839630298099219
0 170 11.442307692307693 5.181735749066278
1 170 4.038461538461534 2.4890171083892167
2 170 8.192307692307686 4.100941610649219
0 171 10.403846153846153 4.823085008834347
1 171 4.461538461538458 2.704215613912924
2 171 8.692307692307686 4.231973942294237
0 172 10.865384615384613 4.981728992285169
1 172 4.134615384615381 2.6172036090405846
2 172 7.3461538461538405 3.9069839159232713
0 173 11.134615384615389 4.986891999262606
1 173 4.480769230769227 2.7588220954967064
2 173 7.884615384615377 5.774404923249881
0 174 10.115384615384613 4.801546343994163
1 174 3.403846153846151 2.2475784548279876
2 174 6.923076923076918 3.8120872562656407
0 175 10.192307692307693 4.868075043296105
1 175 3.5384615384615365 2.2827140182344694
2 175 6.980769230769222 3.713964134320678
0 176 9.40384615384615 4.559881302569937
1 176 3.538461538461537 2.305971897550594
2 176 6.615384615384609 3.53476620566539
0 177 8.980769230769228 4.355864378551602
1 177 3.0769230769230758 2.1150423448044884
2 177 7.115384615384608 3.724605850139919
0 178 7.653846153846146 3.819764211188479
1 178 2.9423076923076916 1.952092108353036
2 178 5.903846153846148 3.3218809258591278
0 179 7.403846153846147 3.9051831441840936
1 179 2.749999999999998 1.8849442122567883
2 179 5.942307692307691 3.2945099135359386
0 180 8.499999999999991 4.184822723241559
1 180 2.673076923076921 1.8631588207010426
2 180 6.538461538461531 3.532372474251365
0 181 7.84615384615384 4.000155550268381
1 181 2.615384615384613 1.8615975538537315
2 181 5.346153846153841 3.142852943502771
0 182 7.865384615384606 3.91807305640176
1 182 1.903846153846154 1.5005523532869096
2 182 5.749999999999992 3.2765666562455236
0 183 7.36538461538461 3.903389125791702
1 183 2.442307692307691 1.7421687494605695
2 183 4.942307692307686 2.9123611435937815
0 184 6.980769230769223 3.7523163686828704
1 184 2.807692307692306 1.938952267865871
2 184 5.519230769230764 3.181618649449406
0 185 6.999999999999991 3.7814069154764556
1 185 2.5961538461538454 1.7660340067626328
2 185 4.692307692307687 2.8422796338109695
0 186 7.076923076923073 3.6279806337414584
1 186 2.5576923076923075 1.7914048341056206
2 186 4.826923076923071 2.822290443556542
0 187 6.230769230769224 3.3784535959910866
1 187 2.2307692307692295 1.6141597680299786
2 187 5.2115384615384555 3.148693232497798
0 188 6.4423076923076845 3.500737747359614
1 188 2.0576923076923084 1.5591722452686605
2 188 4.61538461538461 2.7653056206970668
0 189 6.365384615384608 3.42341039463416
1 189 2.0192307692307696 1.4917711982957287
2 189 5.096153846153843 2.974941036929418
0 190 5.519230769230765 3.0944833155426497
1 190 1.6346153846153841 1.3110619830221593
2 190 4.884615384615379 2.8690166993768456
0 191 5.499999999999992 3.258454298800965
1 191 1.596153846153846 1.2701588183963566
2 191 4.826923076923072 2.9410868224851776
0 192 4.495238095238092 2.74208775858151
1 192 1.561904761904762 1.2845409020949603
2 192 4.780952380952377 2.7732269735180113
0 193 4.819047619047615 2.8073976078189715
1 193 1.180952380952381 1.00523800087891
2 193 4.152380952380949 2.458056579222457
0 194 4.6857142857142815 2.7870562611974257
1 194 1.4285714285714288 1.2117594332818118
2 194 4.171428571428568 2.5666107496927384
0 195 3.7142857142857117 2.3431971985499347
1 195 1.2000000000000002 1.0267479936263486
2 195 3.94285714285714 2.5572268023295575
0 196 3.5047619047619034 2.224784483681577
1 196 1.1619047619047622 1.0139354192414074
2 196 3.7142857142857117 2.42781622061687
0 197 3.276190476190473 2.2188795011388875
1 197 0.8190476190476192 0.7218159349550067
2 197 3.7142857142857113 2.477437771118218
0 198 2.7619047619047614 1.8982174763625532
1 198 1.0666666666666667 0.9450597449211505
2 198 3.16190476190476 2.119289569666097
0 199 2.723809523809522 1.9377949920476478
1 199 0.9904761904761911 0.9487962255069216
2 199 2.819047619047618 1.8909959205352085
0 200 2.819047619047617 1.9673031620897286
1 200 0.9714285714285721 0.8611813923690607
2 200 2.761904761904761 1.9071072077883529
0 201 2.57142857142857 1.8347393686100675
1 201 0.6666666666666669 0.674018746634151
2 201 2.2666666666666666 1.6848323599507768
0 202 2.2857142857142847 1.6538014656753188
1 202 0.8761904761904763 0.8008379757480624
2 202 1.9809523809523801 1.4596534912681474
0 203 2.3047619047619032 1.6723962202865748
1 203 0.6666666666666667 0.6638069211986767
2 203 2.0761904761904764 1.5443444204106342
0 204 1.9428571428571426 1.422451145248943
1 204 0.6857142857142857 0.6860941762551188
2 204 1.7904761904761908 1.35562821470618
0 205 2.0380952380952384 1.5188611122297195
1 205 0.6095238095238095 0.614282149336095
2 205 1.6 1.2776472802037453
0 206 1.6380952380952385 1.3103111808461037
1 206 0.5333333333333332 0.5381053126222733
2 206 1.523809523809524 1.2301178739919023
0 207 1.5428571428571431 1.2557014829036224
1 207 0.43809523809523804 0.5230828765390031
2 207 1.1047619047619048 0.9990402951819091
0 208 2.6666666666666665 1.84729991924324
1 208 0.8190476190476196 0.7779668930599142
2 208 1.9619047619047625 1.5080469023345402
0 209 3.0476190476190452 2.0344110164027605
1 209 0.9904761904761912 0.8696750657847959
2 209 2.266666666666666 1.6356617507390543
0 210 3.866666666666664 2.408531699109512
1 210 1.4666666666666675 1.1915767248233406
2 210 3.3714285714285688 2.187594133134563
0 211 4.952380952380947 2.9375599866823996
1 211 1.6761904761904765 1.3393424387077446
2 211 3.923809523809521 2.4685211805530516
0 212 5.599999999999995 3.1570478462946605
1 212 2.3999999999999986 1.7599029286987147
2 212 4.457142857142854 2.7338152726142875
0 213 6.971428571428563 3.7062958039092724
1 213 2.8761904761904735 2.001255469279448
2 213 5.88571428571428 3.325208946362783
0 214 8.01904761904761 4.150461135336375
1 214 3.733333333333331 2.356430020384757
2 214 6.399999999999993 3.567433632965285
0 215 8.361904761904754 4.27555538669007
1 215 3.9619047619047594 2.450686592282066
2 215 6.3047619047618975 3.510004081187536
0 216 8.628571428571421 4.287611231008751
1 216 4.152380952380948 2.5434229205252654
2 216 7.142857142857135 3.720634082844827
0 217 9.314285714285704 4.709097121247094
1 217 4.13333333333333 2.610833173438357
2 217 7.961904761904754 4.180101392250941
0 218 8.62857142857142 4.345988143449363
1 218 4.895238095238091 2.8320113979017725
2 218 8.62857142857142 4.3039874947075205
0 219 10.285714285714274 4.93121597687474
1 219 4.914285714285709 2.9119045124955836
2 219 8.43809523809523 4.442733482307799
0 220 9.466666666666654 4.66718657897339
1 220 4.68571428571428 2.810335320038233
2 220 8.114285714285707 4.407173570625956
0 221 9.104761904761897 4.426333590570372
1 221 4.304761904761902 2.707901153010751
2 221 7.904761904761894 4.156954543494586
0 222 9.295238095238084 4.471057699962477
1 222 3.9428571428571404 2.5051029366062294
2 222 8.438095238095231 4.399673384102908
0 223 9.142857142857135 4.485752890030347
1 223 3.9619047619047594 2.487319755187908
2 223 7.466666666666659 3.8995549174234108
0 224 8.38095238095237 4.239345844004783
1 224 3.2761904761904743 2.2004521653600895
2 224 7.485714285714279 3.9070040507139625
0 225 8.399999999999991 4.284580766742958
1 225 3.3523809523809494 2.2177886707897074
2 225 8.038095238095227 4.189418719129888
0 226 7.009523809523802 3.604598506484364
1 226 3.0476190476190443 2.0004432239213115
2 226 6.3428571428571345 3.5173421983653177
0 227 7.657142857142853 3.9307518441384564
1 227 3.3904761904761886 2.2047466738102086
2 227 5.638095238095233 3.120442078692493
0 228 7.047619047619042 3.79035156971564
1 228 3.16190476190476 2.0635998415202286
2 228 5.88571428571428 3.2259874957289902
0 229 6.723809523809518 3.5872308774568946
1 229 2.99047619047619 2.0924374307847695
2 229 5.447619047619041 3.094590107546847
0 230 6.704761904761898 3.721481366001424
1 230 3.428571428571426 2.221564111066803
2 230 5.676190476190469 3.224583099153248
0 231 7.066666666666658 3.7093048304684997
1 231 2.5714285714285703 1.8489707529680102
2 231 5.561904761904757 3.3170096027001312
0 232 5.961904761904755 3.353446520217025
1 232 2.799999999999997 1.9005696741169433
2 232 5.999999999999993 3.5110331793073892
0 233 6.609523809523799 3.7036021764988134
1 233 3.0666666666666655 2.0157547372605342
2 233 5.638095238095231 3.2354707019627136
0 234 6.247619047619041 3.4178804994046033
1 234 2.7428571428571424 1.9648807142511253
2 234 4.476190476190473 2.699197361799016
0 235 6.7619047619047565 3.614461397737479
1 235 2.5714285714285694 1.8262303884313393
2 235 4.876190476190473 2.8761278697350314
0 236 5.314285714285709 3.047355691634409
1 236 2.152380952380952 1.6084660411687781
2 236 5.06666666666666 2.9968715217135204
0 237 5.752380952380945 3.228298859404771
1 237 2.342857142857141 1.7315383044764667
2 237 5.08571428571428 3.006893922105945
0 238 5.180952380952374 3.004578676212522
1 238 2.0952380952380936 1.5589996282552914
2 238 3.92380952380952 2.4758714346923183
0 239 5.580952380952375 3.25177426642931
1 239 2.152380952380952 1.597187171120901
2 239 3.8285714285714243 2.46374248934442
0 240 4.838095238095233 2.8633732388235176
1 240 1.8857142857142861 1.4310282346691865
2 240 3.9428571428571395 2.508935080486025
0 241 5.104761904761899 3.005580900028016
1 241 1.79047619047619 1.4065094854924134
2 241 3.961904761904758 2.459792684364563
0 242 4.266666666666663 2.6565381882940313
1 242 1.7904761904761906 1.4201631212817627
2 242 3.276190476190474 2.172558564739931
0 243 4.380952380952377 2.681165999558117
1 243 1.4476190476190476 1.2303902662472936
2 243 3.5047619047619034 2.2527878006663995
0 244 3.7142857142857117 2.3488918216675336
1 244 1.542857142857143 1.237178755813038
2 244 3.257142857142853 2.186505783735675
0 245 3.8857142857142826 2.4405686632926535
1 245 1.4857142857142858 1.2096132001836586
2 245 3.219047619047616 2.1462908639966343
0 246 3.4857142857142827 2.2815582677802255
1 246 1.6380952380952383 1.2930140027216475
2 246 2.857142857142855 1.9677583543635548
0 247 3.6761904761904733 2.3425196641682096
1 247 1.4285714285714295 1.090285947391936
2 247 2.6666666666666656 1.9110519696932455
0 248 3.0285714285714276 1.9976003357838916
1 248 1.485714285714286 1.2070615609136581
2 248 2.838095238095238 1.9478817972648472
0 249 3.3333333333333313 2.167270505563931
1 249 1.0095238095238104 0.9173032476903094
2 249 2.2476190476190463 1.6265258919769234
0 250 2.4190476190476176 1.7556789126319567
1 250 1.1428571428571432 0.9794422968773205
2 250 2.342857142857141 1.6632992414521717
0 251 2.3238095238095235 1.6643276607611488
1 251 1.1047619047619053 0.9251409126432646
2 251 2.209523809523809 1.6065866206062054
0 252 2.8380952380952364 1.9685588047418416
1 252 1.295238095238095 1.0936226063782186
2 252 2.4190476190476184 1.734236556182208
0 253 2.876190476190475 1.9490527228675476
1 253 0.8952380952380953 0.8238435471749371
2 253 2.228571428571428 1.6223591767452088
0 254 2.914285714285714 1.9677330756252183
1 254 1.0666666666666669 0.9243365095012961
2 254 1.7523809523809522 1.3878887125204573
0 255 2.57142857142857 1.8431883346328097
1 255 0.7619047619047619 0.6986158391022834
2 255 1.6571428571428566 1.302457921985265
0 256 2.685714285714285 1.8308444186298067
1 256 1.161904761904762 0.9762543382047908
2 256 2.1523809523809514 1.602183788428428
0 257 3.2380952380952346 2.1228399002641933
1 257 1.1047619047619048 0.9914117611305927
2 257 2.4952380952380944 1.7346225751271913
0 258 3.9047619047619024 2.4190142965397654
1 258 1.961904761904762 1.4764875403500315
2 258 3.14285714285714 2.1502967511319637
0 259 4.704761904761902 2.733945422719993
1 259 1.7142857142857137 1.3664500198050817
2 259 3.580952380952379 2.3741877207280435
0 260 5.6380952380952305 3.2460991565698514
1 260 2.419047619047617 1.732208878499975
2 260 4.495238095238092 2.710335063535248
0 261 5.238095238095233 3.1711270789312715
1 261 2.114285714285714 1.5780405310142445
2 261 4.361904761904758 2.689391039844983
0 262 6.819047619047611 3.6976791520247128
1 262 3.1047619047619026 2.0920795827032204
2 262 5.599999999999993 3.377118147626241
0 263 7.371428571428564 3.9345525461455404
1 263 3.3714285714285688 2.242689591654023
2 263 6.514285714285708 3.463447100400174
0 264 8.438095238095231 4.249060039992319
1 264 3.942857142857141 2.502160419276252
2 264 6.933333333333325 3.633396207125329
0 265 8.533333333333326 4.293594268506722
1 265 3.866666666666663 2.557701424687134
2 265 7.8476190476190375 4.244859457451549
0 266 8.799999999999988 4.43308536259135
1 266 4.038095238095234 2.4819681487110183
2 266 8.380952380952374 4.324543113499
0 267 9.104761904761896 4.619557063531813
1 267 3.6761904761904733 2.3964166750311726
2 267 9.638095238095227 4.802414490220913
0 268 9.466666666666656 4.497097384927079
1 268 3.7142857142857117 2.409991554165688
2 268 8.342857142857135 4.365896032996834
0 269 8.514285714285707 4.391572545636789
1 269 4.6476190476190435 2.840800178833525
2 269 8.133333333333324 4.237003981141052
0 270 8.857142857142849 4.286384673756756
1 270 3.5619047619047595 2.3153434899279017
2 270 7.790476190476183 4.056823056280018
0 271 8.742857142857135 4.320721085523428
1 271 3.5047619047619025 2.293022209879197
2 271 7.6761904761904685 3.869128196644721
0 272 8.704761904761895 4.33622040103148
1 272 3.371428571428568 2.201246065285016
2 272 7.523809523809514 3.9486660979682373
0 273 7.6952380952380866 4.0922156690468015
1 273 3.7714285714285696 2.4236968180782164
2 273 6.7428571428571376 3.677474349275563
0 274 7.02857142857142 3.728998772996971
1 274 3.3142857142857105 2.22685561831475
2 274 6.685714285714279 3.610057287981019
0 275 6.038095238095231 3.469358139343373
1 275 3.390476190476187 2.2244254222439013
2 275 5.961904761904754 3.430538272481725
0 276 6.799999999999993 3.766945880782055
1 276 3.276190476190474 2.2039738903024158
2 276 6.438095238095231 3.5999360003208816
0 277 6.8761904761904695 3.630063090003689
1 277 3.0666666666666638 2.1110427856196536
2 277 6.171428571428565 3.83883825410598
0 278 6.990476190476182 3.68934567671123
1 278 2.7238095238095217 1.839786341955916
2 278 5.923809523809515 3.341754131180605
0 279 6.666666666666661 3.6109858602774763
1 279 2.6285714285714277 1.8004252953172015
2 279 6.552380952380945 3.6063796542762963
0 280 6.51428571428571 3.6064150748160944
1 280 2.19047619047619 1.591733286703778
2 280 5.695238095238088 3.2139723044408455
0 281 5.904761904761897 3.3741635288780008
1 281 2.8571428571428545 1.9833954124911755
2 281 6.419047619047611 3.626572174040132
0 282 6.171428571428562 3.525865023933964
1 282 2.228571428571427 1.6348379509950437
2 282 5.085714285714281 2.9633283598455624
0 283 6.0761904761904715 3.2836923406377188
1 283 2.495238095238094 1.7745456348890547
2 283 5.180952380952376 3.097420356077614
0 284 7.314285714285707 3.7730880566234597
1 284 2.0571428571428565 1.5507598697915475
2 284 4.476190476190471 2.7690159913155554
0 285 6.247619047619041 3.5725457049547864
1 285 1.8285714285714285 1.3844016743766396
2 285 4.590476190476188 2.782801181526292
0 286 6.2857142857142785 3.5406639054933002
1 286 2.2285714285714286 1.6415692749522488
2 286 4.190476190476187 2.567200586955169
0 287 6.228571428571422 3.5001698193556203
1 287 1.9619047619047625 1.4497151829478796
2 287 4.285714285714282 2.656290490896036
0 288 4.91428571428571 2.859822550259312
1 288 2.190476190476189 1.5923449609216411
2 288 4.304761904761903 2.6304066209478645
0 289 5.599999999999995 3.16626104714029
1 289 1.8476190476190475 1.4586981017011205
2 289 4.057142857142854 2.5708898889837264
0 290 4.876190476190473 2.8805939842433417
1 290 1.6000000000000005 1.3321632453636034
2 290 3.904761904761901 2.4538388585003714
0 291 4.876190476190473 2.8703918803807236
1 291 1.8095238095238102 1.3901954074785614
2 291 4.11428571428571 2.571824908056258
0 292 4.247619047619046 2.5913583894792986
1 292 1.3904761904761906 1.1404945962558086
2 292 3.5999999999999988 2.3167107403496114
0 293 4.666666666666662 2.8009687941462404
1 293 1.638095238095238 1.3303456710700394
2 293 3.847619047619045 2.4479446621583714
0 294 3.9238095238095205 2.447840675196999
1 294 1.5047619047619045 1.2432268739779178
2 294 3.6380952380952367 2.3511639349023667
0 295 4.361904761904758 2.695793070257369
1 295 1.7142857142857146 1.3328745981553718
2 295 2.8190476190476175 1.8733933156763825
0 296 3.638095238095235 2.6613953859365496
1 296 1.2000000000000002 1.0075505504549571
2 296 3.333333333333329 2.2746424525875897
0 297 3.276190476190475 2.158520313553053
1 297 1.580952380952381 1.3204962621488998
2 297 3.2190476190476174 2.129808059167668
0 298 3.371428571428569 2.2044962524938336
1 298 1.4285714285714284 1.1353293031395872
2 298 3.276190476190474 2.180330865870649
0 299 3.638095238095236 2.336982380262836
1 299 1.1428571428571432 1.0035938597494027
2 299 2.723809523809523 1.9054693659164046
0 300 3.1238095238095216 2.1005158163686075
1 300 1.3523809523809525 1.1544095376201957
2 300 2.114285714285714 1.5567525036733412
0 301 3.066666666666665 2.055308512110079
1 301 0.9714285714285715 0.8677973755110415
2 301 2.3238095238095235 1.6198454278357899
0 302 3.1047619047619017 2.1242398727533964
1 302 1.0095238095238097 0.9258256139479434
2 302 2.019047619047619 1.499223725075087
0 303 3.18095238095238 2.101478140792207
1 303 0.7619047619047621 0.7613422432898101
2 303 1.4666666666666672 1.1468105057200508
0 304 3.1428571428571397 2.1259562199254707
1 304 1.066666666666667 0.9415367518931915
2 304 1.752380952380952 1.3089753991902604
0 305 3.6952380952380937 2.3331376889306576
1 305 1.314285714285715 1.1102281708619641
2 305 2.419047619047618 1.8216153899900667
0 306 4.190476190476186 2.5819754820182275
1 306 1.3904761904761909 1.1162282464770705
2 306 2.6666666666666647 1.8418564057437403
0 307 4.7619047619047565 2.9261058418061063
1 307 2.019047619047619 1.5214186643871004
2 307 3.3714285714285688 2.1993612464844743
0 308 5.676190476190467 3.2291328073232575
1 308 1.9238095238095243 1.4970894889770647
2 308 4.114285714285709 2.6027867744206423
0 309 5.466666666666659 3.1400880620168743
1 309 2.057142857142857 1.5799317136465847
2 309 4.53333333333333 2.8205340864762496
0 310 6.1333333333333275 3.4509152057240664
1 310 2.7238095238095226 1.9373308751201537
2 310 5.333333333333328 3.259685114577753
0 311 7.1999999999999895 3.912653052884846
1 311 2.704761904761903 1.8366615885908097
2 311 5.371428571428568 3.396039291325375
0 312 7.923809523809516 4.128117618389911
1 312 3.0285714285714267 2.032933803649724
2 312 6.133333333333324 3.4917224847142183
0 313 8.533333333333324 4.35453274078249
1 313 3.9047619047619015 2.4684006746315643
2 313 5.752380952380944 3.475086424326942
0 314 8.304761904761897 4.26188336259985
1 314 3.6380952380952363 2.269434959342257
2 314 7.047619047619042 3.8223801980600887
0 315 9.999999999999982 5.294355422503736
1 315 3.8666666666666636 2.4118236272218074
2 315 7.333333333333325 3.8586195293863494
0 316 8.97142857142856 4.355142425993253
1 316 3.7523809523809493 2.338415731707196
2 316 6.323809523809516 3.7461782478422547
0 317 9.409523809523801 5.752538253165445
1 317 3.8285714285714265 2.43816131486471
2 317 6.266666666666663 3.5092630679329333
0 318 8.323809523809514 4.8315494131363375
1 318 3.219047619047616 2.0913665631012894
2 318 6.1333333333333275 3.5265265371076615
0 319 8.514285714285705 4.342086733797885
1 319 3.6761904761904725 2.3343170856758135
2 319 6.171428571428562 3.734313588015615
0 320 8.26666666666666 4.847479612353182
1 320 3.4857142857142827 2.303158936410768
2 320 5.657142857142852 3.2627116438438595
0 321 7.771428571428565 3.9795066387794678
1 321 2.952380952380951 2.0086291000160754
2 321 5.809523809523802 3.684230060012985
0 322 6.571428571428564 3.7269031130231864
1 322 2.7238095238095226 1.8778941230523265
2 322 5.333333333333326 3.288207287678093
0 323 6.761904761904753 3.6676975030130405
1 323 2.6857142857142846 1.8581073093331582
2 323 5.142857142857138 2.99103224169654
0 324 6.819047619047609 3.7920991829974975
1 324 2.99047619047619 2.015154579966436
2 324 4.914285714285709 2.9589847711424904
0 325 6.8380952380952325 3.6929060621752776
1 325 2.5523809523809518 1.7845519207109313
2 325 5.561904761904756 5.130932097264425
0 326 6.457142857142849 3.576184773511975
1 326 2.3619047619047606 1.746740994626112
2 326 5.123809523809515 3.176593598121239
0 327 6.514285714285706 3.5208721006320687
1 327 2.647619047619046 1.9335664948464333
2 327 5.08571428571428 3.0573647929435643
0 328 6.323809523809518 3.3865895813502442
1 328 2.3809523809523787 1.7168950742075768
2 328 4.91428571428571 2.861713340496455
0 329 6.266666666666658 3.5240778018342196
1 329 2.3809523809523796 1.7518775123090458
2 329 4.857142857142851 2.9153226343048435
0 330 5.942857142857137 3.37758562455142
1 330 2.057142857142857 1.511222976367139
2 330 4.5523809523809495 2.7712812024329274
0 331 7.142857142857135 3.7374336833268997
1 331 2.114285714285714 1.5470367801126392
2 331 4.609523809523806 2.787697215445273
0 332 6.3999999999999915 3.5474655335925545
1 332 1.8666666666666665 1.4617510945903869
2 332 4.190476190476185 2.670565293372795
0 333 6.571428571428564 3.4030569528009567
1 333 1.6761904761904762 1.3372729649574284
2 333 4.571428571428568 2.774845428848089
0 334 5.599999999999993 3.183874322429822
1 334 1.485714285714286 1.2074770962757533
2 334 4.533333333333329 2.768605090876926
0 335 5.638095238095232 3.210694454408241
1 335 1.1047619047619048 1.0150397208734316
2 335 4.0761904761904715 2.5098414965617297
