0 0 3.02482 5.36538
0 1 2.83085 4.96154
0 2 3.09971 5.5
0 3 2.91515 5.17308
0 4 2.65794 4.63462
0 5 2.4444 4.19231
0 6 2.67633 4.71154
0 7 2.04206 3.28846
0 8 2.14992 3.53846
0 9 1.87211 2.92308
0 10 1.77427 2.65385
0 11 1.77176 2.63462
0 12 1.80112 2.69231
0 13 1.4709 2.01923
0 14 1.42269 1.86538
0 15 1.62248 2.32692
0 16 1.8988 2.86538
0 17 2.09573 3.38462
0 18 2.565 4.36538
0 19 2.91001 5.07692
0 20 3.75571 6.82692
0 21 4.05446 7.44231
0 22 4.12987 7.57692
0 23 4.83765 9.07692
0 24 5.1332 9.69231
0 25 5.47913 10.4038
0 26 5.7117 10.7885
0 27 5.48027 10.3846
0 28 5.55885 10.5769
0 29 4.671 8.65385
0 30 4.84478 9.05769
0 31 4.87254 9.09615
0 32 4.86407 9.07692
0 33 4.55087 8.48077
0 34 4.75486 8.86538
0 35 4.35306 8.15385
0 36 4.33658 8
0 37 3.76345 6.86538
0 38 3.78583 6.92308
0 39 3.5903 6.5
0 40 3.46161 6.25
0 41 3.58913 6.5
0 42 3.39511 6.13462
0 43 3.52273 6.34615
0 44 3.78582 6.90385
0 45 3.63592 6.57692
0 46 2.93 5.15385
0 47 3.12095 5.57692
0 48 2.90576 5.03846
0 49 2.9726 5.26923
0 50 2.51435 4.28846
0 51 2.51531 4.32692
0 52 2.10074 3.38462
0 53 2.23068 3.71154
0 54 1.86155 2.86538
0 55 1.74375 2.61538
0 56 1.66406 2.38462
0 57 1.55805 2.15385
0 58 1.53112 2.09615
0 59 1.49967 2.05769
0 60 1.45932 2.01923
0 61 1.30843 1.63462
0 62 1.4932 2.09615
0 63 1.31378 1.69231
0 64 1.6683 2.36538
0 65 1.94888 2.90385
0 66 2.24639 3.69231
0 67 3.01713 5.32692
0 68 3.50005 6.32692
0 69 3.68676 6.75
0 70 4.01318 7.38462
0 71 5.364 10.0962
0 72 5.16008 9.73077
0 73 5.57875 10.6346
0 74 5.9321 11.2885
0 75 5.9466 11.3269
0 76 5.57137 10.5577
0 77 5.61229 10.6346
0 78 5.25257 9.84615
0 79 5.35911 10.0769
0 80 4.77197 8.92308
0 81 4.83776 9.03846
0 82 4.31598 7.96154
0 83 4.23227 7.80769
0 84 3.86472 7.07692
0 85 4.15737 7.65385
0 86 4.20161 7.76923
0 87 3.96268 7.30769
0 88 3.95551 7.26923
0 89 3.97566 7.32692
0 90 3.89256 7.11538
0 91 3.81659 7
0 92 3.38367 6.09615
0 93 3.23125 5.75
0 94 3.01513 5.23077
0 95 2.89683 5.03846
0 96 2.54144 4.32692
0 97 2.59697 4.51923
0 98 2.2067 3.63462
0 99 2.29949 3.82692
0 100 2.09665 3.40385
0 101 1.79287 2.75
0 102 1.79174 2.63462
0 103 1.42549 1.96154
0 104 1.52433 2.11538
0 105 1.44631 2.01923
0 106 1.27846 1.59615
0 107 1.347 1.75
0 108 1.35868 1.76923
0 109 1.24846 1.59615
0 110 1.18814 1.48077
0 111 1.30554 1.65385
0 112 1.60364 2.21154
0 113 1.84532 2.73077
0 114 2.29182 3.73077
0 115 2.78102 4.73077
0 116 3.10679 5.48077
0 117 3.58443 6.5
0 118 3.92595 7.17308
0 119 4.71456 8.80769
0 120 4.71164 8.78846
0 121 5.45735 10.3269
0 122 5.15408 9.65385
0 123 5.46477 10.3077
0 124 5.29473 9.94231
0 125 5.34322 10.0962
0 126 5.33166 10.0385
0 127 4.63044 8.61538
0 128 5.07196 9.53846
0 129 4.64548 8.59615
0 130 4.38136 8.09615
0 131 3.95117 7.23077
0 132 3.83986 7
0 133 3.64945 6.61538
0 134 3.61519 6.53846
0 135 3.89613 7.11538
0 136 3.32622 5.94231
0 137 3.71689 6.75
0 138 3.56024 6.5
0 139 3.282 5.92308
0 140 3.31957 5.98077
0 141 3.1438 5.57692
0 142 3.02076 5.38462
0 143 2.70095 4.65385
0 144 2.6858 4.65385
0 145 2.53039 4.30769
0 146 2.36278 3.94231
0 147 2.40411 4
0 148 1.89021 2.94231
0 149 1.89429 2.94231
0 150 1.85508 2.80769
0 151 1.61746 2.34615
0 152 1.71072 2.51923
0 153 1.42359 1.98077
0 154 1.5104 2.05769
0 155 1.32142 1.80769
0 156 1.35468 1.76923
0 157 1.35012 1.76923
0 158 1.39755 1.82692
0 159 1.38062 1.86538
0 160 1.66121 2.36538
0 161 1.82764 2.69231
0 162 2.36389 3.90385
0 163 2.88986 5.09615
0 164 3.3961 6.05769
0 165 3.98479 7.32692
0 166 4.61699 8.59615
0 167 4.58056 8.5
0 168 5.24012 9.86538
0 169 5.65768 10.7885
0 170 6.0018 11.4423
0 171 5.51157 10.4038
0 172 5.7095 10.8654
0 173 5.87935 11.1346
0 174 5.3806 10.1154
0 175 5.37335 10.1923
0 176 5.01079 9.40385
0 177 4.79 8.98077
0 178 4.16705 7.65385
0 179 4.00149 7.40385
0 180 4.52873 8.5
0 181 4.23746 7.84615
0 182 4.29013 7.86538
0 183 4.00532 7.36538
0 184 3.81456 6.98077
0 185 3.82515 7
0 186 3.89069 7.07692
0 187 3.4586 6.23077
0 188 3.57069 6.44231
0 189 3.52005 6.36538
0 190 3.14035 5.51923
0 191 3.09394 5.5
0 192 2.59222 4.49524
0 193 2.76987 4.81905
0 194 2.70476 4.68571
0 195 2.1961 3.71429
0 196 2.14874 3.50476
0 197 2.1014 3.27619
0 198 1.83591 2.7619
0 199 1.80454 2.72381
0 200 1.85242 2.81905
0 201 1.73654 2.57143
0 202 1.61107 2.28571
0 203 1.6317 2.30476
0 204 1.45651 1.94286
0 205 1.48813 2.0381
0 206 1.27899 1.6381
0 207 1.24165 1.54286
0 208 1.85935 2.66667
0 209 1.97654 3.04762
0 210 2.31856 3.86667
0 211 2.85123 4.95238
0 212 3.17774 5.6
0 213 3.8354 6.97143
0 214 4.33361 8.01905
0 215 4.52111 8.3619
0 216 4.64309 8.62857
0 217 4.96049 9.31429
0 218 4.63492 8.62857
0 219 5.45888 10.2857
0 220 5.039 9.46667
0 221 4.8739 9.10476
0 222 4.98405 9.29524
0 223 4.85699 9.14286
0 224 4.48735 8.38095
0 225 4.52123 8.4
0 226 3.85756 7.00952
0 227 4.17239 7.65714
0 228 3.84354 7.04762
0 229 3.69736 6.72381
0 230 3.68203 6.70476
0 231 3.88044 7.06667
0 232 3.33641 5.9619
0 233 3.60807 6.60952
0 234 3.47974 6.24762
0 235 3.70829 6.7619
0 236 3.03806 5.31429
0 237 3.23245 5.75238
0 238 2.94761 5.18095
0 239 3.13117 5.58095
0 240 2.74827 4.8381
0 241 2.91841 5.10476
0 242 2.4616 4.26667
0 243 2.55375 4.38095
0 244 2.26292 3.71429
0 245 2.33758 3.88571
0 246 2.15561 3.48571
0 247 2.23114 3.67619
0 248 1.9263 3.02857
0 249 2.08822 3.33333
0 250 1.67332 2.41905
0 251 1.62847 2.32381
0 252 1.90176 2.8381
0 253 1.92383 2.87619
0 254 1.93354 2.91429
0 255 1.75093 2.57143
0 256 1.86792 2.68571
0 257 2.0815 3.2381
0 258 2.36569 3.90476
0 259 2.74469 4.70476
0 260 3.18969 5.6381
0 261 2.99013 5.2381
0 262 3.74697 6.81905
0 263 4.0069 7.37143
0 264 4.55435 8.4381
0 265 4.62995 8.53333
0 266 4.73724 8.8
0 267 4.86469 9.10476
0 268 5.07674 9.46667
0 269 4.55909 8.51429
0 270 4.77084 8.85714
0 271 4.69752 8.74286
0 272 4.68344 8.70476
0 273 4.16183 7.69524
0 274 3.83083 7.02857
0 275 3.35819 6.0381
0 276 3.73018 6.8
0 277 3.77891 6.87619
0 278 3.83177 6.99048
0 279 3.66501 6.66667
0 280 3.55712 6.51429
0 281 3.27299 5.90476
0 282 3.39622 6.17143
0 283 3.41157 6.07619
0 284 4.0303 7.31429
0 285 3.45579 6.24762
0 286 3.47251 6.28571
0 287 3.42704 6.22857
0 288 2.81283 4.91429
0 289 3.12175 5.6
0 290 2.79729 4.87619
0 291 2.81109 4.87619
0 292 2.49012 4.24762
0 293 2.66546 4.66667
0 294 2.2932 3.92381
0 295 2.51627 4.3619
0 296 2.23326 3.6381
0 297 2.07802 3.27619
0 298 2.1394 3.37143
0 299 2.2222 3.6381
0 300 2.00951 3.12381
0 301 1.95643 3.06667
0 302 1.96914 3.10476
0 303 2.07223 3.18095
0 304 2.09483 3.14286
0 305 2.27914 3.69524
0 306 2.47288 4.19048
0 307 2.7119 4.7619
0 308 3.18994 5.67619
0 309 3.10261 5.46667
0 310 3.40651 6.13333
0 311 3.92147 7.2
0 312 4.29051 7.92381
0 313 4.60034 8.53333
0 314 4.47597 8.30476
0 315 5.30882 10
0 316 4.83872 8.97143
0 317 5.02674 9.40952
0 318 4.48914 8.32381
0 319 4.55964 8.51429
0 320 4.46286 8.26667
0 321 4.22888 7.77143
0 322 3.58928 6.57143
0 323 3.72657 6.7619
0 324 3.72662 6.81905
0 325 3.75057 6.8381
0 326 3.51943 6.45714
0 327 3.5801 6.51429
0 328 3.48769 6.32381
0 329 3.43706 6.26667
0 330 3.29902 5.94286
0 331 3.92134 7.14286
0 332 3.52673 6.4
0 333 3.63775 6.57143
0 334 3.13444 5.6
0 335 3.16113 5.6381
1 0 1.28831 1.67308
1 1 0.98182 1.13462
1 2 1.12622 1.30769
1 3 1.11492 1.32692
1 4 1.08604 1.26923
1 5 1.05033 1.19231
1 6 1.10993 1.34615
1 7 0.88502 0.903846
1 8 0.925437 0.961538
1 9 0.972957 1.01923
1 10 0.875627 0.788462
1 11 0.870635 0.788462
1 12 0.879143 0.884615
1 13 0.853396 0.596154
1 14 0.867224 0.769231
1 15 0.858525 0.634615
1 16 0.903432 1.01923
1 17 0.919686 1.09615
1 18 1.35035 1.71154
1 19 1.40589 1.92308
1 20 1.84998 2.80769
1 21 2.03042 3.19231
1 22 2.33252 3.90385
1 23 2.77968 4.82692
1 24 2.64178 4.55769
1 25 2.80653 4.84615
1 26 2.95557 5.15385
1 27 3.17508 5.61538
1 28 2.88592 5
1 29 2.9348 5.15385
1 30 2.39388 4.05769
1 31 2.59281 4.36538
1 32 2.53858 4.28846
1 33 2.54541 4.34615
1 34 2.42349 4.13462
1 35 2.29769 3.73077
1 36 2.35588 3.80769
1 37 2.1002 3.21154
1 38 1.95758 2.98077
1 39 2.09236 3.44231
1 40 2.06857 3.19231
1 41 2.03531 3.30769
1 42 1.90272 2.92308
1 43 2.01218 3.07692
1 44 1.66525 2.28846
1 45 1.4243 1.90385
1 46 1.59656 2.32692
1 47 1.42487 1.92308
1 48 1.56026 2.19231
1 49 1.41626 1.90385
1 50 1.2794 1.71154
1 51 1.05056 1.28846
1 52 1.19169 1.42308
1 53 1.00744 1.17308
1 54 0.933872 0.923077
1 55 0.904812 1.03846
1 56 0.960755 1.09615
1 57 0.87037 0.730769
1 58 0.858784 0.673077
1 59 0.864055 0.634615
1 60 0.871784 0.807692
1 61 0.902233 0.846154
1 62 0.867586 0.692308
1 63 0.859371 0.653846
1 64 0.876759 0.807692
1 65 1.03596 1.23077
1 66 1.23927 1.55769
1 67 1.37901 1.82692
1 68 1.70759 2.46154
1 69 1.96822 3.13462
1 70 2.01965 3.09615
1 71 2.24462 3.59615
1 72 2.68977 4.61538
1 73 2.77367 4.76923
1 74 2.66858 4.57692
1 75 2.85784 4.98077
1 76 2.70804 4.63462
1 77 2.43872 4.07692
1 78 2.25143 3.69231
1 79 2.33665 3.90385
1 80 2.22114 3.61538
1 81 2.31466 3.78846
1 82 1.9305 2.86538
1 83 2.20077 3.53846
1 84 2.05836 3.19231
1 85 1.98677 3.07692
1 86 1.94079 2.98077
1 87 2.13121 3.30769
1 88 1.6739 2.36538
1 89 1.86244 2.84615
1 90 1.67674 2.36538
1 91 1.64707 2.36538
1 92 1.55211 2.19231
1 93 1.5286 2.13462
1 94 1.56924 2.21154
1 95 1.33543 1.69231
1 96 1.3132 1.73077
1 97 1.36683 1.78846
1 98 1.20419 1.63462
1 99 1.07159 1.26923
1 100 1.15941 1.44231
1 101 1.01508 1.23077
1 102 0.930687 1.09615
1 103 1.00677 1.11538
1 104 0.90848 1.01923
1 105 0.87643 0.826923
1 106 0.862726 0.711538
1 107 0.865869 0.673077
1 108 0.854472 0.576923
1 109 0.832328 0.365385
1 110 0.862333 0.615385
1 111 0.858589 0.653846
1 112 0.861697 0.653846
1 113 0.872339 0.75
1 114 0.968615 1.07692
1 115 1.18628 1.46154
1 116 1.49665 2.11538
1 117 2.005 3.13462
1 118 2.13155 3.32692
1 119 2.23822 3.76923
1 120 2.49217 4.28846
1 121 2.4745 4.15385
1 122 2.63669 4.48077
1 123 2.44923 4.15385
1 124 2.49155 4.15385
1 125 2.61515 4.46154
1 126 2.22395 3.63462
1 127 2.26604 3.75
1 128 2.09492 3.25
1 129 2.25967 3.63462
1 130 2.18563 3.46154
1 131 1.86076 2.73077
1 132 1.8744 2.86538
1 133 1.95464 3.03846
1 134 2.0408 3.09615
1 135 1.82806 2.75
1 136 1.796 2.73077
1 137 1.67837 2.28846
1 138 1.90565 2.98077
1 139 1.62495 2.25
1 140 1.70598 2.48077
1 141 1.56125 2.21154
1 142 1.53892 2.15385
1 143 1.69176 2.40385
1 144 1.60094 2.26923
1 145 1.56946 2.17308
1 146 1.35183 1.71154
1 147 1.35988 1.75
1 148 1.00894 1.21154
1 149 1.16199 1.42308
1 150 1.1633 1.48077
1 151 0.894474 0.942308
1 152 1.01383 1.23077
1 153 0.887002 0.942308
1 154 0.966113 1.11538
1 155 0.870311 0.826923
1 156 0.859239 0.634615
1 157 0.864249 0.653846
1 158 0.866287 0.673077
1 159 0.856553 0.615385
1 160 0.931902 0.884615
1 161 1.0439 1.21154
1 162 1.09867 1.30769
1 163 1.39109 1.88462
1 164 1.63354 2.42308
1 165 1.96759 2.94231
1 166 1.97013 3.01923
1 167 2.15682 3.53846
1 168 2.55325 4.26923
1 169 2.67101 4.55769
1 170 2.4077 4.03846
1 171 2.63546 4.46154
1 172 2.45328 4.13462
1 173 2.62718 4.48077
1 174 2.21042 3.40385
1 175 2.20643 3.53846
1 176 2.17023 3.53846
1 177 1.93857 3.07692
1 178 1.90582 2.94231
1 179 1.80243 2.75
1 180 1.834 2.67308
1 181 1.77116 2.61538
1 182 1.42903 1.90385
1 183 1.69455 2.44231
1 184 1.87253 2.80769
1 185 1.84048 2.59615
1 186 1.74175 2.55769
1 187 1.58189 2.23077
1 188 1.49259 2.05769
1 189 1.48026 2.01923
1 190 1.2828 1.63462
1 191 1.25171 1.59615
1 192 1.23743 1.5619
1 193 1.01894 1.18095
1 194 1.1088 1.42857
1 195 1.03973 1.2
1 196 1.01786 1.1619
1 197 0.907645 0.819048
1 198 0.939702 1.06667
1 199 0.943328 0.990476
1 200 0.922363 0.971429
1 201 0.861818 0.666667
1 202 0.891383 0.87619
1 203 0.862735 0.666667
1 204 0.864335 0.685714
1 205 0.852473 0.609524
1 206 0.842683 0.533333
1 207 0.843117 0.438095
1 208 0.886787 0.819048
1 209 0.903413 0.990476
1 210 1.21839 1.46667
1 211 1.31108 1.67619
1 212 1.66165 2.4
1 213 1.93987 2.87619
1 214 2.25426 3.73333
1 215 2.36723 3.9619
1 216 2.46569 4.15238
1 217 2.47011 4.13333
1 218 2.82181 4.89524
1 219 2.85995 4.91429
1 220 2.70803 4.68571
1 221 2.5464 4.30476
1 222 2.33361 3.94286
1 223 2.37803 3.9619
1 224 2.09795 3.27619
1 225 2.08701 3.35238
1 226 1.95901 3.04762
1 227 2.12689 3.39048
1 228 2.02085 3.1619
1 229 1.90314 2.99048
1 230 2.17407 3.42857
1 231 1.73848 2.57143
1 232 1.88469 2.8
1 233 1.97802 3.06667
1 234 1.87897 2.74286
1 235 1.76397 2.57143
1 236 1.52901 2.15238
1 237 1.64156 2.34286
1 238 1.48908 2.09524
1 239 1.53597 2.15238
1 240 1.3965 1.88571
1 241 1.35388 1.79048
1 242 1.37009 1.79048
1 243 1.183 1.44762
1 244 1.21578 1.54286
1 245 1.15736 1.48571
1 246 1.28309 1.6381
1 247 1.13738 1.42857
1 248 1.23244 1.48571
1 249 0.896207 1.00952
1 250 0.950431 1.14286
1 251 0.944683 1.10476
1 252 1.1138 1.29524
1 253 0.913533 0.895238
1 254 1.00294 1.06667
1 255 0.890326 0.761905
1 256 1.02662 1.1619
1 257 0.982876 1.10476
1 258 1.43468 1.9619
1 259 1.33712 1.71429
1 260 1.66976 2.41905
1 261 1.51821 2.11429
1 262 1.98858 3.10476
1 263 2.09916 3.37143
1 264 2.30247 3.94286
1 265 2.27475 3.86667
1 266 2.38582 4.0381
1 267 2.25941 3.67619
1 268 2.26959 3.71429
1 269 2.65349 4.64762
1 270 2.17966 3.5619
1 271 2.20545 3.50476
1 272 2.09218 3.37143
1 273 2.29981 3.77143
1 274 2.05116 3.31429
1 275 2.15648 3.39048
1 276 2.02708 3.27619
1 277 1.9394 3.06667
1 278 1.81526 2.72381
1 279 1.78116 2.62857
1 280 1.56278 2.19048
1 281 1.84717 2.85714
1 282 1.56463 2.22857
1 283 1.71233 2.49524
1 284 1.49938 2.05714
1 285 1.36147 1.82857
1 286 1.59785 2.22857
1 287 1.42547 1.9619
1 288 1.52927 2.19048
1 289 1.43443 1.84762
1 290 1.28138 1.6
1 291 1.38924 1.80952
1 292 1.12132 1.39048
1 293 1.29855 1.6381
1 294 1.22257 1.50476
1 295 1.30201 1.71429
1 296 1.01259 1.2
1 297 1.22018 1.58095
1 298 1.1872 1.42857
1 299 1.00924 1.14286
1 300 1.14905 1.35238
1 301 0.966371 0.971429
1 302 0.953769 1.00952
1 303 0.869985 0.761905
1 304 1.00774 1.06667
1 305 1.09569 1.31429
1 306 1.10476 1.39048
1 307 1.46319 2.01905
1 308 1.41658 1.92381
1 309 1.4914 2.05714
1 310 1.81971 2.72381
1 311 1.80638 2.70476
1 312 1.95928 3.02857
1 313 2.29793 3.90476
1 314 2.20692 3.6381
1 315 2.29978 3.86667
1 316 2.24026 3.75238
1 317 2.28017 3.82857
1 318 2.04924 3.21905
1 319 2.21155 3.67619
1 320 2.12189 3.48571
1 321 1.90268 2.95238
1 322 1.79019 2.72381
1 323 1.79063 2.68571
1 324 1.99527 2.99048
1 325 1.77786 2.55238
1 326 1.66332 2.3619
1 327 1.72638 2.64762
1 328 1.6386 2.38095
1 329 1.66918 2.38095
1 330 1.4991 2.05714
1 331 1.53532 2.11429
1 332 1.4353 1.86667
1 333 1.31133 1.67619
1 334 1.20143 1.48571
1 335 0.974624 1.10476
2 0 2.5127 4.28846
2 1 2.34459 3.96154
2 2 2.37447 4.09615
2 3 2.06915 3.38462
2 4 2.11168 3.51923
2 5 2.02756 3.30769
2 6 2.19704 3.65385
2 7 1.69543 2.55769
2 8 1.70114 2.53846
2 9 1.70517 2.5
2 10 1.36918 1.80769
2 11 1.28755 1.65385
2 12 1.61027 2.28846
2 13 1.34498 1.76923
2 14 1.33053 1.82692
2 15 1.36661 1.80769
2 16 1.36308 1.82692
2 17 1.63455 2.34615
2 18 2.18197 3.65385
2 19 2.89433 5.05769
2 20 3.0336 5.34615
2 21 3.39522 6.15385
2 22 4.04465 7.53846
2 23 4.54603 8.46154
2 24 4.8181 9.03846
2 25 4.79089 9
2 26 4.69368 8.75
2 27 5.54198 10.5192
2 28 5.07435 9.5
2 29 5.15068 9.67308
2 30 4.51928 8.42308
2 31 4.37207 8.13462
2 32 4.32938 8.03846
2 33 4.55471 8.48077
2 34 3.71918 6.75
2 35 3.5715 6.46154
2 36 3.55951 6.46154
2 37 3.71945 6.84615
2 38 3.91672 7.19231
2 39 3.53961 6.42308
2 40 3.60819 6.51923
2 41 3.60626 6.55769
2 42 3.25282 5.82692
2 43 3.44809 6.19231
2 44 2.96032 5.23077
2 45 2.77995 4.88462
2 46 2.7602 4.88462
2 47 2.43247 4.13462
2 48 2.78496 4.88462
2 49 2.45371 4.19231
2 50 2.39859 4.15385
2 51 2.30101 3.88462
2 52 2.05692 3.40385
2 53 1.98589 3.26923
2 54 1.64875 2.40385
2 55 1.77611 2.73077
2 56 1.44043 1.98077
2 57 1.51738 2.15385
2 58 1.21193 1.5
2 59 1.31034 1.67308
2 60 1.18818 1.55769
2 61 1.16577 1.46154
2 62 1.12092 1.38462
2 63 0.977665 1.13462
2 64 1.33273 1.76923
2 65 1.49006 2.07692
2 66 1.9799 3.19231
2 67 2.40337 4.07692
2 68 2.62752 4.53846
2 69 3.01784 5.30769
2 70 3.47818 6.28846
2 71 3.99417 7.32692
2 72 4.1679 7.71154
2 73 4.60247 8.53846
2 74 4.41547 8.26923
2 75 4.69024 8.73077
2 76 4.57688 8.46154
2 77 4.50273 8.44231
2 78 4.17302 7.76923
2 79 4.0417 7.48077
2 80 3.98229 7.34615
2 81 4.05454 7.48077
2 82 3.58917 6.48077
2 83 3.62238 6.55769
2 84 3.31822 5.92308
2 85 2.9626 5.19231
2 86 3.27526 5.88462
2 87 3.38884 6.03846
2 88 3.31564 5.96154
2 89 3.01313 5.30769
2 90 3.08003 5.5
2 91 3.1321 5.59615
2 92 3.37937 6.11538
2 93 3.35528 6.05769
2 94 2.94069 5.25
2 95 3.04728 5.34615
2 96 3.10049 5.5
2 97 2.89295 5.03846
2 98 2.56727 4.44231
2 99 2.36303 3.98077
2 100 2.45797 4.25
2 101 2.1602 3.55769
2 102 2.13712 3.51923
2 103 1.90394 3.01923
2 104 1.85351 2.84615
2 105 1.55988 2.25
2 106 1.27994 1.71154
2 107 1.33977 1.76923
2 108 1.2284 1.57692
2 109 1.26575 1.57692
2 110 1.36253 1.80769
2 111 1.20867 1.5
2 112 1.4295 1.92308
2 113 1.68207 2.44231
2 114 2.03264 3.25
2 115 2.47953 4.32692
2 116 2.66865 4.59615
2 117 2.75891 4.84615
2 118 3.61623 6.57692
2 119 4.08436 7.59615
2 120 4.55607 8.51923
2 121 4.45479 8.30769
2 122 4.91013 9.21154
2 123 5.23117 9.82692
2 124 4.51245 8.34615
2 125 4.42868 8.23077
2 126 4.26268 7.92308
2 127 4.09238 7.57692
2 128 3.76974 6.94231
2 129 3.83075 6.94231
2 130 3.41349 6.17308
2 131 3.44334 6.13462
2 132 3.31712 5.94231
2 133 3.41027 6.11538
2 134 3.55674 6.42308
2 135 3.52713 6.32692
2 136 3.47709 6.26923
2 137 3.33619 5.96154
2 138 3.0363 5.34615
2 139 2.92838 5.21154
2 140 3.08836 5.42308
2 141 2.58032 4.44231
2 142 2.70237 4.65385
2 143 2.58542 4.46154
2 144 2.49496 4.23077
2 145 2.68179 4.69231
2 146 2.17556 3.63462
2 147 2.13747 3.55769
2 148 2.16023 3.55769
2 149 2.12984 3.51923
2 150 1.73057 2.51923
2 151 1.94684 3.07692
2 152 1.53938 2.17308
2 153 1.70293 2.46154
2 154 1.48195 2.05769
2 155 1.23079 1.59615
2 156 1.43792 1.92308
2 157 1.20986 1.48077
2 158 1.06452 1.28846
2 159 1.20268 1.5
2 160 1.28105 1.61538
2 161 1.34816 1.80769
2 162 1.75902 2.73077
2 163 2.14529 3.53846
2 164 2.82211 4.96154
2 165 2.79848 4.84615
2 166 3.56861 6.44231
2 167 3.14149 5.63462
2 168 4.15496 7.69231
2 169 3.95911 7.25
2 170 4.42761 8.19231
2 171 4.68489 8.69231
2 172 4.0045 7.34615
2 173 4.2361 7.88462
2 174 3.79217 6.92308
2 175 3.81108 6.98077
2 176 3.68063 6.61538
2 177 3.90059 7.11538
2 178 3.28758 5.90385
2 179 3.31274 5.94231
2 180 3.61205 6.53846
2 181 3.01227 5.34615
2 182 3.2205 5.75
2 183 2.85047 4.94231
2 184 3.14081 5.51923
2 185 2.69463 4.69231
2 186 2.7363 4.82692
2 187 2.96574 5.21154
2 188 2.66131 4.61538
2 189 2.91999 5.09615
2 190 2.81389 4.88462
2 191 2.78647 4.82692
2 192 2.76055 4.78095
2 193 2.45157 4.15238
2 194 2.43743 4.17143
2 195 2.31726 3.94286
2 196 2.28049 3.71429
2 197 2.25647 3.71429
2 198 1.97113 3.1619
2 199 1.83048 2.81905
2 200 1.83961 2.7619
2 201 1.58384 2.26667
2 202 1.42668 1.98095
2 203 1.50199 2.07619
2 204 1.30269 1.79048
2 205 1.24095 1.6
2 206 1.22066 1.52381
2 207 1.00781 1.10476
2 208 1.42405 1.9619
2 209 1.57894 2.26667
2 210 2.05275 3.37143
2 211 2.36642 3.92381
2 212 2.58422 4.45714
2 213 3.30071 5.88571
2 214 3.51368 6.4
2 215 3.49652 6.30476
2 216 3.91181 7.14286
2 217 4.28386 7.9619
2 218 4.64248 8.62857
2 219 4.49311 8.4381
2 220 4.35969 8.11429
2 221 4.25886 7.90476
2 222 4.54485 8.4381
2 223 4.0785 7.46667
2 224 4.0481 7.48571
2 225 4.32674 8.0381
2 226 3.49758 6.34286
2 227 3.21844 5.6381
2 228 3.2961 5.88571
2 229 3.0746 5.44762
2 230 3.16314 5.67619
2 231 3.08341 5.5619
2 232 3.2944 6
2 233 3.16879 5.6381
2 234 2.63646 4.47619
2 235 2.78696 4.87619
2 236 2.90629 5.06667
2 237 2.94595 5.08571
2 238 2.31041 3.92381
2 239 2.24835 3.82857
2 240 2.38803 3.94286
2 241 2.34705 3.9619
2 242 2.04632 3.27619
2 243 2.09115 3.50476
2 244 2.04618 3.25714
2 245 2.0239 3.21905
2 246 1.88238 2.85714
2 247 1.80494 2.66667
2 248 1.89729 2.8381
2 249 1.57699 2.24762
2 250 1.64951 2.34286
2 251 1.54915 2.20952
2 252 1.70907 2.41905
2 253 1.60804 2.22857
2 254 1.3488 1.75238
2 255 1.26455 1.65714
2 256 1.55801 2.15238
2 257 1.71347 2.49524
2 258 2.02245 3.14286
2 259 2.15089 3.58095
2 260 2.64483 4.49524
2 261 2.50278 4.3619
2 262 3.07498 5.6
2 263 3.60761 6.51429
2 264 3.82109 6.93333
2 265 4.21049 7.84762
2 266 4.50011 8.38095
2 267 5.08766 9.6381
2 268 4.50591 8.34286
2 269 4.34521 8.13333
2 270 4.21584 7.79048
2 271 4.16371 7.67619
2 272 4.04998 7.52381
2 273 3.71575 6.74286
2 274 3.66727 6.68571
2 275 3.30858 5.9619
2 276 3.53086 6.4381
2 277 3.41009 6.17143
2 278 3.28697 5.92381
2 279 3.60241 6.55238
2 280 3.19371 5.69524
2 281 3.51063 6.41905
2 282 2.8827 5.08571
2 283 2.93257 5.18095
2 284 2.57779 4.47619
2 285 2.66706 4.59048
2 286 2.43659 4.19048
2 287 2.45041 4.28571
2 288 2.46206 4.30476
2 289 2.3571 4.05714
2 290 2.28076 3.90476
2 291 2.40861 4.11429
2 292 2.13096 3.6
2 293 2.23264 3.84762
2 294 2.16071 3.6381
2 295 1.85265 2.81905
2 296 2.02105 3.33333
2 297 2.00327 3.21905
2 298 2.01641 3.27619
2 299 1.85762 2.72381
2 300 1.54437 2.11429
2 301 1.60175 2.32381
2 302 1.46609 2.01905
2 303 1.18267 1.46667
2 304 1.31803 1.75238
2 305 1.6672 2.41905
2 306 1.75494 2.66667
2 307 2.1121 3.37143
2 308 2.43701 4.11429
2 309 2.58626 4.53333
2 310 2.9743 5.33333
2 311 2.99995 5.37143
2 312 3.39801 6.13333
2 313 3.18006 5.75238
2 314 3.84025 7.04762
2 315 4.00378 7.33333
2 316 3.46036 6.32381
2 317 3.45716 6.26667
2 318 3.36522 6.13333
2 319 3.38685 6.17143
2 320 3.15719 5.65714
2 321 3.23235 5.80952
2 322 2.96338 5.33333
2 323 2.93575 5.14286
2 324 2.78737 4.91429
2 325 3.06028 5.5619
2 326 2.86419 5.12381
2 327 2.88428 5.08571
2 328 2.79135 4.91429
2 329 2.75896 4.85714
2 330 2.57582 4.55238
2 331 2.66165 4.60952
2 332 2.44183 4.19048
2 333 2.65356 4.57143
2 334 2.58512 4.53333
2 335 2.38242 4.07619
