0 0 30 30.075984028171305
0 1 30 30.072999979226754
0 2 31 31.0779999584469
0 3 36 36.0699999792267
0 4 28 28.07699997922565
0 5 27 27.08199997922396
0 6 33 33.07300000000395
0 7 30 30.07799997922488
0 8 35 35.075983986614766
0 9 26 26.076000000004143
0 10 32 32.073999958448226
0 11 37 37.07000000000427
0 12 25 25.077999979225805
0 13 26 26.07700000000377
0 14 25 25.080984028170313
0 15 23 23.082000000002452
0 16 26 26.08000000000264
0 17 24 24.082000000002278
0 18 30 30.076000000003397
0 19 37 37.073999958447246
0 20 20 20.08100000000335
0 21 31 31.072000000004692
0 22 29 29.07598402817147
0 23 26 26.078000000003406
0 24 31 31.072999979226555
0 25 40 40.06900000000406
0 26 27 27.076000000003937
0 27 27 27.077999979225446
