0 -22.803274317966647 -43.117938461674925 0 0.577004414312747 0.147867134648235 0.0 3778.374049583772 201.41400198684005
1 -22.786172718683176 -43.162020771975214 0 1.735188998442266 0.895564239329735 0.0 62875.70273591089 12995.239950953384 2 0.019458390850910265
2 -22.792165206600213 -43.18053344501481 3 0.038521900985127 0.061320128040183 0.099305838992482 7608.061170444022 1559.6489528874058 1 0.019458390850910265 4 0.0074107009923569354 9 0.013047457379049728
3 -22.808821970151882 -43.25835780052475 1 8.145905776022778 8.434658113691256 0.0 35711.46329670814 11893.220230723437 5 0.05297090066226404 14 0.06109721876636631
4 -22.79739582303786 -43.1857831250889 3 0.041364992625869 0.105583782410676 0.0 34914.19125476268 9841.932589697833 2 0.0074107009923569354 6 0.01193401679192931 9 0.00934554800998635 11 0.01067921329619105
5 -22.799089599783414 -43.206288641860695 3 0.015789303854669 0.219268669360663 0.0 19598.73754057117 1764.6685826935206 3 0.05297090066226404 6 0.008888882694811154 11 0.01569280386501616 14 0.01571586984960961
6 -22.7967919295304 -43.1977018527652 3 0.022811574591508 0.0899050753718 0.0 2206.11701680151 0.0 4 0.01193401679192931 5 0.008888882694811154 11 0.010697086192875757
7 -22.819312157792222 -43.53786459683866 0 60.05176068208549 4.025770637393349 3.168094478930287 11654997.920510765 422268.11149376724 19 0.08429703281649094 49 0.13947295755363304 59 0.056656980281829486 64 0.08407490854288172 80 0.0776665248744325 81 0.11465979772126801 89 0.11363857316569491 125 0.1916463400044277 126 0.1700235323272908 135 0.19383067340433421
8 -22.809921667240054 -43.30960681416542 3 0.322220922264059 0.291375380190477 0.158825358340945 82050.27687507315 21491.1074351529 10 0.014436472564611474 15 0.012113350843526619 21 0.027740633927465612
9 -22.805212049685807 -43.180660052905644 3 0.045164439330046 0.104047619659753 0.0 1496.2943690014242 18.781208997176083 2 0.013047457379049728 4 0.00934554800998635 11 0.011538834490599057 17 0.004936148365460375 20 0.0248082799937311
10 -22.81065665559573 -43.324024564760634 3 0.039404102172632 0.149519601669145 0.122833103454926 38181.34955853997 2835.2792862624146 8 0.014436472564611474 12 0.042166363841101694 16 0.017723227613269322 21 0.023620372549386794
11 -22.805950748261512 -43.19217521794205 3 0.013008517503149 0.08849366618468 0.0 33162.83299439029 4596.784021654819 4 0.01067921329619105 5 0.01569280386501616 6 0.010697086192875757 9 0.011538834490599057 14 0.007965563042945243 20 0.025720146254684984
12 -22.813778759540615 -43.36607518552344 3 0.529616958766632 1.440372105753947 0.535334734624574 1358283.9741247364 326011.1863429359 10 0.042166363841101694 16 0.02489718219954464 21 0.04775344652591399 22 0.038932860342617386 25 0.01064729711197544 30 0.0232110847973172 33 0.02261774295829553
13 -22.818424405457925 -43.29038037076396 3 0.325605649473897 0.87571875064366 0.241579628431372 97537.8193268292 7176.994952360606 15 0.009202030973874769 18 0.013321510696099497 26 0.011204534150824438 34 0.028138645232785458
14 -22.812011681014347 -43.197343901406605 3 0.115656429989802 0.228514011287742 0.0 91681.98842727991 422.4624008836776 3 0.06109721876636631 5 0.01571586984960961 11 0.007965563042945243 20 0.02303756086591289
15 -22.816364251349516 -43.29934882319979 3 0.489829329508054 0.352965857324799 0.096901958059219 22714.14596988031 5329.359376310214 8 0.012113350843526619 13 0.009202030973874769 21 0.029600311601601852 34 0.02144710655481829
16 -22.81499793981781 -43.341207872018984 3 0.142798882806919 0.517612254652835 0.186408646760241 4914.404892705056 1253.8309617658058 10 0.017723227613269322 12 0.02489718219954464 21 0.026545830808339423 23 0.0072454515571697894 30 0.018966620960450396
17 -22.810147149201818 -43.18076180482407 3 0.013944271417227 0.001501703622191 0.0 1941.7747966783343 0.0 9 0.004936148365460375 20 0.019886366942004415 24 0.007024000415822383
18 -22.818632878472055 -43.27706049140157 3 0.363987671688582 1.24711837979283 0.36452062011384 113420.77014959081 10005.550474269845 13 0.013321510696099497 26 0.01898423589300631 27 0.020747306831401028 38 0.029495785291655842 39 0.042012913976478265 46 0.0449347900056163 50 0.05193780630786553
19 -22.86671854632997 -43.46816076575691 0 19.697197006387306 1.969399552444299 0.300305417053193 9135492.070881862 1034495.2953395327 7 0.08429703281649094 45 0.04182708669883199 53 0.020087796996348987 59 0.060114399215865186 64 0.025318052699155335 159 0.032371810491195134
20 -22.829922994824727 -43.18285549058151 0 0.989936287611403 0.357699824070432 0.021023381163332 5987.79630966939 1155.9285397177623 9 0.0248082799937311 11 0.025720146254684984 14 0.02303756086591289 17 0.019886366942004415 24 0.013766594125916735 28 0.010940288331980207
21 -22.834251793379103 -43.32293301890479 3 0.688457399619179 1.406583577896377 0.094720387007135 1526421.9918890845 56479.66502340165 8 0.027740633927465612 10 0.023620372549386794 12 0.04775344652591399 15 0.029600311601601852 16 0.026545830808339423 23 0.01988812447363687 26 0.030615866213694536 30 0.02809261183040574 34 0.008168115921981705 36 0.011552492850393847 39 0.014936439155751918 43 0.02653364282809724 48 0.022355209543562782 52 0.025046864052075228 55 0.0361974487274232
22 -22.8242740546994 -43.40356673649146 3 0.094156478688711 0.231653217318472 0.014203234825739 728915.7049957194 105718.19024711988 12 0.038932860342617386 25 0.03858993440612831 31 0.030256577422247282 32 0.008904335208099917 35 0.017237754522050966
23 -22.82163851505676 -43.33830971247142 4 0.428877276180585 0.205398016955058 0.010832155148743 8227.318428012146 18037.201680030514 16 0.0072454515571697894 21 0.01988812447363687 30 0.015858728761129422
24 -22.816830416951454 -43.17860066761692 3 0.105617991924649 0.010672255859995 0.0 4002.181315258943 1336.5555770830242 17 0.007024000415822383 20 0.013766594125916735 28 0.005311037573168279
25 -22.82436926224832 -43.36497691953165 4 0.126790349636758 0.104064419767229 0.082892246589663 16194.12016898923 26499.730171326424 12 0.01064729711197544 22 0.03858993440612831 31 0.017752693787321434 33 0.01209676758229665
26 -22.829384826058796 -43.292706476047265 3 0.044210714559496 0.251929693952648 0.103865670447554 166882.40223514775 18021.463575774113 13 0.011204534150824438 18 0.01898423589300631 21 0.030615866213694536 34 0.02347499118950487 39 0.023040229138197876
27 -22.839377505820337 -43.27672705934373 3 0.493143939354402 1.622130208110851 0.139237526695468 729695.553076837 168178.0110631447 18 0.020747306831401028 38 0.011132204012089319 40 0.03847785044896672 50 0.033983906372316845
28 -22.821434681435903 -43.17595342968639 3 0.008533327808208 0.028976908711679 0.0 206.96563640526713 0.0 20 0.010940288331980207 24 0.005311037573168279 29 0.015089717941646381
29 -22.81300243924018 -43.163439562214215 2 0.115275315389608 0.012412097820309 0.380081704662801 804.1287409969523 0.0 28 0.015089717941646381
30 -22.831317787132505 -43.35087199610151 3 0.100300187833418 0.310436948996833 0.516867345800823 48519.269656592514 2850.6267488473904 12 0.0232110847973172 16 0.018966620960450396 21 0.02809261183040574 23 0.015858728761129422 33 0.016223768159552048 36 0.0201608837499542 37 0.015662323877400217 43 0.01854881884529178
31 -22.83785068484469 -43.37652721742757 3 0.318558298425869 0.633634348613906 0.255694674655127 102927.11240007103 20218.69047366902 22 0.030256577422247282 25 0.017752693787321434 33 0.010349366844693177 35 0.01503464587683513 37 0.02211083301287764 47 0.024945550929694058 158 0.014587417247079031
32 -22.83291881105908 -43.40143240451635 3 1.760364217741991 0.178447129527821 0.0 49611.728151639356 842.4278133944289 22 0.008904335208099917 35 0.010581588041847426 41 0.028920099168836567 45 0.0539403062328922
33 -22.836395569188305 -43.366280655442566 4 0.244185813348262 0.057863697041332 0.537159551895636 4460.0012216306495 7968.520247570657 12 0.02261774295829553 25 0.01209676758229665 30 0.016223768159552048 31 0.010349366844693177 37 0.014132377568680136 47 0.026234200894863655
34 -22.82965686351278 -43.31617989094521 3 0.001507408710549 0.081695602554395 0.003455806474354 3694.960160106968 0.0 13 0.028138645232785458 15 0.02144710655481829 21 0.008168115921981705 26 0.02347499118950487
35 -22.83659294602988 -43.391509162218405 3 0.055452486262646 0.153330798062667 0.0 53988.89123800428 1937.1253174788915 22 0.017237754522050966 31 0.01503464587683513 32 0.010581588041847426 41 0.026886139325767493 158 0.018002107973327162
36 -22.84025771244049 -43.33280160681221 3 0.136400592181321 0.511256017773496 0.200812716570414 33378.8893101921 7933.795001622231 21 0.011552492850393847 30 0.0201608837499542 43 0.014996933822359414
37 -22.84611085010337 -43.35601725383856 3 0.002871659220778 0.157425709917244 0.0 23699.861600327597 3006.871321826863 30 0.015662323877400217 31 0.02211083301287764 33 0.014132377568680136 43 0.011332703131566082 47 0.02202058073681789 54 0.021538695104441605
38 -22.846852293680676 -43.26847760405203 3 0.385734284627063 0.173460689536129 0.3422144277962 135902.9307194875 24470.47461651508 18 0.029495785291655842 27 0.011132204012089319 40 0.02776427910784104 44 0.013610742217448825 50 0.03479549975332942 51 0.016694395045008376
39 -22.843313753615018 -43.31105959937476 3 0.0 0.0215706097754 0.0 36011.20608501714 0.0 18 0.042012913976478265 21 0.014936439155751918 26 0.023040229138197876 46 0.010743554182650172 48 0.013756323024810174
40 -22.85794517990273 -43.24302562830077 3 0.216168751431674 1.048736239974942 0.104178970688663 411098.4294722587 269506.4031839057 27 0.03847785044896672 38 0.02776427910784104 44 0.014328111230153942 56 0.01315102748067239 68 0.02128091022320195 157 0.03177984452744568
41 -22.86183146879 -43.40077638708519 0 5.267808727932647 4.155096814325748 0.0 17468.620429808427 116.24918551446893 32 0.028920099168836567 35 0.026886139325767493 45 0.032853306469276325 63 0.01712325856544972 66 0.0233923333489881 77 0.031423902758785975 158 0.021834411521374268
42 -22.8660673951442 -43.21764811457682 1 1.511269354307844 1.838620612812447 0.296957718675762 866.6686154040393 0.0
43 -22.848925835246007 -43.34503973048787 3 0.047476587154214 0.144083876744586 0.004863056320014 113245.92108542568 5632.259870551075 21 0.02653364282809724 30 0.01854881884529178 36 0.014996933822359414 37 0.011332703131566082 52 0.019065344743464028 54 0.02371919909714372 55 0.013815628148012423 61 0.021981598642424844
44 -22.85082566620189 -43.25545974652794 3 0.00660650506313 0.145624763716511 0.449939078227143 403640.99307745165 21415.42430836179 38 0.013610742217448825 40 0.014328111230153942 51 0.023626816876824844 56 0.01602015773011647
45 -22.87964482927773 -43.42838116808592 0 13.924820475052863 1.220542946922695 0.068830387459439 4134919.2598364395 409659.022559587 19 0.04182708669883199 32 0.0539403062328922 41 0.032853306469276325 53 0.022364222526622422 63 0.01592076351134197 64 0.05742614462925443 77 0.03280389686150806 105 0.06443882860015634 135 0.0856704291836612
46 -22.852874086594007 -43.306158172051376 3 0.477074061774267 0.002330899133714 0.0 16817.13545167264 2185.0675760859276 18 0.0449347900056163 39 0.010743554182650172 48 0.01111506283422757 50 0.01632506932800052 58 0.01435839775152822
47 -22.862190295399614 -43.37106243296517 3 0.048167582102576 0.645858610171573 0.048670466606079 133427.27089580466 17653.874593579905 31 0.024945550929694058 33 0.026234200894863655 37 0.02202058073681789 54 0.012091207525360184 66 0.019152794469901868 74 0.02791282647111055 158 0.01490252697152383
48 -22.855774239577563 -43.31688821093671 3 0.217694459956557 0.191385246081918 0.016712290061017 28342.852682865767 6854.356049604314 21 0.022355209543562782 39 0.013756323024810174 46 0.01111506283422757 52 0.012091832730023224 58 0.015705737231807997 65 0.017721121558905678
49 -22.924256353432767 -43.62973092195356 0 15.997591668519846 1.646236636874974 1.080675312839545 647355.5560509203 154242.19299018825 7 0.13947295755363304 62 0.09843101735424284 81 0.02493105193364462
50 -22.866512788485018 -43.297186343960504 0 1.114825197630755 0.068884466907224 0.040093870757534 24119.224389862327 2588.86558813992 18 0.05193780630786553 27 0.033983906372316845 38 0.03479549975332942 46 0.01632506932800052 51 0.02123842248702826 57 0.012750280005299085 58 0.008989265293912274 70 0.014563575928057997
51 -22.86146116342326 -43.276557440112434 4 0.392772544713462 0.14193017186622 0.080163473904509 51450.51844639662 110758.1960195702 38 0.016694395045008376 44 0.023626816876824844 50 0.02123842248702826 56 0.024224069700425482 57 0.01269239951521392 67 0.019709223104663994
52 -22.858640912786356 -43.328635321368 3 0.141942547041603 0.004488442570935 0.0 12874.577633321142 1606.7212161155283 21 0.025046864052075228 43 0.019065344743464028 48 0.012091832730023224 55 0.017126922619749504 60 0.014419731346101451 65 0.021785962806861542
53 -22.87627059838499 -43.45048937957176 3 0.500778020809895 0.330027285453442 0.028394607428039 230502.16643629133 26833.221368785154 19 0.020087796996348987 45 0.022364222526622422
54 -22.867261717039142 -43.36008618670447 3 6.285941397e-06 0.132070238063073 0.0 125770.47675267037 1232.0165399485975 37 0.021538695104441605 43 0.02371919909714372 47 0.012091207525360184 61 0.013295743892711633 74 0.022383861938144393 78 0.021187334825062302
55 -22.862739633694318 -43.34526457166203 3 0.198001662624384 0.201744143683023 0.043034723979333 13193.364367354203 828.1355062550898 21 0.0361974487274232 43 0.013815628148012423 52 0.017126922619749504 60 0.01316590695074325 61 0.00830002921806135
56 -22.866638896490457 -43.25289319211813 3 0.150488276940361 0.451850338411093 0.523575115148904 19332.833067512398 759.0851474148606 40 0.01315102748067239 44 0.01602015773011647 51 0.024224069700425482 67 0.011885870532427824 68 0.013802431225103433
57 -22.870782309345614 -43.285172151027375 3 0.166773801699837 0.425924695281484 0.407188180427112 389443.0048195382 58043.585551004544 50 0.012750280005299085 51 0.01269239951521392 67 0.02367570172111002 70 0.013107734251474911 71 0.016611644807740644 83 0.02312335778802072 86 0.03284204291228893
58 -22.867232479805033 -43.30614675326635 3 0.424659134913982 0.058918157998948 0.089997179951404 20904.231648148725 5716.304273435041 46 0.01435839775152822 48 0.015705737231807997 50 0.008989265293912274 65 0.008186593213545035 70 0.018266034505364816 72 0.023145539803607628
59 -22.875049004061992 -43.52769516310046 0 3.866009370036336 0.240021688874107 0.116162242719266 154694.86167420927 15176.006416355822 7 0.056656980281829486 19 0.060114399215865186 64 0.04333741410900901 80 0.02628977710874479
60 -22.871402008417036 -43.33534971563691 3 0.382130051835955 0.559909381497293 0.072415646067797 987415.2760626253 183062.73936489676 52 0.014419731346101451 55 0.01316590695074325 61 0.011934060601417993 65 0.02328236602866502 69 0.011245152769770674 73 0.01695459484908024 78 0.017872937550975163
61 -22.870794173444054 -43.347268286821574 3 0.015397123314997 0.077724692915529 0.0 66056.02753779796 1275.260908830075 43 0.021981598642424844 54 0.013295743892711633 55 0.00830002921806135 60 0.011934060601417993 78 0.01360565215808273
62 -22.90544234875616 -43.72634716492243 0 83.63021986997457 5.175791965876607 11.413678047745043 4735669.405070642 519179.2688306451 49 0.09843101735424284 81 0.11463657200506333 125 0.10574829836005088 133 0.06927472739889
63 -22.872554414149647 -43.41412645924654 3 0.02913519477564 0.487747805643297 0.011877491836143 32085.713715314305 3269.1101621594444 41 0.01712325856544972 45 0.01592076351134197
64 -22.885124602950388 -43.48554526667478 0 10.461051177741513 0.360266928920277 0.0 466028.66232787905 210809.3350945464 7 0.08407490854288172 19 0.025318052699155335 45 0.05742614462925443 59 0.04333741410900901 80 0.05804342073033062 126 0.09449093763742537 135 0.11008088229255229
65 -22.872839518901095 -43.31211176969711 3 0.680474980514724 0.043354440531579 0.010317741831559 15213.010932161107 3994.8134557285553 48 0.017721121558905678 52 0.021785962806861542 58 0.008186593213545035 60 0.02328236602866502 69 0.013022487926615013 72 0.01792248781755044 73 0.0190220796220263 76 0.018756855858925503
66 -22.87711436805597 -43.38306666519193 1 0.404764871834795 2.437688653012621 0.0 559.4308289441688 0.0 41 0.0233923333489881 47 0.019152794469901868 74 0.022402135449596846 77 0.0222697906790253 158 0.025600458901529684
67 -22.874517279383834 -43.2617929112878 3 1.0819283e-08 0.082018187641998 0.003680850735372 16370.43012906919 492.85802545729206 51 0.019709223104663994 56 0.011885870532427824 57 0.02367570172111002 68 0.015818118813484102 71 0.01059743232222687 75 0.008601111469377743
68 -22.87892361057962 -43.246600902592746 1 0.196853425882431 0.967747188584572 0.588686270944169 20906.794910817738 10373.932170982394 40 0.02128091022320195 56 0.013802431225103433 67 0.015818118813484102 75 0.017020965856189008 82 0.015708394127695865 85 0.013097360595746285 157 0.023497309275141282
69 -22.87546942262334 -43.324865937573165 0 0.304625046343748 0.030704275297761 0.0 1771.9005367014818 507.9122044634344 60 0.011245152769770674 65 0.013022487926615013 73 0.01026902710112185
70 -22.88067134445749 -43.29377562019762 3 0.031664869885086 0.07785699155924 0.028953911393099 42450.98952667442 3817.9920327151444 50 0.014563575928057997 57 0.013107734251474911 58 0.018266034505364816 72 0.01722789422855402 79 0.007578626802990651 86 0.021133049985830564
71 -22.87959824686471 -43.27109287587281 3 0.010081062696521 0.280335182103366 0.114439222108515 14664.523601779814 1508.357573535598 57 0.016611644807740644 67 0.01059743232222687 75 0.008671530324292204 83 0.011292231387966126
72 -22.890298596431798 -43.30806254985285 3 1.032392920903091 0.098017683234407 0.0 105724.99807176334 13854.688210705197 58 0.023145539803607628 65 0.01792248781755044 70 0.01722789422855402 76 0.011971668948666083 79 0.009773650968308751 92 0.006869185958140437 106 0.017305404498840583 108 0.05470295255683487
73 -22.885655512098232 -43.32616843471829 3 0.470207751783673 0.255870636701749 0.0 63480.534901382096 9321.283016684318 60 0.01695459484908024 65 0.0190220796220263 69 0.01026902710112185 76 0.007435516661767694 78 0.0214909365336873 84 0.0271638302011589
74 -22.88925667095933 -43.36424061534325 3 1.191429570841398 0.113749958391188 0.0 88132.85833724993 6348.910365699636 47 0.02791282647111055 54 0.022383861938144393 66 0.022402135449596846 77 0.034478926560480114 78 0.01731471322785686 84 0.016493588744168286 104 0.02796327433311805
75 -22.88301495109851 -43.26312283381873 3 0.0 0.056863680597801 0.064593913249388 5563.451892618625 45.106273831268105 67 0.008601111469377743 68 0.017020965856189008 71 0.008671530324292204 82 0.006286830684155565 83 0.01277673297502089
76 -22.889845120994863 -43.32002562710933 0 1.922958378152631 0.32763243882946 0.0 57527.48731453581 7125.37420064483 65 0.018756855858925503 72 0.011971668948666083 73 0.007435516661767694 84 0.03139398311667162 104 0.055778730239779806 106 0.02083019962219887 108 0.05026151723027223
77 -22.893172552912304 -43.39849645054389 0 5.482362845331155 0.498771250573508 0.0 24534.30657604533 127.66570110977597 41 0.031423902758785975 45 0.03280389686150806 66 0.0222697906790253 74 0.034478926560480114 104 0.03794470889116334 105 0.03652601941719509
78 -22.884395216958737 -43.34762238561915 3 0.074400278080136 0.090974765508879 0.0 7086.735084038363 1232.4041669714395 54 0.021187334825062302 60 0.017872937550975163 61 0.01360565215808273 73 0.0214909365336873 74 0.01731471322785686 84 0.013963389357673286
79 -22.88572017181491 -43.2994276044982 3 0.0 0.002647068370511 0.0 6874.768249384531 94.24530189717626 70 0.007578626802990651 72 0.009773650968308751 86 0.016199895504290403 92 0.012136094568823207
80 -22.896846570080978 -43.542392730792955 0 3.405580240833416 0.368575400323043 0.01235647108469 72792.43762685123 8458.422066773886 7 0.0776665248744325 59 0.02628977710874479 64 0.05804342073033062
81 -22.90701644368719 -43.611721400513986 3 3.843349943096086 0.426530973619003 0.0 490541.9576602179 47847.70184939598 7 0.11465979772126801 49 0.02493105193364462 62 0.11463657200506333 89 0.011385159298241274 125 0.07810293319968459
82 -22.8880635924627 -43.25937644082986 4 0.016594684932339 0.081689394421242 0.299707358966681 10552.47211213986 30758.837629832855 68 0.015708394127695865 75 0.006286830684155565 83 0.014222122320453391 85 0.016726665984978063 91 0.005814621956330901 93 0.014477910440375564
83 -22.890660671037786 -43.27335942857114 3 0.047643283525827 0.242256657833431 0.089989318383133 77492.04384541468 1835.4782105027625 57 0.02312335778802072 71 0.011292231387966126 75 0.01277673297502089 82 0.014222122320453391 86 0.025539769540502272 90 0.010937915223537008 91 0.016916871650013186 94 0.012218392918644546 102 0.0167248113583135
84 -22.89809636102474 -43.35031587659492 3 2.138385257838554 0.230491156880586 0.0 195445.9155932663 69551.82384413164 73 0.0271638302011589 74 0.016493588744168286 76 0.03139398311667162 78 0.013963389357673286 104 0.02635044841512383
85 -22.891519277880978 -43.2430106352199 3 0.030915182342742 0.255091670295889 0.239550566842576 24977.313395211364 5392.149946291026 68 0.013097360595746285 82 0.016726665984978063 87 0.025700486898310136 88 0.017472470195032227 93 0.00894468330641064 101 0.01065589581652007 103 0.013605110341422186 157 0.02133410729200468
86 -22.901638349461198 -43.29641957611217 3 0.620564721187601 0.46362043081763 0.024181388179914 115272.5146550438 12789.33752511585 57 0.03284204291228893 70 0.021133049985830564 79 0.016199895504290403 83 0.025539769540502272 90 0.014652724009952246 92 0.010060659633509328 94 0.017131370542155192 106 0.0139910733107917 107 0.012879465059307958 135 0.12673913805608517
87 -22.898441489810207 -43.21825991788046 3 0.152638897690679 1.618194418373448 0.403183104437181 47769.46526986377 3437.9796802748674 85 0.025700486898310136 88 0.009859268055091446 96 0.013739175591914902 103 0.020414625629093883 110 0.013984374590634499 112 0.017956993172065616 157 0.016305992339138545
88 -22.891793103152963 -43.22554031082576 3 0.037902448380484 0.120881718753614 0.18211174683724 6332.645708390961 1751.7238098609996 85 0.017472470195032227 87 0.009859268055091446 157 0.009050023907156441
89 -22.913068901895592 -43.60207828888537 3 2.743628454647942 0.50707449314355 0.079910062516697 249408.87718137156 71073.67684685701 7 0.11363857316569491 81 0.011385159298241274 125 0.0780234041159554
90 -22.894629212095673 -43.283552007798654 3 0.010092662558194 0.047935866740325 0.0 23527.25463825416 0.0 83 0.010937915223537008 86 0.014652724009952246 94 0.007951787767762602
91 -22.893190183305364 -43.256632739893725 3 0.095443405523228 0.019233448193057 0.223045258830187 4143.238989677234 539.6895636901993 82 0.005814621956330901 83 0.016916871650013186 93 0.009107796808663741 98 0.009435591854622508 99 0.008122994222097564 102 0.016877274062751718
92 -22.896473580221006 -43.30505334880763 3 0.023667330893572 0.024488975938826 0.0 14936.528763258102 264.5710457716636 72 0.006869185958140437 79 0.012136094568823207 86 0.010060659633509328 106 0.011810927637365529
93 -22.898161474979517 -43.24900134278714 3 0.183389612708071 0.309360382724378 0.016247743547687 7015.302348429732 20.53304769409098 82 0.014477910440375564 85 0.00894468330641064 91 0.009107796808663741 99 0.007542001782085612 101 0.0068839285845490586 111 0.017828564987510898
94 -22.901342828886655 -43.27929075466285 3 0.006929671758603 0.366130628701795 0.0 936332.8759749354 2695.9857347541974 83 0.012218392918644546 86 0.017131370542155192 90 0.007951787767762602 102 0.012943030223396768 107 0.013981784808480753
95 -22.897833688708246 -43.192497664694784 1 0.094963488725501 0.429113700765254 0.0 5500.635750781086 1386.0209112319424 96 0.012573957062643514 97 0.014750558513481744 100 0.008146954305692278
96 -22.90078082236215 -43.20472136296655 1 0.032076749958688 0.859407281388845 0.014981565771362 8583.629616361559 349.85066918292097 87 0.013739175591914902 95 0.012573957062643514 97 0.025325608181451728 109 0.008834665405343499 110 0.013982110341369907 157 0.02583979252611952
97 -22.905363606288752 -43.179813843595035 1 0.038974641036658 4.47121707317149 0.0 73249.97566496718 374.04894201113314 95 0.014750558513481744 96 0.025325608181451728 100 0.009369533011131964 109 0.025956704989360917 113 0.013701012510802326 115 0.017443174516317966
98 -22.90121095471578 -43.26160240986555 3 0.149256580810897 0.141906328246601 0.000400315481381 5627.193901102574 831.8553053868072 91 0.009435591854622508 99 0.005733138941649218 102 0.007622110422045944 111 0.019224666888007426
99 -22.9012772554278 -43.25586965430301 3 0.216283647846293 0.012201082196334 0.0 8840.786806196835 11.552548139386309 91 0.008122994222097564 93 0.007542001782085612 98 0.005733138941649218 111 0.016108806260365222
100 -22.897180319090545 -43.18437695212742 1 0.002653208004005 0.23432734958311 0.0 249.44643158355998 0.0 95 0.008146954305692278 97 0.009369533011131964
101 -22.902167932169455 -43.243403416962124 3 0.113862760729023 0.132452776395597 0.001392147236985 3109.204685350734 238.0062665063285 85 0.01065589581652007 93 0.0068839285845490586 103 0.005866191194839261 111 0.015026655160929946 112 0.020161112317767873
102 -22.90625554408376 -43.26731631268187 3 0.578666015766567 0.117168472898487 0.003573466760347 69796.2570788384 12246.802614732409 83 0.0167248113583135 91 0.016877274062751718 94 0.012943030223396768 98 0.007622110422045944 107 0.02194393752820764 111 0.020472945534719466 119 0.018702013183997442
103 -22.904115854300123 -43.237870081755645 4 0.162882918847355 0.086936306265789 0.015809317635985 3494.318780983903 6002.825600128953 85 0.013605110341422186 87 0.020414625629093883 101 0.005866191194839261 112 0.014641726584789044
104 -22.916839572010815 -43.36883716633429 0 2.891330794270564 0.295813470602057 0.0 74227.13477328698 15902.165142751559 74 0.02796327433311805 76 0.055778730239779806 77 0.03794470889116334 84 0.02635044841512383 105 0.01877963238756834 108 0.03947568458822957 120 0.018541852154537315
105 -22.926971890920186 -43.384648893189095 3 3.345368454509047 0.430755964547506 0.919277869339106 832740.1359739206 36477.521329130686 45 0.06443882860015634 77 0.03652601941719509 104 0.01877963238756834 120 0.027808584370762668 129 0.023125827904381013 132 0.029159458170827282 135 0.04241229746160345
106 -22.90757351000468 -43.309089382808054 0 1.814581204299356 0.05242232652843 0.015570147879486 4275.760389517473 484.5105126300742 72 0.017305404498840583 76 0.02083019962219887 86 0.0139910733107917 92 0.011810927637365529 108 0.03996919927234401 135 0.11278108308316573
107 -22.911827122350374 -43.2885411544919 3 0.924959134279307 0.108475058012341 0.002367412961604 40369.78029009332 20861.334570995576 86 0.012879465059307958 94 0.013981784808480753 102 0.02194393752820764 119 0.02934877888908451 135 0.12935873844600154
108 -22.93771836966164 -43.33533484578234 3 4.472509557222909 0.461478578765403 0.033789742296992 1.2223374305685943e-09 6.949014906045337e-11 72 0.05470295255683487 76 0.05026151723027223 104 0.03947568458822957 106 0.03996919927234401 120 0.022774131269908734 132 0.0304182381973962 134 0.017990737709406922 135 0.07634290266952347 138 0.025377804963139565
109 -22.90958745645222 -43.20542457618318 1 0.003836112392899 0.478160509833345 0.0 2463.8739665304884 11.438348472633413 96 0.008834665405343499 97 0.025956704989360917 110 0.0083859101317147 115 0.020643812894473607 116 0.007777889607573827 118 0.013280176930317583
110 -22.91161318649452 -43.21356213764426 3 0.007352089791527 0.077646851709809 0.106181304379516 4579.85462826352 0.0 87 0.013984374590634499 96 0.013982110341369907 109 0.0083859101317147 112 0.013779109246060857 114 0.019607194812399656 116 0.010670616702622537 117 0.03295372222630931
111 -22.915987465080747 -43.24930433853754 3 0.407485078481191 0.273488681961588 0.0 187238.84203292953 30915.89793715003 93 0.017828564987510898 98 0.019224666888007426 99 0.016108806260365222 101 0.015026655160929946 102 0.020472945534719466 112 0.0222655768754646 117 0.017017707481781948 119 0.01502138721024152 121 0.012173972916247526
112 -22.914059094500363 -43.22712242472241 3 0.034008676682301 0.618479755739298 0.000788790990557 25375.452638946204 234.76275731635405 87 0.017956993172065616 101 0.020161112317767873 103 0.014641726584789044 110 0.013779109246060857 111 0.0222655768754646 117 0.02125906147277478
113 -22.918180632114648 -43.174972191728216 1 0.040125379908024 0.576380928755541 0.0 4359.474812993828 0.0 97 0.013701012510802326 115 0.01332748311330751 122 0.010368744447228866 123 0.01620328810419996
114 -22.92706882540119 -43.201497092497306 3 1.226384726290583 0.136960203233016 0.0 63489.436871609265 23126.770081815706 110 0.019607194812399656 115 0.014860782412585188 116 0.010218090502040915 117 0.03918088038626124 118 0.008398991321655919 127 0.09474888674163319
115 -22.920738906391357 -43.1880518338816 0 2.791203707221478 0.088034883599685 0.0 82062.6887468023 11162.238213645385 97 0.017443174516317966 109 0.020643812894473607 113 0.01332748311330751 114 0.014860782412585188 118 0.00906963636644514 122 0.010379511076017143 124 0.016931419304822913 127 0.1095702436968204 128 0.021558106682123452 130 0.03028077333904649 137 0.03686756267954513
116 -22.917315196757357 -43.204542761846746 3 0.083774533492053 0.153472995592484 0.0 9884.878484297094 2889.180538868433 109 0.007777889607573827 110 0.010670616702622537 114 0.010218090502040915 118 0.007900668628226245
117 -22.930563785764157 -43.24052178519185 3 3.672991467133243 0.745424632750954 0.0 1629554.5098372179 322182.6231488091 110 0.03295372222630931 111 0.017017707481781948 112 0.02125906147277478 114 0.03918088038626124 119 0.022325527461149807 121 0.011886281571324576 127 0.06132508051447787
118 -22.919922271501115 -43.197084630307714 3 0.057902266402941 0.07746116142302 0.0 3485.846205391525 1587.9707995492781 109 0.013280176930317583 114 0.008398991321655919 115 0.00906963636644514 116 0.007900668628226245
119 -22.924158731429188 -43.26190880123862 0 3.866304937804656 0.096671692033393 0.0 61385.11044250622 7299.5323850725445 102 0.018702013183997442 107 0.02934877888908451 111 0.01502138721024152 117 0.022325527461149807 121 0.010484303102394144 127 0.054448718294656175 135 0.15057990259250217
120 -22.931251932336703 -43.357171655151426 3 0.508141891505746 0.227706431611942 0.0 70903.8086944855 1813.8824545044392 104 0.018541852154537315 105 0.027808584370762668 108 0.022774131269908734 132 0.017794230320434524
121 -22.927838130257943 -43.25209133538424 3 0.546328289330739 0.151617976000945 0.0 49387.39739615469 12154.040018373482 111 0.012173972916247526 117 0.011886281571324576 119 0.010484303102394144
122 -22.927261217526468 -43.17997757183272 3 0.09929448778248 0.027061595452604 0.0 11481.895885621867 1861.8165120703866 113 0.010368744447228866 115 0.010379511076017143 123 0.00837337074744007 124 0.010263171005107988
123 -22.934373321853933 -43.17555814769497 3 0.161762258078688 0.494016756368401 0.0 45322.611958377325 761.5159916998031 113 0.01620328810419996 122 0.00837337074744007 124 0.008142302883017701 130 0.019501445786021157
124 -22.936981464005605 -43.18327142785036 3 0.898970344619392 0.157550960566127 0.0 61991.303842452486 3469.156936779014 115 0.016931419304822913 122 0.010263171005107988 123 0.008142302883017701 128 0.014532677605241243 130 0.014193634796001438
125 -22.976273606821294 -43.64782560427214 0 111.9411176307798 2.499934285492861 0.97406040531855 5022522.097248839 526101.5305838402 7 0.1916463400044277 62 0.10574829836005088 81 0.07810293319968459 89 0.0780234041159554 126 0.16698203325802752 133 0.056313955794655916 151 0.026887148241021865 155 0.11320443084398478
126 -22.979500042123522 -43.48087474459713 0 34.81131712405787 0.555425810891239 0.0 51979.577712675324 4367.907729916188 7 0.1700235323272908 64 0.09449093763742537 125 0.16698203325802752 135 0.07530079499458144 136 0.06752142152021846 140 0.017315816303531916 152 0.03966573509144835 155 0.075006726610803
127 -22.974013483652627 -43.283798675716795 0 29.66982904189435 0.120864394878348 0.0 13694.914696134607 2234.7372897577807 114 0.09474888674163319 115 0.1095702436968204 117 0.06132508051447787 119 0.054448718294656175 135 0.12418230411861594 137 0.08650057009775836 139 0.05923672540920748 144 0.026183773731278056 145 0.05409302171639881 149 0.0292861429455041
128 -22.94013704571166 -43.197457372389735 3 0.35690151565107 0.031541082170594 0.0 3120.0024960595447 498.4091455177316 115 0.021558106682123452 124 0.014532677605241243 130 0.01585799978885323
129 -22.950089386727534 -43.3852696216807 3 0.526862169844104 0.382163790083325 0.167821443269072 64128.28961407759 6443.629080712375 105 0.023125827904381013 135 0.025540570905466277
130 -22.9509393477894 -43.18584761670219 3 1.306592229197183 0.646733383237328 0.0 879305.6840887058 33153.52249783735 115 0.03028077333904649 123 0.019501445786021157 124 0.014193634796001438 128 0.01585799978885323 131 0.035092524915866605 137 0.014255138700495188 141 0.022756343886628422 142 0.02185594311701561 143 0.03889988367665906
131 -22.939042996559575 -43.15283304215719 0 1.39292605512974 0.328789886764343 0.0 2190.7686621954945 3.5285374353901053 130 0.035092524915866605 141 0.05042485895845246 142 0.02736586135553819
132 -22.947647469677563 -43.36408692723582 3 0.034641750932572 0.052563737340464 0.0 38446.18243492737 2398.4741797747147 105 0.029159458170827282 108 0.0304182381973962 120 0.017794230320434524 135 0.04592469954679223 138 0.017291025761709707
133 -22.97097597120306 -43.703889823468515 3 3.803355049202481 0.204665311460624 0.0 414373.58143366675 13586.979404060008 62 0.06927472739889 125 0.056313955794655916
134 -22.955332980577744 -43.33899437110715 3 1.038736426058615 0.080961653707525 0.007994776602918 54967.16217334379 2386.172390746859 108 0.017990737709406922 135 0.06886995169906206 138 0.011717677722409572
135 -22.962723143027993 -43.40746667022139 0 60.25650027484828 3.166241206300927 0.962062463255674 6656952.788806351 1672921.978947384 7 0.19383067340433421 45 0.0856704291836612 64 0.11008088229255229 86 0.12673913805608517 105 0.04241229746160345 106 0.11278108308316573 107 0.12935873844600154 108 0.07634290266952347 119 0.15057990259250217 126 0.07530079499458144 127 0.12418230411861594 129 0.025540570905466277 132 0.04592469954679223 134 0.06886995169906206 136 0.0198915032742426 138 0.05728400757884895 144 0.11044187371734158 146 0.03565062550684308
136 -22.981712379061946 -43.41338957637935 0 7.501190466208087 0.417373368714099 0.063971924988734 1641.1989168818277 87.21991234934193 126 0.06752142152021846 135 0.0198915032742426 140 0.050385369816210314 146 0.021623262108759252 152 0.05654894174692545
137 -22.95587372718868 -43.19922150466771 3 0.505429578125098 0.02031274764312 0.0 6955.787841485994 68.43011575157156 115 0.03686756267954513 127 0.08650057009775836 130 0.014255138700495188 139 0.02780127670481296 141 0.019862583787514702 143 0.02494647408730998
138 -22.95816717794838 -43.350364124687175 3 0.104311463535259 0.099229342383404 0.140988743095934 12798.34777955848 2999.3187453482574 108 0.025377804963139565 132 0.017291025761709707 134 0.011717677722409572 135 0.05728400757884895
139 -22.96602553264767 -43.225103000612506 3 1.042671068464869 0.373173960351364 0.0 21805.631722394442 1126.2849800843458 127 0.05923672540920748 137 0.02780127670481296 143 0.006869113029632109 145 0.014070006872918817
140 -22.977914890430185 -43.46363163616603 0 10.870155373805913 0.537385501141774 0.018694590251224 77385.91626320753 4692.696906204638 126 0.017315816303531916 136 0.050385369816210314 152 0.03562381622101145
141 -22.973352248946497 -43.189786277490924 3 1.355821483359922 0.094480141440158 0.0 726287.682696974 68989.73921873573 130 0.022756343886628422 131 0.05042485895845246 137 0.019862583787514702 142 0.025131692125596967 143 0.030025843119212577 148 0.019626679350918396
142 -22.96233548431485 -43.16719794319761 0 0.582681466510759 0.059149372810928 0.0 2831.1560108948825 1419.452733596131 130 0.02185594311701561 131 0.02736586135553819 141 0.025131692125596967
143 -22.970197468900103 -43.21964592614724 0 3.116769272155183 1.070364163327832 0.0 172781.9350951611 1593.8408391445366 130 0.03889988367665906 137 0.02494647408730998 139 0.006869113029632109 141 0.030025843119212577 145 0.013709445528990031 147 0.013371895029861804 148 0.01895697762274455
144 -22.99341989672633 -43.30137653504106 0 9.366825376570128 0.800291774143339 0.028434079030529 86443.64881998094 28884.903306418106 127 0.026183773731278056 135 0.11044187371734158 146 0.09696064101836303 149 0.036511990956870716
145 -22.979231401545192 -43.22995790741547 0 1.471643723363854 0.185729038884289 0.0 14541.899034461932 217.0891247148392 127 0.05409302171639881 139 0.014070006872918817 143 0.013709445528990031 147 0.007401087046255629 149 0.039041989987782966 150 0.021001735157491208 153 0.017352456082913383
146 -22.99716574103074 -43.39826479313841 0 23.715097370804216 7.787188442243428 0.0 2249048.592345309 4322.161831752641 135 0.03565062550684308 136 0.021623262108759252 144 0.09696064101836303 149 0.133275086816479 152 0.06406212829003723 154 0.10968053018831965
147 -22.982978877917812 -43.22357570479389 3 0.282028482248254 0.346842910893962 0.0 70167.05832773837 0.0 143 0.013371895029861804 145 0.007401087046255629 148 0.01717751100166101 153 0.018377802490402387
148 -22.98377515311771 -43.20641665965675 3 1.068130398476449 0.14232540363902 0.0 63875.27906938279 2396.1271853939807 141 0.019626679350918396 143 0.01895697762274455 147 0.01717751100166101
149 -22.996462772658816 -43.264991560261706 0 4.808428243632221 0.447801967074416 0.0 12658.9372660145 688.1640498936273 127 0.0292861429455041 144 0.036511990956870716 145 0.039041989987782966 146 0.133275086816479 150 0.018055712486071136 153 0.027378001024076965 154 0.02927857895776071
150 -22.988989028313995 -43.24855526205171 4 0.586786631443897 0.0112235982749 0.0 5727.335373164708 110677.62483089282 145 0.021001735157491208 149 0.018055712486071136 153 0.012332978087903719
151 -22.997727000158328 -43.63161848685845 3 1.138892377251195 0.08320323095495 0.0 22908.458154254513 0.0 125 0.026887148241021865
152 -23.013377057585068 -43.46024180094473 0 17.426478912197794 2.231173339677729 0.0 856757.6784168587 44015.533183642154 126 0.03966573509144835 136 0.05654894174692545 140 0.03562381622101145 146 0.06406212829003723 155 0.08371096929759929 156 0.07077856874681193
153 -22.994778160781166 -43.23766543681003 0 1.04216217765952 0.068326422434564 0.0 2132.2829983789593 4064.3657096649154 145 0.017352456082913383 147 0.018377802490402387 149 0.027378001024076965 150 0.012332978087903719
154 -23.012279115302384 -43.28963052312882 0 1.140615444432179 0.005401582137725 0.0 411.5927232444229 0.0 146 0.10968053018831965 149 0.02927857895776071
155 -23.020561483354086 -43.54364390168034 0 7.926803180553543 0.0 0.0 5095.603950431122 97.48988813327458 125 0.11320443084398478 126 0.075006726610803 152 0.08371096929759929 156 0.05422909387308318
156 -23.06336602783066 -43.51034877299087 0 9.319759513298983 0.020992051647815 0.0 15.733496146914979 0.0 152 0.07077856874681193 155 0.05422909387308318
157 -22.882986029697662 -43.223457430638845 1 0.531989114504968 2.797218314084486 0.712243832888597 13058.320249380477 6320.92197328109 40 0.03177984452744568 68 0.023497309275141282 85 0.02133410729200468 87 0.016305992339138545 88 0.009050023907156441 96 0.02583979252611952
158 -22.851561396609423 -43.38150809333897 0 2.301022400104662 1.336425722187672 0.0 9969.406765852418 905.8019950407945 31 0.014587417247079031 35 0.018002107973327162 41 0.021834411521374268 47 0.01490252697152383 66 0.025600458901529684
159 -22.83438765873536 -43.46978797865708 0 1.021698611395335 1.004005889344924 0.001777566089324 4346.101530101005 562.5139916315853 19 0.032371810491195134
END