0 -23.050805008431702 -43.66417168191141 0 2.8426416176e-05 0.0 0.0 0.0 0.0 1 11708.705725187956 6 1495.795769856 7 10366.052190170947
1 -23.049835974013035 -43.58909921829622 0 0.000151215260638 5.35935469e-07 0.0 0.0 0.0 2 4513.08603402962 0 11708.705725187956 7 1411.3908549589048 8 10675.878636909742 6 10880.314105997486
2 -23.061266802386452 -43.56140462662076 0 0.000669111461345 1.6128876443e-05 0.0 5.853727417e-05 0.0 3 8237.77957961892 1 4513.08603402962 8 7201.772353455201 9 16124.409785759912 7 5924.449844703048
3 -23.06386857118487 -43.50869280514138 0 1.9713026334e-05 0.0 0.0 0.0 0.0 2 8237.77957961892 9 8578.040014064514 10 12209.252767358079 8 4799.94832919575
4 -23.069312604861445 -43.198357796903856 0 4.3772640954e-05 0.0 0.0 0.0 0.0 5 8396.72945492029 13 5015.633175429816 12 16342.948447771854
5 -23.062994688270255 -43.14510704990725 0 2.4967663701e-05 6.62249967e-07 0.0 0.0 0.0 4 8396.72945492029 13 8256.173523357418
6 -23.040140541999726 -43.65850222076658 0 7.4320100399e-05 0.0 0.0 0.0 0.0 7 9496.208818479727 14 7829.91793893253 0 1495.795769856 15 8982.52721730893 1 10880.314105997486
7 -23.04634043812947 -43.59777998683937 0 0.001478813760785 6.178258204e-06 0.0 0.0 0.0 8 11910.898888034744 6 9496.208818479727 15 6288.564614212814 1 1411.3908549589048 16 6687.178314285516 2 5924.449844703048 14 15960.775520421486 0 10366.052190170947
8 -23.026424913015873 -43.52288035662821 0 0.002192234868295 1.4681926279e-05 0.0 0.00013465110151 3.908762942e-06 9 9577.750386177227 7 11910.898888034744 16 6470.80067137368 2 7201.772353455201 17 10690.802697443545 3 4799.94832919575 15 14318.79570752374 1 10675.878636909742
9 -23.02514621586542 -43.461613276509965 0 0.000681256195965 5.8950593771e-05 0.0 0.000540437217999 2.296079573e-05 10 3724.3854519041624 8 9577.750386177227 17 2089.656650780799 3 8578.040014064514 18 11435.015853215422 16 15907.26892000669 2 16124.409785759912
10 -23.01639568092029 -43.4386722545876 0 0.000128518810467 3.452320901e-06 0.0 2.075735541e-06 0.0 11 20302.212806651743 9 3724.3854519041624 18 7710.672469826535 19 14562.005075284704 17 2808.18942746547 3 12209.252767358079
11 -23.044299452680974 -43.310638191101006 0 5.984323821e-06 0.0 0.0 0.0 0.0 12 4063.41045166398 10 20302.212806651743 19 7691.591499335992 20 12324.704878656628 18 13646.166463923988
12 -23.016046952377103 -43.29495531434168 0 2.1481943442e-05 3.63613083e-07 0.0 2.066763652e-06 0.0 13 16431.096643854788 11 4063.41045166398 20 8837.799420745147 21 13455.320475305609 4 16342.948447771854 19 8337.6313217017
13 -23.02698063692953 -43.19056497756594 0 3.8119129899e-05 0.0 0.0 0.0 0.0 12 16431.096643854788 21 5790.129513486518 4 5015.633175429816 5 8256.173523357418 20 8674.606543562342
14 -22.986873872962285 -43.690578310201175 3 5.4532037534e-05 1.0938323102e-05 0.0 0.000124360719673 1.43752043e-07 15 12351.566815775024 23 3357.0276169192734 6 7829.91793893253 24 13468.141334592314 7 15960.775520421486 22 7114.110112260138
15 -22.994215282856743 -43.611548730759914 0 0.001442782761808 3.8437740737e-05 0.0 0.000494529942105 4.2242551759e-05 16 7848.016557407324 14 12351.566815775024 24 3435.8681407756626 7 6288.564614212814 25 6991.966717480521 8 14318.79570752374 23 14963.586386261879 6 8982.52721730893
16 -23.012004516836523 -43.56296014644359 0 0.001922186686446 6.8790128763e-05 2.1180766304e-05 0.000321882645133 1.9253744161e-05 17 16763.13892832426 15 7848.016557407324 25 6625.148587710095 8 6470.80067137368 26 11702.967133026053 9 15907.26892000669 24 8540.260202584032 7 6687.178314285516
17 -23.00868386765911 -43.45572185715258 0 0.001633536292549 9.4113595424e-05 7.99483798e-07 0.000581175290081 4.3669308955e-05 18 10172.64024593963 16 16763.13892832426 26 6850.667896859981 9 2089.656650780799 27 11100.612489018704 10 2808.18942746547 25 19726.917913051584 8 10690.802697443545
18 -22.99868573147655 -43.39112944371503 0 0.001178899089464 0.000297682691132 6.021009984e-06 0.000804399339458 1.1043750725e-05 19 6977.481091080063 17 10172.64024593963 27 3851.4477324768936 10 7710.672469826535 28 9587.005034975778 11 13646.166463923988 26 16091.106747842126 9 11435.015853215422
19 -22.99852900452099 -43.34658418838099 0 0.000933577290028 0.000394502336109 0.0 0.00076859186849 3.0623692935e-05 20 16608.633778937772 18 6977.481091080063 28 4238.253814796793 11 7691.591499335992 29 17320.066329721576 12 8337.6313217017 27 8127.751165557191 10 14562.005075284704
20 -22.995271545000676 -43.240707818082996 0 0.001096679874008 8.6452783327e-05 0.0 0.000349803938491 0.000118707717605 21 4620.118992203106 19 16608.633778937772 29 3297.764845598494 12 8837.799420745147 30 4524.3786088208135 13 8674.606543562342 28 15205.401849186708 11 12324.704878656628
21 -22.986043442407315 -43.212065071178 3 7.647352953e-05 2.9843626839e-05 0.0 0.00023120991993 6.140259651e-06 20 4620.118992203106 30 2898.578183749517 13 5790.129513486518 31 7947.0021284425675 29 4727.078433689855 12 13455.320475305609
22 -22.949681155266724 -43.72741476170445 0 0.000119292593791 5.46455859e-07 0.0 0.0 0.0 23 3877.611061381753 32 5606.500364012505 33 6693.0342093802465 14 7114.110112260138
23 -22.9649926415676 -43.70514068882965 0 0.001211212648804 4.3877563814e-05 0.0 0.000801519950349 2.818008054e-05 24 15508.449140963798 22 3877.611061381753 33 4782.81868841587 14 3357.0276169192734 34 12132.32844411661 15 14963.586386261879 32 9484.045118523663
24 -22.965006040694483 -43.60569033451103 0 0.001468715516035 6.8338342764e-05 8.778396251e-06 0.000760474615681 4.6987100076e-05 25 4717.242655264637 23 15508.449140963798 34 5880.945203680863 15 3435.8681407756626 35 8155.748117315545 16 8540.260202584032 33 13182.290773775403 14 13468.141334592314
25 -22.956521953400923 -43.57610784767673 0 0.002060111249187 1.4342786089e-05 2.3502553834e-05 0.000189603026312 6.5734355385e-05 26 13228.811524091674 24 4717.242655264637 35 3855.4060286661797 16 6625.148587710095 36 10521.228964705493 17 19726.917913051584 34 9319.833883883417 15 6991.966717480521
26 -22.976389509922118 -43.49268238479911 0 0.002117129376232 2.8524544626e-05 0.0 0.000197875832479 9.764217472e-06 27 15753.832438902335 25 13228.811524091674 36 7052.619048491209 17 6850.667896859981 37 17544.677000686872 18 16091.106747842126 35 11634.623729424518 16 11702.967133026053
27 -22.96499997434504 -43.39234247819607 0 0.00155029553379 0.000284110954656 3.1871646378e-05 0.000432442647045 5.4573188938e-05 28 8969.90847497806 26 15753.832438902335 37 3994.823626848028 18 3851.4477324768936 38 5037.633612483457 19 8127.751165557191 36 19628.944318869515 17 11100.612489018704
28 -22.964990019732916 -43.33508986586118 0 0.001469373140139 0.000151684341153 7.0298789186e-05 0.000539179235667 0.000122758464663 29 15132.213171842734 27 8969.90847497806 38 6896.172268016552 19 4238.253814796793 39 14952.311415339462 20 15205.401849186708 37 8785.706387811793 18 9587.005034975778
29 -22.966677245138442 -43.23863200093206 0 0.002185169519626 1.2615469254e-05 2.504124644e-06 0.000122801766542 3.0203090742e-05 30 2578.678612686229 28 15132.213171842734 39 4117.245453815528 20 3297.764845598494 40 10321.344823287456 21 4727.078433689855 38 21242.27232122988 19 17320.066329721576
30 -22.964999558155466 -43.22225413569679 0 0.001049696256913 0.000229699891893 0.0 0.000737476211493 3.9062984415e-05 31 9047.946643473435 29 2578.678612686229 40 7926.157299046113 21 2898.578183749517 41 10826.607610524476 39 5057.4962440409145 20 4524.3786088208135
31 -22.961741256663263 -43.16471168639556 0 0.000128423450747 1.1617273962e-05 0.0 6.021674436e-06 5.30021317e-07 30 9047.946643473435 41 5287.781965761472 40 4094.9495637180103 21 7947.0021284425675
32 -22.927836835026007 -43.75974346243153 0 0.00140262593406 1.4568597967e-05 0.000303556957416 0.0 0.0 33 11404.558894793907 42 4831.706549294988 22 5606.500364012505 43 7123.464557393064 23 9484.045118523663
33 -22.931304848387388 -43.68658469156772 0 0.001046341883267 0.000229329241601 5.678269289e-06 0.001012240038925 5.9704537726e-05 34 8504.097428438934 32 11404.558894793907 43 5629.656604639986 23 4782.81868841587 44 15361.417965799461 24 13182.290773775403 42 10340.220161050811 22 6693.0342093802465
34 -22.928008344768784 -43.63210783349532 0 0.001317779304293 0.000105027089579 1.1784426139e-05 0.000763444720078 0.000155258430718 35 11335.80645309753 33 8504.097428438934 44 7254.084308278233 24 5880.945203680863 45 10434.950502896785 25 9319.833883883417 43 13520.214055286859 23 12132.32844411661
35 -22.931357803959074 -43.559535699640975 0 0.001305255332936 7.3733740313e-05 3.9447683911e-05 0.000890094599847 4.4762613801e-05 36 7241.168831331569 34 11335.80645309753 45 4108.507080491592 25 3855.4060286661797 46 13018.864614435426 26 11634.623729424518 44 6256.176715759734 24 8155.748117315545
36 -22.92158265250399 -43.51374493712905 0 0.002300749013323 2.420433e-07 0.0 5.2105624307e-05 1.97289878e-07 37 20100.37443172143 35 7241.168831331569 46 6084.150874070404 26 7052.619048491209 47 11667.690206949866 27 19628.944318869515 45 9056.54260746214 25 10521.228964705493
37 -22.931312182918738 -43.385488388235736 0 0.001539182438326 6.6116714826e-05 4.8168314235e-05 0.00061789685554 8.1929647881e-05 38 2176.7555393880925 36 20100.37443172143 47 9537.428385619773 27 3994.823626848028 48 6778.725075841642 28 8785.706387811793 46 15653.55164784672 26 17544.677000686872
38 -22.931310255430198 -43.37159335076664 3 0.000989188968886 8.5880422541e-05 4.6649165217e-05 0.00116956776582 6.2007648344e-05 39 20167.387546347916 37 2176.7555393880925 48 5138.850804066654 28 6896.172268016552 49 19457.41237998438 29 21242.27232122988 47 11563.019028541234 27 5037.633612483457
39 -22.93130757287958 -43.243005279353596 0 0.001531425093661 6.7645760793e-05 0.0 0.000584632258748 0.000169590857606 40 10175.11608007028 38 20167.387546347916 49 4019.498693174561 29 4117.245453815528 50 8540.981207804414 30 5057.4962440409145 48 17205.836123837395 28 14952.311415339462
40 -22.931310889121626 -43.1782296139578 3 0.000832335117138 0.000185001019212 0.0 0.001028337711601 0.000146593216365 41 2923.1397635940925 39 10175.11608007028 50 4644.209634784603 30 7926.157299046113 51 3366.0282367602736 31 4094.9495637180103 49 11919.831735769101 29 10321.344823287456
41 -22.915818573564415 -43.16349037764995 0 3.3752972721e-05 2.2434183436e-05 0.0 1.4158165738e-05 0.0 40 2923.1397635940925 51 742.8822408365675 31 5287.781965761472 50 5308.658579206366 30 10826.607610524476
42 -22.889686601832956 -43.74567897817606 0 0.001045735028755 1.6696741124e-05 0.000577334898287 2.4374562211e-05 3.449166659e-06 43 4759.3082077765575 52 1174.4228042160737 32 4831.706549294988 53 12764.172944198637 33 10340.220161050811
43 -22.904812336690217 -43.71716749995997 0 0.001507730271547 0.000113429142945 8.9397662558e-05 0.000553132449576 8.9604444182e-05 44 19664.35315308552 42 4759.3082077765575 53 9056.297276728372 33 5629.656604639986 54 14130.94929026826 34 13520.214055286859 52 5250.718620411117 32 7123.464557393064
44 -22.897625121436995 -43.59121017895451 0 0.001018579288333 8.4478060881e-05 5.2085255256e-05 0.001008345971033 0.000189805395305 45 3465.6936924910738 43 19664.35315308552 54 6625.119009498445 34 7254.084308278233 55 4880.330033621799 35 6256.176715759734 53 11982.34620030315 33 15361.417965799461
45 -22.897619057402775 -43.569018732138936 3 0.000630270209471 0.00018007989014 1.7562467743e-05 0.001460829584986 6.4551818468e-05 46 13724.15790643635 44 3465.6936924910738 55 3850.07282290848 35 4108.507080491592 56 18055.223436012442 36 9056.54260746214 54 9871.440257875094 34 10434.950502896785
46 -22.892058850385887 -43.48131217888118 0 0.001562668692606 4.5590523402e-05 8.04499352e-07 0.000670163250408 7.406700504e-05 47 6304.374259644439 45 13724.15790643635 56 5073.385035317208 36 6084.150874070404 57 12464.852536843959 37 15653.55164784672 55 14502.2871905721 35 13018.864614435426
47 -22.89761228290341 -43.44122510194016 0 0.001299433325948 0.000143913028681 8.58849583e-07 0.000851737111769 5.7351654828e-05 48 14306.661872872553 46 6304.374259644439 57 6934.664174785169 37 9537.428385619773 58 13347.571777602692 38 11563.019028541234 56 4496.075847754823 36 11667.690206949866
48 -22.897622507138653 -43.349888154020185 3 0.000998727397735 0.000106612501932 1.370523059e-06 0.001034026802355 0.000212556745726 49 15670.540587202104 47 14306.661872872553 58 4145.431484314236 38 5138.850804066654 59 12207.310042470226 39 17205.836123837395 57 9363.970054339527 37 6778.725075841642
49 -22.897617539189753 -43.24999806150666 3 0.000222714532851 0.000233200295338 0.000126755682225 0.001598708307361 0.000171915153033 50 8712.714130716424 48 15670.540587202104 59 5629.050500748413 39 4019.498693174561 60 7088.246486295429 40 11919.831735769101 58 17626.010724874097 38 19457.41237998438
50 -22.897624395234217 -43.19452956107361 1 6.0848204424e-05 0.000880455774382 7.3518689688e-05 0.000596473527423 6.4486498059e-05 51 4981.163937081845 49 8712.714130716424 60 3804.1485158316805 40 4644.209634784603 41 5308.658579206366 59 13376.587743666369 39 8540.981207804414
51 -22.90940632738155 -43.16403436895869 1 0.0 5.925130873e-05 0.0 0.0 0.0 50 4981.163937081845 41 742.8822408365675 60 8341.397771014415 40 3366.0282367602736
52 -22.87929740451931 -43.74533657754222 0 7.7681190553e-05 1.67695938e-07 1.0975453995e-05 9.951497168e-06 0.0 53 12550.8102537882 42 1174.4228042160737 43 5250.718620411117
53 -22.869165798400772 -43.66515448490012 0 0.000926397536272 1.6654493315e-05 5.627505479e-06 5.4454817282e-05 3.978475636e-06 54 5562.104214334346 52 12550.8102537882 43 9056.297276728372 61 12247.186918355668 44 11982.34620030315 42 12764.172944198637
54 -22.872718133667455 -43.629598338335356 0 0.001076134805725 9.3979860549e-05 0.000164526477538 0.000196676240078 2.1566411117e-05 55 9079.282640923002 53 5562.104214334346 61 7179.168642841549 44 6625.119009498445 62 16732.624151031312 45 9871.440257875094 43 14130.94929026826
55 -22.863937452799032 -43.571801091858475 0 0.001129489115206 0.000131379637221 0.00015151788215 0.000912606432722 2.830090351e-05 56 18079.7095494518 54 9079.282640923002 62 7708.928831800735 45 3850.07282290848 63 14969.34010024205 46 14502.2871905721 61 3601.7518645489617 44 4880.330033621799
56 -22.863941457566483 -43.456172233775675 3 0.000593385170168 0.000195764318939 2.8565735341e-05 0.00125544398313 0.00027581817972 57 8111.997912287592 55 18079.7095494518 63 4191.680031477157 46 5073.385035317208 64 9153.779837488362 47 4496.075847754823 62 10859.55711309506 45 18055.223436012442
57 -22.86393392598156 -43.40436167715701 0 0.00082145521512 0.000742384944517 6.257876493e-06 0.000692667796792 9.0528137886e-05 58 7009.584913352294 56 8111.997912287592 64 3852.2733403109087 47 6934.664174785169 65 13782.01968000243 48 9363.970054339527 63 11721.523996814982 46 12464.852536843959
58 -22.863927286795725 -43.35962692684616 3 0.000202020662617 0.000211050790215 2.6229739325e-05 0.001748444836866 0.000165547941785 59 13108.164835591913 57 7009.584913352294 65 7319.804537231537 48 4145.431484314236 66 12157.441532751738 49 17626.010724874097 64 7827.4810511570895 47 13347.571777602692
59 -22.86391480562265 -43.276057975874565 3 0.00032251433223 0.00027837309281 0.000134106791804 0.001205214857435 0.00039495064929 60 10536.191555501344 58 13108.164835591913 66 4172.180790186286 49 5629.050500748413 67 7210.2717156023255 50 13376.587743666369 65 7894.096749173254 48 12207.310042470226
60 -22.87128247091344 -43.20918339966924 1 0.000138017659151 0.000254686671757 8.8587918591e-05 9.5166595774e-05 1.9981274063e-05 59 10536.191555501344 67 5003.957639275155 50 3804.1485158316805 68 9838.782586954847 51 8341.397771014415 66 12968.868971844313 49 7088.246486295429
61 -22.84288163595579 -43.58904627129429 0 2.7226279795e-05 0.0 0.0 0.0 0.0 62 10121.812405768334 54 7179.168642841549 55 3601.7518645489617 53 12247.186918355668
62 -22.845634330898257 -43.524303970325576 0 0.001195144736471 4.831143261e-06 0.0 7.0498809816e-05 1.4869449146e-05 63 7343.681367441443 61 10121.812405768334 55 7708.928831800735 56 10859.55711309506 54 16732.624151031312
63 -22.841589597151568 -43.47744362670185 0 0.000944879842129 8.680157192e-05 0.0 7.6049004418e-05 2.519469521e-06 64 11708.092144821538 62 7343.681367441443 56 4191.680031477157 69 15818.583963913998 57 11721.523996814982 55 14969.34010024205
64 -22.830248551636174 -43.40311976594388 3 0.000496366238885 7.9830586171e-05 2.4438339e-06 0.000821297652495 0.000105230391251 65 13038.861323601994 63 11708.092144821538 69 4371.149432691803 57 3852.2733403109087 70 7333.24238803127 58 7827.4810511570895 56 9153.779837488362
65 -22.830245612038325 -43.319945610524215 3 0.00017672675118 0.00033785234134 0.000173187117407 0.001355849962841 0.00030967779804 66 5307.1331290234375 64 13038.861323601994 70 6781.593829590199 58 7319.804537231537 71 7110.29779697691 59 7894.096749173254 69 9487.846608980033 57 13782.01968000243
66 -22.830241270188445 -43.28612368147044 3 0.000129616203647 0.000620001877612 0.000121460552017 0.001029360930576 0.000104708198085 67 8463.396335809864 65 5307.1331290234375 71 2846.607470007109 59 4172.180790186286 72 13802.772369451359 60 12968.868971844313 70 11840.310581477948 58 12157.441532751738
67 -22.842283173213808 -43.23294711664953 3 0.000214123075268 0.000139734989534 2.6063341217e-05 0.000278493586273 3.5016577513e-05 68 11526.092482983275 66 8463.396335809864 72 7184.513861691534 60 5003.957639275155 73 12968.822101388252 71 8012.992093170282 59 7210.2717156023255
68 -22.814246265908555 -43.16254532091814 2 3.00760787e-07 0.0 1.1602054326e-05 0.0 0.0 67 11526.092482983275 73 3293.7839759750896 72 6494.944311777043 60 9838.782586954847
69 -22.811358707933124 -43.37886309930293 3 1.38797e-10 3.90038247e-07 3.000444741e-06 1.2069279657e-05 1.333096335e-06 70 3065.815864857049 64 4371.149432691803 65 9487.846608980033 63 15818.583963913998
70 -22.8066491364078 -43.359609876970964 3 5.4591226637e-05 0.000149363727736 6.2411949591e-05 0.000403705339919 6.1194801638e-05 71 12876.163732962677 69 3065.815864857049 65 6781.593829590199 66 11840.310581477948 64 7333.24238803127
71 -22.808371001440943 -43.27754789145753 0 0.000329673845972 0.000307972764112 1.3097017916e-05 4.235964721e-05 3.1811109481e-05 72 11981.131036613364 70 12876.163732962677 66 2846.607470007109 74 16755.654480928166 67 8012.992093170282 65 7110.29779697691
72 -22.79655663216738 -43.20177092718723 3 0.000475703031868 0.000298407396949 1.1363771125e-05 0.000715169086643 0.000109902191078 73 6440.572371906421 71 11981.131036613364 74 4975.536939787935 67 7184.513861691534 75 13870.867019808968 68 6494.944311777043 66 13802.772369451359
73 -22.785669993519832 -43.161595296053605 0 7.0500963602e-05 3.8210534378e-05 6.681984409e-06 1.3465386532e-05 0.0 72 6440.572371906421 75 7563.189386354838 68 3293.7839759750896 74 2060.173749003231 67 12968.822101388252
74 -22.77766071522197 -43.17330784463941 0 8.836095766e-06 4.182365051e-06 0.0 0.0 0.0 75 8939.664743380165 72 4975.536939787935 73 2060.173749003231 71 16755.654480928166
75 -22.755821056357988 -43.11879313564933 0 9.2557780964e-05 2.7099103351e-05 0.0 5.3255545032e-05 2.89023536e-06 74 8939.664743380165 73 7563.189386354838 72 13870.867019808968
END