0 3.20491 2.8925 2.41088 2.96871 2.75945 3.32022 3.5558 3.53345 3.74571 3.01904 3.32749 3.24313 3.51178 3.40582 3.08097 2.47846 4.40622 4.73904 4.32525 3.99617 5.10414 4.44542 4.40826 4.60943 5.63008 4.36152 4.43769 4.44566 4.01354 4.11034 5.13275 3.64976 3.76993 3.35775 3.27983 4.2814 3.88856 3.76465 4.26725 4.04342 4.27173 4.69754 3.24314 3.7895 3.63776 3.70426 3.77638 4.32996 
1 6.77692 5.10485 5.69033 5.09727 4.88483 4.18752 4.49084 3.5759 3.86915 3.9719 3.99697 3.74294 4.0232 3.64558 4.40389 4.4653 4.38795 4.51747 4.12405 4.16119 4.65394 5.14435 4.75228 6.2956 5.95086 6.02423 6.42642 5.35697 5.83507 5.81204 5.5168 6.26808 5.39961 5.96057 5.79268 5.39567 5.21067 5.235 5.73134 5.4362 5.64366 7.26957 6.04997 5.04268 5.53095 6.21509 5.71274 4.83256 
2 3.36701 3.82292 3.48857 3.17796 3.1003 3.26378 3.80222 2.831 2.76089 2.7382 2.95721 2.90459 2.8386 2.8228 2.91214 2.46635 2.9555 2.97045 3.12293 3.5665 3.5836 3.61103 3.53845 4.89131 4.19386 4.67529 4.90777 5.43272 4.9824 5.40323 4.93424 4.17841 4.35762 4.55624 4.57321 5.10636 3.88417 5.00681 3.45568 3.55299 3.74011 3.48995 3.41984 4.34426 4.72142 3.76985 4.05461 3.33535 
3 3.80587 3.63623 3.51899 2.90847 3.37402 2.87188 3.47871 3.3179 2.69991 2.91614 2.76642 2.9339 2.69127 3.27155 2.83443 2.52761 2.41969 2.75737 3.14393 2.77558 3.55795 3.54224 3.75076 3.87038 4.72185 3.93858 4.28376 5.00155 5.05697 3.95135 4.3996 4.36819 4.39027 3.93678 3.75074 3.84808 3.28309 4.08804 3.74862 3.41546 3.18555 4.07487 3.77072 3.42271 3.71728 4.08282 3.58741 3.00503 
4 3.7205 3.8641 3.83815 3.21881 3.50524 3.38435 3.38872 3.36139 2.9695 2.57481 3.39912 2.56652 2.92004 3.25033 2.9423 2.84995 2.91658 2.51574 2.82431 2.85594 3.37057 3.80793 3.78378 4.09319 4.0206 4.37463 4.83884 5.0597 5.54681 4.94469 5.16535 5.31136 4.57198 4.68247 4.71201 4.06204 4.44024 4.7532 4.32515 4.0948 4.53852 4.64353 4.17613 3.94879 3.97847 3.7663 3.73674 4.14139 
5 3.32471 3.24004 3.86403 3.34212 2.91171 2.88965 3.42736 2.92914 2.77425 2.43027 2.55097 3.07166 2.51038 2.62195 3.02376 2.28 2.98192 2.98913 3.44696 3.6643 3.21556 3.02559 2.74833 3.72666 3.06026 4.54099 3.85266 3.65639 3.49053 3.79109 4.21336 4.42698 3.36065 4.11134 3.68295 3.45283 3.81302 3.5626 3.7093 3.54454 3.85379 2.56537 3.48356 4.6226 3.35371 3.12152 3.38236 3.14054 
6 2.6872 2.99701 2.48422 3.03827 2.39719 2.59207 2.36736 2.64587 2.84284 2.62797 2.38971 2.35575 2.5545 2.68968 2.65694 2.51983 2.46666 2.48192 2.7508 3.04564 3.05233 2.57188 2.80195 3.21454 2.91009 2.88091 3.02983 2.87492 3.05583 3.33214 3.00826 2.66987 2.81622 2.87761 2.53496 2.71647 2.91408 3.32798 3.46839 2.96839 3.14395 2.54799 2.4751 2.76807 2.44521 2.63051 2.67854 2.3442 
7 3.85112 3.53998 2.88261 3.04348 3.03666 2.88882 2.43409 3.13934 3.25376 2.81219 2.7064 2.67178 2.51391 2.43847 2.66756 3.42207 2.68781 3.12546 3.3387 2.84438 3.91789 3.59278 3.43692 4.09222 3.98957 4.21393 4.31409 3.85122 4.02247 3.7655 3.46795 3.62398 3.01377 3.80102 3.87573 3.29447 3.95815 4.03914 3.47358 3.41232 3.57152 3.69937 3.24979 3.86743 3.41457 3.87723 3.17374 3.58495 
8 3.15622 3.20034 3.18621 3.00366 3.14913 3.50684 2.70389 3.00376 2.54759 2.59207 2.49272 2.9001 2.66688 2.93386 2.63734 2.46334 3.30777 2.82682 2.6052 3.09328 3.6042 3.42456 3.45651 4.11058 4.35722 3.93039 4.19475 3.70039 3.40789 4.31174 4.88672 4.05426 3.82323 3.85256 3.54777 3.27202 3.36056 3.63039 2.95578 4.40798 3.80693 3.58371 3.50386 3.46841 4.05144 3.08672 3.15154 3.63718 
9 3.008 3.06211 2.83671 3.00593 2.61457 2.61366 3.15701 3.0589 3.23497 2.49818 3.27675 2.66281 3.13219 2.85304 2.59891 3.06266 3.12133 3.29856 3.43118 3.75757 3.52155 3.24349 4.23373 3.84291 3.56366 3.97625 3.87732 3.67958 3.63605 4.13189 3.35634 4.27867 4.03279 3.23137 4.05498 3.11692 4.57987 3.48411 3.57607 3.67854 4.09069 3.24409 3.74093 3.74515 3.40179 2.80189 2.82041 2.96969 
0 2162.36 2185.83 2185.84 2185.86 2185.86 1852.09 2185.89 2162.38 2162.39 2162.38 1828.6 2185.84 1828.61 2185.85 2209.32 2162.39 2209.35 2185.85 2209.33 2185.87 2162.4 2185.88 2232.83 2209.37 2162.37 2162.38 2162.38 2162.39 2162.38 2162.38 2185.86 2185.86 2209.35 2209.35 2209.34 2209.36 2209.36 2185.88 2185.88 2185.88 2185.87 2185.88 2185.86 2185.87 2185.85 2162.38 2162.38 2162.37 
1 2162.37 2185.86 2185.85 2185.86 2185.85 1852.09 2185.84 2162.38 2162.37 2162.35 1828.59 2185.82 1828.59 2185.85 2209.31 2162.37 2209.33 2185.84 2209.32 2185.86 2162.39 2185.87 2232.81 2209.34 2162.37 2162.38 2162.38 2162.38 2162.38 2162.37 2185.86 2185.86 2209.34 2209.35 2209.32 2209.36 2209.34 2185.87 2185.88 2185.88 2185.87 2185.87 2185.86 2185.86 2185.86 2162.39 2162.38 2162.37 
2 2162.36 2185.85 2185.84 2185.86 2185.86 1852.08 2185.86 2162.37 2162.37 2162.36 1828.59 2185.82 1828.58 2185.82 2209.31 2162.37 2209.32 2185.83 2209.3 2185.84 2162.37 2185.86 2232.81 2209.34 2162.36 2162.37 2162.37 2162.37 2162.37 2162.37 2185.85 2185.85 2209.33 2209.33 2209.32 2209.33 2209.33 2185.87 2185.87 2185.87 2185.86 2185.86 2185.86 2185.84 2185.85 2162.37 2162.37 2162.37 
3 2162.37 2185.86 2185.84 2185.86 2185.84 1852.09 2185.85 2162.37 2162.37 2162.36 1828.61 2185.83 1828.59 2185.84 2209.3 2162.38 2209.33 2185.84 2209.3 2185.85 2162.39 2185.87 2232.82 2209.32 2162.37 2162.37 2162.37 2162.37 2162.37 2162.37 2185.85 2185.85 2209.33 2209.33 2209.31 2209.33 2209.35 2185.87 2185.86 2185.86 2185.87 2185.86 2185.86 2185.85 2185.84 2162.38 2162.37 2162.37 
4 2162.36 2185.84 2185.85 2185.86 2185.85 1852.09 2185.85 2162.38 2162.38 2162.36 1828.61 2185.84 1828.59 2185.85 2209.3 2162.36 2209.34 2185.84 2209.32 2185.85 2162.38 2185.87 2232.83 2209.34 2162.36 2162.37 2162.37 2162.38 2162.37 2162.37 2185.86 2185.86 2209.34 2209.34 2209.32 2209.35 2209.34 2185.87 2185.88 2185.87 2185.87 2185.87 2185.86 2185.86 2185.84 2162.39 2162.37 2162.37 
5 2162.36 2185.86 2185.85 2185.87 2185.86 1852.11 2185.88 2162.41 2162.41 2162.39 1828.63 2185.87 1828.64 2185.9 2209.36 2162.41 2209.38 2185.86 2209.34 2185.85 2162.38 2185.84 2232.81 2209.33 2162.36 2162.36 2162.37 2162.37 2162.37 2162.37 2185.85 2185.85 2209.34 2209.34 2209.33 2209.34 2209.35 2185.88 2185.87 2185.88 2185.86 2185.87 2185.85 2185.86 2185.86 2162.38 2162.38 2162.38 
6 2162.37 2185.86 2185.85 2185.89 2185.86 1852.12 2185.89 2162.43 2162.41 2162.42 1828.66 2185.9 1828.64 2185.91 2209.37 2162.41 2209.36 2185.86 2209.31 2185.85 2162.37 2185.84 2232.79 2209.3 2162.34 2162.35 2162.35 2162.36 2162.36 2162.36 2185.84 2185.84 2209.32 2209.31 2209.3 2209.32 2209.33 2185.86 2185.85 2185.86 2185.85 2185.85 2185.84 2185.85 2185.84 2162.38 2162.37 2162.36 
