0 2.86134 2.7699 2.40144 2.8535 2.6819 3.07851 3.06319 3.21593 3.23362 2.83051 3.13685 2.99821 3.0483 3.02427 2.75477 2.36419 3.61831 3.7933 3.79433 3.55516 4.05479 3.78442 3.97393 4.07763 4.20306 3.6204 3.77963 3.63851 3.43851 3.24455 4.16429 3.12897 3.43858 3.03965 3.01898 3.57842 3.3449 3.20474 3.51926 3.27975 3.70131 3.84866 2.95294 3.28023 3.1103 3.10571 3.41295 3.4446 
1 5.2817 4.56694 5.12912 4.52983 4.2506 3.98359 3.70217 2.97017 3.299 3.36702 3.56148 3.10235 3.11854 3.2036 3.67025 3.30686 3.62286 3.61793 3.7452 3.69596 4.31904 4.10279 4.19655 5.25562 4.33835 4.50669 5.50009 4.28836 4.47125 4.4183 4.30635 4.76481 4.50231 4.85787 4.53265 4.40525 4.23279 4.15414 4.75008 4.12822 4.49383 5.61463 4.63556 3.97083 4.54119 4.86079 4.64723 3.62411 
2 3.11388 3.37361 3.20822 2.92486 2.96599 3.01968 3.23753 2.65785 2.54109 2.65006 2.88023 2.59048 2.57119 2.60687 2.67548 2.38377 2.69094 2.68687 2.98687 3.12749 3.17312 3.30883 3.30821 4.00011 3.17999 3.64625 4.10671 4.52171 3.84139 4.26406 4.04595 3.46991 3.72885 3.82279 3.78425 4.0403 3.24498 3.91623 3.11744 3.09892 3.28231 3.02263 3.11194 3.78037 3.69319 3.16181 3.41004 2.82227 
3 3.13948 3.29798 3.2111 2.74072 3.11157 2.77365 3.03636 2.83418 2.45253 2.64005 2.63149 2.71956 2.4849 2.84713 2.61356 2.41314 2.38863 2.53699 2.9323 2.65832 3.03224 3.31181 3.39413 3.54691 3.53592 3.25062 3.82035 3.89587 3.95556 3.24293 3.63387 3.48208 3.77329 3.48003 3.41805 3.24261 3.02565 3.45424 3.31481 2.91764 2.86458 3.36332 3.25703 2.98239 3.03824 3.3537 3.12018 2.67566 
4 3.22707 3.25741 3.2799 2.91864 3.18303 3.11176 2.93293 3.14555 2.76101 2.45987 3.13117 2.45359 2.55244 2.98542 2.7343 2.57514 2.6992 2.41669 2.69553 2.72209 3.04496 3.38902 3.46723 3.47189 3.26258 3.40738 4.23546 4.37144 4.43514 3.77088 4.08828 4.00776 3.75337 3.88213 3.86579 3.44862 3.37101 3.77593 3.6085 3.2955 3.62197 3.65684 3.60292 3.55521 3.37734 3.1225 3.25864 3.28999 
5 2.90244 2.8862 3.46189 3.02851 2.74791 2.81268 3.01493 2.74204 2.62879 2.38316 2.41992 2.87074 2.38598 2.51725 2.7214 2.28 2.70883 2.76035 3.14741 3.18378 2.95886 2.84893 2.6706 3.34981 2.69986 3.58328 3.73534 3.32245 3.13185 3.13881 3.55502 3.6282 3.00894 3.58021 3.26869 3.06772 3.28577 3.0727 3.26549 3.00303 3.38246 2.46535 3.14736 3.91119 2.90509 2.8922 2.97259 2.73909 
6 2.5436 2.80101 2.42714 2.86198 2.37267 2.65389 2.3499 2.60287 2.51964 2.47759 2.37802 2.35195 2.4052 2.57013 2.53233 2.38676 2.35905 2.39646 2.68188 2.76467 2.80266 2.46157 2.68057 2.76099 2.64927 2.5885 2.86045 2.68441 2.84175 2.8374 2.68692 2.50584 2.65021 2.60226 2.42247 2.59789 2.75194 2.9949 3.08995 2.73554 2.87084 2.48884 2.43461 2.64124 2.3911 2.4942 2.49316 2.31309 
7 3.14834 3.12373 2.82295 2.82295 2.91687 2.96975 2.37674 2.90404 2.7675 2.65237 2.58744 2.47093 2.39001 2.38984 2.53143 2.86954 2.59945 2.81677 3.05082 2.6031 3.25761 3.16296 3.24322 3.50967 3.16619 3.26161 3.72428 3.40066 3.55358 3.29603 3.02842 3.12339 2.80215 3.41263 3.39372 2.99466 3.35383 3.35521 3.09915 2.95682 3.22119 3.18766 2.85415 3.44736 2.98437 3.41226 2.9021 3.0176 
8 2.75467 2.85616 2.97351 2.81504 2.93336 3.2399 2.54277 2.86418 2.45993 2.45255 2.45457 2.7645 2.51562 2.75511 2.54816 2.35922 3.03 2.59202 2.54626 2.93311 3.12196 3.11436 3.21047 3.50837 3.3329 3.1984 3.53599 3.23268 3.09438 3.40444 3.85557 3.50865 3.41167 3.52064 3.06979 2.97014 3.00391 3.13365 2.76657 3.47519 3.27727 3.13801 3.11397 3.15327 3.26142 2.77579 2.96608 3.04174 
9 2.68756 2.89594 2.71385 2.821 2.55998 2.67519 2.78317 2.64456 2.78679 2.42076 3.05679 2.55626 2.63775 2.79864 2.46346 2.66128 2.71615 2.85419 3.09517 3.29407 3.12776 2.96794 4.02664 3.48738 2.88934 3.36323 3.35079 3.10302 3.02232 3.38685 3.02254 3.48826 3.58378 2.95104 3.51954 2.90839 3.63471 3.022 3.04229 3.04047 3.53259 2.84199 3.32471 3.43369 3.05855 2.60374 2.57147 2.7141 
0 464.523 675.954 701.099 880.8 882.246 872.188 874.411 761.969 955.765 1055.27 445.121 863.235 845.381 880.793 898.237 749.512 1103.06 871.436 904.682 875.824 652.128 1077.73 1126.97 898.287 846.079 649.177 670.802 667.891 649.182 852.513 669.554 871.448 898.273 898.274 896.81 1101.62 1100.17 871.474 874.397 1074.81 874.388 668.13 874.376 896.594 871.443 645.672 652.098 848.996 
1 464.533 675.991 701.104 880.803 882.237 872.187 874.348 761.965 955.743 1055.24 445.105 863.211 845.359 880.79 898.226 749.486 1103.04 871.429 904.662 875.815 652.109 1077.72 1126.94 898.259 846.075 649.177 670.797 667.883 649.175 852.509 669.551 871.443 898.257 898.261 896.784 1101.62 1100.15 871.466 874.393 1074.81 874.379 668.119 874.371 896.583 871.445 645.681 652.101 849 
2 464.522 675.983 701.094 880.799 882.253 872.177 874.368 761.956 955.745 1055.24 445.102 863.208 845.346 880.759 898.219 749.493 1103.03 871.414 904.647 875.797 652.093 1077.71 1126.95 898.255 846.069 649.167 670.79 667.872 649.163 852.506 669.545 871.432 898.248 898.248 896.789 1101.59 1100.14 871.459 874.384 1074.8 874.372 668.108 874.374 896.563 871.439 645.661 652.096 848.997 
3 464.526 675.989 701.094 880.805 882.228 872.189 874.361 761.961 955.751 1055.25 445.126 863.225 845.355 880.781 898.215 749.498 1103.03 871.422 904.646 875.807 652.109 1077.72 1126.96 898.236 846.072 649.168 670.791 667.872 649.165 852.509 669.54 871.434 898.249 898.242 896.775 1101.59 1100.16 871.456 874.372 1074.79 874.376 668.108 874.367 896.565 871.429 645.675 652.088 848.996 
4 464.523 675.966 701.104 880.802 882.242 872.182 874.365 761.97 955.759 1055.25 445.128 863.232 845.358 880.796 898.216 749.475 1103.05 871.427 904.665 875.808 652.102 1077.73 1126.97 898.254 846.066 649.165 670.793 667.878 649.171 852.505 669.558 871.444 898.253 898.26 896.786 1101.61 1100.15 871.463 874.393 1074.8 874.379 668.126 874.367 896.582 871.432 645.679 652.09 849.001 
5 464.525 675.987 701.104 880.809 882.25 872.205 874.397 762.002 955.788 1055.28 445.15 863.269 845.41 880.854 898.287 749.534 1103.09 871.446 904.684 875.806 652.108 1077.69 1126.94 898.243 846.064 649.159 670.786 667.869 649.165 852.507 669.548 871.441 898.258 898.254 896.794 1101.6 1100.16 871.475 874.388 1074.81 874.372 668.126 874.364 896.579 871.444 645.673 652.107 849.01 
6 464.53 675.988 701.106 880.833 882.252 872.224 874.41 762.022 955.792 1055.31 445.189 863.297 845.406 880.859 898.292 749.537 1103.07 871.451 904.654 875.81 652.091 1077.69 1126.92 898.213 846.046 649.147 670.77 667.86 649.15 852.49 669.529 871.424 898.235 898.227 896.764 1101.58 1100.14 871.453 874.364 1074.79 874.361 668.1 874.349 896.573 871.426 645.671 652.088 848.985 
