0 -22.9566 -43.1661 0.421612
1 -22.8835 -43.4893 26.4148
2 -22.9096 -43.7333 0.363736
3 -22.7937 -43.1779 19.7311
4 -22.8504 -43.5286 3.54194
5 -22.7607 -43.1084 0.0382784
6 -22.7946 -43.222 8.71557
7 -23.0731 -43.1982 0
8 -22.8974 -43.1956 22.2962
9 -22.9632 -43.3517 31.9588
10 -22.8539 -43.3879 20.6544
11 -22.8473 -43.4615 1.58956
12 -22.922 -43.355 21.259
13 -23.0647 -43.5667 0.765201
14 -22.9698 -43.4287 0.766117
15 -22.9416 -43.3388 39.8418
16 -22.9427 -43.5665 13.1005
17 -22.9679 -43.2231 16.22
18 -22.915 -43.5238 8.04176
19 -22.9911 -43.6374 6.89158
20 -22.9189 -43.3863 31.9863
21 -22.9205 -43.4062 3.79359
22 -22.9536 -43.5628 2.41209
23 -22.9234 -43.6308 33.9985
24 -22.8179 -43.1575 0
25 -22.8981 -43.3503 36.7172
26 -22.9659 -43.7028 9.16007
27 -22.829 -43.1701 0.0382784
28 -23.0019 -43.3305 15.8015
29 -22.8805 -43.5389 14.9962
30 -23.0548 -43.5782 0
31 -22.9029 -43.5914 39.6451
32 -23.0336 -43.6266 0
33 -22.8718 -43.2061 0.0961538
34 -22.8888 -43.5273 7.62179
35 -22.9891 -43.3085 6.16685
36 -22.9622 -43.3942 33.1104
37 -23.0028 -43.5132 3.65842
38 -22.887 -43.5826 27.3522
39 -22.9451 -43.242 0.305678
40 -22.8415 -43.2229 0
41 -22.8447 -43.4913 2.50806
42 -22.8636 -43.6152 0
43 -22.9714 -43.6091 4.17546
44 -22.9873 -43.1887 0.382051
45 -22.7866 -43.2267 0.30641
46 -22.8919 -43.4778 31.0062
47 -23.0107 -43.4749 1.85751
48 -22.8743 -43.7136 0.536081
49 -22.9974 -43.6486 5.07308
50 -22.7728 -43.1586 0
51 -22.8787 -43.2635 45.2537
52 -22.8843 -43.7332 1.2641
53 -22.8392 -43.4056 19.4212
54 -23.0272 -43.4635 2.33407
55 -22.9687 -43.482 0.670879
56 -22.9241 -43.1727 78.9038
57 -23.0095 -43.5352 4.76612
58 -22.9884 -43.3574 0.40293
59 -22.8801 -43.6305 16.489
60 -22.9073 -43.3877 4.29249
61 -22.9465 -43.5942 10.0375
62 -23.0212 -43.1832 0
63 -22.9689 -43.5694 1.16703
64 -23.0126 -43.2896 0.343956
65 -23.024 -43.4798 28.8817
66 -22.8629 -43.4499 42.6018
67 -22.9041 -43.5492 36.2703
68 -22.9565 -43.1934 45.5842
69 -22.9897 -43.5937 7.66136
70 -22.8582 -43.5321 13.8295
71 -22.9894 -43.6899 0.670879
72 -22.9302 -43.3721 62.8527
73 -22.8331 -43.3457 55.4366
74 -23 -43.411 3.88791
75 -22.9891 -43.4994 7.71795
76 -22.9265 -43.5236 0.191392
77 -22.8131 -43.2563 0.497619
78 -23.0134 -43.5657 1.09066
79 -22.8515 -43.4729 21.1654
80 -22.8568 -43.5615 1.07253
81 -22.9589 -43.5199 0
82 -22.972 -43.3318 17.2538
83 -22.9343 -43.1878 30.2762
84 -22.9642 -43.2814 0.707875
85 -22.8125 -43.3064 40.7614
86 -22.7944 -43.1556 0
87 -22.8218 -43.5144 0.0190476
88 -22.812 -43.2089 10.3868
89 -23.0468 -43.3104 0
90 -22.8487 -43.2456 12.6214
91 -22.9582 -43.2643 1.87546
92 -22.9444 -43.5523 0.0192308
93 -22.9666 -43.1826 72.7676
94 -22.9738 -43.6686 2.56795
95 -23.0635 -43.5495 0.363919
96 -22.8811 -43.6761 8.42857
97 -22.9427 -43.7233 0.554945
98 -22.999 -43.2721 0.784799
99 -22.9932 -43.4288 1.66538
100 -22.856 -43.3099 30.6463
101 -22.9997 -43.2666 1.68553
102 -22.9326 -43.6876 24.6137
103 -22.8989 -43.4913 3.65952
104 -22.8156 -43.1786 14.5209
105 -22.9239 -43.7026 2.06886
106 -22.9839 -43.2233 33.8936
107 -23.0013 -43.349 9.66026
108 -22.8474 -43.54 1.45623
109 -22.8926 -43.5663 47.3531
110 -22.9903 -43.1907 0
111 -22.8145 -43.38 7.29707
112 -23.0148 -43.4586 20.4962
113 -22.9497 -43.4552 0
114 -22.8455 -43.2867 68.8619
115 -22.9726 -43.4136 10.8791
116 -23.002 -43.3887 10.3842
117 -22.8063 -43.3245 19.8097
118 -22.9504 -43.3722 34.0189
119 -22.9892 -43.4565 6.05165
120 -22.8042 -43.1935 48.5562
121 -22.8662 -43.3331 37.6452
122 -22.9126 -43.6549 15.8795
123 -22.9737 -43.5464 0.363736
124 -22.8579 -43.4921 18.2533
125 -22.9554 -43.6515 2.43223
126 -23.063 -43.5114 0
127 -22.9936 -43.5574 0.230037
128 -22.7887 -43.1001 0
129 -22.9185 -43.4338 2.68187
130 -22.9766 -43.3745 4.06062
131 -22.8434 -43.3697 56.9474
132 -22.8308 -43.4189 1.13168
133 -22.9277 -43.6034 2.60403
134 -22.8916 -43.6042 31.2938
135 -22.986 -43.7056 0
136 -22.9407 -43.7602 0
137 -22.9203 -43.7554 0
138 -22.8711 -43.5612 12.643
139 -22.8385 -43.4803 0.210623
140 -22.9239 -43.2838 0.0957875
141 -22.9037 -43.7199 9.11593
142 -22.9243 -43.5497 15.2286
143 -22.9093 -43.3713 34.8035
144 -22.9524 -43.3124 0
145 -22.9763 -43.4936 3.98333
146 -23.0278 -43.5525 0.382234
147 -22.8836 -43.1747 0
148 -23.0468 -43.5982 0
149 -22.8052 -43.1227 0
150 -22.8733 -43.4774 48.9689
151 -22.9405 -43.4669 0
152 -22.9297 -43.4266 0.517399
153 -22.9771 -43.6483 18.1736
154 -22.9439 -43.6826 13.2914
155 -22.9544 -43.6891 14.2742
156 -22.9166 -43.4759 0
157 -23.0031 -43.6323 3.56227
158 -22.9942 -43.5439 2.14524
159 -22.8006 -43.3063 0
160 -22.9795 -43.4809 14.2549
161 -23.0063 -43.3146 16.6363
162 -23.0165 -43.439 0.51685
163 -23.0275 -43.607 0
164 -22.8878 -43.3239 54.5914
165 -22.8239 -43.2416 6.49286
166 -23.0089 -43.3678 2.8326
167 -22.9326 -43.6561 12.9289
168 -23.0296 -43.2759 0
169 -22.864 -43.6604 0.0954212
170 -22.9667 -43.6178 3.79212
171 -22.824 -43.4069 20.6277
172 -22.9405 -43.3805 39.7606
173 -22.8683 -43.2426 20.211
174 -22.7768 -43.1383 0
175 -22.9172 -43.5814 6.89066
176 -22.8228 -43.4868 0
177 -22.8681 -43.6084 1.45476
178 -22.9031 -43.7513 0.172161
179 -22.8724 -43.6421 1.28333
180 -22.8856 -43.4132 35.5209
181 -22.9014 -43.2115 44.8251
182 -22.9972 -43.6141 3.25568
183 -22.8724 -43.5185 21.7916
184 -23.0703 -43.5526 0
185 -22.8067 -43.1232 0
186 -22.9528 -43.3338 12.8139
187 -23.0017 -43.5828 0
188 -22.8355 -43.258 24.0797
189 -22.9352 -43.2591 8.25696
190 -22.8743 -43.4318 51.8262
191 -22.89 -43.2361 44.4978
192 -22.974 -43.2838 5.66978
193 -22.9333 -43.2415 52.3447
194 -22.8012 -43.2518 0
195 -23.0264 -43.2016 0
196 -22.9002 -43.4449 0.45989
197 -22.9458 -43.1853 49.2615
198 -22.9583 -43.4068 0.172527
199 -22.8607 -43.4273 3.54322
200 -22.9786 -43.3941 1.43718
201 -22.9117 -43.2345 58.0436
202 -22.8416 -43.5706 0
203 -22.9777 -43.4635 0.975641
204 -22.9231 -43.2242 63.7522
205 -22.8238 -43.2852 33.3921
206 -22.8935 -43.4352 36.3712
207 -22.8622 -43.2237 0.114469
208 -22.8997 -43.3285 1.60842
209 -22.809 -43.2792 0.0382784
210 -22.9468 -43.7263 0
211 -22.9106 -43.2814 58.743
212 -22.976 -43.6973 27.8698
213 -22.9447 -43.158 0.268132
214 -22.9361 -43.6317 0.478205
215 -22.8754 -43.382 1.28278
216 -22.9567 -43.6059 24.898
217 -22.984 -43.6654 3.39029
218 -22.9681 -43.2969 0.15293
219 -23.0449 -43.5343 0.229487
220 -22.8993 -43.2979 64.137
221 -22.8067 -43.3636 14.9608
222 -22.9741 -43.2366 10.0357
223 -22.8039 -43.2474 1.87747
224 -22.9361 -43.2122 1.68425
225 -23.0351 -43.1976 0
226 -22.9334 -43.3335 13.3672
227 -23.0375 -43.306 0
228 -22.9144 -43.5576 38.8229
229 -23.042 -43.5558 1.30073
230 -22.9312 -43.443 0
231 -23.0388 -43.6541 0
232 -22.8659 -43.4085 11.4562
233 -22.8124 -43.3382 14.0568
234 -22.8033 -43.1179 0
235 -22.8548 -43.3488 47.9385
236 -23.0302 -43.2784 0
237 -22.9132 -43.6053 34.4958
238 -22.8214 -43.3658 19.233
239 -22.8673 -43.2765 35.5727
240 -22.9153 -43.2987 3.08388
241 -22.8445 -43.3279 49.4092
242 -22.8341 -43.3018 65.9518
243 -23.0184 -43.4909 2.58681
244 -22.8569 -43.2593 74.2586
245 -22.892 -43.6796 1.34212
246 -23.0598 -43.1467 0
247 -22.9221 -43.2619 52.4288
248 -22.9779 -43.1919 84.5059
249 -22.9112 -43.1635 0.28663
250 -23.0281 -43.497 2.10696
251 -22.9786 -43.531 0.0380952
252 -23.049 -43.6334 0
253 -22.8649 -43.6958 0.0576923
254 -22.9029 -43.1799 87.2119
255 -22.8192 -43.1905 3.60037
256 -22.8798 -43.2262 16.909
257 -22.9002 -43.2566 48.4842
258 -22.9006 -43.6602 5.78516
259 -22.7564 -43.12 0
260 -22.8776 -43.2958 67.7068
261 -22.832 -43.3961 28.6729
262 -22.9264 -43.5105 0
263 -22.8765 -43.3474 97.802
264 -22.9154 -43.7689 0
265 -22.8899 -43.6393 10.7835
266 -23.0269 -43.5233 1.26264
267 -22.9922 -43.2585 8.787
268 -22.7825 -43.1606 0
269 -22.9206 -43.7413 0
270 -22.9129 -43.2 132.467
271 -23.0634 -43.51 0
272 -23.0222 -43.1827 0
273 -22.7702 -43.1566 0
274 -23.0306 -43.5809 0
275 -22.9196 -43.6605 19.6936
276 -22.9139 -43.4066 10.3802
277 -22.7883 -43.1852 4.44579
278 -22.8641 -43.575 1.58901
279 -22.9787 -43.5847 7.75842
280 -22.8868 -43.3715 31.7364
281 -23.0373 -43.3163 0
282 -22.8228 -43.322 45.4104
283 -22.8651 -43.3656 53.6112
284 -22.8846 -43.4536 48.9744
285 -22.9976 -43.4317 11.7066
286 -22.9954 -43.364 15.4619
287 -22.8585 -43.5987 0.0382784
288 -23.0108 -43.3247 3.23297
289 -23.0375 -43.471 0
290 -22.9587 -43.4916 0
291 -23.0078 -43.4081 1.16813
292 -22.9269 -43.7749 0
293 -22.8934 -43.6328 7.1815
294 -22.8889 -43.2755 58.8115
295 -22.9948 -43.2377 7.25916
296 -22.911 -43.6869 27.6271
