0 -23.0509 -43.6601 0
1 -23.0505 -43.6179 0
2 -23.059 -43.5595 0.954396
3 -23.063 -43.5111 0
4 -23.0703 -43.1948 0
5 -23.0624 -43.1453 0
6 -23.0448 -43.6598 0
7 -23.0365 -43.6132 0
8 -23.0323 -43.5511 4.04908
9 -23.0263 -43.4886 44.5203
10 -23.0179 -43.4335 0.458791
11 -23.0282 -43.3089 0
12 -23.0266 -43.2969 0
13 -23.0314 -43.199 0
14 -22.9856 -43.6752 8.1478
15 -22.9969 -43.6172 24.7579
16 -22.9987 -43.551 11.474
17 -22.9987 -43.4811 38.3733
18 -22.9983 -43.4118 31.661
19 -22.9971 -43.3407 56.4037
20 -22.9946 -43.2768 27.1863
21 -22.9859 -43.215 64.374
22 -22.9522 -43.7322 0
23 -22.9637 -43.6875 50.3963
24 -22.965 -43.6208 50.213
25 -22.965 -43.551 8.2619
26 -22.965 -43.4811 6.80696
27 -22.965 -43.4113 56.3328
28 -22.965 -43.3414 75.787
29 -22.965 -43.2716 10.5745
30 -22.9639 -43.2055 216.566
31 -22.9556 -43.1604 1.29982
32 -22.9284 -43.7538 0
33 -22.9313 -43.6907 72.3372
34 -22.9313 -43.6208 66.1185
35 -22.9313 -43.551 54.5751
36 -22.9313 -43.4811 1.24377
37 -22.9313 -43.4113 76.5201
38 -22.9313 -43.3414 154.888
39 -22.9313 -43.2716 107.094
40 -22.931 -43.204 250.642
41 -22.939 -43.1585 0.879121
42 -22.9008 -43.7534 1.0707
43 -22.8976 -43.6907 39.8238
44 -22.8976 -43.6208 114.346
45 -22.8976 -43.551 158.676
46 -22.8976 -43.4811 82.0822
47 -22.8976 -43.4113 103.667
48 -22.8976 -43.3414 172.593
49 -22.8976 -43.2716 307.646
50 -22.9013 -43.2068 316.339
51 -22.9097 -43.1637 0
52 -22.8785 -43.7361 0.0576923
53 -22.8733 -43.6872 2.4674
54 -22.8694 -43.6199 13.0236
55 -22.8639 -43.551 53.722
56 -22.864 -43.4812 148.087
57 -22.8639 -43.4113 88.4736
58 -22.8639 -43.3414 299.201
59 -22.864 -43.2718 229.889
60 -22.868 -43.224 10.1168
61 -22.8431 -43.5875 0
62 -22.8374 -43.5464 2.56117
63 -22.8347 -43.4949 5.163
64 -22.8335 -43.4013 82.2921
65 -22.8303 -43.3414 220.398
66 -22.8305 -43.2745 190.086
67 -22.8228 -43.2033 24.9621
68 -22.819 -43.1645 0
69 -22.8122 -43.3796 0.34359
70 -22.808 -43.3381 52.4802
71 -22.8059 -43.2626 5.50769
72 -22.7996 -43.2033 90.2637
73 -22.7883 -43.1548 0.879121
74 -22.7766 -43.1733 0
75 -22.7634 -43.1232 0.0382784
