0 0.859712 1.40226 1.47857 0 0 0 
1 0.897229 1.51386 1.61186 0 0 0 
2 0.969523 1.62361 1.72867 0.190659 0.363004 0.400733 
3 1.03672 1.72222 1.83714 0 0 0 
4 1.07625 1.74513 1.91299 0 0 0 
5 0.983341 1.60838 1.76436 0 0 0 
6 0.891888 1.56744 1.68654 0 0 0 
7 0.942089 1.58036 1.68419 0 0 0 
8 1.03911 1.72816 1.84021 0.515751 2.21575 1.31758 
9 1.1983 1.96248 2.09291 7.32179 18.7231 18.4755 
10 1.30063 2.09539 2.26112 0.0575092 0.172344 0.228938 
11 1.45921 2.30943 2.52105 0 0 0 
12 1.45812 2.30606 2.52037 0 0 0 
13 1.28056 2.04324 2.23931 0 0 0 
14 1.08131 1.78181 1.90238 1.31886 3.11868 3.71026 
15 1.10523 1.81265 1.93618 4.47253 9.23553 11.0498 
16 1.17066 1.91832 2.0506 1.64487 5.18315 4.64597 
17 1.31384 2.1217 2.27906 6.25495 15.5141 16.6042 
18 1.45416 2.30889 2.50312 5.87161 11.9559 13.8335 
19 1.59721 2.51178 2.73918 9.33278 22.6251 24.4458 
20 1.64281 2.56843 2.81189 5.00824 10.5319 11.6462 
21 1.77399 2.76183 3.02818 10.2837 26.1165 27.9738 
22 1.12023 1.84374 1.97349 0 0 0 
23 1.19456 1.95507 2.08933 8.31978 20.1597 21.9168 
24 1.2614 2.04917 2.18816 8.5859 20.7432 20.8839 
25 1.32088 2.12512 2.28775 1.30073 3.28828 3.67289 
26 1.448 2.30104 2.49139 1.20366 2.69744 2.90586 
27 1.64132 2.57735 2.80244 9.54084 22.5852 24.2068 
28 1.79228 2.78106 3.05157 12.9855 28.3445 34.457 
29 1.85592 2.8696 3.15486 1.77802 5.2207 3.57582 
30 2.02831 3.1181 3.43299 36.0685 84.8145 95.6833 
31 1.98774 3.04251 3.37045 0.171795 0.401465 0.726557 
32 1.13669 1.86859 2.0023 0 0 0 
33 1.26964 2.05917 2.20866 12.869 27.587 31.8811 
34 1.39453 2.23948 2.408 10.8485 25.8392 29.4308 
35 1.51076 2.38699 2.58588 9.65769 20.1749 24.7425 
36 1.61167 2.52442 2.74905 0.21044 0.555128 0.478205 
37 1.82974 2.83101 3.10355 12.8921 28.3639 35.2641 
38 2.02784 3.11118 3.43001 25.8013 58.7053 70.3819 
39 2.11374 3.218 3.57123 18.0544 38.9747 50.0648 
40 2.19153 3.32186 3.68905 43.4841 93.9584 113.2 
41 2.04883 3.11974 3.46599 0.15293 0.28663 0.43956 
42 1.14996 1.88909 2.0268 0.152747 0.496703 0.421245 
43 1.27307 2.06955 2.22132 6.63535 16.126 17.0625 
44 1.48496 2.37182 2.55819 18.7242 44.6315 50.9901 
45 1.67584 2.6145 2.84047 28.7302 59.38 70.5659 
46 1.7939 2.7709 3.03185 14.9357 30.2559 36.8907 
47 1.99041 3.04564 3.34775 19.046 39.3929 45.228 
48 2.18896 3.31581 3.67926 30.4603 62.0306 80.1022 
49 2.3165 3.477 3.8823 55.3734 109.782 142.49 
50 2.29779 3.43876 3.85238 57.7057 110.149 148.484 
51 2.10036 3.17928 3.54542 0 0 0 
52 1.14826 1.88654 2.02641 0 0 0.0576923 
53 1.26122 2.04866 2.20565 0.343956 1.09121 1.03223 
54 1.45313 2.31536 2.50922 2.02784 4.93278 6.063 
55 1.63109 2.55829 2.78586 8.83388 21.0987 23.7894 
56 1.87926 2.88328 3.16684 27.2755 53.1866 67.6245 
57 2.05145 3.12761 3.44699 15.7216 32.9985 39.7535 
58 2.28942 3.44978 3.83576 52.5251 107.614 139.062 
59 2.27728 3.4172 3.81423 41.4256 82.4654 105.998 
60 2.10705 3.17488 3.54797 1.7022 4.05403 4.36062 
61 1.4638 2.32232 2.52511 0 0 0 
62 1.59146 2.49574 2.72352 0.458608 1.01282 1.08974 
63 1.79011 2.76629 3.03418 0.841758 2.23773 2.08352 
64 2.07591 3.16298 3.48536 14.7661 32.3612 35.1648 
65 2.2008 3.32864 3.67996 39.7412 83.9313 96.7253 
66 2.15348 3.24519 3.60579 34.5945 72.6414 82.8504 
67 1.89682 2.86709 3.21041 4.45458 9.14524 11.3623 
68 1.76908 2.68171 3.01091 0 0 0 
69 2.03278 3.09528 3.41957 0.0954212 0.114652 0.133516 
70 2.10158 3.18643 3.53169 9.00824 18.8971 24.5749 
71 1.9592 2.96456 3.30487 0.994689 2.00714 2.50586 
72 1.82759 2.76133 3.09919 16.5648 32.365 41.3339 
73 1.67586 2.54605 2.86374 0.191209 0.172344 0.515568 
74 1.66119 2.52544 2.83989 0 0 0 
75 1.57832 2.40561 2.71034 0 0.0190476 0.0192308 
