0 3.68069 3.63215 3.6535 0.248901 0.0384615 0.134249 
1 12.5226 12.2959 12.3452 11.4134 5.09469 9.90678 
2 3.23575 3.2049 3.21755 0.210989 0.0380952 0.114652 
3 7.24139 7.01993 7.08794 9.34615 3.52363 6.86136 
4 13.43 13.3703 13.3829 1.78022 0.46044 1.30128 
5 2.2 2.14659 2.16227 0.0192308 0 0.0190476 
6 6.95548 6.54241 6.71857 3.73388 1.87656 3.10513 
7 1.06892 1.06892 1.06892 0 0 0 
8 2.77198 2.39404 2.55235 10.2288 4.36832 7.69908 
9 11.7784 11.4698 11.5741 14.7806 5.46062 11.7176 
10 9.79241 8.96962 9.31594 9.7293 3.52656 7.39853 
11 3.14335 3.13502 3.13619 0.727656 0.325458 0.536447 
12 12.8859 12.7239 12.757 9.67125 3.65952 7.92821 
13 8.44558 8.41167 8.41856 0.344139 0.133883 0.287179 
14 13.8039 13.8004 13.8006 0.364103 0.115018 0.286996 
15 12.0098 11.6985 11.7819 17.7163 7.37784 14.7476 
16 12.0843 11.9079 11.9448 6.12747 2.24231 4.73077 
17 11.3292 10.8267 11.0331 6.58736 2.60476 7.02784 
18 13.181 13.0754 13.0895 3.35128 1.55073 3.13974 
19 13.1235 13.0096 13.0282 2.71886 1.35806 2.81465 
20 12.3578 12.1239 12.1662 15.3641 5.76447 10.8577 
21 13.2016 13.1011 13.1315 1.70458 0.709158 1.37985 
22 12.8735 12.8191 12.829 1.0348 0.382784 0.994505 
23 12.3849 12.1393 12.1894 14.5322 5.72857 13.7377 
24 0.63852 0.614504 0.625079 0 0 0 
25 12.6952 12.5 12.5399 17.1042 6.68443 12.9286 
26 10.0774 10.0183 10.027 3.79304 1.78095 3.58608 
27 0.63852 0.614504 0.625079 0.0190476 0 0.0192308 
28 12.2552 11.9558 12.0618 7.16227 2.68297 5.95623 
29 12.8745 12.7109 12.7434 6.58755 2.39451 6.0141 
30 6.19335 6.14186 6.16501 0 0 0 
31 11.7845 11.4585 11.5428 17.4877 7.3141 14.8432 
32 5.32107 5.32107 5.32107 0 0 0 
33 0.0394748 0.0279991 0.0330616 0.0769231 0 0.0192308 
34 13.0553 12.9506 12.9831 3.08333 1.60952 2.92894 
35 12.3576 12.0901 12.1862 2.62363 0.822344 2.72088 
36 11.3633 11.006 11.124 14.2868 5.45531 13.3683 
37 13.6397 13.608 13.6173 1.74249 0.497985 1.41795 
38 12.3103 12.0653 12.1122 12.0454 4.88425 10.4225 
39 13.7751 13.7638 13.768 0.0954212 0.0956044 0.114652 
40 0.480553 0.480073 0.480107 0 0 0 
41 13.3624 13.2676 13.3022 1.18773 0.402015 0.918315 
42 4.18379 4.18376 4.18376 0 0 0 
43 13.5659 13.527 13.5297 1.5707 0.766484 1.83828 
44 0.0836819 0.0618398 0.0715527 0.152564 0 0.229487 
45 1.00829 0.994709 0.9987 0.0767399 0.0957875 0.133883 
46 12.7539 12.5693 12.6068 13.2509 6.01319 11.7421 
47 13.4471 13.383 13.3981 0.74652 0.306593 0.804396 
48 12.2862 12.2503 12.2652 0.306777 0.0575092 0.171795 
49 7.33657 7.27228 7.28347 2.33571 0.919048 1.81832 
50 1.33848 1.25067 1.29015 0 0 0 
51 9.87505 9.35274 9.5306 20.3553 8.59817 16.3002 
52 10.2546 10.176 10.2041 0.344689 0.230037 0.689377 
53 12.5574 12.3189 12.3916 8.34927 3.52564 7.54634 
54 0.66712 0.652206 0.657047 0.728022 0.382418 1.22363 
55 13.7823 13.775 13.7764 0.325458 0.134249 0.211172 
56 7.27188 6.80863 6.98365 36.1842 13.7255 28.9941 
57 13.423 13.3618 13.3679 1.64487 0.670147 2.4511 
58 13.4043 13.3277 13.3505 0.172711 0.0380952 0.192125 
59 10.751 10.5392 10.6033 7.96703 2.48846 6.03352 
60 13.2467 13.1425 13.1677 1.89835 0.727473 1.66667 
61 12.5204 12.3909 12.4142 4.71264 1.78205 3.54286 
62 0.00731526 0.00731526 0.00731526 0 0 0 
63 13.0511 12.9564 12.9893 0.592308 0.115201 0.459524 
64 1.55764 1.54003 1.54204 0.172344 0.0761905 0.0954212 
65 10.7998 10.5617 10.6223 12.4299 4.86429 11.5875 
66 11.649 11.313 11.4006 19.4253 7.92949 15.2471 
67 12.0593 11.7533 11.8283 15.6176 7.16447 13.4883 
68 12.531 12.2996 12.3602 20.1868 7.62381 17.7736 
69 13.0344 12.8869 12.9369 3.73462 1.16813 2.75861 
70 12.0904 11.8735 11.9382 6.45385 2.29835 5.07729 
71 0.254637 0.25049 0.250785 0.383516 0.0765568 0.210806 
72 11.1507 10.9007 10.9478 28.1549 10.8255 23.8723 
73 9.6546 9.07041 9.28049 23.6383 10.7073 21.091 
74 12.3233 12.0393 12.1373 1.6848 0.651282 1.55183 
75 12.8829 12.7147 12.7617 2.96868 1.26319 3.48608 
76 13.7003 13.6783 13.6829 0.0380952 0.0192308 0.134066 
77 4.16257 3.20403 3.63376 0.267949 0.0956044 0.134066 
78 13.3342 13.2404 13.2773 0.286813 0.15348 0.650366 
79 10.6546 10.1068 10.3087 8.77234 3.81392 8.57912 
80 13.4068 13.364 13.3754 0.363736 0.28663 0.422161 
81 13.8246 13.8246 13.8246 0 0 0 
82 13.1525 13.0335 13.0639 7.48864 2.81337 6.95183 
83 12.7516 12.5681 12.6038 13.0604 6.01465 11.2011 
84 13.7892 13.7816 13.7834 0.153114 0.0575092 0.497253 
85 9.42275 9.07874 9.18493 18.0031 7.3381 15.4201 
86 0.00341878 0.00336 0.00336418 0 0 0 
87 11.251 11.2478 11.2486 0 0 0.0190476 
88 8.09662 7.76805 7.88636 4.54212 1.89689 3.9478 
89 0.00356417 0.00356417 0.00356417 0 0 0 
90 5.4 4.82749 5.06628 5.51538 2.1641 4.94194 
91 13.7292 13.7103 13.7164 0.44011 0.115018 1.32033 
92 13.8122 13.8099 13.8101 0 0.0192308 0 
93 6.91617 6.82374 6.84191 32.1524 13.5949 27.0203 
94 13.3684 13.2868 13.3103 1.03407 0.460806 1.07308 
95 8.72275 8.71063 8.71445 0.0957875 0.115018 0.153114 
96 13.0024 12.8791 12.9112 3.62125 1.34048 3.46685 
97 12.624 12.3752 12.4866 0.306227 0.057326 0.191392 
98 13.0244 13.005 13.007 0.364103 0.133883 0.286813 
99 13.1053 13.0019 13.0391 0.631136 0.363919 0.67033 
100 12.5915 12.3846 12.4309 14.6954 5.76392 10.187 
101 0.679873 0.616657 0.642254 0.67033 0.345055 0.670147 
102 12.18 11.9088 11.9669 10.9158 4.05934 9.63864 
103 13.6219 13.5868 13.5918 1.45641 0.766667 1.43645 
104 4.20443 4.09123 4.12056 6.56886 2.74048 5.21154 
105 12.1365 11.7915 11.9398 0.901099 0.363919 0.803846 
106 5.7211 5.49235 5.56731 14.2885 5.93242 13.6727 
107 8.28968 7.89291 8.03298 4.31337 1.61007 3.73681 
108 13.6601 13.6263 13.6347 0.632418 0.364469 0.459341 
109 11.7781 11.4115 11.5151 21.9625 8.31484 17.0758 
110 0.0375532 0.0341009 0.035653 0 0 0 
111 3.54544 3.43172 3.46111 3.42692 1.35971 2.51044 
112 11.9806 11.6955 11.7717 8.83168 3.14121 8.52326 
113 13.8287 13.8287 13.8287 0 0 0 
114 12.0733 11.7649 11.8392 30.7079 12.9106 25.2434 
115 11.2865 10.8319 11.0117 4.6152 1.97308 4.29084 
116 10.9023 10.6016 10.7042 4.56081 1.78187 4.04158 
117 5.28464 5.13536 5.17355 8.62308 3.25568 7.93095 
118 10.3838 10.1627 10.2225 14.9179 5.72839 13.3725 
119 12.9374 12.7787 12.8286 2.75751 1.07308 2.22106 
120 11.2042 10.8425 10.9362 22.506 8.90751 17.1427 
121 12.7369 12.568 12.5895 17.5315 7.37692 12.7368 
122 11.9748 11.7214 11.8069 7.69853 2.64414 5.53681 
123 13.7508 13.7399 13.7406 0.153114 0.114835 0.0957875 
124 12.3248 12.1208 12.1682 8.15733 3.64084 6.45513 
125 12.6958 12.5233 12.5813 1.0163 0.497802 0.918132 
126 0.323624 0.323624 0.323624 0 0 0 
127 13.2915 13.2046 13.2374 0.0576923 0.0575092 0.114835 
128 0.0357691 0.0357691 0.0357691 0 0 0 
129 13.5101 13.4561 13.475 1.11081 0.440293 1.13077 
130 11.7666 11.3476 11.5261 1.78168 0.612821 1.66612 
131 9.90389 9.42162 9.58274 24.843 10.8222 21.2822 
132 2.62207 2.60801 2.6118 0.555861 0.230403 0.345421 
133 13.5508 13.5035 13.5134 0.842491 0.38315 1.37839 
134 12.5374 12.3226 12.3581 13.9786 5.40092 11.9143 
135 0.0275769 0.0275635 0.0275645 0 0 0 
136 7.42758 7.42758 7.42758 0 0 0 
137 5.10715 5.06607 5.08454 0 0 0 
138 10.5264 10.261 10.3348 5.55586 2.00989 5.07729 
139 2.23426 2.16495 2.1953 0.115201 0 0.0954212 
140 13.8097 13.8046 13.8061 0.0765568 0 0.0192308 
141 11.7491 11.6069 11.6488 4.21282 1.39744 3.50568 
142 12.7536 12.5665 12.6099 6.74286 2.58553 5.90018 
143 12.7551 12.5629 12.6124 15.5727 6.11099 13.1198 
144 13.8346 13.8346 13.8346 0 0 0 
145 13.1771 13.0611 13.0932 1.55037 0.632234 1.80073 
146 13.7763 13.7717 13.772 0.15293 0.0763736 0.15293 
147 0.025266 0.0137333 0.0189184 0 0 0 
148 12.1843 12.1703 12.1766 0 0 0 
149 0.0285948 0.0260115 0.0271729 0 0 0 
150 11.4578 11.0271 11.1544 22.2055 9.4619 17.3015 
151 13.8302 13.8301 13.8301 0 0 0 
152 13.6998 13.675 13.6832 0.191941 0.0957875 0.22967 
153 12.5161 12.2974 12.339 7.71923 3.00568 7.44872 
154 12.6714 12.4927 12.5305 5.74451 2.68095 4.86593 
155 12.9534 12.8058 12.8362 6.11081 2.64359 5.51978 
156 13.836 13.836 13.836 0 0 0 
157 6.69888 6.65634 6.66139 1.49267 0.613004 1.45659 
158 13.1172 13.0504 13.0583 0.9 0.402564 0.842674 
159 0.0596343 0.0594625 0.059532 0 0 0 
160 13.2177 13.1087 13.1399 6.13022 2.47125 5.65348 
161 10.7713 10.4505 10.557 6.91062 3.15916 6.56648 
162 2.77384 2.7516 2.76116 0.171978 0.0961538 0.248718 
163 9.15401 9.15401 9.15401 0 0 0 
164 11.7622 11.385 11.4928 25.9212 10.0905 18.5797 
165 5.10374 4.18259 4.58536 2.95 0.995421 2.54744 
166 2.91093 2.87971 2.88887 1.24341 0.344322 1.24487 
167 12.613 12.423 12.4676 5.2663 2.28004 5.3826 
168 0.0449331 0.0449331 0.0449331 0 0 0 
169 1.45458 1.45372 1.45378 0.0382784 0.0190476 0.0380952 
170 13.1848 13.0777 13.1097 1.55092 0.785348 1.45586 
171 5.82992 5.69733 5.71963 9.3804 3.79414 7.45311 
172 11.6129 11.3826 11.4439 18.1352 6.74212 14.8833 
173 8.11946 7.35274 7.6633 8.58315 3.85018 7.77766 
174 0.00336 0.00336 0.00336 0 0 0 
175 13.0831 12.9449 12.9881 3.08168 1.35879 2.45018 
176 6.02269 6.02269 6.02269 0 0 0 
177 10.1268 10.1011 10.1073 0.574176 0.172894 0.707692 
178 7.82248 7.82121 7.8213 0.0765568 0.0382784 0.057326 
179 12.134 11.8777 11.9846 0.440842 0.191941 0.650549 
180 11.8359 11.4648 11.5804 16.1038 7.42839 11.9886 
181 7.1216 6.24712 6.60665 21.8925 8.23864 14.694 
182 13.4109 13.3383 13.359 1.37912 0.536081 1.34048 
183 12.7971 12.6245 12.6535 9.78462 3.88736 8.1196 
184 0.506901 0.506901 0.506901 0 0 0 
185 0.00618161 0.00336 0.00462859 0 0 0 
186 13.1403 13.0266 13.0448 6.20641 2.31648 4.29103 
187 13.6768 13.6492 13.6615 0 0 0 
188 4.73476 4.24933 4.44748 9.96337 4.61795 9.49835 
189 13.2957 13.2024 13.2236 3.79414 1.68553 2.77729 
190 10.9711 10.4435 10.6179 22.0599 9.30788 20.4584 
191 8.52514 7.96875 8.17771 20.2092 8.19799 16.0907 
192 13.6109 13.5767 13.5802 2.04982 1.24451 2.37546 
193 12.4034 12.1502 12.2144 23.7883 8.94359 19.6128 
194 1.80429 1.74876 1.77373 0 0 0 
195 0.332293 0.332293 0.332293 0 0 0 
196 13.7936 13.7858 13.7875 0.15293 0.15348 0.15348 
197 7.16063 6.7857 6.92099 21.3179 8.6359 19.3077 
198 13.1631 13.025 13.0866 0.0575092 0.0769231 0.0380952 
199 13.5742 13.5437 13.5507 1.37894 0.670147 1.49414 
200 11.1912 10.6607 10.881 0.728022 0.287546 0.421612 
201 10.9388 10.3997 10.5901 25.9009 10.3463 21.7963 
202 7.07163 7.07065 7.07072 0 0 0 
203 13.5631 13.5128 13.5312 0.439927 0.248901 0.286813 
204 11.9942 11.6631 11.7537 29.1 11.3396 23.3126 
205 8.01514 7.25559 7.55726 14.7542 6.45531 12.1826 
206 12.9798 12.8414 12.8588 16.0095 6.6456 13.7161 
207 2.37676 2.2463 2.30343 0.0380952 0.0192308 0.0571429 
208 13.6249 13.5938 13.6017 0.690293 0.268315 0.649817 
209 1.27183 0.997529 1.12057 0.0192308 0 0.0190476 
210 7.68931 7.66971 7.67852 0 0 0 
211 12.011 11.6846 11.7729 25.6295 11.1663 21.9473 
212 11.9262 11.7148 11.7427 12.4308 4.34707 11.0919 
213 0.706517 0.674775 0.688316 0.115018 0.0382784 0.114835 
214 13.2796 13.1711 13.2146 0.171795 0.134066 0.172344 
215 7.60531 6.31053 6.88923 0.593773 0.305861 0.38315 
216 12.8849 12.7328 12.7541 10.8018 4.23352 9.86264 
217 4.06183 3.9867 4.00168 1.76282 0.45989 1.16758 
218 13.7641 13.754 13.7547 0.0956044 0.0190476 0.0382784 
219 9.30264 9.30072 9.30085 0.0192308 0.0190476 0.191209 
220 11.9827 11.6594 11.7346 29.9445 12.1456 22.0469 
221 2.54849 2.43849 2.4727 7.3174 2.83388 4.80952 
222 13.0791 12.9426 12.9829 4.49982 1.76062 3.77527 
223 10.3549 9.63106 9.95063 0.900183 0.325641 0.651648 
224 13.7121 13.6898 13.696 0.554762 0.421062 0.708425 
225 0.365305 0.365305 0.365305 0 0 0 
226 13.1436 13.0267 13.0494 5.85879 1.93516 5.57326 
227 0.229184 0.229184 0.229184 0 0 0 
228 11.8139 11.4504 11.5517 16.9982 6.9348 14.8899 
229 13.7304 13.7192 13.72 0.38315 0.114835 0.802747 
230 13.8176 13.8151 13.8152 0 0 0 
231 9.14426 9.14426 9.14426 0 0 0 
232 9.13097 8.18369 8.5916 5.24817 1.95549 4.25256 
233 7.45945 6.77999 7.05941 5.82179 2.22271 6.01227 
234 0.131483 0.123016 0.126823 0 0 0 
235 11.8299 11.5075 11.5836 21.1821 8.44304 18.3134 
236 0.00549976 0.00549976 0.00549976 0 0 0 
237 11.949 11.6142 11.7021 15.8425 5.47656 13.1767 
238 10.9743 10.6974 10.7587 8.06429 3.27527 7.89341 
239 10.8198 10.506 10.5882 16.9896 6.39872 12.1844 
240 13.658 13.6276 13.6332 1.60897 0.401832 1.07308 
241 11.6942 11.3793 11.4488 22.3302 9.34579 17.7332 
242 11.9031 11.596 11.6592 29.0582 13.1009 23.7927 
243 13.3025 13.2116 13.2359 1.11099 0.497619 0.978205 
244 10.6409 10.3245 10.4021 34.0137 13.9817 26.2632 
245 13.1401 12.9992 13.0584 0.421062 0.210989 0.710073 
246 0.441365 0.438563 0.439823 0 0 0 
247 12.2412 11.9611 12.0294 24.1227 9.32692 18.9791 
248 11.4129 11.2209 11.2689 37.4093 13.8875 33.209 
249 0.405259 0.220278 0.303445 0.190842 0.0192308 0.0765568 
250 9.15324 9.08393 9.10436 0.747436 0.401648 0.957875 
251 13.799 13.7956 13.7962 0 0 0.0380952 
252 4.58268 4.57112 4.57632 0 0 0 
253 8.58877 8.58666 8.58681 0.0192308 0.0192308 0.0192308 
254 3.39948 2.26411 2.76885 40.5385 16.8621 29.8114 
255 4.05484 3.95099 3.9854 1.74286 0.74652 1.11099 
256 3.64603 2.90026 3.22398 7.65879 3.0652 6.18498 
257 11.4878 11.2017 11.2709 21.7441 9.46264 17.2775 
258 13.1326 13.017 13.0468 2.24231 0.84304 2.69982 
259 0.384904 0.377468 0.380811 0 0 0 
260 12.0192 11.757 11.8018 31.3991 12.2995 24.0082 
261 12.2886 12.0456 12.0937 11.7407 5.2293 11.7029 
262 13.8143 13.8114 13.8116 0 0 0 
263 11.1879 10.7287 10.8688 44.6273 17.4505 35.7242 
264 12.6617 12.6617 12.6617 0 0 0 
265 12.4329 12.2919 12.3345 4.57857 1.81868 4.38626 
266 13.2598 13.1577 13.1903 0.688095 0.172344 0.402198 
267 13.0517 12.9043 12.9559 4.13571 1.74212 2.90916 
268 1.34066 1.21213 1.26991 0 0 0 
269 13.8219 13.8219 13.8219 0 0 0 
270 9.77946 8.97855 9.29002 59.891 24.5342 48.0416 
271 0.12483 0.124827 0.124827 0 0 0 
272 0.0349577 0.0349577 0.0349577 0 0 0 
273 0.0107289 0.0107284 0.0107286 0 0 0 
274 13.6894 13.6654 13.6762 0 0 0 
275 12.3625 12.1056 12.1685 8.48443 3.54414 7.66502 
276 13.3671 13.2899 13.3073 4.61612 1.62821 4.1359 
277 1.39806 1.36742 1.37569 1.99212 0.919414 1.53425 
278 10.3013 10.048 10.1573 0.61337 0.324725 0.650916 
279 13.228 13.1266 13.1483 3.21777 1.24597 3.29469 
280 12.522 12.3016 12.3405 14.6685 5.49744 11.5705 
281 2.48298 2.43226 2.44132 0 0 0 
282 10.4759 9.99322 10.1563 20.4945 8.19707 16.7189 
283 11.3891 10.9564 11.082 24.1921 9.38333 20.0357 
284 12.0643 11.757 11.8303 22.4092 8.25934 18.3059 
285 11.2339 10.7284 10.9212 5.07821 2.37582 4.25256 
286 9.64901 8.80605 9.15844 6.36209 2.62491 6.47491 
287 0.150905 0.150905 0.150905 0 0.0192308 0.0190476 
288 2.48298 2.43226 2.44132 1.49212 0.458974 1.28187 
289 0.024621 0.024621 0.024621 0 0 0 
290 13.8234 13.8227 13.8227 0 0 0 
291 6.62634 6.45531 6.52434 0.344505 0.249084 0.574542 
292 8.60382 8.60382 8.60382 0 0 0 
293 13.3506 13.268 13.2852 3.10531 1.28223 2.79396 
294 10.9394 10.4843 10.6228 27.217 10.4802 21.1143 
295 6.19021 6.13073 6.14351 3.48553 1.01502 2.75861 
296 11.8933 11.535 11.6473 12.3203 5.13443 10.1723 
