0 0.732291 1.59823 1.83853 0.87967 1.75861 2.29432 
1 2.66397 5.83937 6.68459 4.80037 10.3658 12.0084 
2 0.843577 1.61418 2.14249 0.153297 0.153114 0.15293 
3 0.687576 1.49125 1.71947 1.14652 2.71593 3.65293 
4 0.339364 0.648168 0.850449 0.0769231 0.0380952 0.0571429 
5 1.2757 2.80851 3.19968 1.89322 5.44835 5.65989 
6 0.702641 1.5208 1.76508 0.497253 0.995604 1.07106 
7 3.72843 7.77042 9.36466 10.8081 21.4027 24.7502 
8 2.25474 4.54506 5.65148 4.47527 9.37125 9.91117 
9 3.04038 6.51005 7.64865 5.35476 11.6885 14.6269 
10 0.693879 1.4403 1.74288 0.171978 0.401832 0.668498 
11 0.396756 0.813012 0.998782 0.22967 0.28663 0.439377 
12 0.245008 0.46615 0.622399 0 0 0 
13 0.756305 1.53824 1.88012 0.611722 1.64414 1.74212 
14 0.137943 0.2819 0.348323 0.0761905 0.15293 0.152747 
15 3.45394 7.35031 8.67602 10.7864 23.9262 28.4619 
16 0.293663 0.551347 0.727748 0.057326 0.191026 0.305861 
17 1.85138 4.01649 4.64014 2.21996 4.62692 6.04158 
18 2.32257 4.92522 5.84524 3.61575 7.80128 9.41081 
19 0.793552 1.66381 1.99886 0.306227 0.784249 0.745604 
20 1.37712 2.80276 3.47075 1.72051 2.84725 4.13022 
21 1.1401 2.27051 2.8857 0.631502 1.53059 1.30073 
22 0.894868 1.92864 2.23827 0.477656 0.916667 0.995238 
23 0.301176 0.635546 0.753636 0.153114 0.649451 0.28663 
24 3.4254 7.18286 8.63369 7.43993 12.6212 17.6174 
25 3.59448 7.23699 9.03159 3.78608 7.70842 8.41868 
26 4.59226 9.65486 11.567 12.8881 24.0229 29.0013 
27 0.104848 0.198402 0.264524 0 0 0 
28 1.38668 2.97026 3.47205 0.650549 1.56868 1.60641 
29 4.13683 8.63511 10.4244 12.8147 25.3198 30.8736 
30 1.75571 3.79995 4.39802 3.09597 6.57619 6.86374 
31 0.520004 1.10195 1.30099 0.344322 0.650549 0.611172 
32 3.36205 6.88205 8.42224 6.31099 12.2608 14.6158 
33 1.14873 2.46001 2.88652 2.79029 7.01996 7.32473 
34 0.0632764 0.120173 0.160648 0 0 0 
35 1.95038 4.21125 4.90068 2.37161 5.85201 6.50092 
36 0.74209 1.56407 1.86422 0.688828 1.39652 1.62509 
37 0.803105 1.77453 2.01022 0.592857 1.7978 1.49139 
38 0.905196 1.84054 2.24891 0.28663 0.420696 0.72619 
39 1.46205 3.01024 3.65443 2.52418 7.07491 6.44451 
40 0.336007 0.667318 0.849629 0.0957875 0.229304 0.191209 
41 4.22291 8.8412 10.6251 17.2465 36.2614 45.5031 
42 2.14627 4.76735 5.38034 2.90641 7.53297 7.64963 
43 2.20274 4.84138 5.5201 3.5381 7.59542 8.39579 
44 1.83794 4.08053 4.60922 4.16905 9.80678 10.6896 
45 0.22737 0.429746 0.572302 0 0 0 
46 0.360154 0.684611 0.915249 0 0 0 
47 4.40543 9.22715 11.0987 8.31447 18.1725 21.0956 
48 1.09708 2.18915 2.77216 0.401099 0.897985 1.1859 
49 0.128998 0.27462 0.323634 0.114835 1.31868 0.439377 
50 1.61894 3.29319 4.01827 1.91355 4.28278 5.26099 
51 4.65877 9.6606 11.7304 10.3478 21.1599 27.219 
52 0.756838 1.57384 1.905 0.0190476 0.210623 0.172344 
53 0.596843 1.21817 1.50675 0.363004 0.439377 0.593773 
54 0.627253 1.20018 1.59311 0 0.0190476 0 
55 0.223519 0.435599 0.566735 0.0190476 0 0 
56 4.25494 8.78058 10.7004 8.45256 16.2385 20.0996 
57 3.46598 7.37941 8.71055 7.8207 15.2064 19.2828 
58 1.15187 2.31861 2.83297 3.02271 6.25293 7.66832 
59 2.08055 4.5547 5.20764 5.02949 9.96758 12.2828 
60 0.0893488 0.169218 0.225756 0 0 0 
61 0.122109 0.235133 0.309769 0 0 0 
62 4.23509 8.76442 10.6617 6.29322 12.2456 16.9269 
63 3.96892 8.39583 9.98786 12.0897 22.3207 30.0744 
64 3.04537 6.62625 7.65143 4.24359 11.1134 12.2987 
65 1.11034 2.37141 2.77069 1.35769 3.44322 4.09377 
66 0.473817 0.983027 1.19551 0.114835 0.286447 0.363919 
67 2.95989 6.21436 7.45745 6.63443 12.909 16.9652 
68 3.34729 6.96692 8.39472 24.4231 49.7288 61.8505 
69 0.682266 1.47809 1.70707 0.363004 0.974725 0.995055 
70 0.510861 1.11556 1.28332 1.22399 2.37106 2.00751 
71 3.73527 7.75003 9.39122 7.9381 16.4088 20.4297 
72 2.04297 4.26593 5.13208 5.37454 11.6639 14.778 
73 3.01751 6.48363 7.58677 5.65916 11.0333 15.1273 
74 1.39849 3.07826 3.50955 1.33718 2.73388 2.65641 
75 0.143419 0.272913 0.364209 0 0 0 
76 2.41355 5.13642 6.07337 5.83205 11.6278 13.2143 
77 0.274818 0.543691 0.693389 0.0575092 0.171612 0.28663 
78 0.0749448 0.163393 0.18753 0.114469 0.15293 0.0957875 
79 1.20189 2.31842 2.9549 16.7394 30.5606 41.8004 
80 0.511454 1.02896 1.29356 0.0192308 0.134066 0.0380952 
81 1.39369 3.06758 3.49099 1.72198 3.53663 4.61044 
82 2.29451 5.01107 5.75473 3.15586 8.41648 8.81886 
83 0.664424 1.26994 1.58336 0.305678 0.382784 0.573993 
84 2.14573 4.63641 5.36536 1.91062 4.99176 5.45073 
85 0.704344 1.33886 1.78991 0 0 0 
86 0.685185 1.35958 1.7003 0.172711 0.706777 0.573077 
87 1.50782 3.22823 3.77803 2.64121 5.94725 6.9989 
88 2.33127 4.89068 5.87019 6.04432 13.1194 15.569 
89 3.52952 7.45023 8.88703 5.06905 11.5509 11.5696 
90 0.846856 1.70227 2.14195 0.382601 1.07106 1.58626 
91 1.94268 4.23843 4.87238 4.83736 11.2839 12.3377 
92 2.81068 6.12637 7.05224 7.03773 13.5062 15.3463 
93 1.71885 3.64657 4.29598 2.46538 5.96722 7.93535 
94 4.55116 9.29859 11.4699 10.1372 22.0945 25.9022 
95 3.33369 7.10902 8.36424 9.15916 20.565 21.8372 
96 0.142953 0.270429 0.360369 0 0 0 
97 2.96723 6.38505 7.46173 5.37527 11.8196 13.7297 
98 1.55012 3.35351 3.89646 1.47198 3.00183 3.19359 
99 1.8918 3.83568 4.78052 1.60659 2.75385 3.76685 
100 2.53522 5.5914 6.35607 3.97674 9.62509 10.746 
101 0.0281983 0.0625543 0.0705716 0.0190476 0.190842 0.0190476 
102 3.32471 6.90545 8.38267 5.71813 10.0965 14.5388 
103 0.463497 0.869149 1.10085 0.0952381 0.1337 0.267399 
104 0.142104 0.283961 0.35949 0.114469 0.286447 0.325458 
105 1.42883 2.96664 3.54194 3.52179 7.45861 9.42729 
106 1.14387 2.46927 2.87108 1.33773 3.44249 3.48205 
107 0.478417 1.02256 1.19506 0.115018 0.477656 0.553663 
108 0.109783 0.219935 0.277528 0 0.0380952 0 
109 0.923457 1.8629 2.33537 0.765751 1.45366 1.45256 
110 1.34337 2.77192 3.38893 1.62491 4.03333 4.53242 
111 3.32781 6.81008 8.33957 8.09048 15.8751 20.063 
112 4.3654 9.18406 10.9903 9.23626 17.787 22.2046 
113 1.10409 2.43047 2.76333 1.26136 3.57582 2.94505 
114 0.538792 1.16786 1.35116 0.535714 1.33846 1.33828 
115 0.109727 0.232289 0.275946 0.0575092 0.49707 0.153114 
116 3.94995 8.20946 9.95315 11.2251 23.3755 29.1681 
117 0.728178 1.34153 1.7304 0.0380952 0.114286 0.210989 
118 0.524806 1.11676 1.31828 0.400916 0.95696 0.726923 
119 2.96184 6.37407 7.43563 7.20916 15.0101 17.3835 
120 2.40369 5.16452 6.04451 3.74744 8.16575 9.69652 
121 1.09366 2.33288 2.75007 0.727473 1.62637 1.83718 
122 1.59989 3.41922 4.01177 2.27601 4.91685 6.42711 
123 1.98292 4.23496 4.97361 6.69341 14.7641 18.1487 
124 0.411797 0.837774 1.03299 0.133883 0.171795 0.171612 
125 1.714 3.75609 4.29939 2.65806 4.83864 5.67912 
126 2.69189 5.57261 6.76264 5.56667 13.3126 14.9187 
127 0.0649375 0.12333 0.164868 0 0 0 
128 0.629155 1.2665 1.5511 0.22967 0.689194 0.325092 
129 0.317212 0.66383 0.79205 0.057326 0.114652 0.0576923 
130 4.29922 9.07518 10.827 12.2811 24.0282 31.4141 
131 2.64368 5.65861 6.64788 5.0304 9.8348 11.3381 
132 4.06398 8.42397 10.2444 10.9179 22.1462 25.748 
133 0.350353 0.772554 0.878483 0.133516 0.286447 0.343223 
134 2.433 5.15657 6.12796 6.54121 13.5804 16.0062 
135 4.3645 9.08057 10.9838 13.8262 26.5899 33.9821 
136 3.47293 7.34316 8.73385 9.86429 18.7057 26.0163 
137 0.784393 1.59406 1.90904 0.974542 2.52546 2.94487 
138 1.65209 3.52915 4.12663 2.33205 4.15055 5.03205 
139 0.116627 0.245708 0.293499 0.114286 0.210806 0.306044 
140 1.05071 2.26999 2.63657 0.803297 2.67711 2.21996 
141 2.41684 5.13354 6.07699 3.59542 6.48352 8.01154 
142 1.80199 3.91007 4.52425 2.50403 5.85366 6.71319 
143 0.105644 0.199827 0.266346 0 0 0 
144 1.12074 2.31713 2.82666 0.459707 1.31868 1.73993 
145 1.66671 3.42311 4.20367 1.68205 3.7707 4.437 
146 1.54981 3.29553 3.88191 1.85568 3.88388 4.44066 
147 0.865456 1.86302 2.16524 2.42875 5.5304 6.02564 
148 0.196105 0.384664 0.49616 0.0956044 0.114652 0.0952381 
149 3.03967 6.19351 7.65292 13.7064 29.3522 36.4441 
150 0.530626 1.15547 1.3335 0.764469 1.77894 1.56813 
151 0.192743 0.370825 0.489286 0 0 0 
152 4.26791 8.96848 10.7447 8.89524 17.3438 22.7974 
153 1.0787 2.22104 2.71705 1.5685 2.96337 3.00275 
154 3.30282 7.09856 8.28931 9.31447 17.1379 22.3641 
155 3.83058 7.91287 9.6207 10.6907 20.9269 23.5872 
156 0.291672 0.565769 0.739891 0 0 0 
157 1.9461 3.93434 4.87284 2.18022 4.7989 5.33571 
158 0.764142 1.62387 1.92101 0.460073 0.99359 1.01337 
159 3.32261 6.88728 8.38197 5.9304 11.2427 12.9668 
160 2.66284 5.70111 6.68625 7.41886 11.8758 15.985 
161 0.445118 0.860392 1.1296 0 0 0 
162 0.396442 0.798408 0.993396 0.21044 0.709158 0.420147 
163 3.81023 7.84275 9.61296 8.9119 19.5286 24.0985 
164 0.566438 1.11531 1.43483 0.420696 0.708059 0.554396 
165 1.75167 3.75163 4.40468 2.60092 5.31923 6.06172 
166 0.423651 0.786188 1.02361 0.0382784 0.057326 0.0763736 
167 2.5332 5.20929 6.31806 8.15073 14.6725 21.7421 
168 0.91103 1.83956 2.2709 1.85513 3.08168 3.72821 
169 2.32965 4.941 5.83232 3.71172 8.54689 8.66337 
170 0.119288 0.22615 0.301832 0 0 0 
171 0.215903 0.410276 0.548481 0 0 0 
172 3.91769 8.203 9.85654 3.27015 7.76758 8.0337 
173 0.51741 0.993105 1.31357 0 0.0190476 0.0763736 
174 1.72016 3.76063 4.31353 2.23864 5.33626 5.20092 
175 1.32626 2.7637 3.34344 1.18407 2.75128 2.98608 
176 1.4866 3.1964 3.72397 1.75934 3.8826 4.59505 
177 3.71431 7.75446 9.35912 9.21667 18.9681 24.3033 
178 0.51044 1.03533 1.28658 0.401832 1.10971 1.07143 
179 0.237321 0.499875 0.597951 0.114652 0.802015 0.343773 
180 1.67563 3.60531 4.21398 2.27546 4.24579 6.13718 
181 0.6389 1.30409 1.60825 0.286447 0.421612 0.363187 
182 3.41829 6.96812 8.63239 13.8273 33.8454 37.937 
183 2.41833 5.29698 6.06082 7.25183 14.6674 17.5736 
184 0.494103 1.02729 1.23638 0.248352 0.555311 0.343956 
185 0.760568 1.50379 1.92547 0.248718 0.610806 0.689011 
186 1.90568 4.01829 4.79118 3.42198 7.51758 8.16484 
187 0.0986061 0.187279 0.250357 0 0 0 
188 3.37949 6.9551 8.52565 7.43773 17.7275 20.3286 
189 0.817059 1.65222 2.04444 0.191575 0.612088 0.440659 
190 2.47252 5.10899 6.23229 3.46007 6.75421 9.27564 
191 3.19158 6.81782 8.02181 5.39432 13.0804 15.6465 
192 0.563932 1.14299 1.39878 0.362821 0.802381 0.860989 
193 1.14393 2.39108 2.8782 1.29927 2.38901 3.01923 
194 0.247331 0.520706 0.623211 0.114286 0.0956044 0.152747 
195 2.64936 5.78927 6.63959 8.037 16.8174 22.1209 
196 2.104 4.49654 5.27162 5.31447 13.3495 14.1295 
197 0.949436 2.08804 2.38077 0.401832 0.841392 0.879853 
198 4.04016 8.4144 10.1742 9.2956 17.4029 21.6905 
199 0.169009 0.331088 0.428382 0.0192308 0.0192308 0.0190476 
200 2.78712 6.04442 7.00102 5.72051 13.6782 14.4921 
201 0.834196 1.83993 2.09373 0.669231 2.3141 1.64322 
202 3.58261 7.59508 9.01458 8.1696 18.3551 22.5897 
203 1.13177 2.38683 2.83718 1.79725 4.34267 4.49524 
204 3.18067 6.65438 7.99861 7.19176 15.569 17.9762 
205 1.06884 2.2845 2.68252 1.05256 2.19908 2.7533 
206 1.55992 3.32736 3.9069 2.62271 5.41392 7.61355 
207 0.675479 1.46917 1.69152 0.764652 1.43535 1.54945 
208 0.271159 0.577157 0.681373 0.497253 1.35788 1.68242 
209 0.596482 1.18452 1.45289 0.306044 0.630952 0.879853 
210 4.0678 8.56166 10.2306 9.313 20.2355 24.1755 
211 2.48897 5.05141 6.22755 2.14212 5.9293 5.75788 
212 0.35993 0.73416 0.909452 0.0190476 0.0380952 0.0956044 
213 1.33734 2.83624 3.34744 0.821795 2.67766 2.58187 
214 0.608881 1.115 1.45058 0 0 0 
215 0.962026 2.11665 2.41252 1.22491 3.32656 3.15495 
216 1.22021 2.61053 3.03995 1.91337 4.20714 4.55256 
217 0.665753 1.31389 1.64899 0.324725 0.611905 0.593223 
218 0.822029 1.69622 2.07413 0.363187 1.31868 0.841941 
219 0.914462 1.95113 2.30141 1.76007 3.54029 3.69066 
220 1.60278 3.36308 3.97871 2.58278 6.52198 6.25586 
221 2.65538 5.80482 6.65564 6.79048 15.1121 17.0469 
222 0.106702 0.202671 0.270934 0 0 0 
223 1.50741 3.03244 3.81243 1.01429 2.77381 3.42344 
224 1.68948 3.65664 4.22437 1.58828 3.71282 4.23205 
225 2.75689 5.53287 6.97504 13.5789 27.5949 32.4581 
