0 591.656 661.371 
1 591.656 655.568 
2 591.656 660.756 
3 591.656 657.372 
4 591.656 657.612 
5 510.057 487.309 
6 510.057 482.555 
7 510.057 484.023 
8 510.057 486.674 
9 510.057 480.854 
10 591.656 658.179 
11 591.656 655.322 
12 591.656 657.826 
13 591.656 659.655 
14 591.656 658.777 
15 510.057 487.007 
16 510.057 487.707 
17 510.057 483.232 
18 510.057 491.048 
19 510.057 480.311 
20 591.656 655.924 
21 591.656 658.316 
22 591.656 660.134 
23 591.656 662.33 
24 591.656 653.651 
25 510.057 484.514 
26 510.057 489.569 
27 510.057 478.768 
28 510.057 484.364 
29 510.057 487.705 
30 591.656 654.712 
31 591.656 657.919 
32 591.656 661.386 
33 591.656 650.916 
34 591.656 652.631 
35 510.057 485.324 
36 510.057 492.429 
37 510.057 487.201 
38 510.057 485.448 
39 510.057 489.31 
40 591.656 658.653 
41 591.656 657.198 
42 591.656 656.669 
43 591.656 655.223 
44 591.656 660.397 
45 510.057 482.95 
46 510.057 485.826 
47 510.057 489.368 
48 510.057 482.722 
49 510.057 487.474 
50 510.057 486.38 
51 510.057 485.178 
52 510.057 483.458 
53 510.057 484.54 
54 510.057 488.643 
55 591.656 656.036 
56 591.656 660.67 
57 591.656 656.179 
58 591.656 654.269 
59 591.656 649.929 
60 510.057 488.225 
61 510.057 486.858 
62 510.057 482.588 
63 510.057 486.682 
64 510.057 489.664 
65 591.656 656.775 
66 591.656 655.46 
67 591.656 655.266 
68 591.656 659.419 
69 591.656 659.983 
70 510.057 488.397 
71 510.057 489.173 
72 510.057 485.36 
73 510.057 486.071 
74 510.057 489.163 
75 591.656 647.983 
76 591.656 662.982 
77 591.656 657.86 
78 591.656 655.283 
79 591.656 653.035 
80 510.057 482.465 
81 510.057 488.019 
82 510.057 482.263 
83 510.057 488.743 
84 510.057 485.539 
85 591.656 658.418 
86 591.656 660.982 
87 591.656 654.709 
88 591.656 657.333 
89 591.656 652.77 
90 510.057 485.535 
91 510.057 486.878 
92 510.057 485.101 
93 510.057 485.935 
94 510.057 483.566 
95 591.656 657.436 
96 591.656 666.246 
97 591.656 656.371 
98 591.656 651.6 
99 591.656 655.904 
