0 4.09062 3.09838 3.74106 29.0584 11.913 22.5159 
1 5.43055 3.83457 4.96338 142.584 57.3654 118.349 
2 5.79501 4.03992 5.30185 149.746 60.3172 124.707 
3 5.78277 4.03279 5.29099 149.379 59.6469 123.842 
4 6.09566 4.20474 5.56767 151.41 60.3185 125.414 
5 6.10266 4.20937 5.5761 151.873 60.7775 126.353 
6 6.46869 4.40331 5.91148 164.783 65.1042 136.025 
7 6.85302 4.61575 6.26535 176.332 70.3531 145.89 
8 5.80457 4.00878 5.278 67.8249 27.0462 54.9223 
9 5.80698 4.01306 5.28051 62.2337 25.3412 51.0555 
10 6.17436 4.21019 5.62181 60.9139 25.17 50.787 
11 5.77684 3.99757 5.25458 54.5736 22.8332 45.4797 
12 6.17841 4.22066 5.62419 62.5064 26.3564 53.0861 
13 6.64659 4.51198 6.0723 111.679 47.3711 93.8619 
14 6.29808 4.31017 5.73908 103.364 43.4075 86.3114 
15 6.66216 4.5059 6.0702 129.123 53.4031 108.352 
16 6.64588 4.49263 6.06505 135.227 55.491 112.967 
17 6.23024 4.28993 5.78365 136.568 56.2744 115.228 
18 6.20643 4.27798 5.76315 136.682 56.3317 115.459 
19 5.73739 4.03065 5.38088 123.652 50.6059 105.058 
20 5.28582 3.7554 4.94553 75.65 31.0485 64.8914 
21 5.70152 3.99909 5.34444 93.1066 38.9995 82.4537 
22 5.25058 3.75696 4.93159 63.2293 27.2597 56.0075 
23 4.66765 3.46762 4.42342 51.6278 22.4696 46.1044 
24 5.10556 3.68486 4.72363 61.8194 27.1647 52.7121 
25 5.55086 3.92422 5.14206 79.4784 34.7293 69.0914 
26 5.94936 4.1254 5.47307 82.7322 36.5885 71.5038 
27 5.50168 3.89185 5.10967 67.2921 30.0374 60.1082 
28 5.41241 3.83471 5.02374 47.289 21.3181 40.7073 
29 5.83487 4.05921 5.42289 54.3932 24.002 46.5493 
30 6.4281 4.35567 5.92831 58.5694 25.9372 49.8245 
31 6.43113 4.35599 5.93322 51.0593 22.6216 45.074 
32 6.501 4.40261 5.98413 53.8361 23.7145 43.8081 
33 6.52389 4.41657 5.98728 55.1044 23.7874 44.0176 
34 6.99802 4.66466 6.37322 61.3088 26.3548 49.5344 
35 7.06602 4.70236 6.44922 61.4841 26.0683 48.9031 
36 6.49471 4.42312 5.98436 54.3029 23.4051 43.941 
37 6.50886 4.42974 5.99608 62.0397 26.6218 50.7606 
38 6.56477 4.46637 6.04044 72.4582 30.4701 58.7478 
39 6.79154 4.60208 6.27763 102.25 42.7639 88.0313 
40 6.77879 4.59348 6.26308 99.9496 41.711 85.7509 
41 6.75233 4.57135 6.2435 104.127 42.8793 88.8507 
42 6.6726 4.52333 6.14862 108.59 44.7375 92.3344 
43 7.98238 5.21139 7.31857 135.683 54.9839 115.513 
44 7.58335 4.99362 6.96629 127.274 51.1546 108.177 
45 7.17919 4.79574 6.59856 116.052 46.8271 98.1418 
46 6.86832 4.60283 6.28088 68.4308 26.6234 55.7945 
47 7.07833 4.72767 6.50125 81.8564 32.6802 68.7234 
48 7.07894 4.72737 6.49818 83.0601 33.119 69.8778 
49 7.10264 4.73947 6.52169 80.0143 32.0648 68.0419 
50 6.40883 4.35775 5.83513 66.8863 26.6273 53.8648 
51 6.76594 4.54906 6.13305 79.3767 31.1864 62.1793 
52 7.08447 4.69191 6.41643 79.9908 31.3229 62.8493 
53 7.53619 4.96908 6.8602 88.1071 34.9597 70.5088 
54 7.38194 4.87318 6.68902 105.202 41.0469 82.1769 
55 7.37832 4.8707 6.68187 102.499 39.6509 78.8207 
56 8.26286 5.37562 7.56178 157.032 61.3337 128.552 
57 8.04593 5.25347 7.34732 150.514 59.4549 124.38 
58 8.48997 5.52777 7.7965 153.882 62.1379 128.96 
59 8.50283 5.53467 7.80849 153.153 62.0024 128.501 
60 7.4648 4.96496 6.85098 141.989 57.3678 118.236 
61 7.38756 4.92311 6.77669 111.678 45.415 94.2147 
62 7.2016 4.83517 6.60952 102.142 42.4643 87.3207 
63 5.78356 4.05662 5.25184 45.0593 19.672 35.6544 
64 5.94496 4.14307 5.41084 48.7623 20.8418 38.7016 
65 5.48093 3.85957 4.94747 34.4956 14.4231 27.1853 
66 5.4717 3.85349 4.93567 45.6606 18.6377 36.0529 
67 6.09317 4.16343 5.47441 61.0661 24.3639 46.8952 
68 6.16939 4.20252 5.55032 68.0951 26.7588 52.5275 
69 6.27433 4.24719 5.63719 67.9018 26.3958 52.0674 
70 6.71432 4.46493 6.04255 76.9835 30.2628 59.2507 
71 6.83783 4.54503 6.19059 68.5368 27.5985 53.1194 
72 6.91843 4.58737 6.26859 66.6967 26.5828 50.5141 
73 6.90097 4.57754 6.25109 55.1335 21.7174 40.3817 
74 7.29445 4.82363 6.64619 47.7954 19.4214 36.07 
75 7.61161 4.97356 6.97862 62.7381 24.7273 50.3364 
76 7.17517 4.75981 6.59641 61.5522 24.3046 49.2262 
77 7.20637 4.781 6.60314 64.0205 25.1689 50.1075 
78 7.16833 4.74791 6.53852 83.4187 32.4291 65.1212 
79 7.06235 4.69234 6.44058 90.4304 35.3425 72.1529 
80 7.06179 4.69324 6.44043 103.399 40.361 82.1515 
81 6.57017 4.39321 5.9519 112.301 43.6579 87.459 
82 6.13029 4.17691 5.49999 89.3542 35.5359 66.8703 
83 6.96202 4.58287 6.29199 104.638 41.4335 80.4104 
84 6.96289 4.58348 6.29391 96.9762 38.1016 75.3934 
85 6.82772 4.51296 6.17087 77.4044 30.3815 59.8819 
86 6.86997 4.53421 6.20558 71.8505 28.2537 55.0147 
87 6.82303 4.50815 6.16704 57.4231 22.8333 44.8808 
88 6.8449 4.52283 6.19214 60.0707 24.1923 50.0723 
89 7.05449 4.65986 6.36655 61.8141 24.7872 50.8762 
90 6.79421 4.5612 6.07063 50.1326 20.2703 39.9242 
91 7.03785 4.71999 6.27021 131.268 54.0947 99.9027 
92 7.03702 4.71705 6.26819 130.424 53.5775 99.1143 
93 6.99461 4.69879 6.23583 129.239 53.3269 97.9676 
94 7.21597 4.84222 6.41533 127.953 52.7515 96.5881 
95 7.17886 4.82241 6.38317 109.774 45.4321 80.5738 
96 6.99452 4.70368 6.23746 114.197 47.9808 85.9533 
97 6.50685 4.41693 5.81667 112.168 46.9462 84.6879 
98 6.34897 4.30783 5.7283 40.7861 17.2791 34.111 
99 6.71079 4.49639 6.06294 86.3353 34.4443 70.3716 
100 6.67215 4.46592 6.04587 83.9584 33.143 68.4353 
101 6.48031 4.34089 5.89219 88.4603 35.4013 72.4731 
102 6.67489 4.43564 6.07323 106.329 42.2802 87.4125 
103 6.82101 4.53307 6.19905 100.912 39.6368 85.0379 
104 7.16065 4.71585 6.49282 103.09 40.785 86.876 
105 7.07805 4.66822 6.38653 109.291 42.6015 90.5897 
106 6.73702 4.48985 6.06684 68.3971 27.5467 57.7403 
107 7.00637 4.66471 6.26742 72.3214 29.1925 60.9196 
108 6.98558 4.64658 6.24762 76.7648 30.4603 65.3683 
109 6.71989 4.50113 6.04357 66.441 26.4364 57.4009 
110 6.55136 4.38341 5.89178 68.3342 26.9712 55.3192 
111 6.61897 4.4219 5.95302 102.859 39.7057 82.4808 
112 6.57822 4.39357 5.91328 86.0026 33.328 68.3084 
113 6.51884 4.35525 5.90707 87.4738 33.633 70.1648 
114 6.52507 4.32539 5.9433 92.6051 35.4723 74.8015 
115 6.57311 4.35696 5.98766 91.1443 35.2216 72.7489 
116 6.78636 4.48399 6.1709 92.6771 35.7 73.8399 
117 6.93974 4.57232 6.3447 100.257 38.206 79.3718 
118 7.00658 4.61106 6.44334 69.0456 27.0233 56.5537 
119 7.68631 5.01219 7.15186 107.412 42.4423 93.4361 
120 7.95721 5.17819 7.42331 105.097 41.7119 93.363 
121 7.62087 5.00424 7.16668 97.5337 39.3938 89.1837 
122 7.69448 5.04464 7.26919 89.5524 36.0223 82.3656 
123 7.90907 5.15221 7.44758 95.067 38.0888 87.4429 
124 7.93831 5.16999 7.48128 106.069 42.613 98.7053 
125 7.42388 4.90535 7.01444 98.5626 39.1267 91.0084 
126 6.97578 4.6255 6.52697 65.1584 26.0275 59.5328 
127 7.14903 4.68478 6.68041 80.9427 32.0808 72.717 
128 7.41603 4.81936 6.87053 87.05 33.8046 74.998 
129 7.53147 4.88943 6.99916 121.252 46.4233 105.987 
130 7.36017 4.81268 6.89243 105.797 40.6604 92.7304 
131 7.34301 4.80347 6.88674 83.7874 32.4051 76.7167 
132 7.88947 5.0725 7.35394 89.0509 34.4189 81.006 
133 7.73223 4.99421 7.25039 84.5918 32.443 77.0408 
134 7.52126 4.91266 7.06189 71.5828 27.656 64.8696 
135 7.63734 4.9945 7.20776 118.993 46.5815 105.052 
136 7.04358 4.68216 6.64832 87.5844 35.2639 76.9359 
137 6.63828 4.44529 6.25745 90.6079 35.9716 78.9828 
138 6.42965 4.32656 6.07474 95.8555 37.4835 81.1683 
139 6.0537 4.1287 5.77438 92.7154 36.7914 79.7914 
140 6.18292 4.20993 5.9094 122.211 48.6692 107.289 
141 6.19813 4.21007 5.91718 123.98 49.3167 109.358 
142 6.1485 4.17989 5.88936 79.6082 31.7667 75.357 
143 6.35724 4.27271 6.08973 78.9978 31.424 74.4374 
144 6.1388 4.17173 5.85624 76.587 30.6189 72.2181 
145 5.90884 4.06382 5.63463 73.2322 29.8531 68.9218 
146 6.30922 4.2956 6.02597 97.907 39.1797 91.713 
147 5.91274 4.06584 5.64574 66.2247 26.191 62.0667 
148 5.53521 3.85912 5.28801 55.6289 21.8264 52.1057 
149 5.39666 3.78681 5.18002 44.7764 17.5214 41.3826 
150 5.49313 3.84568 5.29064 41.0425 15.8357 38.4919 
151 5.93362 4.09031 5.68468 45.7731 18.0773 42.6676 
152 6.27753 4.26012 5.97752 47.2696 18.0991 43.4971 
153 6.41287 4.35099 6.05718 18.8822 6.89597 16.6634 
154 6.04645 4.19539 661.384 15.6462 5.95751 14.0965 
155 5.76076 4.23562 1328.68 17.1211 9.3685 13.963 
156 5.21396 4.11752 1339.7 17.1218 11.9 11.2454 
157 4.83288 4.13955 1338.86 19.2661 16.4401 11.0352 
158 4.38381 4.07047 1338.04 15.0927 18.1641 5.57729 
159 3.8785 3.99789 1337.15 11.4736 20.8668 0.36337 
