0 0.0156649 0.0203893 0.024336 0 0 0 
1 0.0816388 0.105261 0.125313 0 0 0 
2 0.529411 0.959171 1.065 0.190659 0.363004 0.400733 
3 0.00541871 0.00405834 0.00367029 0 0 0 
4 0.230959 0.414384 0.539182 0 0 0 
5 0.122609 0.219374 0.285353 0 0 0 
6 0.044491 0.0598539 0.0722019 0 0 0 
7 0.91431 1.24392 1.50661 0 0 0 
8 1.93435 3.347 3.88322 0.515751 2.21575 1.31758 
9 3.27779 7.54228 8.59276 7.32179 18.7231 18.4755 
10 0.192445 0.323443 0.408424 0.0575092 0.172344 0.228938 
11 0.0035921 0.00483735 0.00583716 0 0 0 
12 0.0248727 0.0459785 0.0536227 0 0 0 
13 0.16198 0.288373 0.374582 0 0 0 
14 0.639022 1.55508 1.74339 1.31886 3.11868 3.71026 
15 3.16912 7.13272 7.98633 4.47253 9.23553 11.0498 
16 2.56157 5.22043 5.91347 1.64487 5.18315 4.64597 
17 4.30861 9.43583 10.8419 6.25495 15.5141 16.6042 
18 5.79993 12.7412 14.8697 5.87161 11.9559 13.8335 
19 6.06803 13.3967 15.6555 9.33278 22.6251 24.4458 
20 6.42354 13.0184 15.8759 5.00824 10.5319 11.6462 
21 3.33023 6.88252 8.45692 10.2837 26.1165 27.9738 
22 0.113364 0.173678 0.217606 0 0 0 
23 5.82575 13.0129 15.0487 8.31978 20.1597 21.9168 
24 4.01565 9.44904 10.4464 8.5859 20.7432 20.8839 
25 2.27257 4.37095 4.97698 1.30073 3.28828 3.67289 
26 2.01308 3.72918 4.23602 1.20366 2.69744 2.90586 
27 4.75666 9.80837 11.6545 9.54084 22.5852 24.2068 
28 6.74655 14.0896 16.8662 12.9855 28.3445 34.457 
29 2.04312 3.59903 4.1748 1.77802 5.2207 3.57582 
30 14.1825 28.3456 35.247 36.0685 84.8145 95.6833 
31 0.474701 0.859084 1.10037 0.171795 0.401465 0.726557 
32 2.08774 3.40112 4.36821 0 0 0 
33 6.00827 14.119 15.9606 12.869 27.587 31.8811 
34 7.05142 15.51 18.0994 10.8485 25.8392 29.4308 
35 6.22595 14.0112 16.1161 9.65769 20.1749 24.7425 
36 3.4103 5.78195 7.26121 0.21044 0.555128 0.478205 
37 6.15511 13.0083 15.3716 12.8921 28.3639 35.2641 
38 9.3882 20.9224 24.4696 25.8013 58.7053 70.3819 
39 12.7225 25.4553 31.455 18.0544 38.9747 50.0648 
40 17.9934 36.7242 45.304 43.4841 93.9584 113.2 
41 0.186569 0.376713 0.45953 0.15293 0.28663 0.43956 
42 2.41848 4.18363 5.38601 0.152747 0.496703 0.421245 
43 4.60844 10.0726 11.6187 6.63535 16.126 17.0625 
44 9.5063 21.0177 24.7014 18.7242 44.6315 50.9901 
45 9.13631 21.4676 24.5536 28.7302 59.38 70.5659 
46 9.32975 19.1053 23.1824 14.9357 30.2559 36.8907 
47 8.81782 18.7566 22.3564 19.046 39.3929 45.228 
48 13.2652 28.1412 33.8855 30.4603 62.0306 80.1022 
49 23.1758 48.3404 59.2056 55.3734 109.782 142.49 
50 10.0478 20.534 25.4378 57.7057 110.149 148.484 
51 0.264646 0.482321 0.637308 0 0 0 
52 0.144066 0.274065 0.33052 0 0 0.0576923 
53 1.31603 2.35596 2.8807 0.343956 1.09121 1.03223 
54 3.40929 6.67237 8.17428 2.02784 4.93278 6.063 
55 7.01047 15.5343 18.1402 8.83388 21.0987 23.7894 
56 12.3915 27.4804 32.4365 27.2755 53.1866 67.6245 
57 8.7907 18.4068 22.2825 15.7216 32.9985 39.7535 
58 20.1711 43.2557 52.1868 52.5251 107.614 139.062 
59 22.3006 46.1399 56.7226 41.4256 82.4654 105.998 
60 1.90635 3.81725 4.75651 1.7022 4.05403 4.36062 
61 0.0398234 0.0654857 0.0835119 0 0 0 
62 2.40648 4.34945 5.4151 0.458608 1.01282 1.08974 
63 3.37578 6.17736 7.85853 0.841758 2.23773 2.08352 
64 9.36049 20.0659 24.0953 14.7661 32.3612 35.1648 
65 19.8893 41.9283 51.0804 39.7412 83.9313 96.7253 
66 14.8371 30.8791 37.864 34.5945 72.6414 82.8504 
67 2.91389 6.29637 7.51229 4.45458 9.14524 11.3623 
68 0.0306418 0.0551372 0.0732758 0 0 0 
69 0.135626 0.292724 0.352338 0.0954212 0.114652 0.133516 
70 5.55587 11.705 14.2661 9.00824 18.8971 24.5749 
71 2.24438 4.26434 5.4199 0.994689 2.00714 2.50586 
72 9.86834 20.6801 25.1569 16.5648 32.365 41.3339 
73 0.884387 1.65259 2.13154 0.191209 0.172344 0.515568 
74 0.0860095 0.156036 0.204054 0 0 0 
75 0.631676 1.31383 1.58437 0 0.0190476 0.0192308 
