0 15.0912 9.03779 14.1513 0.382601 0.133883 0.344505 
1 15.1609 9.08088 14.2167 1.87418 0.689194 2.63956 
2 15.3038 9.17401 14.3488 16.9866 6.8163 18.4178 
3 15.438 9.25855 14.4692 17.1203 6.85476 18.5136 
4 15.725 9.43109 14.7398 17.1203 6.85476 18.5136 
5 16.0387 9.62052 15.0334 17.1203 6.85476 18.5136 
6 16.054 9.64519 15.0302 17.1203 6.85476 18.5136 
7 16.0483 9.64138 15.026 17.7529 6.98883 18.9158 
8 16.0315 9.6319 15.0125 26.2192 10.3385 25.2962 
9 15.9646 9.5885 14.9544 15.2033 5.78278 14.3641 
10 15.9659 9.59175 14.9592 31.4848 11.8734 29.343 
11 16.049 9.64018 15.0409 45.7377 17.8321 41.4676 
12 16.1931 9.72714 15.1787 71.6511 27.9267 65.372 
13 16.4877 9.90831 15.4564 83.0253 32.5018 75.328 
14 17.4274 10.4079 16.421 110.539 43.3368 101.258 
15 17.314 10.3353 16.3117 100.581 39.4319 92.5828 
16 17.2124 10.272 16.2138 122.115 47.7251 110.596 
17 17.1114 10.2072 16.1218 127.304 50.7126 116.473 
18 17.013 10.1409 16.0364 116.709 45.9612 107.489 
19 17.0083 10.1329 16.0365 98.763 39.3718 91.4806 
20 17.0677 10.1632 16.0966 112.131 44.4658 104.258 
21 16.5209 9.91881 15.4766 115.524 45.6214 103.705 
22 16.9931 10.2257 15.8969 120.1 47.8033 109.604 
23 17.4527 10.5238 16.3036 187.79 74.6925 169.532 
24 17.6465 10.6552 16.4601 166.358 65.6333 148.734 
25 17.371 10.4799 16.2039 162.7 64.4262 145.594 
26 17.0772 10.2923 15.939 181.026 71.8559 161.36 
27 16.8089 10.1225 15.7008 175.778 70.5218 157.189 
28 16.745 10.0763 15.6518 164.863 66.3835 148.648 
29 16.6756 10.0248 15.5932 160.402 64.2592 142.978 
30 16.7296 10.0526 15.6425 100.675 40.55 88.1385 
31 19.6627 11.8651 18.2111 170.18 66.8352 145.947 
32 20.315 12.2822 18.7905 220.16 85.683 185.723 
33 23.7775 14.4676 21.8136 302.438 117.95 251.873 
34 23.9688 14.5974 21.967 283.288 109.768 233.58 
35 23.4597 14.276 21.4969 263.085 101.897 216.857 
36 22.9497 13.9525 21.0314 286.342 110.842 237.068 
37 24.9753 15.1983 22.8381 310.726 119.285 259.488 
38 24.3135 14.7864 22.2983 311.619 122.328 259.41 
39 24.2316 14.7356 22.2372 287.339 114.837 242.445 
40 21.4034 12.9553 19.7741 223.527 89.8474 189.958 
41 21.8562 13.2316 20.174 297.783 118.981 247.999 
42 25.2634 15.3855 23.1567 430.96 174.189 352.412 
43 27.3935 16.7694 24.8487 546.498 222.1 436.355 
44 26.6404 16.3612 23.9652 488.138 200.478 385.642 
45 23.8857 14.6421 21.5022 417.664 171.131 327.778 
46 23.0948 14.138 20.7696 395.203 161.019 307.955 
47 21.9946 13.4412 19.7549 361.706 146.79 279.936 
48 23.7893 14.5471 21.3644 316.004 128.361 247.775 
49 23.221 14.1757 20.8983 260.142 104.742 204.223 
50 23.1021 13.9959 20.984 165.966 65.9883 136.931 
51 24.3265 14.7359 22.2306 302.567 119.769 243.999 
52 27.5637 16.7884 25.066 405.726 161.757 323.25 
53 29.7306 18.1945 26.8093 407.256 162.638 324.59 
54 29.6368 18.1397 26.7211 395.993 158.654 315.283 
55 26.415 16.143 23.8023 369.564 148.927 290.819 
56 22.9445 13.9786 20.6785 297.228 119.523 234.555 
57 23.8706 14.6329 21.4858 289.663 117.438 230.798 
58 23.7566 14.5655 21.3942 250.703 105.562 208.333 
59 23.6178 14.4823 21.2827 232.144 100.238 203.077 
60 24.5027 15.0116 22.2174 238.045 102.442 207.427 
61 23.2256 14.3982 21.0529 238.045 102.442 207.427 
62 23.0993 14.3233 20.9348 235.575 101.311 205.742 
63 26.6292 16.5427 24.0914 231.228 99.3176 201.703 
64 26.626 16.5405 24.0839 222.581 94.2167 191.318 
65 22.5765 14.0157 20.3399 129.27 53.902 110.105 
66 22.3854 13.893 20.1519 87.365 34.6698 69.3332 
67 18.6391 11.5452 16.6752 77.2319 30.5703 60.846 
68 19.4825 11.902 17.2917 77.2319 30.5703 60.846 
69 19.3611 11.8268 17.0367 77.2511 30.5703 60.865 
70 15.764 10.8558 -155193 76.1982 30.2641 59.7918 
71 12.1266 9.87442 -367674 47.8093 19.6342 36.8419 
72 12.4383 11.3661 -519413 43.4799 18.0438 33.4526 
73 8.79575 10.2767 -750524 0.688645 0.574176 0.210623 
74 8.85361 11.4717 -992188 0.153114 0.344505 0.0190476 
75 8.96706 12.8151 -1.17068e+06 0.153114 0.344505 0.0190476 
