0 0 0.1 0 0.06371934201057214
0 1 0.5 0.95 0.5316109249735697
0 2 0.1 0 0.06371934201057214
0 3 0.5 0.6 0.5131806812498558
0 4 0.1 0.05 0.08193718431765104
0 5 0.5 0.55 0.510443870332149
0 6 0.1 0.05 0.08193718431765104
0 7 0.5 0.5 0.5076788260693177
0 8 0.1 0.05 0.08193718431765104
0 9 0.5 0.6 0.5131806812498558
0 10 0.1 0.2 0.11526664156432923
0 11 0.5 0.5 0.5076788260693177
0 12 0.1 0.15 0.10582585251811275
0 13 0.5 0.5 0.5076788260693177
0 14 0.1 0.05 0.08193718431765104
0 15 0.5 0.6 0.5131806812498558
0 16 0.1 0.1 0.09505465150556461
0 17 0.5 0.5 0.5076788260693177
0 18 0.1 0.2 0.11526664156432923
0 19 0.5 0.35 0.4992055026415164
0 20 0.1 0.15 0.10582585251811275
0 21 0.5 0.65 0.5158900677912014
0 22 0.1 0.1 0.09505465150556461
0 23 0.5 0.4 0.5020605721347703
0 24 0.1 0.15 0.10582585251811275
0 25 0.5 0.5 0.5076788260693177
0 26 0.1 0.2 0.11526664156432923
0 27 0.5 0.35 0.4992055026415164
