0 0 0.1 0 0.001
0 1 0.5 0 0.3151372311429312
0 2 0.1 0 0.001
0 3 0.5 0.5 0.32885605785560146
0 4 0.1 0 0.001
0 5 0.5 0 0.3151372311429312
0 6 0.1 0 0.001
0 7 0.5 0.5 0.32885605785560146
0 8 0.1 0 0.001
0 9 0.5 0 0.3151372311429312
0 10 0.1 0 0.001
0 11 0.5 1 0.34153662036784355
0 12 0.1 0 0.001
0 13 0.5 1 0.34153662036784355
0 14 0.1 0 0.001
0 15 0.5 0.5 0.32885605785560146
0 16 0.1 0.5 0.06666483700488995
0 17 0.5 0.5 0.32885605785560146
0 18 0.1 0 0.001
0 19 0.5 0 0.3151372311429312
0 20 0.1 0 0.001
0 21 0.5 1 0.34153662036784355
0 22 0.1 0 0.001
0 23 0.5 0 0.3151372311429312
0 24 0.1 0 0.001
0 25 0.5 1 0.34153662036784355
0 26 0.1 0 0.001
0 27 0.5 0.5 0.32885605785560146
