0 0 0.1 0.1 0.07142812788722874
0 1 0.5 0.85 0.5865545915106245
0 2 0.1 0.1 0.12854520045313464
0 3 0.5 0.45 0.4122486545494292
0 4 0.1 0.1 0.07142812788722874
0 5 0.5 0.65 0.5769125516621164
0 6 0.1 0.15 0.1377909447566888
0 7 0.5 0.5 0.4155779357464635
0 8 0.1 0.1 0.07142812788722874
0 9 0.5 0.55 0.5719743709497886
0 10 0.1 0.15 0.1377909447566888
0 11 0.5 0.55 0.41885858221687505
0 12 0.1 0 0.02976297941782244
0 13 0.5 0.4 0.5644093977253516
0 14 0.1 0.15 0.1377909447566888
0 15 0.5 0.3 0.40194576799241766
0 16 0.1 0.1 0.07142812788722874
0 17 0.5 0.5 0.5694742774498575
0 18 0.1 0.15 0.1377909447566888
0 19 0.5 0.5 0.4155779357464635
0 20 0.1 0.1 0.07142812788722874
0 21 0.5 0.7 0.5793516474332304
0 22 0.1 0.15 0.1377909447566888
0 23 0.5 0.35 0.40543507937350015
0 24 0.1 0 0.02976297941782244
0 25 0.5 0.8 0.5841722208952841
0 26 0.1 0.1 0.12854520045313464
0 27 0.5 0.35 0.40543507937350015
