0 0 0.5 0.5 0.2056353346847426
0 1 0.1 0 0.05809832123828397
0 2 0.5 0 0.18375149759097292
0 3 0.1 0.5 0.10182042502046341
0 4 0.5 0 0.18375149759097292
0 5 0.1 0 0.05809832123828397
0 6 0.5 0.5 0.2056353346847426
0 7 0.1 0 0.05809832123828397
0 8 0.5 0.5 0.2056353346847426
0 9 0.1 0 0.05809832123828397
0 10 0.5 0 0.18375149759097292
0 11 0.1 0 0.05809832123828397
0 12 0.5 0 0.18375149759097292
0 13 0.1 0 0.05809832123828397
0 14 0.5 0 0.18375149759097292
0 15 0.1 0 0.05809832123828397
0 16 0.5 0 0.18375149759097292
0 17 0.1 0.5 0.10182042502046341
0 18 0.5 0 0.18375149759097292
0 19 0.1 0.5 0.10182042502046341
0 20 0.5 0 0.18375149759097292
0 21 0.1 0 0.05809832123828397
0 22 0.5 0.5 0.2056353346847426
0 23 0.1 0 0.05809832123828397
0 24 0.5 1 0.22390263509890543
0 25 0.1 0 0.05809832123828397
0 26 0.5 0.5 0.2056353346847426
0 27 0.1 0 0.05809832123828397
