0 0 0.1 0.04 0.0794981421548795
0 1 0.5 0.53 0.48185553512669055
0 2 0.1 0.1 0.10010924965300738
0 3 0.5 0.41 0.4800391448768003
0 4 0.1 0.12 0.09800968318823719
0 5 0.5 0.45 0.47781450249571783
0 6 0.1 0.13 0.10578956920853642
0 7 0.5 0.68 0.4934307360294704
0 8 0.1 0.08 0.08966240617431769
0 9 0.5 0.55 0.4828557908814123
0 10 0.1 0.13 0.10578956920853642
0 11 0.5 0.5 0.48458130038606256
0 12 0.1 0.13 0.09967827121639236
0 13 0.5 0.45 0.47781450249571783
0 14 0.1 0.13 0.10578956920853642
0 15 0.5 0.52 0.4855797043926166
0 16 0.1 0.14 0.10109107575554188
0 17 0.5 0.52 0.48135392774214314
0 18 0.1 0.09 0.09803414957968064
0 19 0.5 0.47 0.48307630826111864
0 20 0.1 0.07 0.08725038649485288
0 21 0.5 0.46 0.47832319593299033
0 22 0.1 0.05 0.08887282598873682
0 23 0.5 0.47 0.48307630826111864
0 24 0.1 0.08 0.08966240617431769
0 25 0.5 0.52 0.48135392774214314
0 26 0.1 0.08 0.09587858157171773
0 27 0.5 0.47 0.48307630826111864
