0 0 0.1 0 0.001
0 1 0.5 0 0.504332825424439
0 2 0.1 0.5 0.13931006011219704
0 3 0.5 0.5 0.09070018081340034
0 4 0.1 0 0.001
0 5 0.5 0 0.504332825424439
0 6 0.1 0 0.07505252739341217
0 7 0.5 0 0.001
0 8 0.1 0 0.001
0 9 0.5 1 0.5378985985266592
0 10 0.1 0.5 0.13931006011219704
0 11 0.5 0 0.001
0 12 0.1 0 0.001
0 13 0.5 1 0.5378985985266592
0 14 0.1 0 0.07505252739341217
0 15 0.5 0 0.001
0 16 0.1 0 0.001
0 17 0.5 1 0.5378985985266592
0 18 0.1 0 0.07505252739341217
0 19 0.5 0 0.001
0 20 0.1 0.5 0.09070018081340034
0 21 0.5 1 0.5378985985266592
0 22 0.1 0 0.07505252739341217
0 23 0.5 0 0.001
0 24 0.1 0 0.001
0 25 0.5 1 0.5378985985266592
0 26 0.1 0 0.07505252739341217
0 27 0.5 0 0.001
