0 0 0.5 0.6 0.4960680723967205
0 1 0.1 0 0.044333669813044416
0 2 0.5 0.25 0.47565054411676955
0 3 0.1 0.05 0.06689215538136972
0 4 0.5 0.8 0.5070524039787561
0 5 0.1 0.15 0.09248061581928152
0 6 0.5 0.5 0.49039952165895767
0 7 0.1 0.15 0.09248061581928152
0 8 0.5 0.6 0.4960680723967205
0 9 0.1 0.2 0.10242348515282997
0 10 0.5 0.45 0.4875179111016161
0 11 0.1 0.1 0.08090101455163506
0 12 0.5 0.5 0.49039952165895767
0 13 0.1 0.05 0.06689215538136972
0 14 0.5 0.45 0.4875179111016161
0 15 0.1 0.1 0.08090101455163506
0 16 0.5 0.5 0.49039952165895767
0 17 0.1 0.1 0.08090101455163506
0 18 0.5 0.4 0.4846033622460356
0 19 0.1 0.15 0.09248061581928152
0 20 0.5 0.85 0.5097298378218067
0 21 0.1 0 0.044333669813044416
0 22 0.5 0.35 0.48165475794028334
0 23 0.1 0 0.044333669813044416
0 24 0.5 0.45 0.4875179111016161
0 25 0.1 0.1 0.08090101455163506
0 26 0.5 0.55 0.4932492451019209
0 27 0.1 0.05 0.06689215538136972
