0 0 0.5 0.45 0.43374253368440524
0 1 0.1 0.08 0.08741009903960942
0 2 0.5 0.47 0.46347231501387465
0 3 0.1 0.09 0.09070764971712972
0 4 0.5 0.42 0.4320713501054938
0 5 0.1 0.12 0.09527884618721813
0 6 0.5 0.44 0.4619008694521298
0 7 0.1 0.1 0.09281605964929926
0 8 0.5 0.51 0.43704891376425276
0 9 0.1 0.07 0.08499458219029288
0 10 0.5 0.5 0.46503370008436895
0 11 0.1 0.11 0.09475969733551609
0 12 0.5 0.47 0.4348499278066952
0 13 0.1 0.08 0.08741009903960942
0 14 0.5 0.48 0.46399388497724986
0 15 0.1 0.06 0.08354609743034275
0 16 0.5 0.47 0.4348499278066952
0 17 0.1 0.12 0.09527884618721813
0 18 0.5 0.5 0.46503370008436895
0 19 0.1 0.07 0.08606320506716245
0 20 0.5 0.37 0.429258462939227
0 21 0.1 0.08 0.08741009903960942
0 22 0.5 0.41 0.46031916609769796
0 23 0.1 0.1 0.09281605964929926
0 24 0.5 0.42 0.4320713501054938
0 25 0.1 0.08 0.08741009903960942
0 26 0.5 0.55 0.46761416788721916
0 27 0.1 0.11 0.09475969733551609
