0 0 0.1 0.084 0.09407240820292195
0 1 0.5 0.464 0.4867633274443265
0 2 0.1 0.088 0.09611686612903836
0 3 0.5 0.5 0.48926335147407907
0 4 0.1 0.109 0.10250867745370687
0 5 0.5 0.51 0.4900357377350104
0 6 0.1 0.091 0.09772058634887938
0 7 0.5 0.486 0.48823818203102654
0 8 0.1 0.106 0.10103278711192065
0 9 0.5 0.474 0.48749838971344783
0 10 0.1 0.091 0.0968467943148636
0 11 0.5 0.478 0.48787017626614737
0 12 0.1 0.093 0.09770355611007304
0 13 0.5 0.503 0.48945959952964996
0 14 0.1 0.104 0.10050479041185026
0 15 0.5 0.494 0.4890970793548052
0 16 0.1 0.107 0.10161277463620197
0 17 0.5 0.495 0.48930297303509396
0 18 0.1 0.104 0.10054938430771038
0 19 0.5 0.484 0.48817858841004735
0 20 0.1 0.111 0.10263175769105402
0 21 0.5 0.456 0.48624820080711606
0 22 0.1 0.101 0.09999817840599107
0 23 0.5 0.506 0.48973846882857075
0 24 0.1 0.115 0.10364477130838302
0 25 0.5 0.512 0.49031838086704627
0 26 0.1 0.094 0.09808700796038412
0 27 0.5 0.508 0.49008570370766813
