0 0 0.5 0.5 0.4549583354839535
0 1 0.1 0.05 0.08818896896764081
0 2 0.5 0.85 0.4984572929109138
0 3 0.1 0 0.04942912699769832
0 4 0.5 0.45 0.4518780329105459
0 5 0.1 0.2 0.12064839100644048
0 6 0.5 0.4 0.47279360820644356
0 7 0.1 0.1 0.08460571477587217
0 8 0.5 0.5 0.4549583354839535
0 9 0.1 0.05 0.08818896896764081
0 10 0.5 0.5 0.47872160481717885
0 11 0.1 0.1 0.08460571477587217
0 12 0.5 0.4 0.4487575507701909
0 13 0.1 0.1 0.10083156136911646
0 14 0.5 0.3 0.4667198666663257
0 15 0.1 0.1 0.08460571477587217
0 16 0.5 0.5 0.4549583354839535
0 17 0.1 0.2 0.12064839100644048
0 18 0.5 0.65 0.4873619905376085
0 19 0.1 0.15 0.0959537361646705
0 20 0.5 0.6 0.46100437537791333
0 21 0.1 0.1 0.10083156136911646
0 22 0.5 0.6 0.4845139000723023
0 23 0.1 0.05 0.07052994991103415
0 24 0.5 0.4 0.4487575507701909
0 25 0.1 0.05 0.08818896896764081
0 26 0.5 0.3 0.4667198666663257
0 27 0.1 0.1 0.08460571477587217
