0 0 0 0 0.000468165
0 0 0 1 2.55759e-05
0 0 0 2 0.000120984
0 0 0 3 0.00593804
0 0 1 0 0.000468165
0 0 1 1 0.000730056
0 0 1 2 0.000120983
0 0 1 3 0.00529464
0 0 2 0 0.000468165
0 0 2 1 0.00533267
0 0 2 2 0.000120983
0 0 2 3 0.00480868
0 0 3 0 0.000468165
0 0 3 1 2.54806e-05
0 0 3 2 0.000120989
0 0 3 3 0.00566961
0 0 4 0 0.000468165
0 0 4 1 0.00524904
0 0 4 2 0.000120982
0 0 4 3 0.00386727
0 0 5 0 0.000468165
0 0 5 1 0.000915916
0 0 5 2 0.000120983
0 0 5 3 0.00435032
0 0 6 0 0.000468165
0 0 6 1 0.00303288
0 0 6 2 0.000120988
0 0 6 3 0.00445305
0 0 7 0 0.000468165
0 0 7 1 0.00320339
0 0 7 2 0.000120983
0 0 7 3 0.0027445
0 0 8 0 0.000468165
0 0 8 1 0.000784585
0 0 8 2 0.000120996
0 0 8 3 0.00360564
0 0 9 0 0.000468165
0 0 9 1 0.000529421
0 0 9 2 0.000120981
0 0 9 3 0.00291889
0 0 10 0 0.000468165
0 0 10 1 0.00108045
0 0 10 2 0.000120987
0 0 10 3 0.00249243
0 0 11 0 0.000468165
0 0 11 1 0.00324576
0 0 11 2 0.000120984
0 0 11 3 0.00196548
0 0 12 0 0.000468165
0 0 12 1 0.00278088
0 0 12 2 0.000120983
0 0 12 3 0.00213284
0 0 13 0 0.000468165
0 0 13 1 0.00248891
0 0 13 2 0.000120993
0 0 13 3 0.00144393
0 0 14 0 0.000468165
0 0 14 1 0.00121683
0 0 14 2 0.000120979
0 0 14 3 0.00158024
0 0 15 0 0.000468165
0 0 15 1 0.00153603
0 0 15 2 0.000120981
0 0 15 3 0.00199804
0 0 16 0 0.000468165
0 0 16 1 0.00475663
0 0 16 2 0.000120999
0 0 16 3 0.00188937
0 0 17 0 0.000468165
0 0 17 1 0.0025943
0 0 17 2 0.000120984
0 0 17 3 0.00307078
0 0 18 0 0.000468165
0 0 18 1 0.00349615
0 0 18 2 0.000120985
0 0 18 3 0.00399271
0 0 19 0 0.000468165
0 0 19 1 0.00677267
0 0 19 2 0.000120983
0 0 19 3 0.00402043
0 0 20 0 0.000468165
0 0 20 1 0.0100364
0 0 20 2 0.000120985
0 0 20 3 0.00535869
0 0 21 0 0.000468165
0 0 21 1 0.00973785
0 0 21 2 0.000120984
0 0 21 3 0.00609838
0 0 22 0 0.000468165
0 0 22 1 0.00903456
0 0 22 2 0.000120983
0 0 22 3 0.0064011
0 0 23 0 0.000468165
0 0 23 1 0.0106266
0 0 23 2 0.000120986
0 0 23 3 0.00781183
0 0 24 0 0.000468165
0 0 24 1 0.00980539
0 0 24 2 0.000120982
0 0 24 3 0.00872188
0 0 25 0 0.000468165
0 0 25 1 0.0106897
0 0 25 2 0.000120986
0 0 25 3 0.00938794
0 0 26 0 0.000468165
0 0 26 1 0.0134236
0 0 26 2 0.000120985
0 0 26 3 0.00920338
0 0 27 0 0.000468165
0 0 27 1 0.00754354
0 0 27 2 0.000120981
0 0 27 3 0.0100587
0 0 28 0 0.000468165
0 0 28 1 0.0126668
0 0 28 2 0.000121012
0 0 28 3 0.00906636
0 0 29 0 0.000468165
0 0 29 1 0.00946711
0 0 29 2 0.000120982
0 0 29 3 0.00760971
0 0 30 0 0.000468165
0 0 30 1 0.0100078
0 0 30 2 0.000120984
0 0 30 3 0.00794189
0 0 31 0 0.000468165
0 0 31 1 0.00992776
0 0 31 2 0.000120985
0 0 31 3 0.0079961
0 0 32 0 0.000468165
0 0 32 1 0.00917521
0 0 32 2 0.000120984
0 0 32 3 0.00819642
0 0 33 0 0.000468165
0 0 33 1 0.00569946
0 0 33 2 0.000120986
0 0 33 3 0.00825212
0 0 34 0 0.000468165
0 0 34 1 0.0111497
0 0 34 2 0.000120983
0 0 34 3 0.00748322
0 0 35 0 0.000468165
0 0 35 1 0.0104485
0 0 35 2 0.000120982
0 0 35 3 0.00677825
0 0 36 0 0.000468165
0 0 36 1 0.00927581
0 0 36 2 0.000120981
0 0 36 3 0.00688515
0 0 37 0 0.000468165
0 0 37 1 0.00874185
0 0 37 2 0.00012098
0 0 37 3 0.00567503
0 0 38 0 0.000468165
0 0 38 1 0.0078914
0 0 38 2 0.000120986
0 0 38 3 0.00594821
0 0 39 0 0.000468165
0 0 39 1 0.00550633
0 0 39 2 0.000120982
0 0 39 3 0.00604083
0 0 40 0 0.000468165
0 0 40 1 0.00606931
0 0 40 2 0.000120985
0 0 40 3 0.00558372
0 0 41 0 0.000468165
0 0 41 1 0.00595077
0 0 41 2 0.000120983
0 0 41 3 0.00587951
0 0 42 0 0.000468165
0 0 42 1 0.00182941
0 0 42 2 0.000120982
0 0 42 3 0.00639389
0 0 43 0 0.000468165
0 0 43 1 0.00947367
0 0 43 2 0.000120985
0 0 43 3 0.00489347
0 0 44 0 0.000468165
0 0 44 1 0.00597396
0 0 44 2 0.000120982
0 0 44 3 0.00633546
0 0 45 0 0.000468165
0 0 45 1 0.00313083
0 0 45 2 0.000120981
0 0 45 3 0.00660908
0 0 46 0 0.000468165
0 0 46 1 0.00180157
0 0 46 2 0.000120982
0 0 46 3 0.00524026
0 0 47 0 0.000468165
0 0 47 1 0.00369088
0 0 47 2 0.000120985
0 0 47 3 0.00531207
0 1 0 0 0.000468165
0 1 0 1 0.00458305
0 1 0 2 0.000121534
0 1 0 3 0.0044716
0 1 1 0 0.000468165
0 1 1 1 0.00365511
0 1 1 2 0.000120982
0 1 1 3 0.00494331
0 1 2 0 0.000468165
0 1 2 1 0.0038691
0 1 2 2 0.000120986
0 1 2 3 0.00374631
0 1 3 0 0.000468165
0 1 3 1 0.00245101
0 1 3 2 0.00012099
0 1 3 3 0.00414104
0 1 4 0 0.000468165
0 1 4 1 0.00117575
0 1 4 2 0.000120986
0 1 4 3 0.00333297
0 1 5 0 0.000468165
0 1 5 1 0.00081766
0 1 5 2 0.000120996
0 1 5 3 0.00384648
0 1 6 0 0.000468165
0 1 6 1 0.00328224
0 1 6 2 0.000120982
0 1 6 3 0.00217054
0 1 7 0 0.000468165
0 1 7 1 0.00247958
0 1 7 2 0.000120988
0 1 7 3 0.00210433
0 1 8 0 0.000468165
0 1 8 1 0.00270791
0 1 8 2 0.000121007
0 1 8 3 0.00180431
0 1 9 0 0.000468165
0 1 9 1 0.00187953
0 1 9 2 0.000120989
0 1 9 3 0.001796
0 1 10 0 0.000468165
0 1 10 1 0.000489725
0 1 10 2 0.00012098
0 1 10 3 0.0019705
0 1 11 0 0.000468165
0 1 11 1 0.0017937
0 1 11 2 0.00012099
0 1 11 3 0.00163852
0 1 12 0 0.000468165
0 1 12 1 0.000367843
0 1 12 2 0.00012098
0 1 12 3 0.00193632
0 1 13 0 0.000468165
0 1 13 1 0.0024816
0 1 13 2 0.000120983
0 1 13 3 0.00105697
0 1 14 0 0.000468165
0 1 14 1 0.000561005
0 1 14 2 0.000120985
0 1 14 3 0.00195143
0 1 15 0 0.000468165
0 1 15 1 0.000741484
0 1 15 2 0.000120991
0 1 15 3 0.00148472
0 1 16 0 0.000468165
0 1 16 1 0.00199547
0 1 16 2 0.000121011
0 1 16 3 0.00196027
0 1 17 0 0.000468165
0 1 17 1 0.00495473
0 1 17 2 0.000120981
0 1 17 3 0.00189311
0 1 18 0 0.000468165
0 1 18 1 0.00459584
0 1 18 2 0.000120982
0 1 18 3 0.00286757
0 1 19 0 0.000468165
0 1 19 1 0.00613902
0 1 19 2 0.000120983
0 1 19 3 0.00443888
0 1 20 0 0.000468165
0 1 20 1 0.0105392
0 1 20 2 0.000121075
0 1 20 3 0.00450025
0 1 21 0 0.000468165
0 1 21 1 0.00787905
0 1 21 2 0.000120983
0 1 21 3 0.00571088
0 1 22 0 0.000468165
0 1 22 1 0.0097947
0 1 22 2 0.000120983
0 1 22 3 0.00602037
0 1 23 0 0.000468165
0 1 23 1 0.00657127
0 1 23 2 0.000120984
0 1 23 3 0.00998268
0 1 24 0 0.000468165
0 1 24 1 0.0127113
0 1 24 2 0.000120984
0 1 24 3 0.00809521
0 1 25 0 0.000468165
0 1 25 1 0.00531892
0 1 25 2 0.000120982
0 1 25 3 0.0108822
0 1 26 0 0.000468165
0 1 26 1 0.00977209
0 1 26 2 0.000120984
0 1 26 3 0.010662
0 1 27 0 0.000468165
0 1 27 1 0.00958767
0 1 27 2 0.000120981
0 1 27 3 0.0107555
0 1 28 0 0.000468165
0 1 28 1 0.00876847
0 1 28 2 0.000120983
0 1 28 3 0.0100405
0 1 29 0 0.000468165
0 1 29 1 0.00736511
0 1 29 2 0.000120986
0 1 29 3 0.010447
0 1 30 0 0.000468165
0 1 30 1 0.00777701
0 1 30 2 0.000120984
0 1 30 3 0.00943546
0 1 31 0 0.000468165
0 1 31 1 0.0105353
0 1 31 2 0.000120982
0 1 31 3 0.00906172
0 1 32 0 0.000468165
0 1 32 1 0.0102343
0 1 32 2 0.000120985
0 1 32 3 0.00770445
0 1 33 0 0.000468165
0 1 33 1 0.00828684
0 1 33 2 0.000120983
0 1 33 3 0.00837994
0 1 34 0 0.000468165
0 1 34 1 0.00836732
0 1 34 2 0.000120981
0 1 34 3 0.00707271
0 1 35 0 0.000468165
0 1 35 1 0.00914187
0 1 35 2 0.000120982
0 1 35 3 0.00669717
0 1 36 0 0.000468165
0 1 36 1 0.00773342
0 1 36 2 0.000120981
0 1 36 3 0.00611851
0 1 37 0 0.000468165
0 1 37 1 0.013871
0 1 37 2 0.000120982
0 1 37 3 0.005368
0 1 38 0 0.000468165
0 1 38 1 0.0103374
0 1 38 2 0.000120982
0 1 38 3 0.00634157
0 1 39 0 0.000468165
0 1 39 1 0.00330607
0 1 39 2 0.000120982
0 1 39 3 0.00744501
0 1 40 0 0.000468165
0 1 40 1 0.00722202
0 1 40 2 0.000120984
0 1 40 3 0.00650847
0 1 41 0 0.000468165
0 1 41 1 0.00845745
0 1 41 2 0.000120982
0 1 41 3 0.00632556
0 1 42 0 0.000468165
0 1 42 1 0.00692651
0 1 42 2 0.0010183
0 1 42 3 0.00628637
0 1 43 0 0.000468165
0 1 43 1 0.00877085
0 1 43 2 0.000120988
0 1 43 3 0.00575206
0 1 44 0 0.000468165
0 1 44 1 0.00599317
0 1 44 2 0.000120982
0 1 44 3 0.00545759
0 1 45 0 0.000468165
0 1 45 1 0.00324585
0 1 45 2 0.000120983
0 1 45 3 0.00562582
0 1 46 0 0.000468165
0 1 46 1 0.00622747
0 1 46 2 0.00012098
0 1 46 3 0.00433872
0 1 47 0 0.000468165
0 1 47 1 0.00536673
0 1 47 2 0.000120983
0 1 47 3 0.00431659
0 2 0 0 0.000468165
0 2 0 1 0.00170825
0 2 0 2 0.000120986
0 2 0 3 0.00433561
0 2 1 0 0.000468165
0 2 1 1 0.00341452
0 2 1 2 0.000120984
0 2 1 3 0.00415671
0 2 2 0 0.000468165
0 2 2 1 0.00251927
0 2 2 2 0.000120981
0 2 2 3 0.00330385
0 2 3 0 0.000468165
0 2 3 1 0.00255241
0 2 3 2 0.000120981
0 2 3 3 0.00356193
0 2 4 0 0.000468165
0 2 4 1 0.00185115
0 2 4 2 0.000120982
0 2 4 3 0.00316395
0 2 5 0 0.000468165
0 2 5 1 0.00136804
0 2 5 2 0.000120985
0 2 5 3 0.00252139
0 2 6 0 0.000468165
0 2 6 1 0.000958463
0 2 6 2 0.00012098
0 2 6 3 0.00249767
0 2 7 0 0.000468165
0 2 7 1 2.57761e-05
0 2 7 2 0.000121
0 2 7 3 0.00193382
0 2 8 0 0.000468165
0 2 8 1 0.000405788
0 2 8 2 0.000120982
0 2 8 3 0.00204718
0 2 9 0 0.000468165
0 2 9 1 0.00169842
0 2 9 2 0.000121
0 2 9 3 0.00155042
0 2 10 0 0.000468165
0 2 10 1 0.00197193
0 2 10 2 0.000120997
0 2 10 3 0.00109039
0 2 11 0 0.000468165
0 2 11 1 2.57078e-05
0 2 11 2 0.000120983
0 2 11 3 0.00171266
0 2 12 0 0.000468165
0 2 12 1 0.00236747
0 2 12 2 0.000120987
0 2 12 3 0.00121222
0 2 13 0 0.000468165
0 2 13 1 0.00179942
0 2 13 2 0.000120983
0 2 13 3 0.00112298
0 2 14 0 0.000468165
0 2 14 1 0.00239983
0 2 14 2 0.000120983
0 2 14 3 0.000833505
0 2 15 0 0.000468165
0 2 15 1 0.00152633
0 2 15 2 0.000120982
0 2 15 3 0.0013274
0 2 16 0 0.000468165
0 2 16 1 0.0027603
0 2 16 2 0.000120986
0 2 16 3 0.00166448
0 2 17 0 0.000468165
0 2 17 1 0.00280413
0 2 17 2 0.000120992
0 2 17 3 0.00217431
0 2 18 0 0.000468165
0 2 18 1 0.00600082
0 2 18 2 0.000120982
0 2 18 3 0.00268186
0 2 19 0 0.000468165
0 2 19 1 0.00763106
0 2 19 2 0.000120984
0 2 19 3 0.00342701
0 2 20 0 0.000468165
0 2 20 1 0.00615968
0 2 20 2 0.000120982
0 2 20 3 0.00464236
0 2 21 0 0.000468165
0 2 21 1 0.00734596
0 2 21 2 0.000120992
0 2 21 3 0.00558629
0 2 22 0 0.000468165
0 2 22 1 0.00935993
0 2 22 2 0.000120986
0 2 22 3 0.00589357
0 2 23 0 0.000468165
0 2 23 1 0.00806299
0 2 23 2 0.000120982
0 2 23 3 0.00814638
0 2 24 0 0.000468165
0 2 24 1 0.00621955
0 2 24 2 0.000120983
0 2 24 3 0.0085265
0 2 25 0 0.000468165
0 2 25 1 0.00878439
0 2 25 2 0.000120985
0 2 25 3 0.00973685
0 2 26 0 0.000468165
0 2 26 1 0.0103736
0 2 26 2 0.000120987
0 2 26 3 0.00858057
0 2 27 0 0.000468165
0 2 27 1 0.00635765
0 2 27 2 0.000120983
0 2 27 3 0.0103079
0 2 28 0 0.000468165
0 2 28 1 0.00898701
0 2 28 2 0.00012098
0 2 28 3 0.00921194
0 2 29 0 0.000468165
0 2 29 1 0.0114061
0 2 29 2 0.000120987
0 2 29 3 0.00885644
0 2 30 0 0.000468165
0 2 30 1 0.0104393
0 2 30 2 0.000120981
0 2 30 3 0.00902525
0 2 31 0 0.000468165
0 2 31 1 0.00631044
0 2 31 2 0.000120986
0 2 31 3 0.0082814
0 2 32 0 0.000468165
0 2 32 1 0.0100134
0 2 32 2 0.000120982
0 2 32 3 0.00851755
0 2 33 0 0.000468165
0 2 33 1 0.010003
0 2 33 2 0.000121045
0 2 33 3 0.00744296
0 2 34 0 0.000468165
0 2 34 1 0.00591254
0 2 34 2 0.000120982
0 2 34 3 0.00778813
0 2 35 0 0.000468165
0 2 35 1 0.00985879
0 2 35 2 0.000120985
0 2 35 3 0.00585859
0 2 36 0 0.000468165
0 2 36 1 0.00743286
0 2 36 2 0.000120986
0 2 36 3 0.00616457
0 2 37 0 0.000468165
0 2 37 1 0.00721323
0 2 37 2 0.000120985
0 2 37 3 0.00572002
0 2 38 0 0.000468165
0 2 38 1 0.00704942
0 2 38 2 0.000120984
0 2 38 3 0.00571003
0 2 39 0 0.000468165
0 2 39 1 0.00716484
0 2 39 2 0.000120985
0 2 39 3 0.00634347
0 2 40 0 0.000468165
0 2 40 1 0.00582385
0 2 40 2 0.000120982
0 2 40 3 0.00530639
0 2 41 0 0.000468165
0 2 41 1 0.00604196
0 2 41 2 0.000120983
0 2 41 3 0.00619229
0 2 42 0 0.000468165
0 2 42 1 0.00505499
0 2 42 2 0.000120985
0 2 42 3 0.00605969
0 2 43 0 0.000468165
0 2 43 1 0.00782184
0 2 43 2 0.000120989
0 2 43 3 0.00475065
0 2 44 0 0.000468165
0 2 44 1 0.00383518
0 2 44 2 0.000120982
0 2 44 3 0.00578827
0 2 45 0 0.000468165
0 2 45 1 0.00513744
0 2 45 2 0.000120983
0 2 45 3 0.00504164
0 2 46 0 0.000468165
0 2 46 1 0.00378868
0 2 46 2 0.000120986
0 2 46 3 0.00509218
0 2 47 0 0.000468165
0 2 47 1 0.00442081
0 2 47 2 0.000120984
0 2 47 3 0.00406773
0 3 0 0 0.000468165
0 3 0 1 0.0026841
0 3 0 2 0.00104277
0 3 0 3 0.00437266
0 3 1 0 0.000468165
0 3 1 1 0.00555638
0 3 1 2 0.000120983
0 3 1 3 0.00342442
0 3 2 0 0.000468165
0 3 2 1 0.00337078
0 3 2 2 0.000120983
0 3 2 3 0.00352018
0 3 3 0 0.000468165
0 3 3 1 0.00564414
0 3 3 2 0.000120982
0 3 3 3 0.00300507
0 3 4 0 0.000468165
0 3 4 1 0.00397221
0 3 4 2 0.000120989
0 3 4 3 0.00213866
0 3 5 0 0.000468165
0 3 5 1 0.000759536
0 3 5 2 0.000120987
0 3 5 3 0.00291536
0 3 6 0 0.000468165
0 3 6 1 0.00204554
0 3 6 2 0.000120984
0 3 6 3 0.00248761
0 3 7 0 0.000468165
0 3 7 1 0.00129729
0 3 7 2 0.000120983
0 3 7 3 0.00209416
0 3 8 0 0.000468165
0 3 8 1 0.00408789
0 3 8 2 0.00012098
0 3 8 3 0.00159012
0 3 9 0 0.000468165
0 3 9 1 0.000576151
0 3 9 2 0.000120981
0 3 9 3 0.00173889
0 3 10 0 0.000468165
0 3 10 1 0.00211258
0 3 10 2 0.000120983
0 3 10 3 0.00155445
0 3 11 0 0.000468165
0 3 11 1 0.000578531
0 3 11 2 0.00012098
0 3 11 3 0.00160204
0 3 12 0 0.000468165
0 3 12 1 0.000210427
0 3 12 2 0.000120985
0 3 12 3 0.00172513
0 3 13 0 0.000468165
0 3 13 1 0.000999269
0 3 13 2 0.000120992
0 3 13 3 0.00148546
0 3 14 0 0.000468165
0 3 14 1 0.00154094
0 3 14 2 0.000120987
0 3 14 3 0.00151219
0 3 15 0 0.000468165
0 3 15 1 0.00179137
0 3 15 2 0.00012098
0 3 15 3 0.00139637
0 3 16 0 0.000468165
0 3 16 1 6.78552e-05
0 3 16 2 0.00012098
0 3 16 3 0.00243439
0 3 17 0 0.000468165
0 3 17 1 0.0017262
0 3 17 2 0.000120985
0 3 17 3 0.0024675
0 3 18 0 0.000468165
0 3 18 1 0.00393499
0 3 18 2 0.000120985
0 3 18 3 0.0033065
0 3 19 0 0.000468165
0 3 19 1 0.00413108
0 3 19 2 0.00012099
0 3 19 3 0.00468351
0 3 20 0 0.000468165
0 3 20 1 0.00830202
0 3 20 2 0.00012099
0 3 20 3 0.0048227
0 3 21 0 0.000468165
0 3 21 1 0.00812836
0 3 21 2 0.000120981
0 3 21 3 0.00634663
0 3 22 0 0.000468165
0 3 22 1 0.00489782
0 3 22 2 0.000120983
0 3 22 3 0.00856668
0 3 23 0 0.000468165
0 3 23 1 0.00537299
0 3 23 2 0.000120985
0 3 23 3 0.00835136
0 3 24 0 0.000468165
0 3 24 1 0.0135583
0 3 24 2 0.000120984
0 3 24 3 0.00808989
0 3 25 0 0.000468165
0 3 25 1 0.0121552
0 3 25 2 0.000120984
0 3 25 3 0.00950426
0 3 26 0 0.000468165
0 3 26 1 0.0108897
0 3 26 2 0.000120985
0 3 26 3 0.0105618
0 3 27 0 0.000468165
0 3 27 1 0.00904602
0 3 27 2 0.000120984
0 3 27 3 0.00982378
0 3 28 0 0.000468165
0 3 28 1 0.0112478
0 3 28 2 0.000120984
0 3 28 3 0.00978161
0 3 29 0 0.000468165
0 3 29 1 0.0121809
0 3 29 2 0.000318783
0 3 29 3 0.00988689
0 3 30 0 0.000468165
0 3 30 1 0.0108915
0 3 30 2 0.000120983
0 3 30 3 0.00901307
0 3 31 0 0.000468165
0 3 31 1 0.0117394
0 3 31 2 0.000121087
0 3 31 3 0.00887403
0 3 32 0 0.000468165
0 3 32 1 0.0109777
0 3 32 2 0.000120982
0 3 32 3 0.00813915
0 3 33 0 0.000468165
0 3 33 1 0.0121644
0 3 33 2 0.000120983
0 3 33 3 0.00736926
0 3 34 0 0.000468165
0 3 34 1 0.00866612
0 3 34 2 0.000120991
0 3 34 3 0.00664736
0 3 35 0 0.000468165
0 3 35 1 0.00924512
0 3 35 2 0.000120982
0 3 35 3 0.00614418
0 3 36 0 0.000468165
0 3 36 1 0.00965928
0 3 36 2 0.000120982
0 3 36 3 0.00742393
0 3 37 0 0.000468165
0 3 37 1 0.0126733
0 3 37 2 0.000120984
0 3 37 3 0.00592382
0 3 38 0 0.000468165
0 3 38 1 0.00745206
0 3 38 2 0.000120985
0 3 38 3 0.00714959
0 3 39 0 0.000468165
0 3 39 1 0.00631347
0 3 39 2 0.000120984
0 3 39 3 0.00680309
0 3 40 0 0.000468165
0 3 40 1 0.00692686
0 3 40 2 0.000120981
0 3 40 3 0.00621517
0 3 41 0 0.000468165
0 3 41 1 0.00925957
0 3 41 2 0.000121098
0 3 41 3 0.00566366
0 3 42 0 0.000468165
0 3 42 1 0.0102233
0 3 42 2 0.000120982
0 3 42 3 0.00561003
0 3 43 0 0.000468165
0 3 43 1 0.00504705
0 3 43 2 0.000120984
0 3 43 3 0.00582016
0 3 44 0 0.000468165
0 3 44 1 0.00521036
0 3 44 2 0.000120986
0 3 44 3 0.00598501
0 3 45 0 0.000468165
0 3 45 1 0.00404677
0 3 45 2 0.000120983
0 3 45 3 0.00613579
0 3 46 0 0.000468165
0 3 46 1 0.00563003
0 3 46 2 0.000120982
0 3 46 3 0.00484317
0 3 47 0 0.000468165
0 3 47 1 0.00484182
0 3 47 2 0.000121666
0 3 47 3 0.00495383
0 4 0 0 0.000468165
0 4 0 1 0.0058108
0 4 0 2 0.000120982
0 4 0 3 0.00355306
0 4 1 0 0.000468165
0 4 1 1 0.00489761
0 4 1 2 0.00012098
0 4 1 3 0.00412768
0 4 2 0 0.000468165
0 4 2 1 0.00289665
0 4 2 2 0.000120979
0 4 2 3 0.00446674
0 4 3 0 0.000468165
0 4 3 1 0.00122687
0 4 3 2 0.000120984
0 4 3 3 0.0036846
0 4 4 0 0.000468165
0 4 4 1 0.00182148
0 4 4 2 0.000120982
0 4 4 3 0.00338268
0 4 5 0 0.000468165
0 4 5 1 0.0062521
0 4 5 2 0.000120983
0 4 5 3 0.00200645
0 4 6 0 0.000468165
0 4 6 1 0.000729253
0 4 6 2 0.000120984
0 4 6 3 0.00269207
0 4 7 0 0.000468165
0 4 7 1 0.000989814
0 4 7 2 0.000120984
0 4 7 3 0.00256867
0 4 8 0 0.000468165
0 4 8 1 0.00142895
0 4 8 2 0.000120982
0 4 8 3 0.00260774
0 4 9 0 0.000468165
0 4 9 1 0.00239875
0 4 9 2 0.000120981
0 4 9 3 0.00209436
0 4 10 0 0.000468165
0 4 10 1 0.00261895
0 4 10 2 0.000120984
0 4 10 3 0.00173043
0 4 11 0 0.000468165
0 4 11 1 0.0020763
0 4 11 2 0.000120981
0 4 11 3 0.0018691
0 4 12 0 0.000468165
0 4 12 1 0.00112693
0 4 12 2 0.000121
0 4 12 3 0.00166642
0 4 13 0 0.000468165
0 4 13 1 0.00020208
0 4 13 2 0.000120985
0 4 13 3 0.00201398
0 4 14 0 0.000468165
0 4 14 1 0.00222422
0 4 14 2 0.000120982
0 4 14 3 0.00105184
0 4 15 0 0.000468165
0 4 15 1 0.0015508
0 4 15 2 0.000120996
0 4 15 3 0.00115355
0 4 16 0 0.000468165
0 4 16 1 0.00513275
0 4 16 2 0.000120985
0 4 16 3 0.00164755
0 4 17 0 0.000468165
0 4 17 1 0.0024679
0 4 17 2 0.00012098
0 4 17 3 0.00261494
0 4 18 0 0.000468165
0 4 18 1 0.00486837
0 4 18 2 0.000120982
0 4 18 3 0.00303966
0 4 19 0 0.000468165
0 4 19 1 0.00564155
0 4 19 2 0.000120982
0 4 19 3 0.00410701
0 4 20 0 0.000468165
0 4 20 1 0.00722624
0 4 20 2 0.000120984
0 4 20 3 0.00455951
0 4 21 0 0.000468165
0 4 21 1 0.00844937
0 4 21 2 0.000120983
0 4 21 3 0.00585579
0 4 22 0 0.000468165
0 4 22 1 0.0101197
0 4 22 2 0.000120984
0 4 22 3 0.00672099
0 4 23 0 0.000468165
0 4 23 1 0.00787949
0 4 23 2 0.000120983
0 4 23 3 0.00764407
0 4 24 0 0.000468165
0 4 24 1 0.0104847
0 4 24 2 0.000120983
0 4 24 3 0.00734607
0 4 25 0 0.000468165
0 4 25 1 0.0103284
0 4 25 2 0.000120983
0 4 25 3 0.00815482
0 4 26 0 0.000468165
0 4 26 1 0.00973401
0 4 26 2 0.000120983
0 4 26 3 0.00747301
0 4 27 0 0.000468165
0 4 27 1 0.0101837
0 4 27 2 0.000120983
0 4 27 3 0.00935387
0 4 28 0 0.000468165
0 4 28 1 0.00665015
0 4 28 2 0.000120984
0 4 28 3 0.00922222
0 4 29 0 0.000468165
0 4 29 1 0.015153
0 4 29 2 0.00012099
0 4 29 3 0.00679709
0 4 30 0 0.000468165
0 4 30 1 0.00831452
0 4 30 2 0.000120982
0 4 30 3 0.00860417
0 4 31 0 0.000468165
0 4 31 1 0.0109637
0 4 31 2 0.000120984
0 4 31 3 0.00782613
0 4 32 0 0.000468165
0 4 32 1 0.0122646
0 4 32 2 0.000120983
0 4 32 3 0.00664856
0 4 33 0 0.000468165
0 4 33 1 0.00835562
0 4 33 2 0.000120987
0 4 33 3 0.00758273
0 4 34 0 0.000468165
0 4 34 1 0.00838872
0 4 34 2 0.000120982
0 4 34 3 0.00595586
0 4 35 0 0.000468165
0 4 35 1 0.00792674
0 4 35 2 0.000120982
0 4 35 3 0.00680437
0 4 36 0 0.000468165
0 4 36 1 0.00620483
0 4 36 2 0.000120982
0 4 36 3 0.00647022
0 4 37 0 0.000468165
0 4 37 1 0.0041197
0 4 37 2 0.000120983
0 4 37 3 0.00658345
0 4 38 0 0.000468165
0 4 38 1 0.00986229
0 4 38 2 0.000120984
0 4 38 3 0.00516525
0 4 39 0 0.000468165
0 4 39 1 0.00755422
0 4 39 2 0.000120982
0 4 39 3 0.00616298
0 4 40 0 0.000468165
0 4 40 1 0.00436647
0 4 40 2 0.000121052
0 4 40 3 0.00561313
0 4 41 0 0.000468165
0 4 41 1 0.0068036
0 4 41 2 0.000120986
0 4 41 3 0.00575573
0 4 42 0 0.000468165
0 4 42 1 0.00568954
0 4 42 2 0.000120982
0 4 42 3 0.00569193
0 4 43 0 0.000468165
0 4 43 1 0.0065402
0 4 43 2 0.000120981
0 4 43 3 0.00601244
0 4 44 0 0.000468165
0 4 44 1 0.00257602
0 4 44 2 0.000120985
0 4 44 3 0.00528473
0 4 45 0 0.000468165
0 4 45 1 0.00485896
0 4 45 2 0.000120984
0 4 45 3 0.0052568
0 4 46 0 0.000468165
0 4 46 1 0.00514189
0 4 46 2 0.000120982
0 4 46 3 0.0045215
0 4 47 0 0.000468165
0 4 47 1 0.0073046
0 4 47 2 0.000121045
0 4 47 3 0.00440021
0 5 0 0 0.000468165
0 5 0 1 0.00246951
0 5 0 2 0.000120987
0 5 0 3 0.00469541
0 5 1 0 0.000468165
0 5 1 1 0.00211084
0 5 1 2 0.000120988
0 5 1 3 0.00513369
0 5 2 0 0.000468165
0 5 2 1 0.00386089
0 5 2 2 0.00012098
0 5 2 3 0.00367409
0 5 3 0 0.000468165
0 5 3 1 0.00266338
0 5 3 2 0.000120991
0 5 3 3 0.00415529
0 5 4 0 0.000468165
0 5 4 1 0.00370939
0 5 4 2 0.000120997
0 5 4 3 0.00312914
0 5 5 0 0.000468165
0 5 5 1 0.0040535
0 5 5 2 0.000120981
0 5 5 3 0.00320566
0 5 6 0 0.000468165
0 5 6 1 0.0037616
0 5 6 2 0.000120983
0 5 6 3 0.00282578
0 5 7 0 0.000468165
0 5 7 1 0.0059743
0 5 7 2 0.000120983
0 5 7 3 0.00252117
0 5 8 0 0.000468165
0 5 8 1 0.00179107
0 5 8 2 0.00012099
0 5 8 3 0.00276639
0 5 9 0 0.000468165
0 5 9 1 0.0035615
0 5 9 2 0.000120979
0 5 9 3 0.00271702
0 5 10 0 0.000468165
0 5 10 1 0.0037531
0 5 10 2 0.00012098
0 5 10 3 0.00162664
0 5 11 0 0.000468165
0 5 11 1 0.00276497
0 5 11 2 0.000120982
0 5 11 3 0.00172378
0 5 12 0 0.000468165
0 5 12 1 0.00370215
0 5 12 2 0.00012098
0 5 12 3 0.0020504
0 5 13 0 0.000468165
0 5 13 1 0.00268234
0 5 13 2 0.000120982
0 5 13 3 0.00245177
0 5 14 0 0.000468165
0 5 14 1 0.00414448
0 5 14 2 0.000120987
0 5 14 3 0.00211996
0 5 15 0 0.000468165
0 5 15 1 0.00398645
0 5 15 2 0.000120981
0 5 15 3 0.00172821
0 5 16 0 0.000468165
0 5 16 1 0.00643774
0 5 16 2 0.000120983
0 5 16 3 0.00132134
0 5 17 0 0.000468165
0 5 17 1 0.00440502
0 5 17 2 0.000120982
0 5 17 3 0.00237442
0 5 18 0 0.000468165
0 5 18 1 0.00794167
0 5 18 2 0.000120985
0 5 18 3 0.0023765
0 5 19 0 0.000468165
0 5 19 1 0.0060801
0 5 19 2 0.000120984
0 5 19 3 0.00374057
0 5 20 0 0.000468165
0 5 20 1 0.00891622
0 5 20 2 0.000120986
0 5 20 3 0.0041455
0 5 21 0 0.000468165
0 5 21 1 0.00604973
0 5 21 2 0.000120985
0 5 21 3 0.00437476
0 5 22 0 0.000468165
0 5 22 1 0.0062975
0 5 22 2 0.000120982
0 5 22 3 0.00616643
0 5 23 0 0.000468165
0 5 23 1 0.00645444
0 5 23 2 0.000121027
0 5 23 3 0.00676104
0 5 24 0 0.000468165
0 5 24 1 0.00522997
0 5 24 2 0.000120984
0 5 24 3 0.00831393
0 5 25 0 0.000468165
0 5 25 1 0.00414525
0 5 25 2 0.000120987
0 5 25 3 0.00871645
0 5 26 0 0.000468165
0 5 26 1 0.00666618
0 5 26 2 0.000120984
0 5 26 3 0.00840986
0 5 27 0 0.000468165
0 5 27 1 0.00724956
0 5 27 2 0.000120982
0 5 27 3 0.00864042
0 5 28 0 0.000468165
0 5 28 1 0.00745161
0 5 28 2 0.000120984
0 5 28 3 0.00903062
0 5 29 0 0.000468165
0 5 29 1 0.00764408
0 5 29 2 0.000120983
0 5 29 3 0.00782389
0 5 30 0 0.000468165
0 5 30 1 0.00662271
0 5 30 2 0.000120979
0 5 30 3 0.00846615
0 5 31 0 0.000468165
0 5 31 1 0.00732507
0 5 31 2 0.000120984
0 5 31 3 0.00820694
0 5 32 0 0.000468165
0 5 32 1 0.00927493
0 5 32 2 0.000120986
0 5 32 3 0.00771455
0 5 33 0 0.000468165
0 5 33 1 0.00711028
0 5 33 2 0.000120981
0 5 33 3 0.006994
0 5 34 0 0.000468165
0 5 34 1 0.00565683
0 5 34 2 0.00012098
0 5 34 3 0.00656477
0 5 35 0 0.000468165
0 5 35 1 0.00464555
0 5 35 2 0.000120981
0 5 35 3 0.00565161
0 5 36 0 0.000468165
0 5 36 1 0.0031974
0 5 36 2 0.000120981
0 5 36 3 0.00688367
0 5 37 0 0.000468165
0 5 37 1 0.00676943
0 5 37 2 0.000120983
0 5 37 3 0.00610426
0 5 38 0 0.000468165
0 5 38 1 0.00564132
0 5 38 2 0.000120984
0 5 38 3 0.00650848
0 5 39 0 0.000468165
0 5 39 1 0.00529393
0 5 39 2 0.000120984
0 5 39 3 0.00625792
0 5 40 0 0.000468165
0 5 40 1 0.00530688
0 5 40 2 0.000120983
0 5 40 3 0.0060624
0 5 41 0 0.000468165
0 5 41 1 0.00367696
0 5 41 2 0.000120983
0 5 41 3 0.00567621
0 5 42 0 0.000468165
0 5 42 1 0.00162694
0 5 42 2 0.000120986
0 5 42 3 0.00641072
0 5 43 0 0.000468165
0 5 43 1 0.00549722
0 5 43 2 0.000120983
0 5 43 3 0.00553953
0 5 44 0 0.000468165
0 5 44 1 0.00338253
0 5 44 2 0.000120982
0 5 44 3 0.00744279
0 5 45 0 0.000468165
0 5 45 1 0.00444822
0 5 45 2 0.000120981
0 5 45 3 0.00591655
0 5 46 0 0.000468165
0 5 46 1 0.00367805
0 5 46 2 0.000120982
0 5 46 3 0.00614571
0 5 47 0 0.000468165
0 5 47 1 0.0023625
0 5 47 2 0.000121036
0 5 47 3 0.00634676
0 6 0 0 0.000468165
0 6 0 1 0.00274246
0 6 0 2 0.000120981
0 6 0 3 0.00473229
0 6 1 0 0.000468165
0 6 1 1 0.00277021
0 6 1 2 0.000544052
0 6 1 3 0.00551696
0 6 2 0 0.000468165
0 6 2 1 0.00474681
0 6 2 2 0.000120985
0 6 2 3 0.00424806
0 6 3 0 0.000468165
0 6 3 1 0.00161192
0 6 3 2 0.000120985
0 6 3 3 0.0050052
0 6 4 0 0.000468165
0 6 4 1 0.0033339
0 6 4 2 0.000120986
0 6 4 3 0.00386532
0 6 5 0 0.000468165
0 6 5 1 0.0013668
0 6 5 2 0.000120982
0 6 5 3 0.0047659
0 6 6 0 0.000468165
0 6 6 1 0.00338743
0 6 6 2 0.00012099
0 6 6 3 0.00346949
0 6 7 0 0.000468165
0 6 7 1 0.00467983
0 6 7 2 0.000120985
0 6 7 3 0.00357054
0 6 8 0 0.000468165
0 6 8 1 0.00543807
0 6 8 2 0.000120982
0 6 8 3 0.00259597
0 6 9 0 0.000468165
0 6 9 1 0.00305267
0 6 9 2 0.000120983
0 6 9 3 0.0027705
0 6 10 0 0.000468165
0 6 10 1 0.00560942
0 6 10 2 0.000120982
0 6 10 3 0.00230225
0 6 11 0 0.000468165
0 6 11 1 0.00439827
0 6 11 2 0.000120982
0 6 11 3 0.00283597
0 6 12 0 0.000468165
0 6 12 1 0.00366461
0 6 12 2 0.000120981
0 6 12 3 0.00238612
0 6 13 0 0.000468165
0 6 13 1 0.00265525
0 6 13 2 0.000120982
0 6 13 3 0.00263747
0 6 14 0 0.000468165
0 6 14 1 0.00653224
0 6 14 2 0.000120984
0 6 14 3 0.00173144
0 6 15 0 0.000468165
0 6 15 1 0.00451703
0 6 15 2 0.000120986
0 6 15 3 0.00234894
0 6 16 0 0.000468165
0 6 16 1 0.00587513
0 6 16 2 0.000120985
0 6 16 3 0.00197769
0 6 17 0 0.000468165
0 6 17 1 0.00431343
0 6 17 2 0.000120982
0 6 17 3 0.00300181
0 6 18 0 0.000468165
0 6 18 1 0.00429931
0 6 18 2 0.000120981
0 6 18 3 0.00351519
0 6 19 0 0.000468165
0 6 19 1 0.00326376
0 6 19 2 0.000120984
0 6 19 3 0.00439533
0 6 20 0 0.000468165
0 6 20 1 0.00594737
0 6 20 2 0.000120984
0 6 20 3 0.00488728
0 6 21 0 0.000468165
0 6 21 1 0.00763225
0 6 21 2 0.000120982
0 6 21 3 0.00425859
0 6 22 0 0.000468165
0 6 22 1 0.00870591
0 6 22 2 0.000120988
0 6 22 3 0.00479993
0 6 23 0 0.000468165
0 6 23 1 0.00862242
0 6 23 2 0.000120983
0 6 23 3 0.00604548
0 6 24 0 0.000468165
0 6 24 1 0.00480963
0 6 24 2 0.000120985
0 6 24 3 0.00781509
0 6 25 0 0.000468165
0 6 25 1 0.00314496
0 6 25 2 0.000120982
0 6 25 3 0.00893113
0 6 26 0 0.000468165
0 6 26 1 0.0035168
0 6 26 2 0.000120982
0 6 26 3 0.00855796
0 6 27 0 0.000468165
0 6 27 1 0.00868283
0 6 27 2 0.000120985
0 6 27 3 0.00931917
0 6 28 0 0.000468165
0 6 28 1 0.00430522
0 6 28 2 0.000121023
0 6 28 3 0.00919376
0 6 29 0 0.000468165
0 6 29 1 0.00396133
0 6 29 2 0.000120984
0 6 29 3 0.00973186
0 6 30 0 0.000468165
0 6 30 1 0.00593056
0 6 30 2 0.000120983
0 6 30 3 0.00800563
0 6 31 0 0.000468165
0 6 31 1 0.00815143
0 6 31 2 0.000120983
0 6 31 3 0.00773463
0 6 32 0 0.000468165
0 6 32 1 0.00441389
0 6 32 2 0.000120982
0 6 32 3 0.0083167
0 6 33 0 0.000468165
0 6 33 1 0.0066722
0 6 33 2 0.000120987
0 6 33 3 0.00723313
0 6 34 0 0.000468165
0 6 34 1 0.00686406
0 6 34 2 0.00012102
0 6 34 3 0.00573509
0 6 35 0 0.000468165
0 6 35 1 0.0058155
0 6 35 2 0.000120987
0 6 35 3 0.00623415
0 6 36 0 0.000468165
0 6 36 1 0.00547918
0 6 36 2 0.00012098
0 6 36 3 0.00630068
0 6 37 0 0.000468165
0 6 37 1 0.00219291
0 6 37 2 0.000120985
0 6 37 3 0.00714639
0 6 38 0 0.000468165
0 6 38 1 0.00395665
0 6 38 2 0.000120981
0 6 38 3 0.00625716
0 6 39 0 0.000468165
0 6 39 1 0.00481271
0 6 39 2 0.000120982
0 6 39 3 0.0061113
0 6 40 0 0.000468165
0 6 40 1 0.00468522
0 6 40 2 0.000120985
0 6 40 3 0.00592203
0 6 41 0 0.000468165
0 6 41 1 0.0050448
0 6 41 2 0.000120984
0 6 41 3 0.00578872
0 6 42 0 0.000468165
0 6 42 1 0.00703008
0 6 42 2 0.000120983
0 6 42 3 0.00493491
0 6 43 0 0.000468165
0 6 43 1 0.00300852
0 6 43 2 0.000120983
0 6 43 3 0.00734517
0 6 44 0 0.000468165
0 6 44 1 0.00375161
0 6 44 2 0.000120983
0 6 44 3 0.006276
0 6 45 0 0.000468165
0 6 45 1 0.00586945
0 6 45 2 0.000120982
0 6 45 3 0.00597424
0 6 46 0 0.000468165
0 6 46 1 0.0033896
0 6 46 2 0.000120984
0 6 46 3 0.00537949
0 6 47 0 0.000468165
0 6 47 1 0.00338001
0 6 47 2 0.000120985
0 6 47 3 0.00547038
1 0 0 0 0.000468165
1 0 0 1 0.00107663
1 0 0 2 0.000120982
1 0 0 3 0.00140653
1 0 1 0 0.000468165
1 0 1 1 0.0015649
1 0 1 2 0.000120983
1 0 1 3 0.000667115
1 0 2 0 0.000468165
1 0 2 1 0.00207673
1 0 2 2 0.000120986
1 0 2 3 0.000791917
1 0 3 0 0.000468165
1 0 3 1 0.000135299
1 0 3 2 0.000120988
1 0 3 3 0.00117298
1 0 4 0 0.000468165
1 0 4 1 0.00126416
1 0 4 2 0.000120981
1 0 4 3 0.000894745
1 0 5 0 0.000468165
1 0 5 1 0.000116324
1 0 5 2 0.000120995
1 0 5 3 0.0010496
1 0 6 0 0.000468165
1 0 6 1 0.000603802
1 0 6 2 0.000120984
1 0 6 3 0.00112039
1 0 7 0 0.000468165
1 0 7 1 0.00134049
1 0 7 2 0.000120984
1 0 7 3 0.000434632
1 0 8 0 0.000468165
1 0 8 1 0.000803629
1 0 8 2 0.000120986
1 0 8 3 0.00065509
1 0 9 0 0.000468165
1 0 9 1 0.00187353
1 0 9 2 0.000120981
1 0 9 3 0.000481014
1 0 10 0 0.000468165
1 0 10 1 0.000248742
1 0 10 2 0.000120985
1 0 10 3 0.000581862
1 0 11 0 0.000468165
1 0 11 1 0.000286403
1 0 11 2 0.00012098
1 0 11 3 0.000581731
1 0 12 0 0.000468165
1 0 12 1 2.5433e-05
1 0 12 2 0.000120986
1 0 12 3 0.000663673
1 0 13 0 0.000468165
1 0 13 1 2.54282e-05
1 0 13 2 0.000121007
1 0 13 3 0.000367793
1 0 14 0 0.000468165
1 0 14 1 0.000224707
1 0 14 2 0.000120981
1 0 14 3 0.000502195
1 0 15 0 0.000468165
1 0 15 1 0.000282371
1 0 15 2 0.000120982
1 0 15 3 0.00043426
1 0 16 0 0.000468165
1 0 16 1 0.000384036
1 0 16 2 0.00012098
1 0 16 3 0.000822597
1 0 17 0 0.000468165
1 0 17 1 0.00189139
1 0 17 2 0.000120985
1 0 17 3 0.000482255
1 0 18 0 0.000468165
1 0 18 1 0.00242842
1 0 18 2 0.000120986
1 0 18 3 0.0010672
1 0 19 0 0.000468165
1 0 19 1 0.00142423
1 0 19 2 0.000120986
1 0 19 3 0.00156026
1 0 20 0 0.000468165
1 0 20 1 0.00146235
1 0 20 2 0.000120983
1 0 20 3 0.00260059
1 0 21 0 0.000468165
1 0 21 1 0.00499733
1 0 21 2 0.000120982
1 0 21 3 0.00221033
1 0 22 0 0.000468165
1 0 22 1 0.0027284
1 0 22 2 0.000120994
1 0 22 3 0.00363106
1 0 23 0 0.000468165
1 0 23 1 0.0060756
1 0 23 2 0.000120987
1 0 23 3 0.00389294
1 0 24 0 0.000468165
1 0 24 1 0.00207799
1 0 24 2 0.000120985
1 0 24 3 0.00451571
1 0 25 0 0.000468165
1 0 25 1 0.00454153
1 0 25 2 0.000120982
1 0 25 3 0.00430635
1 0 26 0 0.000468165
1 0 26 1 0.0057152
1 0 26 2 0.000120984
1 0 26 3 0.00437052
1 0 27 0 0.000468165
1 0 27 1 0.00804118
1 0 27 2 0.000120982
1 0 27 3 0.00437518
1 0 28 0 0.000468165
1 0 28 1 0.00565494
1 0 28 2 0.000120984
1 0 28 3 0.00422675
1 0 29 0 0.000468165
1 0 29 1 0.00463432
1 0 29 2 0.000120981
1 0 29 3 0.00460709
1 0 30 0 0.000468165
1 0 30 1 0.00459737
1 0 30 2 0.000120985
1 0 30 3 0.00330156
1 0 31 0 0.000468165
1 0 31 1 0.00452552
1 0 31 2 0.000120982
1 0 31 3 0.0037199
1 0 32 0 0.000468165
1 0 32 1 0.00510836
1 0 32 2 0.00012098
1 0 32 3 0.00351588
1 0 33 0 0.000468165
1 0 33 1 0.00332599
1 0 33 2 0.000120986
1 0 33 3 0.00392361
1 0 34 0 0.000468165
1 0 34 1 0.00364457
1 0 34 2 0.00012099
1 0 34 3 0.0036339
1 0 35 0 0.000468165
1 0 35 1 0.00551374
1 0 35 2 0.000120988
1 0 35 3 0.00267021
1 0 36 0 0.000468165
1 0 36 1 0.00475056
1 0 36 2 0.000120994
1 0 36 3 0.00300072
1 0 37 0 0.000468165
1 0 37 1 0.0055715
1 0 37 2 0.00012101
1 0 37 3 0.00215446
1 0 38 0 0.000468165
1 0 38 1 0.00354947
1 0 38 2 0.000120982
1 0 38 3 0.0022738
1 0 39 0 0.000468165
1 0 39 1 0.00339845
1 0 39 2 0.000120981
1 0 39 3 0.00276175
1 0 40 0 0.000468165
1 0 40 1 0.00478201
1 0 40 2 0.000120985
1 0 40 3 0.00231492
1 0 41 0 0.000468165
1 0 41 1 0.00411362
1 0 41 2 0.000120983
1 0 41 3 0.00251234
1 0 42 0 0.000468165
1 0 42 1 0.00282111
1 0 42 2 0.000120981
1 0 42 3 0.00240433
1 0 43 0 0.000468165
1 0 43 1 0.00382137
1 0 43 2 0.00012098
1 0 43 3 0.00241605
1 0 44 0 0.000468165
1 0 44 1 0.00363257
1 0 44 2 0.000120981
1 0 44 3 0.00156439
1 0 45 0 0.000468165
1 0 45 1 0.00228648
1 0 45 2 0.000120988
1 0 45 3 0.00140021
1 0 46 0 0.000468165
1 0 46 1 0.0020354
1 0 46 2 0.000120982
1 0 46 3 0.00182939
1 0 47 0 0.000468165
1 0 47 1 2.56647e-05
1 0 47 2 0.000120988
1 0 47 3 0.00190476
1 1 0 0 0.000468165
1 1 0 1 0.00227078
1 1 0 2 0.000120985
1 1 0 3 0.001713
1 1 1 0 0.000468165
1 1 1 1 0.00154207
1 1 1 2 0.000120984
1 1 1 3 0.00147966
1 1 2 0 0.000468165
1 1 2 1 0.00122679
1 1 2 2 0.000120982
1 1 2 3 0.00135868
1 1 3 0 0.000468165
1 1 3 1 2.54068e-05
1 1 3 2 0.00012098
1 1 3 3 0.00109972
1 1 4 0 0.000468165
1 1 4 1 0.00155977
1 1 4 2 0.000120985
1 1 4 3 0.000973522
1 1 5 0 0.000468165
1 1 5 1 0.00186483
1 1 5 2 0.000120986
1 1 5 3 0.000637416
1 1 6 0 0.000468165
1 1 6 1 0.00212347
1 1 6 2 0.000120983
1 1 6 3 0.000326914
1 1 7 0 0.000468165
1 1 7 1 0.00126982
1 1 7 2 0.000120981
1 1 7 3 0.000589018
1 1 8 0 0.000468165
1 1 8 1 0.000769031
1 1 8 2 0.00012098
1 1 8 3 0.000759923
1 1 9 0 0.000468165
1 1 9 1 0.00145181
1 1 9 2 0.000120987
1 1 9 3 0.000240281
1 1 10 0 0.000468165
1 1 10 1 0.00055628
1 1 10 2 0.000120986
1 1 10 3 0.000347453
1 1 11 0 0.000468165
1 1 11 1 0.000516445
1 1 11 2 0.000120988
1 1 11 3 0.000360007
1 1 12 0 0.000468165
1 1 12 1 0.000249694
1 1 12 2 0.000120982
1 1 12 3 0.000540798
1 1 13 0 0.000468165
1 1 13 1 0.00120073
1 1 13 2 0.000120985
1 1 13 3 0.000418451
1 1 14 0 0.000468165
1 1 14 1 2.54023e-05
1 1 14 2 0.000120982
1 1 14 3 0.000491936
1 1 15 0 0.000468165
1 1 15 1 0.000185882
1 1 15 2 0.000120992
1 1 15 3 0.000426306
1 1 16 0 0.000468165
1 1 16 1 2.54184e-05
1 1 16 2 0.000120978
1 1 16 3 0.000700009
1 1 17 0 0.000468165
1 1 17 1 0.00139292
1 1 17 2 0.000120985
1 1 17 3 0.000768204
1 1 18 0 0.000468165
1 1 18 1 0.00213002
1 1 18 2 0.000120983
1 1 18 3 0.000980444
1 1 19 0 0.000468165
1 1 19 1 0.0027223
1 1 19 2 0.000120983
1 1 19 3 0.00119133
1 1 20 0 0.000468165
1 1 20 1 0.0019683
1 1 20 2 0.00012098
1 1 20 3 0.0020736
1 1 21 0 0.000468165
1 1 21 1 0.00377743
1 1 21 2 0.000120998
1 1 21 3 0.00232302
1 1 22 0 0.000468165
1 1 22 1 0.00242235
1 1 22 2 0.000120986
1 1 22 3 0.00274547
1 1 23 0 0.000468165
1 1 23 1 0.00509792
1 1 23 2 0.000121009
1 1 23 3 0.00268614
1 1 24 0 0.000468165
1 1 24 1 0.00608202
1 1 24 2 0.000120983
1 1 24 3 0.00365514
1 1 25 0 0.000468165
1 1 25 1 0.00300766
1 1 25 2 0.000120982
1 1 25 3 0.00453067
1 1 26 0 0.000468165
1 1 26 1 0.00437155
1 1 26 2 0.000120981
1 1 26 3 0.00404798
1 1 27 0 0.000468165
1 1 27 1 0.00473116
1 1 27 2 0.000121055
1 1 27 3 0.004395
1 1 28 0 0.000468165
1 1 28 1 0.00424411
1 1 28 2 0.000120989
1 1 28 3 0.00408457
1 1 29 0 0.000468165
1 1 29 1 0.00416396
1 1 29 2 0.000120988
1 1 29 3 0.00343071
1 1 30 0 0.000468165
1 1 30 1 0.006163
1 1 30 2 0.00012098
1 1 30 3 0.00252225
1 1 31 0 0.000468165
1 1 31 1 0.00281055
1 1 31 2 0.000121254
1 1 31 3 0.00357115
1 1 32 0 0.000468165
1 1 32 1 0.00319137
1 1 32 2 0.000120982
1 1 32 3 0.00312088
1 1 33 0 0.000468165
1 1 33 1 0.00416612
1 1 33 2 0.000120986
1 1 33 3 0.00314718
1 1 34 0 0.000468165
1 1 34 1 0.00296102
1 1 34 2 0.000120981
1 1 34 3 0.00236087
1 1 35 0 0.000468165
1 1 35 1 0.00387938
1 1 35 2 0.000120982
1 1 35 3 0.00291699
1 1 36 0 0.000468165
1 1 36 1 0.00221993
1 1 36 2 0.000120981
1 1 36 3 0.0028988
1 1 37 0 0.000468165
1 1 37 1 0.00292114
1 1 37 2 0.000120986
1 1 37 3 0.00257115
1 1 38 0 0.000468165
1 1 38 1 0.00404066
1 1 38 2 0.00012098
1 1 38 3 0.002179
1 1 39 0 0.000468165
1 1 39 1 0.00396028
1 1 39 2 0.000120982
1 1 39 3 0.00266017
1 1 40 0 0.000468165
1 1 40 1 0.00445019
1 1 40 2 0.000120984
1 1 40 3 0.00137575
1 1 41 0 0.000468165
1 1 41 1 0.00243271
1 1 41 2 0.000120982
1 1 41 3 0.00240742
1 1 42 0 0.000468165
1 1 42 1 0.00228112
1 1 42 2 0.000120982
1 1 42 3 0.0018799
1 1 43 0 0.000468165
1 1 43 1 0.000893991
1 1 43 2 0.000120981
1 1 43 3 0.00225751
1 1 44 0 0.000468165
1 1 44 1 0.003054
1 1 44 2 0.000120982
1 1 44 3 0.00155087
1 1 45 0 0.000468165
1 1 45 1 0.00411188
1 1 45 2 0.000120982
1 1 45 3 0.00118474
1 1 46 0 0.000468165
1 1 46 1 0.00144201
1 1 46 2 0.000120985
1 1 46 3 0.00195486
1 1 47 0 0.000468165
1 1 47 1 0.00203985
1 1 47 2 0.000120983
1 1 47 3 0.00122941
1 2 0 0 0.000468165
1 2 0 1 0.000102792
1 2 0 2 0.00012098
1 2 0 3 0.00165208
1 2 1 0 0.000468165
1 2 1 1 0.00135832
1 2 1 2 0.000121001
1 2 1 3 0.00145284
1 2 2 0 0.000468165
1 2 2 1 0.000817344
1 2 2 2 0.00012098
1 2 2 3 0.00139141
1 2 3 0 0.000468165
1 2 3 1 0.00140582
1 2 3 2 0.000120981
1 2 3 3 0.000823279
1 2 4 0 0.000468165
1 2 4 1 0.0013985
1 2 4 2 0.000120984
1 2 4 3 0.00101832
1 2 5 0 0.000468165
1 2 5 1 8.32854e-05
1 2 5 2 0.000121004
1 2 5 3 0.001083
1 2 6 0 0.000468165
1 2 6 1 0.000314459
1 2 6 2 0.000121002
1 2 6 3 0.0008974
1 2 7 0 0.000468165
1 2 7 1 0.00117994
1 2 7 2 0.000120985
1 2 7 3 0.000772998
1 2 8 0 0.000468165
1 2 8 1 0.00110755
1 2 8 2 0.000121032
1 2 8 3 0.000688582
1 2 9 0 0.000468165
1 2 9 1 0.000526646
1 2 9 2 0.000120988
1 2 9 3 0.000525783
1 2 10 0 0.000468165
1 2 10 1 0.00102601
1 2 10 2 0.00012098
1 2 10 3 0.000241139
1 2 11 0 0.000468165
1 2 11 1 0.00110151
1 2 11 2 0.000120985
1 2 11 3 0.000263828
1 2 12 0 0.000468165
1 2 12 1 0.000667558
1 2 12 2 0.000120987
1 2 12 3 0.000291031
1 2 13 0 0.000468165
1 2 13 1 2.53974e-05
1 2 13 2 0.00012105
1 2 13 3 9.07426e-05
1 2 14 0 0.000468165
1 2 14 1 0.000885793
1 2 14 2 0.000121005
1 2 14 3 0.000302959
1 2 15 0 0.000468165
1 2 15 1 0.00149219
1 2 15 2 0.000120981
1 2 15 3 0.000126154
1 2 16 0 0.000468165
1 2 16 1 0.00125642
1 2 16 2 0.00012099
1 2 16 3 0.000124874
1 2 17 0 0.000468165
1 2 17 1 0.00146518
1 2 17 2 0.00012098
1 2 17 3 0.000208517
1 2 18 0 0.000468165
1 2 18 1 0.0014985
1 2 18 2 0.000120984
1 2 18 3 0.0006309
1 2 19 0 0.000468165
1 2 19 1 0.00173768
1 2 19 2 0.000120984
1 2 19 3 0.00100076
1 2 20 0 0.000468165
1 2 20 1 0.00212322
1 2 20 2 0.000120983
1 2 20 3 0.00164231
1 2 21 0 0.000468165
1 2 21 1 0.00241564
1 2 21 2 0.00012099
1 2 21 3 0.00278466
1 2 22 0 0.000468165
1 2 22 1 0.00260192
1 2 22 2 0.000120982
1 2 22 3 0.00294973
1 2 23 0 0.000468165
1 2 23 1 0.00455605
1 2 23 2 0.000120979
1 2 23 3 0.0030311
1 2 24 0 0.000468165
1 2 24 1 0.00466271
1 2 24 2 0.000120986
1 2 24 3 0.00355798
1 2 25 0 0.000468165
1 2 25 1 0.00599765
1 2 25 2 0.000120983
1 2 25 3 0.00315526
1 2 26 0 0.000468165
1 2 26 1 0.00594171
1 2 26 2 0.000120982
1 2 26 3 0.00352052
1 2 27 0 0.000468165
1 2 27 1 0.00449483
1 2 27 2 0.000120982
1 2 27 3 0.0034635
1 2 28 0 0.000468165
1 2 28 1 0.0066008
1 2 28 2 0.000120982
1 2 28 3 0.00298581
1 2 29 0 0.000468165
1 2 29 1 0.00526494
1 2 29 2 0.000120987
1 2 29 3 0.00370266
1 2 30 0 0.000468165
1 2 30 1 0.00424
1 2 30 2 0.00012098
1 2 30 3 0.0029083
1 2 31 0 0.000468165
1 2 31 1 0.00461581
1 2 31 2 0.00012098
1 2 31 3 0.00297499
1 2 32 0 0.000468165
1 2 32 1 0.00601202
1 2 32 2 0.000120984
1 2 32 3 0.00209973
1 2 33 0 0.000468165
1 2 33 1 0.00593507
1 2 33 2 0.000120984
1 2 33 3 0.00254777
1 2 34 0 0.000468165
1 2 34 1 0.00285847
1 2 34 2 0.000120984
1 2 34 3 0.00310742
1 2 35 0 0.000468165
1 2 35 1 0.0037811
1 2 35 2 0.000120986
1 2 35 3 0.00203823
1 2 36 0 0.000468165
1 2 36 1 0.00343393
1 2 36 2 0.00012098
1 2 36 3 0.00218946
1 2 37 0 0.000468165
1 2 37 1 0.00347669
1 2 37 2 0.000120986
1 2 37 3 0.00235824
1 2 38 0 0.000468165
1 2 38 1 0.0048099
1 2 38 2 0.000120984
1 2 38 3 0.00218982
1 2 39 0 0.000468165
1 2 39 1 0.00226539
1 2 39 2 0.000120984
1 2 39 3 0.0023236
1 2 40 0 0.000468165
1 2 40 1 0.0034389
1 2 40 2 0.000120986
1 2 40 3 0.00201378
1 2 41 0 0.000468165
1 2 41 1 0.00505264
1 2 41 2 0.000120983
1 2 41 3 0.00120344
1 2 42 0 0.000468165
1 2 42 1 0.00372868
1 2 42 2 0.000120983
1 2 42 3 0.00223875
1 2 43 0 0.000468165
1 2 43 1 0.00435805
1 2 43 2 0.000120982
1 2 43 3 0.00126609
1 2 44 0 0.000468165
1 2 44 1 0.00323718
1 2 44 2 0.000120983
1 2 44 3 0.00180492
1 2 45 0 0.000468165
1 2 45 1 0.00075417
1 2 45 2 0.000120996
1 2 45 3 0.00204874
1 2 46 0 0.000468165
1 2 46 1 0.00118326
1 2 46 2 0.000120986
1 2 46 3 0.00189922
1 2 47 0 0.000468165
1 2 47 1 0.00186366
1 2 47 2 0.000120995
1 2 47 3 0.00205072
1 3 0 0 0.000468165
1 3 0 1 0.00058519
1 3 0 2 0.000120983
1 3 0 3 0.00220482
1 3 1 0 0.000468165
1 3 1 1 0.00218083
1 3 1 2 0.000120986
1 3 1 3 0.00171161
1 3 2 0 0.000468165
1 3 2 1 0.00114349
1 3 2 2 0.000120983
1 3 2 3 0.00141365
1 3 3 0 0.000468165
1 3 3 1 0.00185776
1 3 3 2 0.000120993
1 3 3 3 0.00127162
1 3 4 0 0.000468165
1 3 4 1 0.00127033
1 3 4 2 0.00012098
1 3 4 3 0.000747021
1 3 5 0 0.000468165
1 3 5 1 0.00278021
1 3 5 2 0.000120995
1 3 5 3 0.000701311
1 3 6 0 0.000468165
1 3 6 1 0.00337355
1 3 6 2 0.000120979
1 3 6 3 0.000630757
1 3 7 0 0.000468165
1 3 7 1 0.000559192
1 3 7 2 0.000120982
1 3 7 3 0.000747327
1 3 8 0 0.000468165
1 3 8 1 5.45876e-05
1 3 8 2 0.000120989
1 3 8 3 0.00105866
1 3 9 0 0.000468165
1 3 9 1 0.000851968
1 3 9 2 0.000120978
1 3 9 3 0.000521348
1 3 10 0 0.000468165
1 3 10 1 0.00182492
1 3 10 2 0.000120985
1 3 10 3 0.000547379
1 3 11 0 0.000468165
1 3 11 1 2.53902e-05
1 3 11 2 0.000120984
1 3 11 3 0.000609105
1 3 12 0 0.000468165
1 3 12 1 2.5432e-05
1 3 12 2 0.000120978
1 3 12 3 0.000453552
1 3 13 0 0.000468165
1 3 13 1 2.57192e-05
1 3 13 2 0.00012098
1 3 13 3 0.000512612
1 3 14 0 0.000468165
1 3 14 1 2.54564e-05
1 3 14 2 0.000120981
1 3 14 3 0.000527228
1 3 15 0 0.000468165
1 3 15 1 0.000941049
1 3 15 2 0.00012099
1 3 15 3 0.00019245
1 3 16 0 0.000468165
1 3 16 1 0.00247392
1 3 16 2 0.000120979
1 3 16 3 0.000146919
1 3 17 0 0.000468165
1 3 17 1 0.00157096
1 3 17 2 0.000120981
1 3 17 3 0.000750563
1 3 18 0 0.000468165
1 3 18 1 0.00183893
1 3 18 2 0.000120997
1 3 18 3 0.000832771
1 3 19 0 0.000468165
1 3 19 1 0.0022291
1 3 19 2 0.000120989
1 3 19 3 0.00133752
1 3 20 0 0.000468165
1 3 20 1 0.000482869
1 3 20 2 0.000120987
1 3 20 3 0.0023732
1 3 21 0 0.000468165
1 3 21 1 0.00391988
1 3 21 2 0.000120982
1 3 21 3 0.0022344
1 3 22 0 0.000468165
1 3 22 1 0.00155532
1 3 22 2 0.000120984
1 3 22 3 0.00287972
1 3 23 0 0.000468165
1 3 23 1 0.00256678
1 3 23 2 0.000120982
1 3 23 3 0.00322028
1 3 24 0 0.000468165
1 3 24 1 0.00638519
1 3 24 2 0.000120985
1 3 24 3 0.0032002
1 3 25 0 0.000468165
1 3 25 1 0.005997
1 3 25 2 0.000120983
1 3 25 3 0.00365573
1 3 26 0 0.000468165
1 3 26 1 0.00609859
1 3 26 2 0.000120989
1 3 26 3 0.00296778
1 3 27 0 0.000468165
1 3 27 1 0.00680555
1 3 27 2 0.000120988
1 3 27 3 0.00331116
1 3 28 0 0.000468165
1 3 28 1 0.00544051
1 3 28 2 0.00012098
1 3 28 3 0.003167
1 3 29 0 0.000468165
1 3 29 1 0.00552947
1 3 29 2 0.000120981
1 3 29 3 0.00357535
1 3 30 0 0.000468165
1 3 30 1 0.00441751
1 3 30 2 0.000120982
1 3 30 3 0.00265789
1 3 31 0 0.000468165
1 3 31 1 0.00319807
1 3 31 2 0.000120982
1 3 31 3 0.00308574
1 3 32 0 0.000468165
1 3 32 1 0.00354819
1 3 32 2 0.000120984
1 3 32 3 0.00295523
1 3 33 0 0.000468165
1 3 33 1 0.000667399
1 3 33 2 0.000120984
1 3 33 3 0.00309544
1 3 34 0 0.000468165
1 3 34 1 0.00244025
1 3 34 2 0.000120983
1 3 34 3 0.00251723
1 3 35 0 0.000468165
1 3 35 1 0.00206673
1 3 35 2 0.000120983
1 3 35 3 0.00239303
1 3 36 0 0.000468165
1 3 36 1 0.00473466
1 3 36 2 0.000120985
1 3 36 3 0.00163814
1 3 37 0 0.000468165
1 3 37 1 0.00263553
1 3 37 2 0.000120988
1 3 37 3 0.00211246
1 3 38 0 0.000468165
1 3 38 1 0.000185961
1 3 38 2 0.000120984
1 3 38 3 0.00184581
1 3 39 0 0.000468165
1 3 39 1 0.00328259
1 3 39 2 0.000120989
1 3 39 3 0.00173133
1 3 40 0 0.000468165
1 3 40 1 0.00200803
1 3 40 2 0.000120987
1 3 40 3 0.00246228
1 3 41 0 0.000468165
1 3 41 1 0.00703949
1 3 41 2 0.000120984
1 3 41 3 0.00112287
1 3 42 0 0.000468165
1 3 42 1 0.00267531
1 3 42 2 0.000120984
1 3 42 3 0.00202117
1 3 43 0 0.000468165
1 3 43 1 0.00309834
1 3 43 2 0.000120982
1 3 43 3 0.0015391
1 3 44 0 0.000468165
1 3 44 1 0.00254425
1 3 44 2 0.000120985
1 3 44 3 0.0014969
1 3 45 0 0.000468165
1 3 45 1 0.0009454
1 3 45 2 0.000120985
1 3 45 3 0.00179923
1 3 46 0 0.000468165
1 3 46 1 0.00190285
1 3 46 2 0.000120983
1 3 46 3 0.00114259
1 3 47 0 0.000468165
1 3 47 1 2.54296e-05
1 3 47 2 0.000120992
1 3 47 3 0.00155478
1 4 0 0 0.000468165
1 4 0 1 0.00103303
1 4 0 2 0.000120986
1 4 0 3 0.00121916
1 4 1 0 0.000468165
1 4 1 1 0.00123108
1 4 1 2 0.000120981
1 4 1 3 0.000790222
1 4 2 0 0.000468165
1 4 2 1 0.000910165
1 4 2 2 0.000120981
1 4 2 3 0.00109422
1 4 3 0 0.000468165
1 4 3 1 0.00153177
1 4 3 2 0.000120986
1 4 3 3 0.000720703
1 4 4 0 0.000468165
1 4 4 1 2.53902e-05
1 4 4 2 0.000120982
1 4 4 3 0.00100177
1 4 5 0 0.000468165
1 4 5 1 0.00032621
1 4 5 2 0.000120978
1 4 5 3 0.000625101
1 4 6 0 0.000468165
1 4 6 1 2.53966e-05
1 4 6 2 0.000120985
1 4 6 3 0.00096361
1 4 7 0 0.000468165
1 4 7 1 0.000262258
1 4 7 2 0.000120984
1 4 7 3 0.000892514
1 4 8 0 0.000468165
1 4 8 1 0.000723557
1 4 8 2 0.000121418
1 4 8 3 0.000653661
1 4 9 0 0.000468165
1 4 9 1 0.000509176
1 4 9 2 0.000120982
1 4 9 3 0.000417521
1 4 10 0 0.000468165
1 4 10 1 0.00145942
1 4 10 2 0.000120983
1 4 10 3 0.000333189
1 4 11 0 0.000468165
1 4 11 1 0.000688108
1 4 11 2 0.00012098
1 4 11 3 0.000376664
1 4 12 0 0.000468165
1 4 12 1 0.00119094
1 4 12 2 0.000120987
1 4 12 3 0.000227453
1 4 13 0 0.000468165
1 4 13 1 0.000737707
1 4 13 2 0.000120979
1 4 13 3 0.000188481
1 4 14 0 0.000468165
1 4 14 1 0.0002348
1 4 14 2 0.00012099
1 4 14 3 0.000235816
1 4 15 0 0.000468165
1 4 15 1 0.000349189
1 4 15 2 0.000120991
1 4 15 3 0.000224008
1 4 16 0 0.000468165
1 4 16 1 0.000286206
1 4 16 2 0.000120984
1 4 16 3 0.000690017
1 4 17 0 0.000468165
1 4 17 1 0.00161874
1 4 17 2 0.000120991
1 4 17 3 0.000482886
1 4 18 0 0.000468165
1 4 18 1 0.00237514
1 4 18 2 0.000120987
1 4 18 3 0.000880305
1 4 19 0 0.000468165
1 4 19 1 0.00423266
1 4 19 2 0.000120982
1 4 19 3 0.000666332
1 4 20 0 0.000468165
1 4 20 1 0.00279073
1 4 20 2 0.000121078
1 4 20 3 0.00179056
1 4 21 0 0.000468165
1 4 21 1 0.00423358
1 4 21 2 0.00012098
1 4 21 3 0.00204286
1 4 22 0 0.000468165
1 4 22 1 0.00379128
1 4 22 2 0.000120985
1 4 22 3 0.00321286
1 4 23 0 0.000468165
1 4 23 1 0.00558315
1 4 23 2 0.000120984
1 4 23 3 0.00299971
1 4 24 0 0.000468165
1 4 24 1 0.00327782
1 4 24 2 0.000120984
1 4 24 3 0.00378606
1 4 25 0 0.000468165
1 4 25 1 0.00600204
1 4 25 2 0.000120984
1 4 25 3 0.00315593
1 4 26 0 0.000468165
1 4 26 1 0.00712794
1 4 26 2 0.00012099
1 4 26 3 0.00375833
1 4 27 0 0.000468165
1 4 27 1 0.00417428
1 4 27 2 0.000120984
1 4 27 3 0.0044995
1 4 28 0 0.000468165
1 4 28 1 0.00347132
1 4 28 2 0.000120984
1 4 28 3 0.0043216
1 4 29 0 0.000468165
1 4 29 1 0.00389892
1 4 29 2 0.000120981
1 4 29 3 0.0038212
1 4 30 0 0.000468165
1 4 30 1 0.00311252
1 4 30 2 0.000121009
1 4 30 3 0.00351193
1 4 31 0 0.000468165
1 4 31 1 0.00410643
1 4 31 2 0.000120981
1 4 31 3 0.00334251
1 4 32 0 0.000468165
1 4 32 1 0.00400978
1 4 32 2 0.00012098
1 4 32 3 0.00253416
1 4 33 0 0.000468165
1 4 33 1 0.00326021
1 4 33 2 0.000120979
1 4 33 3 0.00280975
1 4 34 0 0.000468165
1 4 34 1 0.00382162
1 4 34 2 0.000120981
1 4 34 3 0.00234255
1 4 35 0 0.000468165
1 4 35 1 0.00325606
1 4 35 2 0.000120981
1 4 35 3 0.00286602
1 4 36 0 0.000468165
1 4 36 1 0.00453616
1 4 36 2 0.000120984
1 4 36 3 0.00231489
1 4 37 0 0.000468165
1 4 37 1 0.00266374
1 4 37 2 0.000120981
1 4 37 3 0.00252695
1 4 38 0 0.000468165
1 4 38 1 0.00419549
1 4 38 2 0.000120982
1 4 38 3 0.00271187
1 4 39 0 0.000468165
1 4 39 1 0.00375001
1 4 39 2 0.000120983
1 4 39 3 0.00180978
1 4 40 0 0.000468165
1 4 40 1 0.00389691
1 4 40 2 0.000120983
1 4 40 3 0.00205094
1 4 41 0 0.000468165
1 4 41 1 0.00469952
1 4 41 2 0.000120982
1 4 41 3 0.00215385
1 4 42 0 0.000468165
1 4 42 1 0.0044089
1 4 42 2 0.000120985
1 4 42 3 0.00183393
1 4 43 0 0.000468165
1 4 43 1 0.00241106
1 4 43 2 0.000120986
1 4 43 3 0.00211906
1 4 44 0 0.000468165
1 4 44 1 0.00396842
1 4 44 2 0.000120991
1 4 44 3 0.00121033
1 4 45 0 0.000468165
1 4 45 1 0.00339357
1 4 45 2 0.000120984
1 4 45 3 0.00161377
1 4 46 0 0.000468165
1 4 46 1 0.001637
1 4 46 2 0.000120981
1 4 46 3 0.0016776
1 4 47 0 0.000468165
1 4 47 1 0.00126199
1 4 47 2 0.000120985
1 4 47 3 0.00186367
1 5 0 0 0.000468165
1 5 0 1 0.00167231
1 5 0 2 0.000120979
1 5 0 3 0.00146451
1 5 1 0 0.000468165
1 5 1 1 0.00216126
1 5 1 2 0.000120982
1 5 1 3 0.00127464
1 5 2 0 0.000468165
1 5 2 1 0.000269029
1 5 2 2 0.000120987
1 5 2 3 0.0017223
1 5 3 0 0.000468165
1 5 3 1 0.000905337
1 5 3 2 0.000120992
1 5 3 3 0.00117538
1 5 4 0 0.000468165
1 5 4 1 0.00248177
1 5 4 2 0.00012098
1 5 4 3 0.000863162
1 5 5 0 0.000468165
1 5 5 1 0.000498864
1 5 5 2 0.000120985
1 5 5 3 0.00125994
1 5 6 0 0.000468165
1 5 6 1 0.00263785
1 5 6 2 0.000120984
1 5 6 3 0.000919885
1 5 7 0 0.000468165
1 5 7 1 5.3041e-05
1 5 7 2 0.000120981
1 5 7 3 0.00129722
1 5 8 0 0.000468165
1 5 8 1 0.00222662
1 5 8 2 0.00012098
1 5 8 3 0.000875345
1 5 9 0 0.000468165
1 5 9 1 0.000171408
1 5 9 2 0.00012099
1 5 9 3 0.000814103
1 5 10 0 0.000468165
1 5 10 1 2.54014e-05
1 5 10 2 0.000120979
1 5 10 3 0.00103425
1 5 11 0 0.000468165
1 5 11 1 0.00169797
1 5 11 2 0.000120978
1 5 11 3 0.000539157
1 5 12 0 0.000468165
1 5 12 1 0.00397166
1 5 12 2 0.00012099
1 5 12 3 0.000353584
1 5 13 0 0.000468165
1 5 13 1 0.00213215
1 5 13 2 0.000120979
1 5 13 3 0.000225628
1 5 14 0 0.000468165
1 5 14 1 0.00204422
1 5 14 2 0.000120984
1 5 14 3 0.000476257
1 5 15 0 0.000468165
1 5 15 1 0.00123238
1 5 15 2 0.000120982
1 5 15 3 0.000346786
1 5 16 0 0.000468165
1 5 16 1 0.00284185
1 5 16 2 0.000120986
1 5 16 3 0.000307783
1 5 17 0 0.000468165
1 5 17 1 0.00212778
1 5 17 2 0.00012098
1 5 17 3 0.000500683
1 5 18 0 0.000468165
1 5 18 1 0.00436579
1 5 18 2 0.000120981
1 5 18 3 0.000874302
1 5 19 0 0.000468165
1 5 19 1 0.00234661
1 5 19 2 0.000120995
1 5 19 3 0.00114516
1 5 20 0 0.000468165
1 5 20 1 2.59453e-05
1 5 20 2 0.000120985
1 5 20 3 0.00248819
1 5 21 0 0.000468165
1 5 21 1 0.00261231
1 5 21 2 0.000120981
1 5 21 3 0.00146786
1 5 22 0 0.000468165
1 5 22 1 0.00356996
1 5 22 2 0.00012099
1 5 22 3 0.0024908
1 5 23 0 0.000468165
1 5 23 1 0.00193967
1 5 23 2 0.000120982
1 5 23 3 0.00313731
1 5 24 0 0.000468165
1 5 24 1 0.00211259
1 5 24 2 0.000120986
1 5 24 3 0.00378837
1 5 25 0 0.000468165
1 5 25 1 0.0028695
1 5 25 2 0.000120985
1 5 25 3 0.00344696
1 5 26 0 0.000468165
1 5 26 1 0.00168467
1 5 26 2 0.000120983
1 5 26 3 0.00401102
1 5 27 0 0.000468165
1 5 27 1 0.00502545
1 5 27 2 0.000120987
1 5 27 3 0.00280427
1 5 28 0 0.000468165
1 5 28 1 0.00133738
1 5 28 2 0.000120983
1 5 28 3 0.00368929
1 5 29 0 0.000468165
1 5 29 1 0.00303382
1 5 29 2 0.00012098
1 5 29 3 0.00438047
1 5 30 0 0.000468165
1 5 30 1 0.00179806
1 5 30 2 0.000120988
1 5 30 3 0.00336335
1 5 31 0 0.000468165
1 5 31 1 0.00521732
1 5 31 2 0.00012098
1 5 31 3 0.00253268
1 5 32 0 0.000468165
1 5 32 1 0.00105952
1 5 32 2 0.000120981
1 5 32 3 0.00335837
1 5 33 0 0.000468165
1 5 33 1 0.00380128
1 5 33 2 0.000120983
1 5 33 3 0.00322562
1 5 34 0 0.000468165
1 5 34 1 0.00330239
1 5 34 2 0.000120981
1 5 34 3 0.00268758
1 5 35 0 0.000468165
1 5 35 1 0.00356624
1 5 35 2 0.000120982
1 5 35 3 0.00281524
1 5 36 0 0.000468165
1 5 36 1 0.00130472
1 5 36 2 0.000120981
1 5 36 3 0.00313541
1 5 37 0 0.000468165
1 5 37 1 0.00229898
1 5 37 2 0.000120983
1 5 37 3 0.00269523
1 5 38 0 0.000468165
1 5 38 1 0.00149136
1 5 38 2 0.000120982
1 5 38 3 0.00252578
1 5 39 0 0.000468165
1 5 39 1 0.00320737
1 5 39 2 0.000120985
1 5 39 3 0.00199654
1 5 40 0 0.000468165
1 5 40 1 0.00172224
1 5 40 2 0.000120994
1 5 40 3 0.00178675
1 5 41 0 0.000468165
1 5 41 1 0.00199562
1 5 41 2 0.000120984
1 5 41 3 0.00246654
1 5 42 0 0.000468165
1 5 42 1 0.000505898
1 5 42 2 0.000120982
1 5 42 3 0.00213194
1 5 43 0 0.000468165
1 5 43 1 0.00272041
1 5 43 2 0.000120982
1 5 43 3 0.00194618
1 5 44 0 0.000468165
1 5 44 1 0.00267159
1 5 44 2 0.000120986
1 5 44 3 0.00137744
1 5 45 0 0.000468165
1 5 45 1 0.00232629
1 5 45 2 0.000120991
1 5 45 3 0.00131124
1 5 46 0 0.000468165
1 5 46 1 0.00419636
1 5 46 2 0.000120986
1 5 46 3 0.00129052
1 5 47 0 0.000468165
1 5 47 1 0.000614351
1 5 47 2 0.000120991
1 5 47 3 0.00179103
1 6 0 0 0.000468165
1 6 0 1 0.00105722
1 6 0 2 0.000120984
1 6 0 3 0.00194167
1 6 1 0 0.000468165
1 6 1 1 0.00322732
1 6 1 2 0.000120989
1 6 1 3 0.00113257
1 6 2 0 0.000468165
1 6 2 1 0.00141462
1 6 2 2 0.00012098
1 6 2 3 0.0012429
1 6 3 0 0.000468165
1 6 3 1 0.000491312
1 6 3 2 0.000121002
1 6 3 3 0.00166917
1 6 4 0 0.000468165
1 6 4 1 0.00180985
1 6 4 2 0.000120984
1 6 4 3 0.000826075
1 6 5 0 0.000468165
1 6 5 1 0.000848728
1 6 5 2 0.000120982
1 6 5 3 0.00140832
1 6 6 0 0.000468165
1 6 6 1 0.00203408
1 6 6 2 0.000120981
1 6 6 3 0.000960918
1 6 7 0 0.000468165
1 6 7 1 0.00176405
1 6 7 2 0.00012098
1 6 7 3 0.00126297
1 6 8 0 0.000468165
1 6 8 1 0.00170722
1 6 8 2 0.000120978
1 6 8 3 0.000637145
1 6 9 0 0.000468165
1 6 9 1 0.000837997
1 6 9 2 0.000120978
1 6 9 3 0.00130702
1 6 10 0 0.000468165
1 6 10 1 0.00265469
1 6 10 2 0.000120987
1 6 10 3 0.000688941
1 6 11 0 0.000468165
1 6 11 1 0.00221694
1 6 11 2 0.000120979
1 6 11 3 0.000453087
1 6 12 0 0.000468165
1 6 12 1 0.00266369
1 6 12 2 0.000120986
1 6 12 3 0.000664154
1 6 13 0 0.000468165
1 6 13 1 0.00267166
1 6 13 2 0.00012098
1 6 13 3 0.000242207
1 6 14 0 0.000468165
1 6 14 1 0.00209717
1 6 14 2 0.000120979
1 6 14 3 0.000392116
1 6 15 0 0.000468165
1 6 15 1 0.0004435
1 6 15 2 0.00012098
1 6 15 3 0.000428435
1 6 16 0 0.000468165
1 6 16 1 0.00287074
1 6 16 2 0.000120983
1 6 16 3 0.000233301
1 6 17 0 0.000468165
1 6 17 1 0.0016772
1 6 17 2 0.000120983
1 6 17 3 0.000774123
1 6 18 0 0.000468165
1 6 18 1 0.00346753
1 6 18 2 0.000120982
1 6 18 3 0.000413347
1 6 19 0 0.000468165
1 6 19 1 0.00304043
1 6 19 2 0.000120984
1 6 19 3 0.0012683
1 6 20 0 0.000468165
1 6 20 1 0.00116684
1 6 20 2 0.000120992
1 6 20 3 0.00166856
1 6 21 0 0.000468165
1 6 21 1 0.00197537
1 6 21 2 0.000120986
1 6 21 3 0.00164837
1 6 22 0 0.000468165
1 6 22 1 0.00293505
1 6 22 2 0.000120982
1 6 22 3 0.00212868
1 6 23 0 0.000468165
1 6 23 1 0.00267941
1 6 23 2 0.000120984
1 6 23 3 0.00224342
1 6 24 0 0.000468165
1 6 24 1 0.00145036
1 6 24 2 0.000120986
1 6 24 3 0.00283988
1 6 25 0 0.000468165
1 6 25 1 0.00292142
1 6 25 2 0.000120986
1 6 25 3 0.00354286
1 6 26 0 0.000468165
1 6 26 1 0.00101318
1 6 26 2 0.000120998
1 6 26 3 0.00371531
1 6 27 0 0.000468165
1 6 27 1 0.0019398
1 6 27 2 0.000120981
1 6 27 3 0.00376128
1 6 28 0 0.000468165
1 6 28 1 0.0019961
1 6 28 2 0.000120983
1 6 28 3 0.00356308
1 6 29 0 0.000468165
1 6 29 1 0.000929837
1 6 29 2 0.00012099
1 6 29 3 0.00388645
1 6 30 0 0.000468165
1 6 30 1 0.00347165
1 6 30 2 0.000120981
1 6 30 3 0.00262826
1 6 31 0 0.000468165
1 6 31 1 0.0025493
1 6 31 2 0.000120985
1 6 31 3 0.00338026
1 6 32 0 0.000468165
1 6 32 1 0.000948306
1 6 32 2 0.00071045
1 6 32 3 0.00345684
1 6 33 0 0.000468165
1 6 33 1 0.00406082
1 6 33 2 0.000120983
1 6 33 3 0.00220166
1 6 34 0 0.000468165
1 6 34 1 0.00296009
1 6 34 2 0.00012098
1 6 34 3 0.00211529
1 6 35 0 0.000468165
1 6 35 1 0.00277434
1 6 35 2 0.000120982
1 6 35 3 0.00214836
1 6 36 0 0.000468165
1 6 36 1 0.00433325
1 6 36 2 0.000120992
1 6 36 3 0.00217914
1 6 37 0 0.000468165
1 6 37 1 0.00417638
1 6 37 2 0.000120983
1 6 37 3 0.00166506
1 6 38 0 0.000468165
1 6 38 1 2.55922e-05
1 6 38 2 0.000120982
1 6 38 3 0.00242016
1 6 39 0 0.000468165
1 6 39 1 0.00214402
1 6 39 2 0.000120982
1 6 39 3 0.00217498
1 6 40 0 0.000468165
1 6 40 1 0.00189972
1 6 40 2 0.000120984
1 6 40 3 0.00200999
1 6 41 0 0.000468165
1 6 41 1 0.00349032
1 6 41 2 0.000120987
1 6 41 3 0.00162701
1 6 42 0 0.000468165
1 6 42 1 0.0017735
1 6 42 2 0.000120984
1 6 42 3 0.00167584
1 6 43 0 0.000468165
1 6 43 1 0.0021878
1 6 43 2 0.000120982
1 6 43 3 0.0016475
1 6 44 0 0.000468165
1 6 44 1 0.00186196
1 6 44 2 0.000120985
1 6 44 3 0.00143121
1 6 45 0 0.000468165
1 6 45 1 0.00134365
1 6 45 2 0.00012099
1 6 45 3 0.00131056
1 6 46 0 0.000468165
1 6 46 1 0.00166757
1 6 46 2 0.000120985
1 6 46 3 0.00103278
1 6 47 0 0.000468165
1 6 47 1 0.00166558
1 6 47 2 0.000120981
1 6 47 3 0.000602343
2 0 0 0 0.000468165
2 0 0 1 0.00497499
2 0 0 2 0.000120982
2 0 0 3 0.0035241
2 0 1 0 0.000468165
2 0 1 1 0.00422057
2 0 1 2 0.000263182
2 0 1 3 0.00328827
2 0 2 0 0.000468165
2 0 2 1 6.62983e-05
2 0 2 2 0.000121
2 0 2 3 0.00436993
2 0 3 0 0.000468165
2 0 3 1 0.00214573
2 0 3 2 0.000120987
2 0 3 3 0.00307385
2 0 4 0 0.000468165
2 0 4 1 0.00240249
2 0 4 2 0.000120992
2 0 4 3 0.0031394
2 0 5 0 0.000468165
2 0 5 1 0.00194552
2 0 5 2 0.000120984
2 0 5 3 0.00298116
2 0 6 0 0.000468165
2 0 6 1 0.000170517
2 0 6 2 0.000120984
2 0 6 3 0.00384231
2 0 7 0 0.000468165
2 0 7 1 0.00080202
2 0 7 2 0.000120989
2 0 7 3 0.00242508
2 0 8 0 0.000468165
2 0 8 1 0.00159399
2 0 8 2 0.000120994
2 0 8 3 0.00222538
2 0 9 0 0.000468165
2 0 9 1 0.00169947
2 0 9 2 0.000120988
2 0 9 3 0.0021525
2 0 10 0 0.000468165
2 0 10 1 0.00314856
2 0 10 2 0.000121004
2 0 10 3 0.00109438
2 0 11 0 0.000468165
2 0 11 1 2.55805e-05
2 0 11 2 0.00012099
2 0 11 3 0.00155236
2 0 12 0 0.000468165
2 0 12 1 0.00240498
2 0 12 2 0.000120984
2 0 12 3 0.00177323
2 0 13 0 0.000468165
2 0 13 1 0.00181902
2 0 13 2 0.000120986
2 0 13 3 0.00128499
2 0 14 0 0.000468165
2 0 14 1 0.00141934
2 0 14 2 0.000120979
2 0 14 3 0.00140393
2 0 15 0 0.000468165
2 0 15 1 0.00261391
2 0 15 2 0.00012098
2 0 15 3 0.00114938
2 0 16 0 0.000468165
2 0 16 1 0.00148215
2 0 16 2 0.000120984
2 0 16 3 0.00139784
2 0 17 0 0.000468165
2 0 17 1 0.0032406
2 0 17 2 0.000120983
2 0 17 3 0.00163146
2 0 18 0 0.000468165
2 0 18 1 0.00298239
2 0 18 2 0.000120984
2 0 18 3 0.00316781
2 0 19 0 0.000468165
2 0 19 1 0.00674807
2 0 19 2 0.000120987
2 0 19 3 0.00401113
2 0 20 0 0.000468165
2 0 20 1 0.00593899
2 0 20 2 0.000120983
2 0 20 3 0.00450737
2 0 21 0 0.000468165
2 0 21 1 0.00365841
2 0 21 2 0.000120984
2 0 21 3 0.00598719
2 0 22 0 0.000468165
2 0 22 1 0.00848387
2 0 22 2 0.000120982
2 0 22 3 0.00647688
2 0 23 0 0.000468165
2 0 23 1 0.0098998
2 0 23 2 0.000120983
2 0 23 3 0.00726965
2 0 24 0 0.000468165
2 0 24 1 0.00959499
2 0 24 2 0.000120983
2 0 24 3 0.00801157
2 0 25 0 0.000468165
2 0 25 1 0.00771872
2 0 25 2 0.000120982
2 0 25 3 0.00834651
2 0 26 0 0.000468165
2 0 26 1 0.00683436
2 0 26 2 0.000120984
2 0 26 3 0.00836832
2 0 27 0 0.000468165
2 0 27 1 0.0127385
2 0 27 2 0.000120981
2 0 27 3 0.00900398
2 0 28 0 0.000468165
2 0 28 1 0.00730986
2 0 28 2 0.000120982
2 0 28 3 0.00910705
2 0 29 0 0.000468165
2 0 29 1 0.00663927
2 0 29 2 0.000120983
2 0 29 3 0.00945512
2 0 30 0 0.000468165
2 0 30 1 0.00989404
2 0 30 2 0.000120983
2 0 30 3 0.00719906
2 0 31 0 0.000468165
2 0 31 1 0.00960558
2 0 31 2 0.00012098
2 0 31 3 0.00693266
2 0 32 0 0.000468165
2 0 32 1 0.00858286
2 0 32 2 0.000120982
2 0 32 3 0.00704504
2 0 33 0 0.000468165
2 0 33 1 0.00735079
2 0 33 2 0.000120982
2 0 33 3 0.00786189
2 0 34 0 0.000468165
2 0 34 1 0.00753764
2 0 34 2 0.000120984
2 0 34 3 0.00584302
2 0 35 0 0.000468165
2 0 35 1 0.0076591
2 0 35 2 0.000120983
2 0 35 3 0.00545445
2 0 36 0 0.000468165
2 0 36 1 0.00559035
2 0 36 2 0.00012098
2 0 36 3 0.00589786
2 0 37 0 0.000468165
2 0 37 1 0.00344817
2 0 37 2 0.000121024
2 0 37 3 0.0068015
2 0 38 0 0.000468165
2 0 38 1 0.00678205
2 0 38 2 0.000120984
2 0 38 3 0.00650175
2 0 39 0 0.000468165
2 0 39 1 0.00610695
2 0 39 2 0.000121075
2 0 39 3 0.00575763
2 0 40 0 0.000468165
2 0 40 1 0.00928886
2 0 40 2 0.000120983
2 0 40 3 0.00513825
2 0 41 0 0.000468165
2 0 41 1 0.00599851
2 0 41 2 0.000120981
2 0 41 3 0.00595702
2 0 42 0 0.000468165
2 0 42 1 0.0064726
2 0 42 2 0.000120983
2 0 42 3 0.00496413
2 0 43 0 0.000468165
2 0 43 1 0.00563023
2 0 43 2 0.000120982
2 0 43 3 0.00560808
2 0 44 0 0.000468165
2 0 44 1 0.00221736
2 0 44 2 0.00012098
2 0 44 3 0.00524514
2 0 45 0 0.000468165
2 0 45 1 0.00143432
2 0 45 2 0.000120982
2 0 45 3 0.00498396
2 0 46 0 0.000468165
2 0 46 1 0.00277163
2 0 46 2 0.000120981
2 0 46 3 0.00466227
2 0 47 0 0.000468165
2 0 47 1 0.00332667
2 0 47 2 0.000120982
2 0 47 3 0.00372367
2 1 0 0 0.000468165
2 1 0 1 0.00639079
2 1 0 2 0.000120992
2 1 0 3 0.00384007
2 1 1 0 0.000468165
2 1 1 1 0.00195147
2 1 1 2 0.000120986
2 1 1 3 0.0040897
2 1 2 0 0.000468165
2 1 2 1 0.00176473
2 1 2 2 0.000121239
2 1 2 3 0.00404377
2 1 3 0 0.000468165
2 1 3 1 0.00464312
2 1 3 2 0.000120988
2 1 3 3 0.00307872
2 1 4 0 0.000468165
2 1 4 1 0.00252478
2 1 4 2 0.00012098
2 1 4 3 0.00297287
2 1 5 0 0.000468165
2 1 5 1 0.00119212
2 1 5 2 0.000120985
2 1 5 3 0.00307743
2 1 6 0 0.000468165
2 1 6 1 0.000316494
2 1 6 2 0.000120985
2 1 6 3 0.00237647
2 1 7 0 0.000468165
2 1 7 1 2.54298e-05
2 1 7 2 0.000120985
2 1 7 3 0.0027752
2 1 8 0 0.000468165
2 1 8 1 0.000993372
2 1 8 2 0.000120987
2 1 8 3 0.00168668
2 1 9 0 0.000468165
2 1 9 1 0.000853202
2 1 9 2 0.000120981
2 1 9 3 0.00193245
2 1 10 0 0.000468165
2 1 10 1 0.00157927
2 1 10 2 0.000120988
2 1 10 3 0.00105048
2 1 11 0 0.000468165
2 1 11 1 0.000514088
2 1 11 2 0.000120999
2 1 11 3 0.00151859
2 1 12 0 0.000468165
2 1 12 1 2.54099e-05
2 1 12 2 0.000120984
2 1 12 3 0.0014425
2 1 13 0 0.000468165
2 1 13 1 0.0014179
2 1 13 2 0.000120985
2 1 13 3 0.0010174
2 1 14 0 0.000468165
2 1 14 1 0.000751049
2 1 14 2 0.000120996
2 1 14 3 0.00111433
2 1 15 0 0.000468165
2 1 15 1 0.000656656
2 1 15 2 0.000121009
2 1 15 3 0.000860614
2 1 16 0 0.000468165
2 1 16 1 0.00245266
2 1 16 2 0.000120982
2 1 16 3 0.00113313
2 1 17 0 0.000468165
2 1 17 1 0.00254803
2 1 17 2 0.000120988
2 1 17 3 0.00149562
2 1 18 0 0.000468165
2 1 18 1 0.00176692
2 1 18 2 0.000120982
2 1 18 3 0.00294353
2 1 19 0 0.000468165
2 1 19 1 0.0045584
2 1 19 2 0.000120982
2 1 19 3 0.00336541
2 1 20 0 0.000468165
2 1 20 1 0.00638123
2 1 20 2 0.000120982
2 1 20 3 0.00346447
2 1 21 0 0.000468165
2 1 21 1 0.00527481
2 1 21 2 0.000120992
2 1 21 3 0.00459275
2 1 22 0 0.000468165
2 1 22 1 0.00650892
2 1 22 2 0.000120993
2 1 22 3 0.00551713
2 1 23 0 0.000468165
2 1 23 1 0.00697659
2 1 23 2 0.000120981
2 1 23 3 0.00659491
2 1 24 0 0.000468165
2 1 24 1 0.00847643
2 1 24 2 0.000120983
2 1 24 3 0.00671815
2 1 25 0 0.000468165
2 1 25 1 0.00850602
2 1 25 2 0.000120984
2 1 25 3 0.00767615
2 1 26 0 0.000468165
2 1 26 1 0.00473599
2 1 26 2 0.000120986
2 1 26 3 0.00819403
2 1 27 0 0.000468165
2 1 27 1 0.00589455
2 1 27 2 0.000120983
2 1 27 3 0.00849136
2 1 28 0 0.000468165
2 1 28 1 0.0105068
2 1 28 2 0.000120983
2 1 28 3 0.00714013
2 1 29 0 0.000468165
2 1 29 1 0.00733214
2 1 29 2 0.000120983
2 1 29 3 0.0078034
2 1 30 0 0.000468165
2 1 30 1 0.00941154
2 1 30 2 0.000120986
2 1 30 3 0.00656021
2 1 31 0 0.000468165
2 1 31 1 0.0076952
2 1 31 2 0.000120981
2 1 31 3 0.0065433
2 1 32 0 0.000468165
2 1 32 1 0.00719715
2 1 32 2 0.000120982
2 1 32 3 0.00660686
2 1 33 0 0.000468165
2 1 33 1 0.00908454
2 1 33 2 0.000120982
2 1 33 3 0.00633072
2 1 34 0 0.000468165
2 1 34 1 0.00741338
2 1 34 2 0.00012098
2 1 34 3 0.00554488
2 1 35 0 0.000468165
2 1 35 1 0.00750962
2 1 35 2 0.00012098
2 1 35 3 0.00559768
2 1 36 0 0.000468165
2 1 36 1 0.00484478
2 1 36 2 0.000121052
2 1 36 3 0.00542133
2 1 37 0 0.000468165
2 1 37 1 0.00444925
2 1 37 2 0.000120988
2 1 37 3 0.00470184
2 1 38 0 0.000468165
2 1 38 1 0.00502735
2 1 38 2 0.000120983
2 1 38 3 0.00534388
2 1 39 0 0.000468165
2 1 39 1 0.00835684
2 1 39 2 0.000120985
2 1 39 3 0.00476877
2 1 40 0 0.000468165
2 1 40 1 0.00669657
2 1 40 2 0.00012098
2 1 40 3 0.00502586
2 1 41 0 0.000468165
2 1 41 1 0.00522199
2 1 41 2 0.000120982
2 1 41 3 0.00466231
2 1 42 0 0.000468165
2 1 42 1 0.00530819
2 1 42 2 0.000120983
2 1 42 3 0.00483382
2 1 43 0 0.000468165
2 1 43 1 0.00380629
2 1 43 2 0.000120982
2 1 43 3 0.00535377
2 1 44 0 0.000468165
2 1 44 1 0.00175428
2 1 44 2 0.000120986
2 1 44 3 0.00638581
2 1 45 0 0.000468165
2 1 45 1 0.00239814
2 1 45 2 0.000120985
2 1 45 3 0.0061661
2 1 46 0 0.000468165
2 1 46 1 0.00240396
2 1 46 2 0.000120997
2 1 46 3 0.00522694
2 1 47 0 0.000468165
2 1 47 1 0.00396545
2 1 47 2 0.000120984
2 1 47 3 0.00499319
2 2 0 0 0.000468165
2 2 0 1 0.00270136
2 2 0 2 0.000120982
2 2 0 3 0.00546574
2 2 1 0 0.000468165
2 2 1 1 0.00173841
2 2 1 2 0.000120984
2 2 1 3 0.00514829
2 2 2 0 0.000468165
2 2 2 1 0.00381212
2 2 2 2 0.000120985
2 2 2 3 0.00393912
2 2 3 0 0.000468165
2 2 3 1 0.00349271
2 2 3 2 0.000120982
2 2 3 3 0.00350318
2 2 4 0 0.000468165
2 2 4 1 0.00483108
2 2 4 2 0.000619272
2 2 4 3 0.00342606
2 2 5 0 0.000468165
2 2 5 1 0.00286395
2 2 5 2 0.000120993
2 2 5 3 0.00311275
2 2 6 0 0.000468165
2 2 6 1 0.00150334
2 2 6 2 0.000120987
2 2 6 3 0.00340645
2 2 7 0 0.000468165
2 2 7 1 0.000692361
2 2 7 2 0.000120985
2 2 7 3 0.00298526
2 2 8 0 0.000468165
2 2 8 1 0.00309596
2 2 8 2 0.000120985
2 2 8 3 0.00221176
2 2 9 0 0.000468165
2 2 9 1 0.00142622
2 2 9 2 0.000120987
2 2 9 3 0.0019197
2 2 10 0 0.000468165
2 2 10 1 0.00128947
2 2 10 2 0.000120987
2 2 10 3 0.00137672
2 2 11 0 0.000468165
2 2 11 1 0.00155259
2 2 11 2 0.000120985
2 2 11 3 0.00129021
2 2 12 0 0.000468165
2 2 12 1 0.000949595
2 2 12 2 0.000120982
2 2 12 3 0.00133954
2 2 13 0 0.000468165
2 2 13 1 0.00198031
2 2 13 2 0.000120981
2 2 13 3 0.00106957
2 2 14 0 0.000468165
2 2 14 1 0.00122239
2 2 14 2 0.00012099
2 2 14 3 0.00151507
2 2 15 0 0.000468165
2 2 15 1 0.00225898
2 2 15 2 0.000120984
2 2 15 3 0.000891459
2 2 16 0 0.000468165
2 2 16 1 0.00248613
2 2 16 2 0.000120985
2 2 16 3 0.00135928
2 2 17 0 0.000468165
2 2 17 1 0.00173773
2 2 17 2 0.000120995
2 2 17 3 0.00207284
2 2 18 0 0.000468165
2 2 18 1 0.00336284
2 2 18 2 0.000120983
2 2 18 3 0.00266599
2 2 19 0 0.000468165
2 2 19 1 0.0016359
2 2 19 2 0.000120988
2 2 19 3 0.00429578
2 2 20 0 0.000468165
2 2 20 1 0.00461563
2 2 20 2 0.000120985
2 2 20 3 0.00397025
2 2 21 0 0.000468165
2 2 21 1 0.00416733
2 2 21 2 0.000120993
2 2 21 3 0.00430587
2 2 22 0 0.000468165
2 2 22 1 0.011038
2 2 22 2 0.000120981
2 2 22 3 0.00474288
2 2 23 0 0.000468165
2 2 23 1 0.00869841
2 2 23 2 0.000121017
2 2 23 3 0.00648137
2 2 24 0 0.000468165
2 2 24 1 0.0111073
2 2 24 2 0.000120986
2 2 24 3 0.00702864
2 2 25 0 0.000468165
2 2 25 1 0.013244
2 2 25 2 0.000120985
2 2 25 3 0.0062574
2 2 26 0 0.000468165
2 2 26 1 0.0077307
2 2 26 2 0.000120984
2 2 26 3 0.0086393
2 2 27 0 0.000468165
2 2 27 1 0.00783994
2 2 27 2 0.000120986
2 2 27 3 0.00933369
2 2 28 0 0.000468165
2 2 28 1 0.00900763
2 2 28 2 0.000120982
2 2 28 3 0.00731885
2 2 29 0 0.000468165
2 2 29 1 0.0110451
2 2 29 2 0.000120982
2 2 29 3 0.00672242
2 2 30 0 0.000468165
2 2 30 1 0.00976241
2 2 30 2 0.000120982
2 2 30 3 0.00665779
2 2 31 0 0.000468165
2 2 31 1 0.0119144
2 2 31 2 0.000120981
2 2 31 3 0.00573214
2 2 32 0 0.000468165
2 2 32 1 0.00898084
2 2 32 2 0.000120984
2 2 32 3 0.00572045
2 2 33 0 0.000468165
2 2 33 1 0.00628946
2 2 33 2 0.000120988
2 2 33 3 0.00627835
2 2 34 0 0.000468165
2 2 34 1 0.00389264
2 2 34 2 0.000120981
2 2 34 3 0.00594186
2 2 35 0 0.000468165
2 2 35 1 0.00673671
2 2 35 2 0.000120981
2 2 35 3 0.00530076
2 2 36 0 0.000468165
2 2 36 1 0.00899154
2 2 36 2 0.000120983
2 2 36 3 0.00451764
2 2 37 0 0.000468165
2 2 37 1 0.00416923
2 2 37 2 0.000120985
2 2 37 3 0.00585506
2 2 38 0 0.000468165
2 2 38 1 0.00845896
2 2 38 2 0.000120981
2 2 38 3 0.0052013
2 2 39 0 0.000468165
2 2 39 1 0.00994532
2 2 39 2 0.000120983
2 2 39 3 0.00476094
2 2 40 0 0.000468165
2 2 40 1 0.00741011
2 2 40 2 0.000120982
2 2 40 3 0.00523883
2 2 41 0 0.000468165
2 2 41 1 0.0065154
2 2 41 2 0.000120981
2 2 41 3 0.00509278
2 2 42 0 0.000468165
2 2 42 1 0.00736125
2 2 42 2 0.000120982
2 2 42 3 0.00416049
2 2 43 0 0.000468165
2 2 43 1 0.00116779
2 2 43 2 0.000120981
2 2 43 3 0.00546507
2 2 44 0 0.000468165
2 2 44 1 0.00465909
2 2 44 2 0.000120982
2 2 44 3 0.00493174
2 2 45 0 0.000468165
2 2 45 1 0.00164302
2 2 45 2 0.000120982
2 2 45 3 0.00448767
2 2 46 0 0.000468165
2 2 46 1 0.00333077
2 2 46 2 0.000120984
2 2 46 3 0.00434371
2 2 47 0 0.000468165
2 2 47 1 0.000993478
2 2 47 2 0.000120986
2 2 47 3 0.00462527
2 3 0 0 0.000468165
2 3 0 1 0.00285326
2 3 0 2 0.000120984
2 3 0 3 0.00393686
2 3 1 0 0.000468165
2 3 1 1 0.00195766
2 3 1 2 0.00012098
2 3 1 3 0.00467211
2 3 2 0 0.000468165
2 3 2 1 0.00242148
2 3 2 2 0.000120985
2 3 2 3 0.00332949
2 3 3 0 0.000468165
2 3 3 1 0.00180662
2 3 3 2 0.000121055
2 3 3 3 0.0032947
2 3 4 0 0.000468165
2 3 4 1 0.0009686
2 3 4 2 0.000121175
2 3 4 3 0.00356097
2 3 5 0 0.000468165
2 3 5 1 0.00380224
2 3 5 2 0.00012099
2 3 5 3 0.00281557
2 3 6 0 0.000468165
2 3 6 1 0.000905088
2 3 6 2 0.00012099
2 3 6 3 0.00240832
2 3 7 0 0.000468165
2 3 7 1 0.00255879
2 3 7 2 0.000120983
2 3 7 3 0.00258948
2 3 8 0 0.000468165
2 3 8 1 0.00247246
2 3 8 2 0.000121059
2 3 8 3 0.00157068
2 3 9 0 0.000468165
2 3 9 1 0.0024574
2 3 9 2 0.000120983
2 3 9 3 0.00195828
2 3 10 0 0.000468165
2 3 10 1 0.000677038
2 3 10 2 0.00012098
2 3 10 3 0.00187838
2 3 11 0 0.000468165
2 3 11 1 2.54973e-05
2 3 11 2 0.000121008
2 3 11 3 0.00149825
2 3 12 0 0.000468165
2 3 12 1 0.000770882
2 3 12 2 0.000120981
2 3 12 3 0.00169755
2 3 13 0 0.000468165
2 3 13 1 0.000495061
2 3 13 2 0.00012099
2 3 13 3 0.00130722
2 3 14 0 0.000468165
2 3 14 1 2.54103e-05
2 3 14 2 0.000120987
2 3 14 3 0.00116227
2 3 15 0 0.000468165
2 3 15 1 0.000730932
2 3 15 2 0.000120982
2 3 15 3 0.00130406
2 3 16 0 0.000468165
2 3 16 1 0.000437112
2 3 16 2 0.000120988
2 3 16 3 0.00152227
2 3 17 0 0.000468165
2 3 17 1 0.00159908
2 3 17 2 0.000120981
2 3 17 3 0.00138092
2 3 18 0 0.000468165
2 3 18 1 0.00121683
2 3 18 2 0.000120982
2 3 18 3 0.00253744
2 3 19 0 0.000468165
2 3 19 1 0.002998
2 3 19 2 0.000120994
2 3 19 3 0.00305019
2 3 20 0 0.000468165
2 3 20 1 0.00562441
2 3 20 2 0.000120984
2 3 20 3 0.00403636
2 3 21 0 0.000468165
2 3 21 1 0.00665445
2 3 21 2 0.000120979
2 3 21 3 0.00376537
2 3 22 0 0.000468165
2 3 22 1 0.00342274
2 3 22 2 0.000120984
2 3 22 3 0.00637624
2 3 23 0 0.000468165
2 3 23 1 0.00613738
2 3 23 2 0.00012098
2 3 23 3 0.00476421
2 3 24 0 0.000468165
2 3 24 1 0.00727539
2 3 24 2 0.000120984
2 3 24 3 0.0069711
2 3 25 0 0.000468165
2 3 25 1 0.00483949
2 3 25 2 0.000120987
2 3 25 3 0.00704928
2 3 26 0 0.000468165
2 3 26 1 0.0111799
2 3 26 2 0.000120983
2 3 26 3 0.00664272
2 3 27 0 0.000468165
2 3 27 1 0.0119338
2 3 27 2 0.000120984
2 3 27 3 0.0070689
2 3 28 0 0.000468165
2 3 28 1 0.00636344
2 3 28 2 0.000120984
2 3 28 3 0.00679509
2 3 29 0 0.000468165
2 3 29 1 0.00665322
2 3 29 2 0.000120981
2 3 29 3 0.00733186
2 3 30 0 0.000468165
2 3 30 1 0.00534892
2 3 30 2 0.000120981
2 3 30 3 0.00649981
2 3 31 0 0.000468165
2 3 31 1 0.00723136
2 3 31 2 0.000120982
2 3 31 3 0.00615289
2 3 32 0 0.000468165
2 3 32 1 0.00742775
2 3 32 2 0.000120984
2 3 32 3 0.00571424
2 3 33 0 0.000468165
2 3 33 1 0.00801363
2 3 33 2 0.000120982
2 3 33 3 0.00613894
2 3 34 0 0.000468165
2 3 34 1 0.00693385
2 3 34 2 0.000120981
2 3 34 3 0.00494425
2 3 35 0 0.000468165
2 3 35 1 0.00634432
2 3 35 2 0.000120981
2 3 35 3 0.0051208
2 3 36 0 0.000468165
2 3 36 1 0.00850167
2 3 36 2 0.000120981
2 3 36 3 0.00533334
2 3 37 0 0.000468165
2 3 37 1 0.00420123
2 3 37 2 0.000120983
2 3 37 3 0.00488335
2 3 38 0 0.000468165
2 3 38 1 0.00602893
2 3 38 2 0.000120983
2 3 38 3 0.00502625
2 3 39 0 0.000468165
2 3 39 1 0.00326994
2 3 39 2 0.000120993
2 3 39 3 0.00464428
2 3 40 0 0.000468165
2 3 40 1 0.00655776
2 3 40 2 0.000120985
2 3 40 3 0.00459931
2 3 41 0 0.000468165
2 3 41 1 0.00320999
2 3 41 2 0.000120982
2 3 41 3 0.00431372
2 3 42 0 0.000468165
2 3 42 1 0.00305277
2 3 42 2 0.000121036
2 3 42 3 0.00456817
2 3 43 0 0.000468165
2 3 43 1 0.0056505
2 3 43 2 0.00012098
2 3 43 3 0.00444576
2 3 44 0 0.000468165
2 3 44 1 0.00305472
2 3 44 2 0.000120982
2 3 44 3 0.0043263
2 3 45 0 0.000468165
2 3 45 1 0.003936
2 3 45 2 0.000120987
2 3 45 3 0.00467443
2 3 46 0 0.000468165
2 3 46 1 0.00179173
2 3 46 2 0.000120982
2 3 46 3 0.00496742
2 3 47 0 0.000468165
2 3 47 1 0.00638157
2 3 47 2 0.000120984
2 3 47 3 0.00377946
2 4 0 0 0.000468165
2 4 0 1 0.00414706
2 4 0 2 0.000120986
2 4 0 3 0.00431941
2 4 1 0 0.000468165
2 4 1 1 0.00237042
2 4 1 2 0.000120986
2 4 1 3 0.00397435
2 4 2 0 0.000468165
2 4 2 1 0.00225964
2 4 2 2 0.000311421
2 4 2 3 0.00398286
2 4 3 0 0.000468165
2 4 3 1 0.00357179
2 4 3 2 0.000120985
2 4 3 3 0.00341363
2 4 4 0 0.000468165
2 4 4 1 0.00522049
2 4 4 2 0.000120983
2 4 4 3 0.00276798
2 4 5 0 0.000468165
2 4 5 1 0.00523686
2 4 5 2 0.000120984
2 4 5 3 0.00275709
2 4 6 0 0.000468165
2 4 6 1 0.00227449
2 4 6 2 0.000120981
2 4 6 3 0.00272377
2 4 7 0 0.000468165
2 4 7 1 0.00146076
2 4 7 2 0.000120984
2 4 7 3 0.00258751
2 4 8 0 0.000468165
2 4 8 1 0.00106318
2 4 8 2 0.000120985
2 4 8 3 0.00263145
2 4 9 0 0.000468165
2 4 9 1 0.00172135
2 4 9 2 0.000120989
2 4 9 3 0.00189468
2 4 10 0 0.000468165
2 4 10 1 0.00277207
2 4 10 2 0.000120989
2 4 10 3 0.00126488
2 4 11 0 0.000468165
2 4 11 1 0.000123991
2 4 11 2 0.000120984
2 4 11 3 0.0020529
2 4 12 0 0.000468165
2 4 12 1 0.00168083
2 4 12 2 0.000120983
2 4 12 3 0.00127824
2 4 13 0 0.000468165
2 4 13 1 0.000567899
2 4 13 2 0.000120993
2 4 13 3 0.00139383
2 4 14 0 0.000468165
2 4 14 1 0.00042323
2 4 14 2 0.00012098
2 4 14 3 0.00136351
2 4 15 0 0.000468165
2 4 15 1 2.54048e-05
2 4 15 2 0.00012098
2 4 15 3 0.0010339
2 4 16 0 0.000468165
2 4 16 1 0.00227347
2 4 16 2 0.00012098
2 4 16 3 0.00140033
2 4 17 0 0.000468165
2 4 17 1 0.00161832
2 4 17 2 0.000120981
2 4 17 3 0.00193381
2 4 18 0 0.000468165
2 4 18 1 0.00237069
2 4 18 2 0.00012099
2 4 18 3 0.00304717
2 4 19 0 0.000468165
2 4 19 1 0.00612442
2 4 19 2 0.000120987
2 4 19 3 0.00281341
2 4 20 0 0.000468165
2 4 20 1 0.00301999
2 4 20 2 0.000121261
2 4 20 3 0.00412793
2 4 21 0 0.000468165
2 4 21 1 0.00634964
2 4 21 2 0.000120983
2 4 21 3 0.00507182
2 4 22 0 0.000468165
2 4 22 1 0.00922953
2 4 22 2 0.000120984
2 4 22 3 0.00495329
2 4 23 0 0.000468165
2 4 23 1 0.00598273
2 4 23 2 0.000120986
2 4 23 3 0.00567993
2 4 24 0 0.000468165
2 4 24 1 0.010444
2 4 24 2 0.000120986
2 4 24 3 0.00560365
2 4 25 0 0.000468165
2 4 25 1 0.00443732
2 4 25 2 0.000120988
2 4 25 3 0.00791926
2 4 26 0 0.000468165
2 4 26 1 0.00894473
2 4 26 2 0.000120988
2 4 26 3 0.0077004
2 4 27 0 0.000468165
2 4 27 1 0.0110318
2 4 27 2 0.000120985
2 4 27 3 0.00694644
2 4 28 0 0.000468165
2 4 28 1 0.0100946
2 4 28 2 0.000120981
2 4 28 3 0.00678599
2 4 29 0 0.000468165
2 4 29 1 0.00769811
2 4 29 2 0.000120985
2 4 29 3 0.00714182
2 4 30 0 0.000468165
2 4 30 1 0.00485786
2 4 30 2 0.000120985
2 4 30 3 0.00842647
2 4 31 0 0.000468165
2 4 31 1 0.00478741
2 4 31 2 0.000120981
2 4 31 3 0.00730743
2 4 32 0 0.000468165
2 4 32 1 0.00853871
2 4 32 2 0.000121029
2 4 32 3 0.00640056
2 4 33 0 0.000468165
2 4 33 1 0.00909646
2 4 33 2 0.00012098
2 4 33 3 0.00693717
2 4 34 0 0.000468165
2 4 34 1 0.0056039
2 4 34 2 0.000120984
2 4 34 3 0.00580648
2 4 35 0 0.000468165
2 4 35 1 0.00628354
2 4 35 2 0.000120981
2 4 35 3 0.00479268
2 4 36 0 0.000468165
2 4 36 1 0.00541473
2 4 36 2 0.000120982
2 4 36 3 0.00526366
2 4 37 0 0.000468165
2 4 37 1 0.00479558
2 4 37 2 0.000120981
2 4 37 3 0.00489335
2 4 38 0 0.000468165
2 4 38 1 0.00357924
2 4 38 2 0.00012098
2 4 38 3 0.00547433
2 4 39 0 0.000468165
2 4 39 1 0.0030624
2 4 39 2 0.000120984
2 4 39 3 0.00543445
2 4 40 0 0.000468165
2 4 40 1 0.00622767
2 4 40 2 0.000120982
2 4 40 3 0.00515162
2 4 41 0 0.000468165
2 4 41 1 0.00586523
2 4 41 2 0.00012098
2 4 41 3 0.00489171
2 4 42 0 0.000468165
2 4 42 1 0.00680145
2 4 42 2 0.000120987
2 4 42 3 0.00335924
2 4 43 0 0.000468165
2 4 43 1 3.03138e-05
2 4 43 2 0.00012098
2 4 43 3 0.00530958
2 4 44 0 0.000468165
2 4 44 1 0.00515344
2 4 44 2 0.00012098
2 4 44 3 0.00439622
2 4 45 0 0.000468165
2 4 45 1 0.00740598
2 4 45 2 0.000120981
2 4 45 3 0.00388494
2 4 46 0 0.000468165
2 4 46 1 0.00290619
2 4 46 2 0.000120981
2 4 46 3 0.00352005
2 4 47 0 0.000468165
2 4 47 1 0.00212138
2 4 47 2 0.000120987
2 4 47 3 0.00363213
2 5 0 0 0.000468165
2 5 0 1 0.00485943
2 5 0 2 0.000120983
2 5 0 3 0.00309057
2 5 1 0 0.000468165
2 5 1 1 0.00286667
2 5 1 2 0.000120983
2 5 1 3 0.00365214
2 5 2 0 0.000468165
2 5 2 1 0.00204223
2 5 2 2 0.000120991
2 5 2 3 0.00304074
2 5 3 0 0.000468165
2 5 3 1 2.54996e-05
2 5 3 2 0.000120984
2 5 3 3 0.0037125
2 5 4 0 0.000468165
2 5 4 1 0.00321416
2 5 4 2 0.000120981
2 5 4 3 0.00271754
2 5 5 0 0.000468165
2 5 5 1 0.00338354
2 5 5 2 0.000120983
2 5 5 3 0.00265516
2 5 6 0 0.000468165
2 5 6 1 0.00392052
2 5 6 2 0.000121004
2 5 6 3 0.00205126
2 5 7 0 0.000468165
2 5 7 1 0.0035291
2 5 7 2 0.000120986
2 5 7 3 0.00192095
2 5 8 0 0.000468165
2 5 8 1 0.00283546
2 5 8 2 0.000120986
2 5 8 3 0.00232281
2 5 9 0 0.000468165
2 5 9 1 0.0029554
2 5 9 2 0.00012098
2 5 9 3 0.00154846
2 5 10 0 0.000468165
2 5 10 1 0.00421601
2 5 10 2 0.000120982
2 5 10 3 0.0014087
2 5 11 0 0.000468165
2 5 11 1 0.00303898
2 5 11 2 0.00012098
2 5 11 3 0.00151577
2 5 12 0 0.000468165
2 5 12 1 0.00310206
2 5 12 2 0.000120992
2 5 12 3 0.00176544
2 5 13 0 0.000468165
2 5 13 1 0.00390998
2 5 13 2 0.00012098
2 5 13 3 0.0013106
2 5 14 0 0.000468165
2 5 14 1 0.00179483
2 5 14 2 0.00012098
2 5 14 3 0.0013093
2 5 15 0 0.000468165
2 5 15 1 0.00211059
2 5 15 2 0.00012098
2 5 15 3 0.00106077
2 5 16 0 0.000468165
2 5 16 1 0.00317225
2 5 16 2 0.000120989
2 5 16 3 0.00140634
2 5 17 0 0.000468165
2 5 17 1 0.00229708
2 5 17 2 0.000120982
2 5 17 3 0.00200794
2 5 18 0 0.000468165
2 5 18 1 0.0051435
2 5 18 2 0.000121678
2 5 18 3 0.00206952
2 5 19 0 0.000468165
2 5 19 1 0.00308615
2 5 19 2 0.000120997
2 5 19 3 0.00307623
2 5 20 0 0.000468165
2 5 20 1 0.00804937
2 5 20 2 0.000121026
2 5 20 3 0.00300983
2 5 21 0 0.000468165
2 5 21 1 0.000881752
2 5 21 2 0.000120983
2 5 21 3 0.00454083
2 5 22 0 0.000468165
2 5 22 1 0.0041761
2 5 22 2 0.000120983
2 5 22 3 0.0051803
2 5 23 0 0.000468165
2 5 23 1 0.00839535
2 5 23 2 0.000120985
2 5 23 3 0.0053366
2 5 24 0 0.000468165
2 5 24 1 0.00635501
2 5 24 2 0.000120981
2 5 24 3 0.00634295
2 5 25 0 0.000468165
2 5 25 1 0.00322164
2 5 25 2 0.000121033
2 5 25 3 0.00801064
2 5 26 0 0.000468165
2 5 26 1 0.00416059
2 5 26 2 0.000120982
2 5 26 3 0.00847908
2 5 27 0 0.000468165
2 5 27 1 0.0106871
2 5 27 2 0.000120981
2 5 27 3 0.00838895
2 5 28 0 0.000468165
2 5 28 1 0.00182161
2 5 28 2 0.000120983
2 5 28 3 0.00899909
2 5 29 0 0.000468165
2 5 29 1 0.00538943
2 5 29 2 0.000121073
2 5 29 3 0.00790351
2 5 30 0 0.000468165
2 5 30 1 0.00410199
2 5 30 2 0.000120981
2 5 30 3 0.0078073
2 5 31 0 0.000468165
2 5 31 1 0.00798437
2 5 31 2 0.000121024
2 5 31 3 0.00677561
2 5 32 0 0.000468165
2 5 32 1 0.00451545
2 5 32 2 0.000120985
2 5 32 3 0.00735933
2 5 33 0 0.000468165
2 5 33 1 0.0030443
2 5 33 2 0.000120987
2 5 33 3 0.0068637
2 5 34 0 0.000468165
2 5 34 1 0.0062352
2 5 34 2 0.000120983
2 5 34 3 0.00600668
2 5 35 0 0.000468165
2 5 35 1 0.00232115
2 5 35 2 0.000120983
2 5 35 3 0.00606347
2 5 36 0 0.000468165
2 5 36 1 0.00297329
2 5 36 2 0.000120985
2 5 36 3 0.00644649
2 5 37 0 0.000468165
2 5 37 1 0.00553324
2 5 37 2 0.000120986
2 5 37 3 0.0055444
2 5 38 0 0.000468165
2 5 38 1 0.00209294
2 5 38 2 0.000120981
2 5 38 3 0.00604494
2 5 39 0 0.000468165
2 5 39 1 0.00174203
2 5 39 2 0.000120983
2 5 39 3 0.00687652
2 5 40 0 0.000468165
2 5 40 1 0.00194187
2 5 40 2 0.000120984
2 5 40 3 0.00584849
2 5 41 0 0.000468165
2 5 41 1 0.00440187
2 5 41 2 0.000120979
2 5 41 3 0.00609304
2 5 42 0 0.000468165
2 5 42 1 0.00192358
2 5 42 2 0.00012098
2 5 42 3 0.00509791
2 5 43 0 0.000468165
2 5 43 1 0.000684197
2 5 43 2 0.000120997
2 5 43 3 0.00553589
2 5 44 0 0.000468165
2 5 44 1 0.00346659
2 5 44 2 0.00012098
2 5 44 3 0.00406265
2 5 45 0 0.000468165
2 5 45 1 0.00368928
2 5 45 2 0.000120983
2 5 45 3 0.00415937
2 5 46 0 0.000468165
2 5 46 1 0.00153944
2 5 46 2 0.000135057
2 5 46 3 0.00412312
2 5 47 0 0.000468165
2 5 47 1 0.00289803
2 5 47 2 0.000120982
2 5 47 3 0.00393169
2 6 0 0 0.000468165
2 6 0 1 0.00242312
2 6 0 2 0.00012098
2 6 0 3 0.00405607
2 6 1 0 0.000468165
2 6 1 1 0.00147761
2 6 1 2 0.000120985
2 6 1 3 0.00403528
2 6 2 0 0.000468165
2 6 2 1 0.00327459
2 6 2 2 0.000121393
2 6 2 3 0.00342067
2 6 3 0 0.000468165
2 6 3 1 0.0033678
2 6 3 2 0.000120984
2 6 3 3 0.00367385
2 6 4 0 0.000468165
2 6 4 1 2.55586e-05
2 6 4 2 0.000120985
2 6 4 3 0.00376063
2 6 5 0 0.000468165
2 6 5 1 0.00190165
2 6 5 2 0.00012284
2 6 5 3 0.00365757
2 6 6 0 0.000468165
2 6 6 1 0.00291046
2 6 6 2 0.000120982
2 6 6 3 0.00317886
2 6 7 0 0.000468165
2 6 7 1 0.000816879
2 6 7 2 0.000120982
2 6 7 3 0.00273564
2 6 8 0 0.000468165
2 6 8 1 0.0021973
2 6 8 2 0.000120981
2 6 8 3 0.00297964
2 6 9 0 0.000468165
2 6 9 1 0.00494307
2 6 9 2 0.000120989
2 6 9 3 0.00219794
2 6 10 0 0.000468165
2 6 10 1 0.00229943
2 6 10 2 0.000120982
2 6 10 3 0.00290708
2 6 11 0 0.000468165
2 6 11 1 0.00529286
2 6 11 2 0.000120983
2 6 11 3 0.0015937
2 6 12 0 0.000468165
2 6 12 1 0.00428977
2 6 12 2 0.000120981
2 6 12 3 0.00111046
2 6 13 0 0.000468165
2 6 13 1 0.00295797
2 6 13 2 0.000120979
2 6 13 3 0.00168709
2 6 14 0 0.000468165
2 6 14 1 0.00287355
2 6 14 2 0.000120986
2 6 14 3 0.00132469
2 6 15 0 0.000468165
2 6 15 1 0.00156168
2 6 15 2 0.00012098
2 6 15 3 0.000982219
2 6 16 0 0.000468165
2 6 16 1 0.00218461
2 6 16 2 0.000120985
2 6 16 3 0.00115902
2 6 17 0 0.000468165
2 6 17 1 0.00375098
2 6 17 2 0.000120982
2 6 17 3 0.00155433
2 6 18 0 0.000468165
2 6 18 1 0.00412303
2 6 18 2 0.00012098
2 6 18 3 0.0017552
2 6 19 0 0.000468165
2 6 19 1 0.00408793
2 6 19 2 0.000120993
2 6 19 3 0.00265831
2 6 20 0 0.000468165
2 6 20 1 0.0054639
2 6 20 2 0.000120987
2 6 20 3 0.00318352
2 6 21 0 0.000468165
2 6 21 1 0.00443662
2 6 21 2 0.000120982
2 6 21 3 0.00387979
2 6 22 0 0.000468165
2 6 22 1 0.00472221
2 6 22 2 0.000120988
2 6 22 3 0.00470595
2 6 23 0 0.000468165
2 6 23 1 0.00467204
2 6 23 2 0.000120984
2 6 23 3 0.0048121
2 6 24 0 0.000468165
2 6 24 1 0.00372831
2 6 24 2 0.000120983
2 6 24 3 0.0059564
2 6 25 0 0.000468165
2 6 25 1 0.00036991
2 6 25 2 0.000120984
2 6 25 3 0.00629255
2 6 26 0 0.000468165
2 6 26 1 0.00335172
2 6 26 2 0.000120982
2 6 26 3 0.0070577
2 6 27 0 0.000468165
2 6 27 1 0.00336115
2 6 27 2 0.000121022
2 6 27 3 0.00744278
2 6 28 0 0.000468165
2 6 28 1 0.00328845
2 6 28 2 0.000120987
2 6 28 3 0.00624615
2 6 29 0 0.000468165
2 6 29 1 0.00607498
2 6 29 2 0.000120981
2 6 29 3 0.00559089
2 6 30 0 0.000468165
2 6 30 1 0.00517614
2 6 30 2 0.000120983
2 6 30 3 0.00560029
2 6 31 0 0.000468165
2 6 31 1 0.00174049
2 6 31 2 0.000120982
2 6 31 3 0.00644914
2 6 32 0 0.000468165
2 6 32 1 0.000610302
2 6 32 2 0.000120983
2 6 32 3 0.00612071
2 6 33 0 0.000468165
2 6 33 1 0.00271805
2 6 33 2 0.00012098
2 6 33 3 0.0057725
2 6 34 0 0.000468165
2 6 34 1 0.0030659
2 6 34 2 0.00012098
2 6 34 3 0.00510088
2 6 35 0 0.000468165
2 6 35 1 0.004362
2 6 35 2 0.000120984
2 6 35 3 0.00462333
2 6 36 0 0.000468165
2 6 36 1 0.00465539
2 6 36 2 0.000120982
2 6 36 3 0.00423494
2 6 37 0 0.000468165
2 6 37 1 0.0018354
2 6 37 2 0.00012098
2 6 37 3 0.00570296
2 6 38 0 0.000468165
2 6 38 1 0.00214155
2 6 38 2 0.000120981
2 6 38 3 0.00503911
2 6 39 0 0.000468165
2 6 39 1 0.00432271
2 6 39 2 0.000120983
2 6 39 3 0.0045541
2 6 40 0 0.000468165
2 6 40 1 0.0039513
2 6 40 2 0.000120986
2 6 40 3 0.00444534
2 6 41 0 0.000468165
2 6 41 1 0.00193512
2 6 41 2 0.000121593
2 6 41 3 0.00481657
2 6 42 0 0.000468165
2 6 42 1 0.00372942
2 6 42 2 0.000121096
2 6 42 3 0.00404508
2 6 43 0 0.000468165
2 6 43 1 0.00371683
2 6 43 2 0.000120985
2 6 43 3 0.0041828
2 6 44 0 0.000468165
2 6 44 1 0.0044273
2 6 44 2 0.000121051
2 6 44 3 0.00345802
2 6 45 0 0.000468165
2 6 45 1 0.00192901
2 6 45 2 0.000120985
2 6 45 3 0.00453328
2 6 46 0 0.000468165
2 6 46 1 0.000979115
2 6 46 2 0.00012098
2 6 46 3 0.00471507
2 6 47 0 0.000468165
2 6 47 1 0.00345933
2 6 47 2 0.000120985
2 6 47 3 0.00357568