0 0 0 0 0.00175325
0 0 0 1 0.00213232
0 0 0 2 0.00177349
0 0 0 3 0.00581665
0 0 1 0 0.00175325
0 0 1 1 0.00204393
0 0 1 2 0.00177731
0 0 1 3 0.00538825
0 0 2 0 0.00175409
0 0 2 1 0.00253905
0 0 2 2 0.00177907
0 0 2 3 0.00577069
0 0 3 0 0.00175325
0 0 3 1 0.00201825
0 0 3 2 0.00178578
0 0 3 3 0.00559263
0 0 4 0 0.00175325
0 0 4 1 0.00212886
0 0 4 2 0.0017578
0 0 4 3 0.00487844
0 0 5 0 0.00175325
0 0 5 1 0.00199247
0 0 5 2 0.0017513
0 0 5 3 0.00442271
0 0 6 0 0.00175325
0 0 6 1 0.00211512
0 0 6 2 0.00176492
0 0 6 3 0.00492464
0 0 7 0 0.00175325
0 0 7 1 0.00191541
0 0 7 2 0.00129837
0 0 7 3 0.00338672
0 0 8 0 0.00175325
0 0 8 1 0.00190968
0 0 8 2 0.00175664
0 0 8 3 0.00369288
0 0 9 0 0.00175325
0 0 9 1 0.00188323
0 0 9 2 0.00173729
0 0 9 3 0.00289559
0 0 10 0 0.00175325
0 0 10 1 0.00188323
0 0 10 2 0.000889781
0 0 10 3 0.00275608
0 0 11 0 0.00175325
0 0 11 1 0.00188386
0 0 11 2 0.00127675
0 0 11 3 0.00262993
0 0 12 0 0.00175325
0 0 12 1 0.00188323
0 0 12 2 0.000889781
0 0 12 3 0.00279124
0 0 13 0 0.00175325
0 0 13 1 0.00188323
0 0 13 2 0.000889781
0 0 13 3 0.00250085
0 0 14 0 0.00175325
0 0 14 1 0.00188323
0 0 14 2 0.000889781
0 0 14 3 0.00250085
0 0 15 0 0.00175325
0 0 15 1 0.00188323
0 0 15 2 0.000889781
0 0 15 3 0.00250085
0 0 16 0 0.00175325
0 0 16 1 0.00202323
0 0 16 2 0.00174466
0 0 16 3 0.00274401
0 0 17 0 0.00175325
0 0 17 1 0.00193437
0 0 17 2 0.00174209
0 0 17 3 0.00345985
0 0 18 0 0.00175325
0 0 18 1 0.00217848
0 0 18 2 0.00176761
0 0 18 3 0.00456932
0 0 19 0 0.00175325
0 0 19 1 0.00282961
0 0 19 2 0.00176244
0 0 19 3 0.00518053
0 0 20 0 0.00175409
0 0 20 1 0.00616858
0 0 20 2 0.00180406
0 0 20 3 0.00700912
0 0 21 0 0.00175409
0 0 21 1 0.00417705
0 0 21 2 0.00181892
0 0 21 3 0.00776057
0 0 22 0 0.00175409
0 0 22 1 0.00313852
0 0 22 2 0.00181802
0 0 22 3 0.00798395
0 0 23 0 0.00175409
0 0 23 1 0.00791816
0 0 23 2 0.00185272
0 0 23 3 0.00918175
0 0 24 0 0.00200164
0 0 24 1 0.00584684
0 0 24 2 0.00183396
0 0 24 3 0.00970971
0 0 25 0 0.00193701
0 0 25 1 0.00935622
0 0 25 2 0.00186598
0 0 25 3 0.0103002
0 0 26 0 0.00186078
0 0 26 1 0.00677918
0 0 26 2 0.00187185
0 0 26 3 0.0108915
0 0 27 0 0.00215767
0 0 27 1 0.00368628
0 0 27 2 0.00185731
0 0 27 3 0.010386
0 0 28 0 0.00205018
0 0 28 1 0.00808804
0 0 28 2 0.00185458
0 0 28 3 0.0104478
0 0 29 0 0.00175409
0 0 29 1 0.00335302
0 0 29 2 0.0018274
0 0 29 3 0.0090501
0 0 30 0 0.00175409
0 0 30 1 0.00473577
0 0 30 2 0.00184449
0 0 30 3 0.00931819
0 0 31 0 0.00175409
0 0 31 1 0.00645978
0 0 31 2 0.00190663
0 0 31 3 0.00930041
0 0 32 0 0.00175409
0 0 32 1 0.00610989
0 0 32 2 0.00181884
0 0 32 3 0.00932311
0 0 33 0 0.00175409
0 0 33 1 0.00418132
0 0 33 2 0.00183434
0 0 33 3 0.00874919
0 0 34 0 0.00175409
0 0 34 1 0.00744234
0 0 34 2 0.00185351
0 0 34 3 0.00905486
0 0 35 0 0.00175409
0 0 35 1 0.00847107
0 0 35 2 0.00181746
0 0 35 3 0.00820737
0 0 36 0 0.00175409
0 0 36 1 0.00358178
0 0 36 2 0.00180938
0 0 36 3 0.00836692
0 0 37 0 0.00175409
0 0 37 1 0.00473989
0 0 37 2 0.00179273
0 0 37 3 0.0071016
0 0 38 0 0.00175409
0 0 38 1 0.00672475
0 0 38 2 0.00179974
0 0 38 3 0.00704672
0 0 39 0 0.00175409
0 0 39 1 0.00293289
0 0 39 2 0.00178595
0 0 39 3 0.00684789
0 0 40 0 0.00175409
0 0 40 1 0.00299915
0 0 40 2 0.0018028
0 0 40 3 0.00650149
0 0 41 0 0.00175409
0 0 41 1 0.00285358
0 0 41 2 0.0018027
0 0 41 3 0.00685062
0 0 42 0 0.00175409
0 0 42 1 0.00246892
0 0 42 2 0.00178228
0 0 42 3 0.00654324
0 0 43 0 0.00175409
0 0 43 1 0.00283334
0 0 43 2 0.00178733
0 0 43 3 0.00671701
0 0 44 0 0.00175409
0 0 44 1 0.00256309
0 0 44 2 0.00180709
0 0 44 3 0.00738798
0 0 45 0 0.00175409
0 0 45 1 0.00234105
0 0 45 2 0.00181408
0 0 45 3 0.00709683
0 0 46 0 0.00175325
0 0 46 1 0.00217127
0 0 46 2 0.0017703
0 0 46 3 0.00557644
0 0 47 0 0.00175409
0 0 47 1 0.00221319
0 0 47 2 0.00178248
0 0 47 3 0.0059839
0 1 0 0 0.00175325
0 1 0 1 0.0023393
0 1 0 2 0.00179152
0 1 0 3 0.00534167
0 1 1 0 0.00175325
0 1 1 1 0.00216913
0 1 1 2 0.00177352
0 1 1 3 0.00565649
0 1 2 0 0.00175325
0 1 2 1 0.00213625
0 1 2 2 0.0017749
0 1 2 3 0.0044684
0 1 3 0 0.00175325
0 1 3 1 0.00203274
0 1 3 2 0.00176939
0 1 3 3 0.00457062
0 1 4 0 0.00175325
0 1 4 1 0.00191371
0 1 4 2 0.00174971
0 1 4 3 0.0035332
0 1 5 0 0.00175325
0 1 5 1 0.00199554
0 1 5 2 0.00175661
0 1 5 3 0.00378852
0 1 6 0 0.00175325
0 1 6 1 0.00188323
0 1 6 2 0.0011407
0 1 6 3 0.00287085
0 1 7 0 0.00175325
0 1 7 1 0.00188323
0 1 7 2 0.00115982
0 1 7 3 0.00264158
0 1 8 0 0.00175325
0 1 8 1 0.00188323
0 1 8 2 0.00132431
0 1 8 3 0.00250085
0 1 9 0 0.00175325
0 1 9 1 0.00188323
0 1 9 2 0.000889781
0 1 9 3 0.00250085
0 1 10 0 0.00175325
0 1 10 1 0.00188323
0 1 10 2 0.000889781
0 1 10 3 0.00250085
0 1 11 0 0.00175325
0 1 11 1 0.00188323
0 1 11 2 0.000889781
0 1 11 3 0.00250085
0 1 12 0 0.00175325
0 1 12 1 0.00188323
0 1 12 2 0.000889781
0 1 12 3 0.00250085
0 1 13 0 0.00175325
0 1 13 1 0.00188323
0 1 13 2 0.000889781
0 1 13 3 0.00250085
0 1 14 0 0.00175325
0 1 14 1 0.00188323
0 1 14 2 0.000889781
0 1 14 3 0.00250085
0 1 15 0 0.00175325
0 1 15 1 0.00103573
0 1 15 2 0.000889781
0 1 15 3 0.00250085
0 1 16 0 0.00175325
0 1 16 1 0.00188323
0 1 16 2 0.00174278
0 1 16 3 0.00250085
0 1 17 0 0.00175325
0 1 17 1 0.00472466
0 1 17 2 0.0012002
0 1 17 3 0.00273546
0 1 18 0 0.00175325
0 1 18 1 0.00233984
0 1 18 2 0.00173935
0 1 18 3 0.00359028
0 1 19 0 0.00175409
0 1 19 1 0.00276088
0 1 19 2 0.00176249
0 1 19 3 0.00545969
0 1 20 0 0.00175409
0 1 20 1 0.00301296
0 1 20 2 0.00180527
0 1 20 3 0.00658912
0 1 21 0 0.00175409
0 1 21 1 0.00293388
0 1 21 2 0.00180068
0 1 21 3 0.00706681
0 1 22 0 0.00175409
0 1 22 1 0.00294479
0 1 22 2 0.00181653
0 1 22 3 0.00775572
0 1 23 0 0.00200929
0 1 23 1 0.00299687
0 1 23 2 0.00186872
0 1 23 3 0.0103874
0 1 24 0 0.00175409
0 1 24 1 0.00991075
0 1 24 2 0.0018601
0 1 24 3 0.00975681
0 1 25 0 0.00226012
0 1 25 1 0.00548026
0 1 25 2 0.00185385
0 1 25 3 0.0104443
0 1 26 0 0.00202741
0 1 26 1 0.00662991
0 1 26 2 0.0018775
0 1 26 3 0.0112417
0 1 27 0 0.00213591
0 1 27 1 0.00570225
0 1 27 2 0.00188341
0 1 27 3 0.0112307
0 1 28 0 0.00196189
0 1 28 1 0.0071702
0 1 28 2 0.00185976
0 1 28 3 0.0105538
0 1 29 0 0.0019487
0 1 29 1 0.00686117
0 1 29 2 0.00189205
0 1 29 3 0.0106397
0 1 30 0 0.00175409
0 1 30 1 0.00655028
0 1 30 2 0.00186358
0 1 30 3 0.0100588
0 1 31 0 0.00175409
0 1 31 1 0.00809797
0 1 31 2 0.00186425
0 1 31 3 0.0102165
0 1 32 0 0.00175409
0 1 32 1 0.00608676
0 1 32 2 0.00183873
0 1 32 3 0.0091206
0 1 33 0 0.00175409
0 1 33 1 0.00745411
0 1 33 2 0.0018245
0 1 33 3 0.00923647
0 1 34 0 0.00175409
0 1 34 1 0.00558453
0 1 34 2 0.00181877
0 1 34 3 0.0082539
0 1 35 0 0.00175409
0 1 35 1 0.00661365
0 1 35 2 0.0018215
0 1 35 3 0.00805097
0 1 36 0 0.00175409
0 1 36 1 0.0049922
0 1 36 2 0.00179824
0 1 36 3 0.00731697
0 1 37 0 0.00175409
0 1 37 1 0.00790647
0 1 37 2 0.00182126
0 1 37 3 0.00783673
0 1 38 0 0.00175409
0 1 38 1 0.00704107
0 1 38 2 0.00179188
0 1 38 3 0.0079792
0 1 39 0 0.00175409
0 1 39 1 0.00264937
0 1 39 2 0.00179333
0 1 39 3 0.00773233
0 1 40 0 0.00175409
0 1 40 1 0.00312862
0 1 40 2 0.0018099
0 1 40 3 0.00759723
0 1 41 0 0.00175409
0 1 41 1 0.0062149
0 1 41 2 0.00181916
0 1 41 3 0.00749386
0 1 42 0 0.00175409
0 1 42 1 0.0027105
0 1 42 2 0.00183756
0 1 42 3 0.00754946
0 1 43 0 0.00175409
0 1 43 1 0.00442916
0 1 43 2 0.00181883
0 1 43 3 0.00721599
0 1 44 0 0.00175409
0 1 44 1 0.00432486
0 1 44 2 0.0017868
0 1 44 3 0.0062343
0 1 45 0 0.00175409
0 1 45 1 0.00252427
0 1 45 2 0.00179524
0 1 45 3 0.00611829
0 1 46 0 0.00175325
0 1 46 1 0.00510825
0 1 46 2 0.00177338
0 1 46 3 0.00529463
0 1 47 0 0.00175325
0 1 47 1 0.00254545
0 1 47 2 0.00177568
0 1 47 3 0.00523346
0 2 0 0 0.00175325
0 2 0 1 0.00206951
0 2 0 2 0.00176284
0 2 0 3 0.0046382
0 2 1 0 0.00175325
0 2 1 1 0.00202543
0 2 1 2 0.00174992
0 2 1 3 0.00479743
0 2 2 0 0.00175325
0 2 2 1 0.00195389
0 2 2 2 0.00174698
0 2 2 3 0.00379305
0 2 3 0 0.00175325
0 2 3 1 0.00203193
0 2 3 2 0.00175828
0 2 3 3 0.00403063
0 2 4 0 0.00175325
0 2 4 1 0.00190696
0 2 4 2 0.000889781
0 2 4 3 0.00359111
0 2 5 0 0.00175325
0 2 5 1 0.00188323
0 2 5 2 0.00132738
0 2 5 3 0.00276582
0 2 6 0 0.00175325
0 2 6 1 0.00188323
0 2 6 2 0.0017194
0 2 6 3 0.00271865
0 2 7 0 0.00175325
0 2 7 1 0.00188323
0 2 7 2 0.000889781
0 2 7 3 0.00250085
0 2 8 0 0.00175325
0 2 8 1 0.0016641
0 2 8 2 0.000889781
0 2 8 3 0.00250085
0 2 9 0 0.00175325
0 2 9 1 0.00188323
0 2 9 2 0.000889781
0 2 9 3 0.00250085
0 2 10 0 0.00175325
0 2 10 1 0.00188323
0 2 10 2 0.000889781
0 2 10 3 0.00250085
0 2 11 0 0.00175325
0 2 11 1 0.00103573
0 2 11 2 0.000889781
0 2 11 3 0.00250085
0 2 12 0 0.00175325
0 2 12 1 0.00188323
0 2 12 2 0.000889781
0 2 12 3 0.00250085
0 2 13 0 0.00175325
0 2 13 1 0.00103573
0 2 13 2 0.000889781
0 2 13 3 0.00250085
0 2 14 0 0.00175325
0 2 14 1 0.00103573
0 2 14 2 0.000889781
0 2 14 3 0.00250085
0 2 15 0 0.00175325
0 2 15 1 0.00188323
0 2 15 2 0.000889781
0 2 15 3 0.00250085
0 2 16 0 0.00175325
0 2 16 1 0.00188323
0 2 16 2 0.000889781
0 2 16 3 0.00250085
0 2 17 0 0.00175325
0 2 17 1 0.0019146
0 2 17 2 0.00173729
0 2 17 3 0.00267663
0 2 18 0 0.00175325
0 2 18 1 0.00219132
0 2 18 2 0.00175343
0 2 18 3 0.00379451
0 2 19 0 0.00175325
0 2 19 1 0.00464137
0 2 19 2 0.0017744
0 2 19 3 0.00476482
0 2 20 0 0.00175325
0 2 20 1 0.00237009
0 2 20 2 0.00176994
0 2 20 3 0.00588411
0 2 21 0 0.00175409
0 2 21 1 0.00264188
0 2 21 2 0.00180958
0 2 21 3 0.00690697
0 2 22 0 0.00175409
0 2 22 1 0.00308327
0 2 22 2 0.00182039
0 2 22 3 0.00755791
0 2 23 0 0.00175409
0 2 23 1 0.00475385
0 2 23 2 0.0018388
0 2 23 3 0.00906151
0 2 24 0 0.00175409
0 2 24 1 0.00291948
0 2 24 2 0.00184073
0 2 24 3 0.0092263
0 2 25 0 0.00189981
0 2 25 1 0.0085537
0 2 25 2 0.0018911
0 2 25 3 0.0103034
0 2 26 0 0.00186201
0 2 26 1 0.00418568
0 2 26 2 0.00185253
0 2 26 3 0.00989661
0 2 27 0 0.00198953
0 2 27 1 0.00443687
0 2 27 2 0.00186986
0 2 27 3 0.01041
0 2 28 0 0.00183281
0 2 28 1 0.00427099
0 2 28 2 0.00182246
0 2 28 3 0.0102023
0 2 29 0 0.00175409
0 2 29 1 0.0103666
0 2 29 2 0.00187739
0 2 29 3 0.010097
0 2 30 0 0.00189751
0 2 30 1 0.00602555
0 2 30 2 0.00187262
0 2 30 3 0.0101485
0 2 31 0 0.00175409
0 2 31 1 0.00381192
0 2 31 2 0.001827
0 2 31 3 0.00893031
0 2 32 0 0.00175409
0 2 32 1 0.00832657
0 2 32 2 0.00183509
0 2 32 3 0.00965134
0 2 33 0 0.00175409
0 2 33 1 0.00603655
0 2 33 2 0.00185841
0 2 33 3 0.00888897
0 2 34 0 0.00175409
0 2 34 1 0.00377711
0 2 34 2 0.00181842
0 2 34 3 0.00843534
0 2 35 0 0.00175409
0 2 35 1 0.00458057
0 2 35 2 0.00186675
0 2 35 3 0.00751206
0 2 36 0 0.00175409
0 2 36 1 0.00631877
0 2 36 2 0.00182007
0 2 36 3 0.00719001
0 2 37 0 0.00175409
0 2 37 1 0.00365432
0 2 37 2 0.00181156
0 2 37 3 0.00688675
0 2 38 0 0.00175409
0 2 38 1 0.00331737
0 2 38 2 0.00180271
0 2 38 3 0.00682723
0 2 39 0 0.00175409
0 2 39 1 0.00306994
0 2 39 2 0.00180716
0 2 39 3 0.00750693
0 2 40 0 0.00175409
0 2 40 1 0.00419828
0 2 40 2 0.00178696
0 2 40 3 0.00610398
0 2 41 0 0.00175409
0 2 41 1 0.00285229
0 2 41 2 0.00178295
0 2 41 3 0.00718029
0 2 42 0 0.00175409
0 2 42 1 0.00269624
0 2 42 2 0.00179933
0 2 42 3 0.00683745
0 2 43 0 0.00175409
0 2 43 1 0.00264751
0 2 43 2 0.00180427
0 2 43 3 0.0061678
0 2 44 0 0.00175409
0 2 44 1 0.00252433
0 2 44 2 0.00177721
0 2 44 3 0.0063326
0 2 45 0 0.00175325
0 2 45 1 0.00229458
0 2 45 2 0.00178146
0 2 45 3 0.00599166
0 2 46 0 0.00175325
0 2 46 1 0.00223794
0 2 46 2 0.00177055
0 2 46 3 0.00574772
0 2 47 0 0.00175325
0 2 47 1 0.00213691
0 2 47 2 0.00176124
0 2 47 3 0.00495921
0 3 0 0 0.00175325
0 3 0 1 0.00225951
0 3 0 2 0.00183152
0 3 0 3 0.00474546
0 3 1 0 0.00175325
0 3 1 1 0.00209285
0 3 1 2 0.00174098
0 3 1 3 0.00457966
0 3 2 0 0.00175325
0 3 2 1 0.00210518
0 3 2 2 0.00176459
0 3 2 3 0.00409214
0 3 3 0 0.00175325
0 3 3 1 0.00239641
0 3 3 2 0.00121887
0 3 3 3 0.00407952
0 3 4 0 0.00175325
0 3 4 1 0.00190577
0 3 4 2 0.00174498
0 3 4 3 0.00286649
0 3 5 0 0.00175325
0 3 5 1 0.00188695
0 3 5 2 0.00173772
0 3 5 3 0.00291851
0 3 6 0 0.00175325
0 3 6 1 0.00188323
0 3 6 2 0.000889781
0 3 6 3 0.00293215
0 3 7 0 0.00175325
0 3 7 1 0.00188323
0 3 7 2 0.000889781
0 3 7 3 0.00250085
0 3 8 0 0.00175325
0 3 8 1 0.00188323
0 3 8 2 0.000889781
0 3 8 3 0.00252738
0 3 9 0 0.00175325
0 3 9 1 0.00169803
0 3 9 2 0.000889781
0 3 9 3 0.00250085
0 3 10 0 0.00175325
0 3 10 1 0.00188323
0 3 10 2 0.000889781
0 3 10 3 0.00250085
0 3 11 0 0.00175325
0 3 11 1 0.00188323
0 3 11 2 0.000889781
0 3 11 3 0.00250085
0 3 12 0 0.00175325
0 3 12 1 0.00103573
0 3 12 2 0.000889781
0 3 12 3 0.00250085
0 3 13 0 0.00175325
0 3 13 1 0.00182846
0 3 13 2 0.000889781
0 3 13 3 0.00250085
0 3 14 0 0.00175325
0 3 14 1 0.00188323
0 3 14 2 0.000889781
0 3 14 3 0.00250085
0 3 15 0 0.00175325
0 3 15 1 0.00188323
0 3 15 2 0.000889781
0 3 15 3 0.00250085
0 3 16 0 0.00175325
0 3 16 1 0.00188323
0 3 16 2 0.000889781
0 3 16 3 0.00251037
0 3 17 0 0.00175325
0 3 17 1 0.00188874
0 3 17 2 0.00173729
0 3 17 3 0.0027422
0 3 18 0 0.00175325
0 3 18 1 0.00321277
0 3 18 2 0.00175813
0 3 18 3 0.00383894
0 3 19 0 0.00175325
0 3 19 1 0.00222613
0 3 19 2 0.00177489
0 3 19 3 0.00538662
0 3 20 0 0.00175325
0 3 20 1 0.0031307
0 3 20 2 0.00180942
0 3 20 3 0.00633427
0 3 21 0 0.00175409
0 3 21 1 0.0053955
0 3 21 2 0.00179884
0 3 21 3 0.00757413
0 3 22 0 0.00175409
0 3 22 1 0.0028053
0 3 22 2 0.00185576
0 3 22 3 0.00904804
0 3 23 0 0.00175409
0 3 23 1 0.00356356
0 3 23 2 0.00183586
0 3 23 3 0.00883873
0 3 24 0 0.00175409
0 3 24 1 0.00918734
0 3 24 2 0.00186862
0 3 24 3 0.00994103
0 3 25 0 0.0020359
0 3 25 1 0.00936976
0 3 25 2 0.00194295
0 3 25 3 0.0105801
0 3 26 0 0.00211918
0 3 26 1 0.0072119
0 3 26 2 0.00187283
0 3 26 3 0.0113117
0 3 27 0 0.00189607
0 3 27 1 0.00784964
0 3 27 2 0.00188143
0 3 27 3 0.010441
0 3 28 0 0.00200346
0 3 28 1 0.0084089
0 3 28 2 0.00186538
0 3 28 3 0.0107548
0 3 29 0 0.00195543
0 3 29 1 0.00491042
0 3 29 2 0.001894
0 3 29 3 0.0112288
0 3 30 0 0.00182866
0 3 30 1 0.00634508
0 3 30 2 0.00184852
0 3 30 3 0.0102807
0 3 31 0 0.00199014
0 3 31 1 0.00758832
0 3 31 2 0.00185799
0 3 31 3 0.0101243
0 3 32 0 0.00175409
0 3 32 1 0.00767237
0 3 32 2 0.00185351
0 3 32 3 0.00954779
0 3 33 0 0.00175409
0 3 33 1 0.0093307
0 3 33 2 0.0018415
0 3 33 3 0.00906498
0 3 34 0 0.00175409
0 3 34 1 0.00537473
0 3 34 2 0.00180412
0 3 34 3 0.00797278
0 3 35 0 0.00175409
0 3 35 1 0.00824041
0 3 35 2 0.00179681
0 3 35 3 0.00745205
0 3 36 0 0.00175409
0 3 36 1 0.00827593
0 3 36 2 0.00182139
0 3 36 3 0.0085665
0 3 37 0 0.00175409
0 3 37 1 0.00862795
0 3 37 2 0.00183406
0 3 37 3 0.00797908
0 3 38 0 0.00175409
0 3 38 1 0.00322625
0 3 38 2 0.00183304
0 3 38 3 0.00829921
0 3 39 0 0.00175409
0 3 39 1 0.00300868
0 3 39 2 0.00181194
0 3 39 3 0.00774016
0 3 40 0 0.00175409
0 3 40 1 0.00264042
0 3 40 2 0.00179241
0 3 40 3 0.0074234
0 3 41 0 0.00175409
0 3 41 1 0.00421916
0 3 41 2 0.00182997
0 3 41 3 0.00723445
0 3 42 0 0.00175409
0 3 42 1 0.00327003
0 3 42 2 0.00180616
0 3 42 3 0.00746602
0 3 43 0 0.00175409
0 3 43 1 0.00281238
0 3 43 2 0.0018143
0 3 43 3 0.00654653
0 3 44 0 0.00175409
0 3 44 1 0.00316498
0 3 44 2 0.00179293
0 3 44 3 0.00674114
0 3 45 0 0.00175409
0 3 45 1 0.00226326
0 3 45 2 0.00177097
0 3 45 3 0.00691167
0 3 46 0 0.00175325
0 3 46 1 0.00252172
0 3 46 2 0.00177694
0 3 46 3 0.00591479
0 3 47 0 0.00175409
0 3 47 1 0.00247806
0 3 47 2 0.00178425
0 3 47 3 0.00576576
0 4 0 0 0.00175325
0 4 0 1 0.00211577
0 4 0 2 0.00175041
0 4 0 3 0.00471358
0 4 1 0 0.00175325
0 4 1 1 0.00220178
0 4 1 2 0.0017654
0 4 1 3 0.00507938
0 4 2 0 0.00175325
0 4 2 1 0.00210321
0 4 2 2 0.00175661
0 4 2 3 0.00503405
0 4 3 0 0.00175325
0 4 3 1 0.00190784
0 4 3 2 0.00175374
0 4 3 3 0.00385698
0 4 4 0 0.00175325
0 4 4 1 0.00193036
0 4 4 2 0.0017407
0 4 4 3 0.00365484
0 4 5 0 0.00175325
0 4 5 1 0.00370188
0 4 5 2 0.00116843
0 4 5 3 0.00313778
0 4 6 0 0.00175325
0 4 6 1 0.00188323
0 4 6 2 0.00174021
0 4 6 3 0.00279537
0 4 7 0 0.00175325
0 4 7 1 0.00188323
0 4 7 2 0.00139912
0 4 7 3 0.00278704
0 4 8 0 0.00175325
0 4 8 1 0.00188323
0 4 8 2 0.000889781
0 4 8 3 0.00287138
0 4 9 0 0.00175325
0 4 9 1 0.00188323
0 4 9 2 0.000889781
0 4 9 3 0.00259311
0 4 10 0 0.00175325
0 4 10 1 0.00188323
0 4 10 2 0.000889781
0 4 10 3 0.00250085
0 4 11 0 0.00175325
0 4 11 1 0.00188323
0 4 11 2 0.000889781
0 4 11 3 0.00250085
0 4 12 0 0.00175325
0 4 12 1 0.00188323
0 4 12 2 0.000889781
0 4 12 3 0.00250085
0 4 13 0 0.00175325
0 4 13 1 0.00188323
0 4 13 2 0.000889781
0 4 13 3 0.00250085
0 4 14 0 0.00175325
0 4 14 1 0.00188323
0 4 14 2 0.000889781
0 4 14 3 0.00250085
0 4 15 0 0.00175325
0 4 15 1 0.00176882
0 4 15 2 0.000889781
0 4 15 3 0.00250085
0 4 16 0 0.00175325
0 4 16 1 0.00245877
0 4 16 2 0.00173729
0 4 16 3 0.00265525
0 4 17 0 0.00175325
0 4 17 1 0.00192551
0 4 17 2 0.000889781
0 4 17 3 0.00310834
0 4 18 0 0.00175325
0 4 18 1 0.00214101
0 4 18 2 0.00174838
0 4 18 3 0.00389703
0 4 19 0 0.00175325
0 4 19 1 0.00243557
0 4 19 2 0.00176932
0 4 19 3 0.00514484
0 4 20 0 0.00175325
0 4 20 1 0.00260373
0 4 20 2 0.00177879
0 4 20 3 0.00596505
0 4 21 0 0.00175409
0 4 21 1 0.00320137
0 4 21 2 0.0018275
0 4 21 3 0.0073265
0 4 22 0 0.00175409
0 4 22 1 0.00525861
0 4 22 2 0.00182321
0 4 22 3 0.00829426
0 4 23 0 0.00175409
0 4 23 1 0.00391234
0 4 23 2 0.0018447
0 4 23 3 0.00870491
0 4 24 0 0.00175409
0 4 24 1 0.00336244
0 4 24 2 0.00184485
0 4 24 3 0.00898654
0 4 25 0 0.00176418
0 4 25 1 0.00592011
0 4 25 2 0.00185406
0 4 25 3 0.00949641
0 4 26 0 0.00175409
0 4 26 1 0.00532981
0 4 26 2 0.00184097
0 4 26 3 0.00888776
0 4 27 0 0.00188993
0 4 27 1 0.00665754
0 4 27 2 0.0018544
0 4 27 3 0.0104
0 4 28 0 0.00196153
0 4 28 1 0.00377923
0 4 28 2 0.00183883
0 4 28 3 0.00963844
0 4 29 0 0.00175409
0 4 29 1 0.00836056
0 4 29 2 0.00185918
0 4 29 3 0.00926028
0 4 30 0 0.00181197
0 4 30 1 0.00318971
0 4 30 2 0.00184952
0 4 30 3 0.00968809
0 4 31 0 0.00182043
0 4 31 1 0.00760914
0 4 31 2 0.00181898
0 4 31 3 0.00922076
0 4 32 0 0.00175409
0 4 32 1 0.0080451
0 4 32 2 0.00183082
0 4 32 3 0.00849987
0 4 33 0 0.00175409
0 4 33 1 0.0058119
0 4 33 2 0.00185006
0 4 33 3 0.0086381
0 4 34 0 0.00175409
0 4 34 1 0.00301249
0 4 34 2 0.00180175
0 4 34 3 0.00745294
0 4 35 0 0.00175409
0 4 35 1 0.00307945
0 4 35 2 0.00183895
0 4 35 3 0.00807258
0 4 36 0 0.00175409
0 4 36 1 0.00316902
0 4 36 2 0.00178945
0 4 36 3 0.0073685
0 4 37 0 0.00175409
0 4 37 1 0.00311985
0 4 37 2 0.00178134
0 4 37 3 0.00704088
0 4 38 0 0.00175409
0 4 38 1 0.00663042
0 4 38 2 0.0018089
0 4 38 3 0.00679732
0 4 39 0 0.00175409
0 4 39 1 0.00315059
0 4 39 2 0.0018009
0 4 39 3 0.00745745
0 4 40 0 0.00175409
0 4 40 1 0.00274311
0 4 40 2 0.00179776
0 4 40 3 0.00628797
0 4 41 0 0.00175409
0 4 41 1 0.00281813
0 4 41 2 0.00180916
0 4 41 3 0.00689279
0 4 42 0 0.00175409
0 4 42 1 0.00264901
0 4 42 2 0.00177622
0 4 42 3 0.00669959
0 4 43 0 0.00175409
0 4 43 1 0.00266301
0 4 43 2 0.0017938
0 4 43 3 0.00718863
0 4 44 0 0.00175325
0 4 44 1 0.00279738
0 4 44 2 0.00177909
0 4 44 3 0.00549083
0 4 45 0 0.00175325
0 4 45 1 0.00263586
0 4 45 2 0.0017841
0 4 45 3 0.00608678
0 4 46 0 0.00175325
0 4 46 1 0.00229932
0 4 46 2 0.00175598
0 4 46 3 0.00550725
0 4 47 0 0.00175409
0 4 47 1 0.00247531
0 4 47 2 0.0017727
0 4 47 3 0.00586889
0 5 0 0 0.00175325
0 5 0 1 0.00210102
0 5 0 2 0.00176954
0 5 0 3 0.00509784
0 5 1 0 0.00175325
0 5 1 1 0.00225097
0 5 1 2 0.0017854
0 5 1 3 0.00541071
0 5 2 0 0.00175325
0 5 2 1 0.00207088
0 5 2 2 0.00174538
0 5 2 3 0.00440225
0 5 3 0 0.00175325
0 5 3 1 0.00211742
0 5 3 2 0.00177407
0 5 3 3 0.00459232
0 5 4 0 0.00175325
0 5 4 1 0.00216162
0 5 4 2 0.00175106
0 5 4 3 0.00369422
0 5 5 0 0.00175325
0 5 5 1 0.00229912
0 5 5 2 0.00175363
0 5 5 3 0.00385313
0 5 6 0 0.00175325
0 5 6 1 0.0020384
0 5 6 2 0.00174767
0 5 6 3 0.00344102
0 5 7 0 0.00175325
0 5 7 1 0.00201376
0 5 7 2 0.0017519
0 5 7 3 0.0037695
0 5 8 0 0.00175325
0 5 8 1 0.00189568
0 5 8 2 0.00173862
0 5 8 3 0.00298202
0 5 9 0 0.00175325
0 5 9 1 0.00193227
0 5 9 2 0.00173729
0 5 9 3 0.00342761
0 5 10 0 0.00175325
0 5 10 1 0.00188323
0 5 10 2 0.000889781
0 5 10 3 0.00250085
0 5 11 0 0.00175325
0 5 11 1 0.00188323
0 5 11 2 0.000889781
0 5 11 3 0.00250085
0 5 12 0 0.00175325
0 5 12 1 0.00196442
0 5 12 2 0.000889781
0 5 12 3 0.00282192
0 5 13 0 0.00175325
0 5 13 1 0.00191397
0 5 13 2 0.00173729
0 5 13 3 0.00291437
0 5 14 0 0.00175325
0 5 14 1 0.00194973
0 5 14 2 0.000889781
0 5 14 3 0.00293206
0 5 15 0 0.00175325
0 5 15 1 0.0018976
0 5 15 2 0.00173823
0 5 15 3 0.00250085
0 5 16 0 0.00175325
0 5 16 1 0.00459263
0 5 16 2 0.00119217
0 5 16 3 0.00256634
0 5 17 0 0.00175325
0 5 17 1 0.00214594
0 5 17 2 0.00173729
0 5 17 3 0.00314624
0 5 18 0 0.00175325
0 5 18 1 0.00236824
0 5 18 2 0.00176678
0 5 18 3 0.0039118
0 5 19 0 0.00175325
0 5 19 1 0.00263223
0 5 19 2 0.00177059
0 5 19 3 0.00479524
0 5 20 0 0.00175325
0 5 20 1 0.00277232
0 5 20 2 0.00181152
0 5 20 3 0.00587853
0 5 21 0 0.00175325
0 5 21 1 0.00269745
0 5 21 2 0.00178328
0 5 21 3 0.00539442
0 5 22 0 0.00175409
0 5 22 1 0.00261391
0 5 22 2 0.00179242
0 5 22 3 0.00729824
0 5 23 0 0.00175409
0 5 23 1 0.00299691
0 5 23 2 0.00182136
0 5 23 3 0.00774146
0 5 24 0 0.00175409
0 5 24 1 0.00294021
0 5 24 2 0.00182175
0 5 24 3 0.00890683
0 5 25 0 0.00175409
0 5 25 1 0.00284311
0 5 25 2 0.00183868
0 5 25 3 0.00910137
0 5 26 0 0.00175409
0 5 26 1 0.00297698
0 5 26 2 0.00183991
0 5 26 3 0.00927225
0 5 27 0 0.00187956
0 5 27 1 0.00311407
0 5 27 2 0.00182432
0 5 27 3 0.00942761
0 5 28 0 0.00176552
0 5 28 1 0.00302844
0 5 28 2 0.0018524
0 5 28 3 0.00995193
0 5 29 0 0.00181554
0 5 29 1 0.00315055
0 5 29 2 0.00185309
0 5 29 3 0.00880286
0 5 30 0 0.00175409
0 5 30 1 0.00304309
0 5 30 2 0.00182709
0 5 30 3 0.00933092
0 5 31 0 0.00175409
0 5 31 1 0.0039155
0 5 31 2 0.00185463
0 5 31 3 0.00906363
0 5 32 0 0.00175409
0 5 32 1 0.00610909
0 5 32 2 0.00182784
0 5 32 3 0.00898263
0 5 33 0 0.00175409
0 5 33 1 0.00469647
0 5 33 2 0.00182157
0 5 33 3 0.00794803
0 5 34 0 0.00175409
0 5 34 1 0.00314864
0 5 34 2 0.00180756
0 5 34 3 0.00733103
0 5 35 0 0.00175409
0 5 35 1 0.00249286
0 5 35 2 0.00178469
0 5 35 3 0.00644415
0 5 36 0 0.00175409
0 5 36 1 0.0026723
0 5 36 2 0.00179688
0 5 36 3 0.00723034
0 5 37 0 0.00175409
0 5 37 1 0.00287102
0 5 37 2 0.00181128
0 5 37 3 0.00728843
0 5 38 0 0.00175409
0 5 38 1 0.0026068
0 5 38 2 0.00181812
0 5 38 3 0.00746187
0 5 39 0 0.00175409
0 5 39 1 0.00287922
0 5 39 2 0.00181435
0 5 39 3 0.00701641
0 5 40 0 0.00175409
0 5 40 1 0.00298626
0 5 40 2 0.001779
0 5 40 3 0.00674051
0 5 41 0 0.00175409
0 5 41 1 0.00243883
0 5 41 2 0.00179091
0 5 41 3 0.00624352
0 5 42 0 0.00175409
0 5 42 1 0.00227702
0 5 42 2 0.00179773
0 5 42 3 0.00658242
0 5 43 0 0.00175325
0 5 43 1 0.00274909
0 5 43 2 0.00177665
0 5 43 3 0.00649376
0 5 44 0 0.00175409
0 5 44 1 0.00239385
0 5 44 2 0.00180907
0 5 44 3 0.00797357
0 5 45 0 0.00175409
0 5 45 1 0.00244472
0 5 45 2 0.00176363
0 5 45 3 0.00669818
0 5 46 0 0.00175409
0 5 46 1 0.00290594
0 5 46 2 0.00177913
0 5 46 3 0.00656426
0 5 47 0 0.00175409
0 5 47 1 0.00240343
0 5 47 2 0.00179509
0 5 47 3 0.00662352
0 6 0 0 0.00175325
0 6 0 1 0.00212583
0 6 0 2 0.00175533
0 6 0 3 0.00529933
0 6 1 0 0.00175409
0 6 1 1 0.00240622
0 6 1 2 0.00179169
0 6 1 3 0.00587193
0 6 2 0 0.00175325
0 6 2 1 0.00215197
0 6 2 2 0.00177819
0 6 2 3 0.00521792
0 6 3 0 0.00175325
0 6 3 1 0.00214344
0 6 3 2 0.00177806
0 6 3 3 0.00526868
0 6 4 0 0.00175325
0 6 4 1 0.00207477
0 6 4 2 0.00175916
0 6 4 3 0.00448884
0 6 5 0 0.00175325
0 6 5 1 0.00202327
0 6 5 2 0.00174954
0 6 5 3 0.004956
0 6 6 0 0.00175325
0 6 6 1 0.00197127
0 6 6 2 0.00175759
0 6 6 3 0.00404386
0 6 7 0 0.00175325
0 6 7 1 0.00213423
0 6 7 2 0.00176884
0 6 7 3 0.00442677
0 6 8 0 0.00175325
0 6 8 1 0.00333785
0 6 8 2 0.0017387
0 6 8 3 0.00346405
0 6 9 0 0.00175325
0 6 9 1 0.00296124
0 6 9 2 0.00174984
0 6 9 3 0.00306787
0 6 10 0 0.00175325
0 6 10 1 0.00274874
0 6 10 2 0.00173957
0 6 10 3 0.00325788
0 6 11 0 0.00175325
0 6 11 1 0.00405875
0 6 11 2 0.00174836
0 6 11 3 0.00335599
0 6 12 0 0.00175325
0 6 12 1 0.00201403
0 6 12 2 0.00173729
0 6 12 3 0.00300138
0 6 13 0 0.00175325
0 6 13 1 0.00188555
0 6 13 2 0.00173729
0 6 13 3 0.00308321
0 6 14 0 0.00175325
0 6 14 1 0.0019635
0 6 14 2 0.00174445
0 6 14 3 0.00292644
0 6 15 0 0.00175325
0 6 15 1 0.00318216
0 6 15 2 0.00174536
0 6 15 3 0.00305618
0 6 16 0 0.00175325
0 6 16 1 0.00683703
0 6 16 2 0.00174271
0 6 16 3 0.00290214
0 6 17 0 0.00175325
0 6 17 1 0.00208654
0 6 17 2 0.00175781
0 6 17 3 0.00378863
0 6 18 0 0.00175325
0 6 18 1 0.00226789
0 6 18 2 0.00175895
0 6 18 3 0.00425828
0 6 19 0 0.00175325
0 6 19 1 0.00217959
0 6 19 2 0.00176415
0 6 19 3 0.00494466
0 6 20 0 0.00175409
0 6 20 1 0.00284444
0 6 20 2 0.00179769
0 6 20 3 0.0058532
0 6 21 0 0.00175325
0 6 21 1 0.00283535
0 6 21 2 0.00179971
0 6 21 3 0.00561985
0 6 22 0 0.00175409
0 6 22 1 0.00289223
0 6 22 2 0.00180429
0 6 22 3 0.00639909
0 6 23 0 0.00175409
0 6 23 1 0.00342543
0 6 23 2 0.00180905
0 6 23 3 0.00749593
0 6 24 0 0.00175409
0 6 24 1 0.0025576
0 6 24 2 0.0018337
0 6 24 3 0.00843091
0 6 25 0 0.00175409
0 6 25 1 0.00284239
0 6 25 2 0.0018288
0 6 25 3 0.00902963
0 6 26 0 0.00175409
0 6 26 1 0.00289047
0 6 26 2 0.00183997
0 6 26 3 0.00874583
0 6 27 0 0.0019812
0 6 27 1 0.00308204
0 6 27 2 0.00192764
0 6 27 3 0.0102618
0 6 28 0 0.00175409
0 6 28 1 0.00278246
0 6 28 2 0.00185651
0 6 28 3 0.00952601
0 6 29 0 0.00190718
0 6 29 1 0.00312413
0 6 29 2 0.00188573
0 6 29 3 0.00972036
0 6 30 0 0.00175409
0 6 30 1 0.00295762
0 6 30 2 0.00182807
0 6 30 3 0.0087605
0 6 31 0 0.00175409
0 6 31 1 0.00322609
0 6 31 2 0.00183492
0 6 31 3 0.00883394
0 6 32 0 0.00175409
0 6 32 1 0.00309653
0 6 32 2 0.00180969
0 6 32 3 0.00868124
0 6 33 0 0.00175409
0 6 33 1 0.00316145
0 6 33 2 0.00183304
0 6 33 3 0.00817495
0 6 34 0 0.00175409
0 6 34 1 0.00384281
0 6 34 2 0.00181211
0 6 34 3 0.00670903
0 6 35 0 0.00175409
0 6 35 1 0.00278191
0 6 35 2 0.00181164
0 6 35 3 0.00719467
0 6 36 0 0.00175409
0 6 36 1 0.00244589
0 6 36 2 0.00176666
0 6 36 3 0.00729284
0 6 37 0 0.00175409
0 6 37 1 0.00249036
0 6 37 2 0.00179758
0 6 37 3 0.00731753
0 6 38 0 0.00175409
0 6 38 1 0.00254147
0 6 38 2 0.00178412
0 6 38 3 0.00678529
0 6 39 0 0.00175409
0 6 39 1 0.00244771
0 6 39 2 0.00179182
0 6 39 3 0.00695748
0 6 40 0 0.00175409
0 6 40 1 0.0022979
0 6 40 2 0.00179151
0 6 40 3 0.00678894
0 6 41 0 0.00175409
0 6 41 1 0.00237538
0 6 41 2 0.00179304
0 6 41 3 0.00663839
0 6 42 0 0.00175409
0 6 42 1 0.0026626
0 6 42 2 0.00178893
0 6 42 3 0.00621319
0 6 43 0 0.00175409
0 6 43 1 0.00237512
0 6 43 2 0.0018149
0 6 43 3 0.00771808
0 6 44 0 0.00175409
0 6 44 1 0.00258846
0 6 44 2 0.00179106
0 6 44 3 0.00680933
0 6 45 0 0.00175409
0 6 45 1 0.00237001
0 6 45 2 0.00181467
0 6 45 3 0.00709168
0 6 46 0 0.00175409
0 6 46 1 0.00212039
0 6 46 2 0.00177653
0 6 46 3 0.00607875
0 6 47 0 0.00175409
0 6 47 1 0.00218456
0 6 47 2 0.00179506
0 6 47 3 0.00608387
1 0 0 0 0.00175325
1 0 0 1 0.00103573
1 0 0 2 0.000889781
1 0 0 3 0.00250085
1 0 1 0 0.00175325
1 0 1 1 0.00103573
1 0 1 2 0.000889781
1 0 1 3 0.00165336
1 0 2 0 0.00175325
1 0 2 1 0.00103573
1 0 2 2 0.000889781
1 0 2 3 0.00165336
1 0 3 0 0.00175325
1 0 3 1 0.00103573
1 0 3 2 0.000889781
1 0 3 3 0.00250085
1 0 4 0 0.00175325
1 0 4 1 0.00103573
1 0 4 2 0.000889781
1 0 4 3 0.00165336
1 0 5 0 0.00175325
1 0 5 1 0.00103573
1 0 5 2 0.000889781
1 0 5 3 0.00165336
1 0 6 0 0.00175325
1 0 6 1 0.00103573
1 0 6 2 0.000889781
1 0 6 3 0.00250085
1 0 7 0 0.00175325
1 0 7 1 0.00103573
1 0 7 2 0.000889781
1 0 7 3 0.00165336
1 0 8 0 0.00175325
1 0 8 1 0.00103573
1 0 8 2 0.000889781
1 0 8 3 0.00165336
1 0 9 0 0.00175325
1 0 9 1 0.00103573
1 0 9 2 0.000889781
1 0 9 3 0.00165336
1 0 10 0 0.00175325
1 0 10 1 0.00103573
1 0 10 2 0.000889781
1 0 10 3 0.00165336
1 0 11 0 0.00175325
1 0 11 1 0.00103573
1 0 11 2 0.000889781
1 0 11 3 0.00165336
1 0 12 0 0.00175325
1 0 12 1 0.00103573
1 0 12 2 0.000889781
1 0 12 3 0.00165336
1 0 13 0 0.00175325
1 0 13 1 0.00103573
1 0 13 2 0.000889781
1 0 13 3 0.00165336
1 0 14 0 0.00175325
1 0 14 1 0.00103573
1 0 14 2 0.000889781
1 0 14 3 0.00165336
1 0 15 0 0.00175325
1 0 15 1 0.00103573
1 0 15 2 0.000889781
1 0 15 3 0.00165336
1 0 16 0 0.00175325
1 0 16 1 0.00103573
1 0 16 2 0.000889781
1 0 16 3 0.00165336
1 0 17 0 0.00175325
1 0 17 1 0.00103573
1 0 17 2 0.000889781
1 0 17 3 0.00165336
1 0 18 0 0.00175325
1 0 18 1 0.00188323
1 0 18 2 0.000889781
1 0 18 3 0.00250085
1 0 19 0 0.00175325
1 0 19 1 0.00188323
1 0 19 2 0.000889781
1 0 19 3 0.00250085
1 0 20 0 0.00175325
1 0 20 1 0.00188323
1 0 20 2 0.0017377
1 0 20 3 0.00286731
1 0 21 0 0.00175325
1 0 21 1 0.00197023
1 0 21 2 0.00173742
1 0 21 3 0.00313833
1 0 22 0 0.00175325
1 0 22 1 0.00204138
1 0 22 2 0.0017573
1 0 22 3 0.00411017
1 0 23 0 0.00175325
1 0 23 1 0.00237041
1 0 23 2 0.00178285
1 0 23 3 0.00499294
1 0 24 0 0.00175325
1 0 24 1 0.00227077
1 0 24 2 0.00177676
1 0 24 3 0.00467802
1 0 25 0 0.00175325
1 0 25 1 0.00259798
1 0 25 2 0.00177565
1 0 25 3 0.00496984
1 0 26 0 0.00175325
1 0 26 1 0.00274825
1 0 26 2 0.0017683
1 0 26 3 0.00531716
1 0 27 0 0.00175325
1 0 27 1 0.00395579
1 0 27 2 0.0018037
1 0 27 3 0.0057329
1 0 28 0 0.00175325
1 0 28 1 0.00268614
1 0 28 2 0.00176772
1 0 28 3 0.00515314
1 0 29 0 0.00175325
1 0 29 1 0.00241191
1 0 29 2 0.00177465
1 0 29 3 0.00539664
1 0 30 0 0.00175325
1 0 30 1 0.0022674
1 0 30 2 0.00174444
1 0 30 3 0.00405981
1 0 31 0 0.00175325
1 0 31 1 0.00240987
1 0 31 2 0.00175664
1 0 31 3 0.00452771
1 0 32 0 0.00175325
1 0 32 1 0.0027254
1 0 32 2 0.0017548
1 0 32 3 0.00433684
1 0 33 0 0.00175325
1 0 33 1 0.00215601
1 0 33 2 0.00175721
1 0 33 3 0.00452843
1 0 34 0 0.00175325
1 0 34 1 0.0020563
1 0 34 2 0.00176289
1 0 34 3 0.00427614
1 0 35 0 0.00175325
1 0 35 1 0.00559819
1 0 35 2 0.00175783
1 0 35 3 0.00345367
1 0 36 0 0.00175325
1 0 36 1 0.00441605
1 0 36 2 0.00176403
1 0 36 3 0.00372066
1 0 37 0 0.00175325
1 0 37 1 0.00301826
1 0 37 2 0.00173732
1 0 37 3 0.0031576
1 0 38 0 0.00175325
1 0 38 1 0.00365672
1 0 38 2 0.000889781
1 0 38 3 0.0028242
1 0 39 0 0.00175325
1 0 39 1 0.00195956
1 0 39 2 0.00115801
1 0 39 3 0.00346452
1 0 40 0 0.00175325
1 0 40 1 0.00223015
1 0 40 2 0.00173939
1 0 40 3 0.00311489
1 0 41 0 0.00175325
1 0 41 1 0.00190268
1 0 41 2 0.00173729
1 0 41 3 0.0033401
1 0 42 0 0.00175325
1 0 42 1 0.00190202
1 0 42 2 0.00174524
1 0 42 3 0.00287167
1 0 43 0 0.00175325
1 0 43 1 0.00203767
1 0 43 2 0.00173729
1 0 43 3 0.00301713
1 0 44 0 0.00175325
1 0 44 1 0.00189277
1 0 44 2 0.000889781
1 0 44 3 0.00250085
1 0 45 0 0.00175325
1 0 45 1 0.00188323
1 0 45 2 0.000889781
1 0 45 3 0.00250085
1 0 46 0 0.00175325
1 0 46 1 0.00188323
1 0 46 2 0.000889781
1 0 46 3 0.00250085
1 0 47 0 0.00175325
1 0 47 1 0.00188323
1 0 47 2 0.000889781
1 0 47 3 0.00250085
1 1 0 0 0.00175325
1 1 0 1 0.00188323
1 1 0 2 0.000889781
1 1 0 3 0.00250085
1 1 1 0 0.00175325
1 1 1 1 0.00188323
1 1 1 2 0.000889781
1 1 1 3 0.00250085
1 1 2 0 0.00175325
1 1 2 1 0.00188323
1 1 2 2 0.000889781
1 1 2 3 0.00250085
1 1 3 0 0.00175325
1 1 3 1 0.00103573
1 1 3 2 0.000889781
1 1 3 3 0.00165336
1 1 4 0 0.00175325
1 1 4 1 0.00173327
1 1 4 2 0.000889781
1 1 4 3 0.00250085
1 1 5 0 0.00175325
1 1 5 1 0.00103573
1 1 5 2 0.000889781
1 1 5 3 0.00165336
1 1 6 0 0.00175325
1 1 6 1 0.00103573
1 1 6 2 0.000889781
1 1 6 3 0.00165336
1 1 7 0 0.00175325
1 1 7 1 0.00103573
1 1 7 2 0.000889781
1 1 7 3 0.00165336
1 1 8 0 0.00175325
1 1 8 1 0.00103573
1 1 8 2 0.000889781
1 1 8 3 0.00165336
1 1 9 0 0.00175325
1 1 9 1 0.00103573
1 1 9 2 0.000889781
1 1 9 3 0.00165336
1 1 10 0 0.00175325
1 1 10 1 0.00103573
1 1 10 2 0.000889781
1 1 10 3 0.00165336
1 1 11 0 0.00175325
1 1 11 1 0.00103573
1 1 11 2 0.000889781
1 1 11 3 0.00165336
1 1 12 0 0.00175325
1 1 12 1 0.00103573
1 1 12 2 0.000889781
1 1 12 3 0.00165336
1 1 13 0 0.00175325
1 1 13 1 0.00103573
1 1 13 2 0.000889781
1 1 13 3 0.00165336
1 1 14 0 0.00175325
1 1 14 1 0.00103573
1 1 14 2 0.000889781
1 1 14 3 0.00165336
1 1 15 0 0.00175325
1 1 15 1 0.00103573
1 1 15 2 0.000889781
1 1 15 3 0.00165336
1 1 16 0 0.00175325
1 1 16 1 0.00103573
1 1 16 2 0.000889781
1 1 16 3 0.00165336
1 1 17 0 0.00175325
1 1 17 1 0.00103573
1 1 17 2 0.000889781
1 1 17 3 0.00165336
1 1 18 0 0.00175325
1 1 18 1 0.00188323
1 1 18 2 0.000889781
1 1 18 3 0.00250085
1 1 19 0 0.00175325
1 1 19 1 0.00188323
1 1 19 2 0.000889781
1 1 19 3 0.00250085
1 1 20 0 0.00175325
1 1 20 1 0.00188323
1 1 20 2 0.000889781
1 1 20 3 0.00250085
1 1 21 0 0.00175325
1 1 21 1 0.00192286
1 1 21 2 0.00174971
1 1 21 3 0.00300288
1 1 22 0 0.00175325
1 1 22 1 0.00197344
1 1 22 2 0.00175854
1 1 22 3 0.00305765
1 1 23 0 0.00175325
1 1 23 1 0.00282759
1 1 23 2 0.00176824
1 1 23 3 0.00353065
1 1 24 0 0.00175325
1 1 24 1 0.00241404
1 1 24 2 0.00178713
1 1 24 3 0.00474077
1 1 25 0 0.00175325
1 1 25 1 0.00260186
1 1 25 2 0.00176384
1 1 25 3 0.00489503
1 1 26 0 0.00175325
1 1 26 1 0.00294377
1 1 26 2 0.00175787
1 1 26 3 0.00459969
1 1 27 0 0.00175325
1 1 27 1 0.0023953
1 1 27 2 0.00175745
1 1 27 3 0.00521147
1 1 28 0 0.00175325
1 1 28 1 0.00466387
1 1 28 2 0.00176065
1 1 28 3 0.00459571
1 1 29 0 0.00175325
1 1 29 1 0.00233711
1 1 29 2 0.00175875
1 1 29 3 0.00415429
1 1 30 0 0.00175325
1 1 30 1 0.00226111
1 1 30 2 0.00152477
1 1 30 3 0.00363778
1 1 31 0 0.00175325
1 1 31 1 0.00226844
1 1 31 2 0.00175421
1 1 31 3 0.0038894
1 1 32 0 0.00175325
1 1 32 1 0.00214306
1 1 32 2 0.00174256
1 1 32 3 0.00357284
1 1 33 0 0.00175325
1 1 33 1 0.00214435
1 1 33 2 0.00174417
1 1 33 3 0.00389231
1 1 34 0 0.00175325
1 1 34 1 0.00360856
1 1 34 2 0.000889781
1 1 34 3 0.00278362
1 1 35 0 0.00175325
1 1 35 1 0.00204128
1 1 35 2 0.00175494
1 1 35 3 0.00360338
1 1 36 0 0.00175325
1 1 36 1 0.00201781
1 1 36 2 0.0017413
1 1 36 3 0.00311366
1 1 37 0 0.00175325
1 1 37 1 0.00198056
1 1 37 2 0.0017521
1 1 37 3 0.00294104
1 1 38 0 0.00175325
1 1 38 1 0.00194648
1 1 38 2 0.000889781
1 1 38 3 0.00294689
1 1 39 0 0.00175325
1 1 39 1 0.0024456
1 1 39 2 0.00173728
1 1 39 3 0.00327796
1 1 40 0 0.00175325
1 1 40 1 0.00188323
1 1 40 2 0.000889781
1 1 40 3 0.00250085
1 1 41 0 0.00175325
1 1 41 1 0.00189938
1 1 41 2 0.00154138
1 1 41 3 0.0028122
1 1 42 0 0.00175325
1 1 42 1 0.00188324
1 1 42 2 0.000889781
1 1 42 3 0.00250085
1 1 43 0 0.00175325
1 1 43 1 0.00188323
1 1 43 2 0.000889781
1 1 43 3 0.00250085
1 1 44 0 0.00175325
1 1 44 1 0.00188323
1 1 44 2 0.000889781
1 1 44 3 0.00250085
1 1 45 0 0.00175325
1 1 45 1 0.00188323
1 1 45 2 0.000889781
1 1 45 3 0.00250085
1 1 46 0 0.00175325
1 1 46 1 0.00188323
1 1 46 2 0.000889781
1 1 46 3 0.00250085
1 1 47 0 0.00175325
1 1 47 1 0.00188323
1 1 47 2 0.000889781
1 1 47 3 0.00250085
1 2 0 0 0.00175325
1 2 0 1 0.00103573
1 2 0 2 0.000889781
1 2 0 3 0.00250085
1 2 1 0 0.00175325
1 2 1 1 0.00188323
1 2 1 2 0.000889781
1 2 1 3 0.00250085
1 2 2 0 0.00175325
1 2 2 1 0.00103573
1 2 2 2 0.000889781
1 2 2 3 0.00250085
1 2 3 0 0.00175325
1 2 3 1 0.00103573
1 2 3 2 0.000889781
1 2 3 3 0.00165336
1 2 4 0 0.00175325
1 2 4 1 0.00103573
1 2 4 2 0.000889781
1 2 4 3 0.00250085
1 2 5 0 0.00175325
1 2 5 1 0.00103573
1 2 5 2 0.000889781
1 2 5 3 0.00165336
1 2 6 0 0.00175325
1 2 6 1 0.00103573
1 2 6 2 0.000889781
1 2 6 3 0.00165336
1 2 7 0 0.00175325
1 2 7 1 0.00103573
1 2 7 2 0.000889781
1 2 7 3 0.00165336
1 2 8 0 0.00175325
1 2 8 1 0.00103573
1 2 8 2 0.000889781
1 2 8 3 0.00165336
1 2 9 0 0.00175325
1 2 9 1 0.00103573
1 2 9 2 0.000889781
1 2 9 3 0.00165336
1 2 10 0 0.00175325
1 2 10 1 0.00103573
1 2 10 2 0.000889781
1 2 10 3 0.00165336
1 2 11 0 0.00175325
1 2 11 1 0.00103573
1 2 11 2 0.000889781
1 2 11 3 0.00165336
1 2 12 0 0.00175325
1 2 12 1 0.00103573
1 2 12 2 0.000889781
1 2 12 3 0.00165336
1 2 13 0 0.00175325
1 2 13 1 0.00103573
1 2 13 2 0.000889781
1 2 13 3 0.00165336
1 2 14 0 0.00175325
1 2 14 1 0.00103573
1 2 14 2 0.000889781
1 2 14 3 0.00165336
1 2 15 0 0.00175325
1 2 15 1 0.00103573
1 2 15 2 0.000889781
1 2 15 3 0.00165336
1 2 16 0 0.00175325
1 2 16 1 0.00103573
1 2 16 2 0.000889781
1 2 16 3 0.00165336
1 2 17 0 0.00175325
1 2 17 1 0.00103573
1 2 17 2 0.000889781
1 2 17 3 0.00165336
1 2 18 0 0.00175325
1 2 18 1 0.00103573
1 2 18 2 0.000889781
1 2 18 3 0.00165336
1 2 19 0 0.00175325
1 2 19 1 0.00118176
1 2 19 2 0.000889781
1 2 19 3 0.00250085
1 2 20 0 0.00175325
1 2 20 1 0.00188323
1 2 20 2 0.000889781
1 2 20 3 0.00250085
1 2 21 0 0.00175325
1 2 21 1 0.0019758
1 2 21 2 0.00174967
1 2 21 3 0.00301761
1 2 22 0 0.00175325
1 2 22 1 0.00200334
1 2 22 2 0.00173741
1 2 22 3 0.00341307
1 2 23 0 0.00175325
1 2 23 1 0.002011
1 2 23 2 0.00173772
1 2 23 3 0.00382032
1 2 24 0 0.00175325
1 2 24 1 0.00204813
1 2 24 2 0.00175547
1 2 24 3 0.00451287
1 2 25 0 0.00175325
1 2 25 1 0.00517485
1 2 25 2 0.00175634
1 2 25 3 0.00400962
1 2 26 0 0.00175325
1 2 26 1 0.00250789
1 2 26 2 0.0017589
1 2 26 3 0.00458721
1 2 27 0 0.00175325
1 2 27 1 0.00277974
1 2 27 2 0.00175741
1 2 27 3 0.00410375
1 2 28 0 0.00175325
1 2 28 1 0.00587206
1 2 28 2 0.00176617
1 2 28 3 0.00399155
1 2 29 0 0.00175325
1 2 29 1 0.00213014
1 2 29 2 0.00177997
1 2 29 3 0.00474985
1 2 30 0 0.00175325
1 2 30 1 0.00248202
1 2 30 2 0.00173736
1 2 30 3 0.00351245
1 2 31 0 0.00175325
1 2 31 1 0.00207609
1 2 31 2 0.00174483
1 2 31 3 0.00378509
1 2 32 0 0.00175325
1 2 32 1 0.00210039
1 2 32 2 0.00174168
1 2 32 3 0.00320762
1 2 33 0 0.00175325
1 2 33 1 0.0042725
1 2 33 2 0.00174889
1 2 33 3 0.00346933
1 2 34 0 0.00175325
1 2 34 1 0.00218413
1 2 34 2 0.00127286
1 2 34 3 0.00347778
1 2 35 0 0.00175325
1 2 35 1 0.00192913
1 2 35 2 0.00113276
1 2 35 3 0.0027501
1 2 36 0 0.00175325
1 2 36 1 0.00189519
1 2 36 2 0.000889781
1 2 36 3 0.00290726
1 2 37 0 0.00175325
1 2 37 1 0.00190229
1 2 37 2 0.00141393
1 2 37 3 0.00308126
1 2 38 0 0.00175325
1 2 38 1 0.00250403
1 2 38 2 0.000889781
1 2 38 3 0.0030836
1 2 39 0 0.00175325
1 2 39 1 0.00188587
1 2 39 2 0.00174518
1 2 39 3 0.00272491
1 2 40 0 0.00175325
1 2 40 1 0.00188617
1 2 40 2 0.00163278
1 2 40 3 0.00269215
1 2 41 0 0.00175325
1 2 41 1 0.00197545
1 2 41 2 0.000889781
1 2 41 3 0.00250085
1 2 42 0 0.00175325
1 2 42 1 0.00191456
1 2 42 2 0.00173858
1 2 42 3 0.00288005
1 2 43 0 0.00175325
1 2 43 1 0.00188418
1 2 43 2 0.000889781
1 2 43 3 0.00250085
1 2 44 0 0.00175325
1 2 44 1 0.00188323
1 2 44 2 0.000889781
1 2 44 3 0.00250085
1 2 45 0 0.00175325
1 2 45 1 0.00188323
1 2 45 2 0.000889781
1 2 45 3 0.00250085
1 2 46 0 0.00175325
1 2 46 1 0.00188323
1 2 46 2 0.00141221
1 2 46 3 0.00250085
1 2 47 0 0.00175325
1 2 47 1 0.00188323
1 2 47 2 0.00174134
1 2 47 3 0.00250085
1 3 0 0 0.00175325
1 3 0 1 0.00188323
1 3 0 2 0.000889781
1 3 0 3 0.00250085
1 3 1 0 0.00175325
1 3 1 1 0.00188323
1 3 1 2 0.00173728
1 3 1 3 0.00250085
1 3 2 0 0.00175325
1 3 2 1 0.00103573
1 3 2 2 0.000889781
1 3 2 3 0.00250085
1 3 3 0 0.00175325
1 3 3 1 0.00179213
1 3 3 2 0.000889781
1 3 3 3 0.00250085
1 3 4 0 0.00175325
1 3 4 1 0.00103573
1 3 4 2 0.000889781
1 3 4 3 0.00165336
1 3 5 0 0.00175325
1 3 5 1 0.00103573
1 3 5 2 0.000889781
1 3 5 3 0.00250085
1 3 6 0 0.00175325
1 3 6 1 0.00125627
1 3 6 2 0.000889781
1 3 6 3 0.00250085
1 3 7 0 0.00175325
1 3 7 1 0.00103573
1 3 7 2 0.000889781
1 3 7 3 0.00165336
1 3 8 0 0.00175325
1 3 8 1 0.00103573
1 3 8 2 0.000889781
1 3 8 3 0.00165336
1 3 9 0 0.00175325
1 3 9 1 0.00103573
1 3 9 2 0.000889781
1 3 9 3 0.00165336
1 3 10 0 0.00175325
1 3 10 1 0.00103573
1 3 10 2 0.000889781
1 3 10 3 0.00165336
1 3 11 0 0.00175325
1 3 11 1 0.00103573
1 3 11 2 0.000889781
1 3 11 3 0.00165336
1 3 12 0 0.00175325
1 3 12 1 0.00103573
1 3 12 2 0.000889781
1 3 12 3 0.00165336
1 3 13 0 0.00175325
1 3 13 1 0.00103573
1 3 13 2 0.000889781
1 3 13 3 0.00165336
1 3 14 0 0.00175325
1 3 14 1 0.00103573
1 3 14 2 0.000889781
1 3 14 3 0.00165336
1 3 15 0 0.00175325
1 3 15 1 0.00103573
1 3 15 2 0.000889781
1 3 15 3 0.00165336
1 3 16 0 0.00175325
1 3 16 1 0.00103573
1 3 16 2 0.000889781
1 3 16 3 0.00165336
1 3 17 0 0.00175325
1 3 17 1 0.00103573
1 3 17 2 0.000889781
1 3 17 3 0.00165336
1 3 18 0 0.00175325
1 3 18 1 0.00188323
1 3 18 2 0.000889781
1 3 18 3 0.00165336
1 3 19 0 0.00175325
1 3 19 1 0.00188323
1 3 19 2 0.000889781
1 3 19 3 0.00250085
1 3 20 0 0.00175325
1 3 20 1 0.00188323
1 3 20 2 0.000889781
1 3 20 3 0.00250085
1 3 21 0 0.00175325
1 3 21 1 0.00252561
1 3 21 2 0.00174373
1 3 21 3 0.0028676
1 3 22 0 0.00175325
1 3 22 1 0.00192073
1 3 22 2 0.00174317
1 3 22 3 0.00303647
1 3 23 0 0.00175325
1 3 23 1 0.00197392
1 3 23 2 0.00173981
1 3 23 3 0.00358736
1 3 24 0 0.00175325
1 3 24 1 0.00245163
1 3 24 2 0.00176811
1 3 24 3 0.0043981
1 3 25 0 0.00175325
1 3 25 1 0.00250714
1 3 25 2 0.00176342
1 3 25 3 0.00466889
1 3 26 0 0.00175325
1 3 26 1 0.00214598
1 3 26 2 0.00176235
1 3 26 3 0.00415918
1 3 27 0 0.00175325
1 3 27 1 0.0043533
1 3 27 2 0.00178502
1 3 27 3 0.00443618
1 3 28 0 0.00175325
1 3 28 1 0.00241614
1 3 28 2 0.0017511
1 3 28 3 0.00414742
1 3 29 0 0.00175325
1 3 29 1 0.00230692
1 3 29 2 0.00175896
1 3 29 3 0.00464719
1 3 30 0 0.00175325
1 3 30 1 0.00348486
1 3 30 2 0.00174728
1 3 30 3 0.00341855
1 3 31 0 0.00175325
1 3 31 1 0.00316976
1 3 31 2 0.00174099
1 3 31 3 0.0034182
1 3 32 0 0.00175325
1 3 32 1 0.00199903
1 3 32 2 0.00174473
1 3 32 3 0.00355428
1 3 33 0 0.00175325
1 3 33 1 0.00190685
1 3 33 2 0.00152887
1 3 33 3 0.00298609
1 3 34 0 0.00175325
1 3 34 1 0.00190722
1 3 34 2 0.00102316
1 3 34 3 0.00292034
1 3 35 0 0.00175325
1 3 35 1 0.00188323
1 3 35 2 0.000889781
1 3 35 3 0.00276341
1 3 36 0 0.00175325
1 3 36 1 0.00212996
1 3 36 2 0.000889781
1 3 36 3 0.0026549
1 3 37 0 0.00175325
1 3 37 1 0.00189816
1 3 37 2 0.0011937
1 3 37 3 0.0025916
1 3 38 0 0.00175325
1 3 38 1 0.00188323
1 3 38 2 0.000889781
1 3 38 3 0.00250085
1 3 39 0 0.00175325
1 3 39 1 0.00188323
1 3 39 2 0.00174134
1 3 39 3 0.00250085
1 3 40 0 0.00175325
1 3 40 1 0.00188323
1 3 40 2 0.00173828
1 3 40 3 0.0028865
1 3 41 0 0.00175325
1 3 41 1 0.0060901
1 3 41 2 0.00173779
1 3 41 3 0.00250085
1 3 42 0 0.00175325
1 3 42 1 0.00188323
1 3 42 2 0.00123062
1 3 42 3 0.00259756
1 3 43 0 0.00175325
1 3 43 1 0.00188323
1 3 43 2 0.000889781
1 3 43 3 0.00250085
1 3 44 0 0.00175325
1 3 44 1 0.00188323
1 3 44 2 0.000889781
1 3 44 3 0.00250085
1 3 45 0 0.00175325
1 3 45 1 0.00188323
1 3 45 2 0.000889781
1 3 45 3 0.00250085
1 3 46 0 0.00175325
1 3 46 1 0.00186909
1 3 46 2 0.000889781
1 3 46 3 0.00250085
1 3 47 0 0.00175325
1 3 47 1 0.00103573
1 3 47 2 0.000889781
1 3 47 3 0.00250085
1 4 0 0 0.00175325
1 4 0 1 0.00188323
1 4 0 2 0.000889781
1 4 0 3 0.00250085
1 4 1 0 0.00175325
1 4 1 1 0.00103573
1 4 1 2 0.000889781
1 4 1 3 0.00165336
1 4 2 0 0.00175325
1 4 2 1 0.00103573
1 4 2 2 0.000889781
1 4 2 3 0.00165336
1 4 3 0 0.00175325
1 4 3 1 0.00188323
1 4 3 2 0.000889781
1 4 3 3 0.00165336
1 4 4 0 0.00175325
1 4 4 1 0.00103573
1 4 4 2 0.000889781
1 4 4 3 0.00165336
1 4 5 0 0.00175325
1 4 5 1 0.00103573
1 4 5 2 0.000889781
1 4 5 3 0.00165336
1 4 6 0 0.00175325
1 4 6 1 0.00103573
1 4 6 2 0.000889781
1 4 6 3 0.00165336
1 4 7 0 0.00175325
1 4 7 1 0.00103573
1 4 7 2 0.000889781
1 4 7 3 0.00165336
1 4 8 0 0.00175325
1 4 8 1 0.00103573
1 4 8 2 0.000889781
1 4 8 3 0.00165336
1 4 9 0 0.00175325
1 4 9 1 0.00103573
1 4 9 2 0.000889781
1 4 9 3 0.00165336
1 4 10 0 0.00175325
1 4 10 1 0.00103573
1 4 10 2 0.000889781
1 4 10 3 0.00165336
1 4 11 0 0.00175325
1 4 11 1 0.00103573
1 4 11 2 0.000889781
1 4 11 3 0.00165336
1 4 12 0 0.00175325
1 4 12 1 0.00103573
1 4 12 2 0.000889781
1 4 12 3 0.00165336
1 4 13 0 0.00175325
1 4 13 1 0.00103573
1 4 13 2 0.000889781
1 4 13 3 0.00165336
1 4 14 0 0.00175325
1 4 14 1 0.00103573
1 4 14 2 0.000889781
1 4 14 3 0.00165336
1 4 15 0 0.00175325
1 4 15 1 0.00103573
1 4 15 2 0.000889781
1 4 15 3 0.00165336
1 4 16 0 0.00175325
1 4 16 1 0.00103573
1 4 16 2 0.000889781
1 4 16 3 0.00165336
1 4 17 0 0.00175325
1 4 17 1 0.00103573
1 4 17 2 0.000889781
1 4 17 3 0.00165336
1 4 18 0 0.00175325
1 4 18 1 0.00188323
1 4 18 2 0.000889781
1 4 18 3 0.00250085
1 4 19 0 0.00175325
1 4 19 1 0.00188323
1 4 19 2 0.000889781
1 4 19 3 0.00250085
1 4 20 0 0.00175325
1 4 20 1 0.00188323
1 4 20 2 0.00135285
1 4 20 3 0.00250085
1 4 21 0 0.00175325
1 4 21 1 0.00399234
1 4 21 2 0.00147295
1 4 21 3 0.00274143
1 4 22 0 0.00175325
1 4 22 1 0.00203258
1 4 22 2 0.00175084
1 4 22 3 0.00390726
1 4 23 0 0.00175325
1 4 23 1 0.00212024
1 4 23 2 0.00175164
1 4 23 3 0.00406675
1 4 24 0 0.00175325
1 4 24 1 0.00214579
1 4 24 2 0.00174858
1 4 24 3 0.00433611
1 4 25 0 0.00175325
1 4 25 1 0.00472904
1 4 25 2 0.00175728
1 4 25 3 0.00401398
1 4 26 0 0.00175325
1 4 26 1 0.00234087
1 4 26 2 0.00176836
1 4 26 3 0.00513138
1 4 27 0 0.00175325
1 4 27 1 0.0025466
1 4 27 2 0.00178541
1 4 27 3 0.00513227
1 4 28 0 0.00175325
1 4 28 1 0.00218461
1 4 28 2 0.0017717
1 4 28 3 0.0049264
1 4 29 0 0.00175325
1 4 29 1 0.00317796
1 4 29 2 0.00175462
1 4 29 3 0.0043158
1 4 30 0 0.00175325
1 4 30 1 0.00202601
1 4 30 2 0.00175166
1 4 30 3 0.0041029
1 4 31 0 0.00175325
1 4 31 1 0.00218675
1 4 31 2 0.0017433
1 4 31 3 0.00406519
1 4 32 0 0.00175325
1 4 32 1 0.00214427
1 4 32 2 0.000968182
1 4 32 3 0.00322182
1 4 33 0 0.00175325
1 4 33 1 0.00194721
1 4 33 2 0.000889781
1 4 33 3 0.00341504
1 4 34 0 0.00175325
1 4 34 1 0.00196721
1 4 34 2 0.00168709
1 4 34 3 0.00292256
1 4 35 0 0.00175325
1 4 35 1 0.00200912
1 4 35 2 0.00173735
1 4 35 3 0.00336861
1 4 36 0 0.00175325
1 4 36 1 0.00193686
1 4 36 2 0.00173733
1 4 36 3 0.00314789
1 4 37 0 0.00175325
1 4 37 1 0.00191164
1 4 37 2 0.000889781
1 4 37 3 0.00288754
1 4 38 0 0.00175325
1 4 38 1 0.00258283
1 4 38 2 0.00173729
1 4 38 3 0.00338175
1 4 39 0 0.00175325
1 4 39 1 0.00188918
1 4 39 2 0.000889781
1 4 39 3 0.00253458
1 4 40 0 0.00175325
1 4 40 1 0.00194727
1 4 40 2 0.00166174
1 4 40 3 0.00276006
1 4 41 0 0.00175325
1 4 41 1 0.00193704
1 4 41 2 0.00154764
1 4 41 3 0.00303162
1 4 42 0 0.00175325
1 4 42 1 0.00225737
1 4 42 2 0.00159365
1 4 42 3 0.00270699
1 4 43 0 0.00175325
1 4 43 1 0.00189927
1 4 43 2 0.000889781
1 4 43 3 0.00254088
1 4 44 0 0.00175325
1 4 44 1 0.00188323
1 4 44 2 0.000889781
1 4 44 3 0.00250085
1 4 45 0 0.00175325
1 4 45 1 0.00188323
1 4 45 2 0.00155484
1 4 45 3 0.00250085
1 4 46 0 0.00175325
1 4 46 1 0.00188323
1 4 46 2 0.000889781
1 4 46 3 0.00250085
1 4 47 0 0.00175325
1 4 47 1 0.00188323
1 4 47 2 0.000889781
1 4 47 3 0.00250085
1 5 0 0 0.00175325
1 5 0 1 0.00188323
1 5 0 2 0.000889781
1 5 0 3 0.00250085
1 5 1 0 0.00175325
1 5 1 1 0.00188323
1 5 1 2 0.000889781
1 5 1 3 0.00250085
1 5 2 0 0.00175325
1 5 2 1 0.00158876
1 5 2 2 0.000889781
1 5 2 3 0.00250085
1 5 3 0 0.00175325
1 5 3 1 0.00103573
1 5 3 2 0.000889781
1 5 3 3 0.00250085
1 5 4 0 0.00175325
1 5 4 1 0.00152543
1 5 4 2 0.000889781
1 5 4 3 0.00250085
1 5 5 0 0.00175325
1 5 5 1 0.00103573
1 5 5 2 0.000889781
1 5 5 3 0.00250085
1 5 6 0 0.00175325
1 5 6 1 0.00188323
1 5 6 2 0.000889781
1 5 6 3 0.00250085
1 5 7 0 0.00175325
1 5 7 1 0.00103573
1 5 7 2 0.000889781
1 5 7 3 0.00250085
1 5 8 0 0.00175325
1 5 8 1 0.00188323
1 5 8 2 0.000889781
1 5 8 3 0.00250085
1 5 9 0 0.00175325
1 5 9 1 0.00103573
1 5 9 2 0.000889781
1 5 9 3 0.00165336
1 5 10 0 0.00175325
1 5 10 1 0.00103573
1 5 10 2 0.000889781
1 5 10 3 0.00165336
1 5 11 0 0.00175325
1 5 11 1 0.00103573
1 5 11 2 0.000889781
1 5 11 3 0.00165336
1 5 12 0 0.00175325
1 5 12 1 0.00188323
1 5 12 2 0.000889781
1 5 12 3 0.00165336
1 5 13 0 0.00175325
1 5 13 1 0.00103573
1 5 13 2 0.000889781
1 5 13 3 0.00165336
1 5 14 0 0.00175325
1 5 14 1 0.00103573
1 5 14 2 0.000889781
1 5 14 3 0.00165336
1 5 15 0 0.00175325
1 5 15 1 0.00103573
1 5 15 2 0.000889781
1 5 15 3 0.00165336
1 5 16 0 0.00175325
1 5 16 1 0.00188323
1 5 16 2 0.000889781
1 5 16 3 0.00165336
1 5 17 0 0.00175325
1 5 17 1 0.00103573
1 5 17 2 0.000889781
1 5 17 3 0.00165336
1 5 18 0 0.00175325
1 5 18 1 0.00188323
1 5 18 2 0.000889781
1 5 18 3 0.00250085
1 5 19 0 0.00175325
1 5 19 1 0.00188323
1 5 19 2 0.00111323
1 5 19 3 0.00250085
1 5 20 0 0.00175325
1 5 20 1 0.00188323
1 5 20 2 0.00172848
1 5 20 3 0.00250085
1 5 21 0 0.00175325
1 5 21 1 0.00188323
1 5 21 2 0.000889781
1 5 21 3 0.00250085
1 5 22 0 0.00175325
1 5 22 1 0.00191423
1 5 22 2 0.00175299
1 5 22 3 0.00311402
1 5 23 0 0.00175325
1 5 23 1 0.00192942
1 5 23 2 0.00174496
1 5 23 3 0.00347105
1 5 24 0 0.00175325
1 5 24 1 0.00202221
1 5 24 2 0.00174901
1 5 24 3 0.00401765
1 5 25 0 0.00175325
1 5 25 1 0.00199382
1 5 25 2 0.000889781
1 5 25 3 0.00398534
1 5 26 0 0.00175325
1 5 26 1 0.00197682
1 5 26 2 0.00175894
1 5 26 3 0.00430342
1 5 27 0 0.00175325
1 5 27 1 0.00223721
1 5 27 2 0.00175701
1 5 27 3 0.00362967
1 5 28 0 0.00175325
1 5 28 1 0.00213233
1 5 28 2 0.00174397
1 5 28 3 0.00372308
1 5 29 0 0.00175325
1 5 29 1 0.00209239
1 5 29 2 0.00176995
1 5 29 3 0.00488426
1 5 30 0 0.00175325
1 5 30 1 0.00200703
1 5 30 2 0.00175955
1 5 30 3 0.00357104
1 5 31 0 0.00175325
1 5 31 1 0.0053804
1 5 31 2 0.000889781
1 5 31 3 0.00326544
1 5 32 0 0.00175325
1 5 32 1 0.00193526
1 5 32 2 0.0017373
1 5 32 3 0.00346257
1 5 33 0 0.00175325
1 5 33 1 0.00241133
1 5 33 2 0.00176159
1 5 33 3 0.00370865
1 5 34 0 0.00175325
1 5 34 1 0.0019515
1 5 34 2 0.00174358
1 5 34 3 0.00325803
1 5 35 0 0.00175325
1 5 35 1 0.00289996
1 5 35 2 0.0017513
1 5 35 3 0.0032805
1 5 36 0 0.00175325
1 5 36 1 0.00191441
1 5 36 2 0.00140118
1 5 36 3 0.00329693
1 5 37 0 0.00175325
1 5 37 1 0.00190967
1 5 37 2 0.00152273
1 5 37 3 0.00300071
1 5 38 0 0.00175325
1 5 38 1 0.00188323
1 5 38 2 0.00131438
1 5 38 3 0.00280088
1 5 39 0 0.00175325
1 5 39 1 0.00189537
1 5 39 2 0.00173728
1 5 39 3 0.0025834
1 5 40 0 0.00175325
1 5 40 1 0.00188323
1 5 40 2 0.000889781
1 5 40 3 0.00250085
1 5 41 0 0.00175325
1 5 41 1 0.00189117
1 5 41 2 0.00131603
1 5 41 3 0.00279712
1 5 42 0 0.00175325
1 5 42 1 0.00188323
1 5 42 2 0.000889781
1 5 42 3 0.00250085
1 5 43 0 0.00175325
1 5 43 1 0.00188323
1 5 43 2 0.00104203
1 5 43 3 0.00250085
1 5 44 0 0.00175325
1 5 44 1 0.00188323
1 5 44 2 0.000889781
1 5 44 3 0.00250085
1 5 45 0 0.00175325
1 5 45 1 0.00188323
1 5 45 2 0.000889781
1 5 45 3 0.00250085
1 5 46 0 0.00175325
1 5 46 1 0.00188323
1 5 46 2 0.000889781
1 5 46 3 0.00250085
1 5 47 0 0.00175325
1 5 47 1 0.00124892
1 5 47 2 0.000889781
1 5 47 3 0.00250085
1 6 0 0 0.00175325
1 6 0 1 0.00188323
1 6 0 2 0.000889781
1 6 0 3 0.00250085
1 6 1 0 0.00175325
1 6 1 1 0.00188323
1 6 1 2 0.000889781
1 6 1 3 0.00250085
1 6 2 0 0.00175325
1 6 2 1 0.00103573
1 6 2 2 0.000889781
1 6 2 3 0.00250085
1 6 3 0 0.00175325
1 6 3 1 0.00188323
1 6 3 2 0.000930554
1 6 3 3 0.00250085
1 6 4 0 0.00175325
1 6 4 1 0.00103573
1 6 4 2 0.000889781
1 6 4 3 0.00165336
1 6 5 0 0.00175325
1 6 5 1 0.00151125
1 6 5 2 0.000889781
1 6 5 3 0.00250085
1 6 6 0 0.00175325
1 6 6 1 0.00188323
1 6 6 2 0.000889781
1 6 6 3 0.00250085
1 6 7 0 0.00175325
1 6 7 1 0.00103573
1 6 7 2 0.000889781
1 6 7 3 0.00250085
1 6 8 0 0.00175325
1 6 8 1 0.00103573
1 6 8 2 0.000889781
1 6 8 3 0.00165336
1 6 9 0 0.00175325
1 6 9 1 0.00103573
1 6 9 2 0.000889781
1 6 9 3 0.00250085
1 6 10 0 0.00175325
1 6 10 1 0.00188323
1 6 10 2 0.000889781
1 6 10 3 0.00231272
1 6 11 0 0.00175325
1 6 11 1 0.00128344
1 6 11 2 0.000889781
1 6 11 3 0.00165336
1 6 12 0 0.00175325
1 6 12 1 0.00188323
1 6 12 2 0.000889781
1 6 12 3 0.00165336
1 6 13 0 0.00175325
1 6 13 1 0.00103573
1 6 13 2 0.000889781
1 6 13 3 0.00165336
1 6 14 0 0.00175325
1 6 14 1 0.00103573
1 6 14 2 0.000889781
1 6 14 3 0.00165336
1 6 15 0 0.00175325
1 6 15 1 0.00103573
1 6 15 2 0.000889781
1 6 15 3 0.00165336
1 6 16 0 0.00175325
1 6 16 1 0.00131462
1 6 16 2 0.000889781
1 6 16 3 0.00165336
1 6 17 0 0.00175325
1 6 17 1 0.00103573
1 6 17 2 0.000889781
1 6 17 3 0.00165336
1 6 18 0 0.00175325
1 6 18 1 0.00188323
1 6 18 2 0.000889781
1 6 18 3 0.00165336
1 6 19 0 0.00175325
1 6 19 1 0.00188323
1 6 19 2 0.000889781
1 6 19 3 0.00250085
1 6 20 0 0.00175325
1 6 20 1 0.00188323
1 6 20 2 0.000889781
1 6 20 3 0.00250085
1 6 21 0 0.00175325
1 6 21 1 0.00188323
1 6 21 2 0.000889781
1 6 21 3 0.00250085
1 6 22 0 0.00175325
1 6 22 1 0.00190315
1 6 22 2 0.00157309
1 6 22 3 0.00264961
1 6 23 0 0.00175325
1 6 23 1 0.00188323
1 6 23 2 0.000889781
1 6 23 3 0.0027856
1 6 24 0 0.00175325
1 6 24 1 0.00191694
1 6 24 2 0.00167985
1 6 24 3 0.00298051
1 6 25 0 0.00175325
1 6 25 1 0.00203351
1 6 25 2 0.00175299
1 6 25 3 0.00399021
1 6 26 0 0.00175325
1 6 26 1 0.00195678
1 6 26 2 0.00176266
1 6 26 3 0.0038067
1 6 27 0 0.00175325
1 6 27 1 0.00196123
1 6 27 2 0.00174133
1 6 27 3 0.00410329
1 6 28 0 0.00175325
1 6 28 1 0.0020201
1 6 28 2 0.00174625
1 6 28 3 0.00384875
1 6 29 0 0.00175325
1 6 29 1 0.00192881
1 6 29 2 0.00176562
1 6 29 3 0.00405262
1 6 30 0 0.00175325
1 6 30 1 0.00199911
1 6 30 2 0.00148124
1 6 30 3 0.00315572
1 6 31 0 0.00175325
1 6 31 1 0.00197168
1 6 31 2 0.00174246
1 6 31 3 0.00382353
1 6 32 0 0.00175325
1 6 32 1 0.00192985
1 6 32 2 0.00175323
1 6 32 3 0.00353882
1 6 33 0 0.00175325
1 6 33 1 0.00188406
1 6 33 2 0.0017373
1 6 33 3 0.00294496
1 6 34 0 0.00175325
1 6 34 1 0.00188323
1 6 34 2 0.000889781
1 6 34 3 0.002707
1 6 35 0 0.00175325
1 6 35 1 0.00188323
1 6 35 2 0.00173981
1 6 35 3 0.00269764
1 6 36 0 0.00175325
1 6 36 1 0.0027206
1 6 36 2 0.00174991
1 6 36 3 0.0028934
1 6 37 0 0.00175325
1 6 37 1 0.0019009
1 6 37 2 0.00173928
1 6 37 3 0.00252505
1 6 38 0 0.00175325
1 6 38 1 0.00188323
1 6 38 2 0.000889781
1 6 38 3 0.00254555
1 6 39 0 0.00175325
1 6 39 1 0.00188323
1 6 39 2 0.000889781
1 6 39 3 0.00255449
1 6 40 0 0.00175325
1 6 40 1 0.00188323
1 6 40 2 0.00126118
1 6 40 3 0.00250085
1 6 41 0 0.00175325
1 6 41 1 0.00188323
1 6 41 2 0.00152104
1 6 41 3 0.00250085
1 6 42 0 0.00175325
1 6 42 1 0.00188323
1 6 42 2 0.000889781
1 6 42 3 0.00250085
1 6 43 0 0.00175325
1 6 43 1 0.00188323
1 6 43 2 0.000889781
1 6 43 3 0.00250085
1 6 44 0 0.00175325
1 6 44 1 0.00188323
1 6 44 2 0.000889781
1 6 44 3 0.00250085
1 6 45 0 0.00175325
1 6 45 1 0.00166095
1 6 45 2 0.000889781
1 6 45 3 0.00250085
1 6 46 0 0.00175325
1 6 46 1 0.00188323
1 6 46 2 0.000889781
1 6 46 3 0.00250085
1 6 47 0 0.00175325
1 6 47 1 0.00103573
1 6 47 2 0.000889781
1 6 47 3 0.00165336
2 0 0 0 0.00175325
2 0 0 1 0.00211072
2 0 0 2 0.00176348
2 0 0 3 0.00446314
2 0 1 0 0.00175325
2 0 1 1 0.00195498
2 0 1 2 0.00176633
2 0 1 3 0.00419892
2 0 2 0 0.00175325
2 0 2 1 0.00195309
2 0 2 2 0.00175904
2 0 2 3 0.00425625
2 0 3 0 0.00175325
2 0 3 1 0.00193094
2 0 3 2 0.0017389
2 0 3 3 0.00341071
2 0 4 0 0.00175325
2 0 4 1 0.00191217
2 0 4 2 0.00175163
2 0 4 3 0.00355179
2 0 5 0 0.00175325
2 0 5 1 0.00188895
2 0 5 2 0.0017381
2 0 5 3 0.00334447
2 0 6 0 0.00175325
2 0 6 1 0.00193114
2 0 6 2 0.00174841
2 0 6 3 0.00383545
2 0 7 0 0.00175325
2 0 7 1 0.00188323
2 0 7 2 0.00119887
2 0 7 3 0.0025155
2 0 8 0 0.00175325
2 0 8 1 0.00188323
2 0 8 2 0.00173772
2 0 8 3 0.00250085
2 0 9 0 0.00175325
2 0 9 1 0.00188323
2 0 9 2 0.00107448
2 0 9 3 0.00260775
2 0 10 0 0.00175325
2 0 10 1 0.00188323
2 0 10 2 0.000889781
2 0 10 3 0.00250085
2 0 11 0 0.00175325
2 0 11 1 0.00103573
2 0 11 2 0.000889781
2 0 11 3 0.00250085
2 0 12 0 0.00175325
2 0 12 1 0.00188323
2 0 12 2 0.000889781
2 0 12 3 0.00250085
2 0 13 0 0.00175325
2 0 13 1 0.00188323
2 0 13 2 0.000889781
2 0 13 3 0.00250085
2 0 14 0 0.00175325
2 0 14 1 0.00188323
2 0 14 2 0.000889781
2 0 14 3 0.00250085
2 0 15 0 0.00175325
2 0 15 1 0.00188323
2 0 15 2 0.000889781
2 0 15 3 0.00250085
2 0 16 0 0.00175325
2 0 16 1 0.00188323
2 0 16 2 0.000889781
2 0 16 3 0.00250085
2 0 17 0 0.00175325
2 0 17 1 0.00188323
2 0 17 2 0.000889781
2 0 17 3 0.00250085
2 0 18 0 0.00175325
2 0 18 1 0.00200489
2 0 18 2 0.00173917
2 0 18 3 0.00365642
2 0 19 0 0.00175325
2 0 19 1 0.00244835
2 0 19 2 0.00177419
2 0 19 3 0.00526617
2 0 20 0 0.00175325
2 0 20 1 0.00266922
2 0 20 2 0.00178674
2 0 20 3 0.00552425
2 0 21 0 0.00175409
2 0 21 1 0.00253567
2 0 21 2 0.00179938
2 0 21 3 0.00649278
2 0 22 0 0.00175409
2 0 22 1 0.00402656
2 0 22 2 0.00180911
2 0 22 3 0.00771403
2 0 23 0 0.00175409
2 0 23 1 0.00577205
2 0 23 2 0.00184767
2 0 23 3 0.00868349
2 0 24 0 0.00181629
2 0 24 1 0.00549068
2 0 24 2 0.00185903
2 0 24 3 0.00918496
2 0 25 0 0.00185434
2 0 25 1 0.00632455
2 0 25 2 0.00184418
2 0 25 3 0.00908053
2 0 26 0 0.00175409
2 0 26 1 0.00366893
2 0 26 2 0.00183549
2 0 26 3 0.00906622
2 0 27 0 0.0020304
2 0 27 1 0.00862188
2 0 27 2 0.00187315
2 0 27 3 0.0103997
2 0 28 0 0.00180487
2 0 28 1 0.00364439
2 0 28 2 0.0018504
2 0 28 3 0.0097933
2 0 29 0 0.00182768
2 0 29 1 0.00592323
2 0 29 2 0.00184779
2 0 29 3 0.00984098
2 0 30 0 0.00175409
2 0 30 1 0.00686261
2 0 30 2 0.00180626
2 0 30 3 0.00861057
2 0 31 0 0.00175409
2 0 31 1 0.00576937
2 0 31 2 0.00181705
2 0 31 3 0.00834497
2 0 32 0 0.00175409
2 0 32 1 0.00480757
2 0 32 2 0.0018151
2 0 32 3 0.00830032
2 0 33 0 0.00175409
2 0 33 1 0.00603123
2 0 33 2 0.0018041
2 0 33 3 0.00871473
2 0 34 0 0.00175409
2 0 34 1 0.00465048
2 0 34 2 0.0018119
2 0 34 3 0.00698726
2 0 35 0 0.00175409
2 0 35 1 0.00454236
2 0 35 2 0.00179023
2 0 35 3 0.00667115
2 0 36 0 0.00175409
2 0 36 1 0.00562473
2 0 36 2 0.0017655
2 0 36 3 0.00660383
2 0 37 0 0.00175409
2 0 37 1 0.00272005
2 0 37 2 0.00179732
2 0 37 3 0.0071778
2 0 38 0 0.00175409
2 0 38 1 0.00314229
2 0 38 2 0.00180213
2 0 38 3 0.00752581
2 0 39 0 0.00175409
2 0 39 1 0.00287281
2 0 39 2 0.00180753
2 0 39 3 0.00672984
2 0 40 0 0.00175409
2 0 40 1 0.00559225
2 0 40 2 0.00179167
2 0 40 3 0.00670741
2 0 41 0 0.00175409
2 0 41 1 0.00301385
2 0 41 2 0.00178282
2 0 41 3 0.00685492
2 0 42 0 0.00175409
2 0 42 1 0.00357318
2 0 42 2 0.00176179
2 0 42 3 0.00596721
2 0 43 0 0.00175409
2 0 43 1 0.00250359
2 0 43 2 0.00178889
2 0 43 3 0.00666324
2 0 44 0 0.00175325
2 0 44 1 0.00219208
2 0 44 2 0.00176647
2 0 44 3 0.00560998
2 0 45 0 0.00175325
2 0 45 1 0.00211884
2 0 45 2 0.00176367
2 0 45 3 0.00519474
2 0 46 0 0.00175325
2 0 46 1 0.00213661
2 0 46 2 0.00177101
2 0 46 3 0.00511194
2 0 47 0 0.00175325
2 0 47 1 0.00198312
2 0 47 2 0.0017456
2 0 47 3 0.00442753
2 1 0 0 0.00175325
2 1 0 1 0.00220307
2 1 0 2 0.0017731
2 1 0 3 0.00515374
2 1 1 0 0.00175325
2 1 1 1 0.00203855
2 1 1 2 0.0017725
2 1 1 3 0.00440577
2 1 2 0 0.00175325
2 1 2 1 0.00196556
2 1 2 2 0.00176089
2 1 2 3 0.00430107
2 1 3 0 0.00175325
2 1 3 1 0.00194015
2 1 3 2 0.00177358
2 1 3 3 0.00409159
2 1 4 0 0.00175325
2 1 4 1 0.00193697
2 1 4 2 0.000920634
2 1 4 3 0.00338952
2 1 5 0 0.00175325
2 1 5 1 0.00190214
2 1 5 2 0.001741
2 1 5 3 0.00316485
2 1 6 0 0.00175325
2 1 6 1 0.00188323
2 1 6 2 0.00112349
2 1 6 3 0.00250085
2 1 7 0 0.00175325
2 1 7 1 0.00188323
2 1 7 2 0.0013682
2 1 7 3 0.00272555
2 1 8 0 0.00175325
2 1 8 1 0.00188323
2 1 8 2 0.000889781
2 1 8 3 0.00250085
2 1 9 0 0.00175325
2 1 9 1 0.00188323
2 1 9 2 0.000889781
2 1 9 3 0.00250085
2 1 10 0 0.00175325
2 1 10 1 0.00188323
2 1 10 2 0.000889781
2 1 10 3 0.00250085
2 1 11 0 0.00175325
2 1 11 1 0.00103573
2 1 11 2 0.000889781
2 1 11 3 0.00250085
2 1 12 0 0.00175325
2 1 12 1 0.00103573
2 1 12 2 0.000889781
2 1 12 3 0.00250085
2 1 13 0 0.00175325
2 1 13 1 0.00103573
2 1 13 2 0.000889781
2 1 13 3 0.00250085
2 1 14 0 0.00175325
2 1 14 1 0.00103573
2 1 14 2 0.000889781
2 1 14 3 0.00250085
2 1 15 0 0.00175325
2 1 15 1 0.00103573
2 1 15 2 0.000889781
2 1 15 3 0.00165336
2 1 16 0 0.00175325
2 1 16 1 0.00188323
2 1 16 2 0.000889781
2 1 16 3 0.00250085
2 1 17 0 0.00175325
2 1 17 1 0.00188323
2 1 17 2 0.00149754
2 1 17 3 0.00250085
2 1 18 0 0.00175325
2 1 18 1 0.00190205
2 1 18 2 0.00174157
2 1 18 3 0.00312665
2 1 19 0 0.00175325
2 1 19 1 0.00233996
2 1 19 2 0.00174056
2 1 19 3 0.00406123
2 1 20 0 0.00175325
2 1 20 1 0.00251808
2 1 20 2 0.00175181
2 1 20 3 0.00454929
2 1 21 0 0.00175325
2 1 21 1 0.0026645
2 1 21 2 0.00180332
2 1 21 3 0.00548319
2 1 22 0 0.00175409
2 1 22 1 0.0025758
2 1 22 2 0.00186108
2 1 22 3 0.00667334
2 1 23 0 0.00175409
2 1 23 1 0.00271247
2 1 23 2 0.0018098
2 1 23 3 0.00778684
2 1 24 0 0.00175409
2 1 24 1 0.00533343
2 1 24 2 0.00182853
2 1 24 3 0.00795198
2 1 25 0 0.00175409
2 1 25 1 0.00336052
2 1 25 2 0.0018317
2 1 25 3 0.00889515
2 1 26 0 0.00180319
2 1 26 1 0.00325589
2 1 26 2 0.00184012
2 1 26 3 0.00847939
2 1 27 0 0.00175409
2 1 27 1 0.00345508
2 1 27 2 0.0018282
2 1 27 3 0.00905865
2 1 28 0 0.00175409
2 1 28 1 0.0058389
2 1 28 2 0.00183449
2 1 28 3 0.00877134
2 1 29 0 0.0018198
2 1 29 1 0.00347887
2 1 29 2 0.0018222
2 1 29 3 0.0086455
2 1 30 0 0.00175409
2 1 30 1 0.00530284
2 1 30 2 0.0018169
2 1 30 3 0.00794168
2 1 31 0 0.00175409
2 1 31 1 0.00343532
2 1 31 2 0.00178232
2 1 31 3 0.0077569
2 1 32 0 0.00175409
2 1 32 1 0.00621909
2 1 32 2 0.00179879
2 1 32 3 0.00751372
2 1 33 0 0.00175409
2 1 33 1 0.00406414
2 1 33 2 0.0017999
2 1 33 3 0.00776955
2 1 34 0 0.00175409
2 1 34 1 0.00304627
2 1 34 2 0.00178434
2 1 34 3 0.0068101
2 1 35 0 0.00175409
2 1 35 1 0.003424
2 1 35 2 0.00179134
2 1 35 3 0.00684911
2 1 36 0 0.00175409
2 1 36 1 0.00295309
2 1 36 2 0.00178318
2 1 36 3 0.00617645
2 1 37 0 0.00175325
2 1 37 1 0.00228735
2 1 37 2 0.00177349
2 1 37 3 0.00554802
2 1 38 0 0.00175409
2 1 38 1 0.00397547
2 1 38 2 0.0017824
2 1 38 3 0.00598131
2 1 39 0 0.00175409
2 1 39 1 0.00590427
2 1 39 2 0.00178244
2 1 39 3 0.0061667
2 1 40 0 0.00175409
2 1 40 1 0.00399467
2 1 40 2 0.00177204
2 1 40 3 0.00609119
2 1 41 0 0.00175325
2 1 41 1 0.00224042
2 1 41 2 0.00177921
2 1 41 3 0.00568651
2 1 42 0 0.00175409
2 1 42 1 0.00261941
2 1 42 2 0.00177219
2 1 42 3 0.00567882
2 1 43 0 0.00175409
2 1 43 1 0.00264451
2 1 43 2 0.00178061
2 1 43 3 0.00581091
2 1 44 0 0.00175409
2 1 44 1 0.00230559
2 1 44 2 0.00179841
2 1 44 3 0.00653571
2 1 45 0 0.00175409
2 1 45 1 0.00226207
2 1 45 2 0.00179632
2 1 45 3 0.00650597
2 1 46 0 0.00175409
2 1 46 1 0.00230971
2 1 46 2 0.00179407
2 1 46 3 0.00541252
2 1 47 0 0.00175325
2 1 47 1 0.00233335
2 1 47 2 0.00179253
2 1 47 3 0.00573641
2 2 0 0 0.00175325
2 2 0 1 0.00237343
2 2 0 2 0.0017795
2 2 0 3 0.00585294
2 2 1 0 0.00175325
2 2 1 1 0.00222337
2 2 1 2 0.00177365
2 2 1 3 0.00538195
2 2 2 0 0.00175325
2 2 2 1 0.00209802
2 2 2 2 0.00176747
2 2 2 3 0.00463451
2 2 3 0 0.00175325
2 2 3 1 0.00206147
2 2 3 2 0.00162887
2 2 3 3 0.00417744
2 2 4 0 0.00175325
2 2 4 1 0.00206979
2 2 4 2 0.00177128
2 2 4 3 0.00435352
2 2 5 0 0.00175325
2 2 5 1 0.00194249
2 2 5 2 0.00176307
2 2 5 3 0.00366472
2 2 6 0 0.00175325
2 2 6 1 0.00193183
2 2 6 2 0.00175855
2 2 6 3 0.00362679
2 2 7 0 0.00175325
2 2 7 1 0.00188323
2 2 7 2 0.00105132
2 2 7 3 0.0030026
2 2 8 0 0.00175325
2 2 8 1 0.00188323
2 2 8 2 0.00173972
2 2 8 3 0.00283902
2 2 9 0 0.00175325
2 2 9 1 0.00188323
2 2 9 2 0.000889781
2 2 9 3 0.00250085
2 2 10 0 0.00175325
2 2 10 1 0.00103573
2 2 10 2 0.000889781
2 2 10 3 0.00250085
2 2 11 0 0.00175325
2 2 11 1 0.00188323
2 2 11 2 0.000889781
2 2 11 3 0.00250085
2 2 12 0 0.00175325
2 2 12 1 0.00103573
2 2 12 2 0.000889781
2 2 12 3 0.00250085
2 2 13 0 0.00175325
2 2 13 1 0.00188323
2 2 13 2 0.000889781
2 2 13 3 0.00250085
2 2 14 0 0.00175325
2 2 14 1 0.00188323
2 2 14 2 0.000889781
2 2 14 3 0.00250085
2 2 15 0 0.00175325
2 2 15 1 0.00103573
2 2 15 2 0.000889781
2 2 15 3 0.00250085
2 2 16 0 0.00175325
2 2 16 1 0.00188323
2 2 16 2 0.000889781
2 2 16 3 0.00250085
2 2 17 0 0.00175325
2 2 17 1 0.00188323
2 2 17 2 0.00106153
2 2 17 3 0.00250085
2 2 18 0 0.00175325
2 2 18 1 0.00193111
2 2 18 2 0.00174096
2 2 18 3 0.00327552
2 2 19 0 0.00175325
2 2 19 1 0.00204097
2 2 19 2 0.00176876
2 2 19 3 0.00446109
2 2 20 0 0.00175325
2 2 20 1 0.0025913
2 2 20 2 0.00175409
2 2 20 3 0.00463228
2 2 21 0 0.00175325
2 2 21 1 0.00243045
2 2 21 2 0.00178819
2 2 21 3 0.00489132
2 2 22 0 0.00175409
2 2 22 1 0.00666645
2 2 22 2 0.00176398
2 2 22 3 0.00667784
2 2 23 0 0.00175409
2 2 23 1 0.00310381
2 2 23 2 0.00180865
2 2 23 3 0.00785989
2 2 24 0 0.00175409
2 2 24 1 0.00842628
2 2 24 2 0.0018438
2 2 24 3 0.00862307
2 2 25 0 0.00175409
2 2 25 1 0.0072724
2 2 25 2 0.00184464
2 2 25 3 0.00845153
2 2 26 0 0.00188838
2 2 26 1 0.00438765
2 2 26 2 0.00184882
2 2 26 3 0.00936971
2 2 27 0 0.00189688
2 2 27 1 0.00346963
2 2 27 2 0.00188177
2 2 27 3 0.0100538
2 2 28 0 0.00175409
2 2 28 1 0.00469323
2 2 28 2 0.0018434
2 2 28 3 0.00866161
2 2 29 0 0.00175409
2 2 29 1 0.00624024
2 2 29 2 0.00182275
2 2 29 3 0.00844785
2 2 30 0 0.00175409
2 2 30 1 0.00638734
2 2 30 2 0.0018092
2 2 30 3 0.00809846
2 2 31 0 0.00175409
2 2 31 1 0.00758483
2 2 31 2 0.00181656
2 2 31 3 0.00768765
2 2 32 0 0.00175409
2 2 32 1 0.00953278
2 2 32 2 0.00180004
2 2 32 3 0.00686243
2 2 33 0 0.00175409
2 2 33 1 0.00300883
2 2 33 2 0.00179809
2 2 33 3 0.00738915
2 2 34 0 0.00175409
2 2 34 1 0.00263066
2 2 34 2 0.00178988
2 2 34 3 0.00651709
2 2 35 0 0.00175325
2 2 35 1 0.00289774
2 2 35 2 0.00176851
2 2 35 3 0.00653671
2 2 36 0 0.00175409
2 2 36 1 0.002844
2 2 36 2 0.00179107
2 2 36 3 0.00620992
2 2 37 0 0.00175409
2 2 37 1 0.00282968
2 2 37 2 0.00178566
2 2 37 3 0.0064489
2 2 38 0 0.00175409
2 2 38 1 0.00454396
2 2 38 2 0.00176827
2 2 38 3 0.0066585
2 2 39 0 0.00175409
2 2 39 1 0.00589743
2 2 39 2 0.00179219
2 2 39 3 0.006506
2 2 40 0 0.00175409
2 2 40 1 0.00417663
2 2 40 2 0.00179044
2 2 40 3 0.00646572
2 2 41 0 0.00175409
2 2 41 1 0.00479016
2 2 41 2 0.00179722
2 2 41 3 0.00608684
2 2 42 0 0.00175325
2 2 42 1 0.00257091
2 2 42 2 0.00178077
2 2 42 3 0.00558348
2 2 43 0 0.00175409
2 2 43 1 0.00213432
2 2 43 2 0.0017633
2 2 43 3 0.00556753
2 2 44 0 0.00175325
2 2 44 1 0.00257362
2 2 44 2 0.00179628
2 2 44 3 0.00570975
2 2 45 0 0.00175325
2 2 45 1 0.00200677
2 2 45 2 0.00175241
2 2 45 3 0.00477116
2 2 46 0 0.00175325
2 2 46 1 0.0021497
2 2 46 2 0.00176464
2 2 46 3 0.0049372
2 2 47 0 0.00175325
2 2 47 1 0.00203831
2 2 47 2 0.00177024
2 2 47 3 0.00474472
2 3 0 0 0.00175325
2 3 0 1 0.00198992
2 3 0 2 0.00175869
2 3 0 3 0.00456866
2 3 1 0 0.00175325
2 3 1 1 0.0021652
2 3 1 2 0.00177465
2 3 1 3 0.00488224
2 3 2 0 0.00175325
2 3 2 1 0.00192628
2 3 2 2 0.00175826
2 3 2 3 0.00375875
2 3 3 0 0.00175325
2 3 3 1 0.00197091
2 3 3 2 0.00176026
2 3 3 3 0.00350091
2 3 4 0 0.00175325
2 3 4 1 0.00193862
2 3 4 2 0.00174711
2 3 4 3 0.00367863
2 3 5 0 0.00175325
2 3 5 1 0.00193631
2 3 5 2 0.00176557
2 3 5 3 0.00353996
2 3 6 0 0.00175325
2 3 6 1 0.00188323
2 3 6 2 0.00112475
2 3 6 3 0.00262471
2 3 7 0 0.00175325
2 3 7 1 0.00190823
2 3 7 2 0.00149076
2 3 7 3 0.00303335
2 3 8 0 0.00175325
2 3 8 1 0.00188323
2 3 8 2 0.000889781
2 3 8 3 0.00250085
2 3 9 0 0.00175325
2 3 9 1 0.00188323
2 3 9 2 0.000889781
2 3 9 3 0.00255312
2 3 10 0 0.00175325
2 3 10 1 0.00188323
2 3 10 2 0.000889781
2 3 10 3 0.00250085
2 3 11 0 0.00175325
2 3 11 1 0.00103573
2 3 11 2 0.000889781
2 3 11 3 0.00250085
2 3 12 0 0.00175325
2 3 12 1 0.00188323
2 3 12 2 0.000889781
2 3 12 3 0.00250085
2 3 13 0 0.00175325
2 3 13 1 0.00103573
2 3 13 2 0.000889781
2 3 13 3 0.00250085
2 3 14 0 0.00175325
2 3 14 1 0.00103573
2 3 14 2 0.000889781
2 3 14 3 0.00165336
2 3 15 0 0.00175325
2 3 15 1 0.00103573
2 3 15 2 0.000889781
2 3 15 3 0.00250085
2 3 16 0 0.00175325
2 3 16 1 0.00103573
2 3 16 2 0.000889781
2 3 16 3 0.00250085
2 3 17 0 0.00175325
2 3 17 1 0.00188323
2 3 17 2 0.000889781
2 3 17 3 0.00250085
2 3 18 0 0.00175325
2 3 18 1 0.00188323
2 3 18 2 0.00130825
2 3 18 3 0.00263856
2 3 19 0 0.00175325
2 3 19 1 0.00198046
2 3 19 2 0.00175512
2 3 19 3 0.00358867
2 3 20 0 0.00175325
2 3 20 1 0.00261775
2 3 20 2 0.00177728
2 3 20 3 0.00499487
2 3 21 0 0.00175325
2 3 21 1 0.0024282
2 3 21 2 0.00176074
2 3 21 3 0.0050482
2 3 22 0 0.00175409
2 3 22 1 0.00255555
2 3 22 2 0.00178698
2 3 22 3 0.00691868
2 3 23 0 0.00175409
2 3 23 1 0.00271316
2 3 23 2 0.00176125
2 3 23 3 0.00579131
2 3 24 0 0.00175409
2 3 24 1 0.00408481
2 3 24 2 0.00182928
2 3 24 3 0.00794591
2 3 25 0 0.00175409
2 3 25 1 0.00290555
2 3 25 2 0.00182223
2 3 25 3 0.007657
2 3 26 0 0.00175409
2 3 26 1 0.00511969
2 3 26 2 0.001818
2 3 26 3 0.00848107
2 3 27 0 0.00175409
2 3 27 1 0.00458243
2 3 27 2 0.00191228
2 3 27 3 0.00899163
2 3 28 0 0.00175409
2 3 28 1 0.00308617
2 3 28 2 0.00179681
2 3 28 3 0.00773067
2 3 29 0 0.00175409
2 3 29 1 0.00544911
2 3 29 2 0.00181216
2 3 29 3 0.00808053
2 3 30 0 0.00175409
2 3 30 1 0.00289588
2 3 30 2 0.00179703
2 3 30 3 0.00731625
2 3 31 0 0.00175409
2 3 31 1 0.00382014
2 3 31 2 0.00181082
2 3 31 3 0.00724558
2 3 32 0 0.00175409
2 3 32 1 0.00343886
2 3 32 2 0.00180238
2 3 32 3 0.00699358
2 3 33 0 0.00175409
2 3 33 1 0.00612872
2 3 33 2 0.00181161
2 3 33 3 0.00733694
2 3 34 0 0.00175409
2 3 34 1 0.00247465
2 3 34 2 0.00177893
2 3 34 3 0.00627135
2 3 35 0 0.00175409
2 3 35 1 0.00271842
2 3 35 2 0.00177916
2 3 35 3 0.00625481
2 3 36 0 0.00175409
2 3 36 1 0.00539841
2 3 36 2 0.00179112
2 3 36 3 0.00672291
2 3 37 0 0.00175409
2 3 37 1 0.00246747
2 3 37 2 0.00178026
2 3 37 3 0.0055578
2 3 38 0 0.00175409
2 3 38 1 0.00273501
2 3 38 2 0.00178594
2 3 38 3 0.00599527
2 3 39 0 0.00175325
2 3 39 1 0.00250484
2 3 39 2 0.00178339
2 3 39 3 0.00510724
2 3 40 0 0.00175325
2 3 40 1 0.00276736
2 3 40 2 0.00178685
2 3 40 3 0.00577903
2 3 41 0 0.00175325
2 3 41 1 0.00244885
2 3 41 2 0.00175093
2 3 41 3 0.00473866
2 3 42 0 0.00175325
2 3 42 1 0.00206707
2 3 42 2 0.00175162
2 3 42 3 0.0051234
2 3 43 0 0.00175325
2 3 43 1 0.00260795
2 3 43 2 0.00176939
2 3 43 3 0.00537983
2 3 44 0 0.00175325
2 3 44 1 0.0021606
2 3 44 2 0.00175626
2 3 44 3 0.00485272
2 3 45 0 0.00175325
2 3 45 1 0.00228438
2 3 45 2 0.00178229
2 3 45 3 0.00539908
2 3 46 0 0.00175325
2 3 46 1 0.00211641
2 3 46 2 0.00176845
2 3 46 3 0.00529927
2 3 47 0 0.00175325
2 3 47 1 0.00236675
2 3 47 2 0.00175226
2 3 47 3 0.00503447
2 4 0 0 0.00175325
2 4 0 1 0.00206607
2 4 0 2 0.00177094
2 4 0 3 0.00519013
2 4 1 0 0.00175325
2 4 1 1 0.00208311
2 4 1 2 0.0017498
2 4 1 3 0.00433969
2 4 2 0 0.00175325
2 4 2 1 0.00198203
2 4 2 2 0.00177023
2 4 2 3 0.00440877
2 4 3 0 0.00175325
2 4 3 1 0.00200937
2 4 3 2 0.00173871
2 4 3 3 0.00410897
2 4 4 0 0.00175325
2 4 4 1 0.00221883
2 4 4 2 0.00174995
2 4 4 3 0.00371005
2 4 5 0 0.00175325
2 4 5 1 0.00220007
2 4 5 2 0.0017597
2 4 5 3 0.00364418
2 4 6 0 0.00175325
2 4 6 1 0.00188323
2 4 6 2 0.00118406
2 4 6 3 0.00317885
2 4 7 0 0.00175325
2 4 7 1 0.00188851
2 4 7 2 0.00139637
2 4 7 3 0.00277804
2 4 8 0 0.00175325
2 4 8 1 0.00188323
2 4 8 2 0.000889781
2 4 8 3 0.00290728
2 4 9 0 0.00175325
2 4 9 1 0.00188323
2 4 9 2 0.000889781
2 4 9 3 0.00250085
2 4 10 0 0.00175325
2 4 10 1 0.00188323
2 4 10 2 0.000889781
2 4 10 3 0.00250085
2 4 11 0 0.00175325
2 4 11 1 0.00188323
2 4 11 2 0.000889781
2 4 11 3 0.00250085
2 4 12 0 0.00175325
2 4 12 1 0.00188323
2 4 12 2 0.000889781
2 4 12 3 0.00250085
2 4 13 0 0.00175325
2 4 13 1 0.00103573
2 4 13 2 0.000889781
2 4 13 3 0.00250085
2 4 14 0 0.00175325
2 4 14 1 0.00103573
2 4 14 2 0.000889781
2 4 14 3 0.00250085
2 4 15 0 0.00175325
2 4 15 1 0.00103573
2 4 15 2 0.000889781
2 4 15 3 0.00165336
2 4 16 0 0.00175325
2 4 16 1 0.00188323
2 4 16 2 0.000889781
2 4 16 3 0.00250085
2 4 17 0 0.00175325
2 4 17 1 0.00188323
2 4 17 2 0.000889781
2 4 17 3 0.00250085
2 4 18 0 0.00175325
2 4 18 1 0.00190539
2 4 18 2 0.0017541
2 4 18 3 0.00335443
2 4 19 0 0.00175325
2 4 19 1 0.00276497
2 4 19 2 0.00176722
2 4 19 3 0.00386067
2 4 20 0 0.00175325
2 4 20 1 0.00208167
2 4 20 2 0.00178384
2 4 20 3 0.0046939
2 4 21 0 0.00175409
2 4 21 1 0.00287523
2 4 21 2 0.00175725
2 4 21 3 0.00617537
2 4 22 0 0.00175409
2 4 22 1 0.00407219
2 4 22 2 0.00178972
2 4 22 3 0.00653792
2 4 23 0 0.00175409
2 4 23 1 0.00287823
2 4 23 2 0.0018065
2 4 23 3 0.00661794
2 4 24 0 0.00175409
2 4 24 1 0.00515902
2 4 24 2 0.00181266
2 4 24 3 0.00740715
2 4 25 0 0.00175409
2 4 25 1 0.00296243
2 4 25 2 0.0018396
2 4 25 3 0.00831017
2 4 26 0 0.00175409
2 4 26 1 0.00324429
2 4 26 2 0.00185269
2 4 26 3 0.00900832
2 4 27 0 0.00176784
2 4 27 1 0.00538338
2 4 27 2 0.00184288
2 4 27 3 0.00857061
2 4 28 0 0.00175409
2 4 28 1 0.00733269
2 4 28 2 0.00181743
2 4 28 3 0.00827514
2 4 29 0 0.00175409
2 4 29 1 0.00500031
2 4 29 2 0.00182003
2 4 29 3 0.00814495
2 4 30 0 0.00175409
2 4 30 1 0.00317381
2 4 30 2 0.00183847
2 4 30 3 0.00882875
2 4 31 0 0.00175409
2 4 31 1 0.00287651
2 4 31 2 0.00180009
2 4 31 3 0.00794951
2 4 32 0 0.00175409
2 4 32 1 0.00545107
2 4 32 2 0.00184258
2 4 32 3 0.0076798
2 4 33 0 0.00175409
2 4 33 1 0.00407617
2 4 33 2 0.00181518
2 4 33 3 0.00830968
2 4 34 0 0.00175409
2 4 34 1 0.00280768
2 4 34 2 0.00179267
2 4 34 3 0.00665901
2 4 35 0 0.00175325
2 4 35 1 0.00484004
2 4 35 2 0.00178179
2 4 35 3 0.0058086
2 4 36 0 0.00175409
2 4 36 1 0.00274518
2 4 36 2 0.00179047
2 4 36 3 0.0062009
2 4 37 0 0.00175325
2 4 37 1 0.00244966
2 4 37 2 0.00176398
2 4 37 3 0.00575199
2 4 38 0 0.00175409
2 4 38 1 0.00253427
2 4 38 2 0.00177491
2 4 38 3 0.00593509
2 4 39 0 0.00175409
2 4 39 1 0.00227086
2 4 39 2 0.00178576
2 4 39 3 0.00586669
2 4 40 0 0.00175409
2 4 40 1 0.00291634
2 4 40 2 0.0017986
2 4 40 3 0.00608236
2 4 41 0 0.00175409
2 4 41 1 0.00269432
2 4 41 2 0.00177911
2 4 41 3 0.00587083
2 4 42 0 0.00175325
2 4 42 1 0.00251166
2 4 42 2 0.0017896
2 4 42 3 0.00456007
2 4 43 0 0.00175325
2 4 43 1 0.00209318
2 4 43 2 0.00176063
2 4 43 3 0.00524976
2 4 44 0 0.00175325
2 4 44 1 0.00352597
2 4 44 2 0.00178294
2 4 44 3 0.00510431
2 4 45 0 0.00175325
2 4 45 1 0.00395454
2 4 45 2 0.00176566
2 4 45 3 0.00520962
2 4 46 0 0.00175325
2 4 46 1 0.00196931
2 4 46 2 0.0017523
2 4 46 3 0.00409812
2 4 47 0 0.00175325
2 4 47 1 0.00195917
2 4 47 2 0.00175076
2 4 47 3 0.00390896
2 5 0 0 0.00175325
2 5 0 1 0.00229741
2 5 0 2 0.00174867
2 5 0 3 0.00402312
2 5 1 0 0.00175325
2 5 1 1 0.00206189
2 5 1 2 0.0017567
2 5 1 3 0.004103
2 5 2 0 0.00175325
2 5 2 1 0.00191038
2 5 2 2 0.00175342
2 5 2 3 0.00331972
2 5 3 0 0.00175325
2 5 3 1 0.00190925
2 5 3 2 0.00174919
2 5 3 3 0.00348099
2 5 4 0 0.00175325
2 5 4 1 0.00191974
2 5 4 2 0.00175197
2 5 4 3 0.00330155
2 5 5 0 0.00175325
2 5 5 1 0.00191399
2 5 5 2 0.00174106
2 5 5 3 0.00325599
2 5 6 0 0.00175325
2 5 6 1 0.00191283
2 5 6 2 0.00174011
2 5 6 3 0.00281941
2 5 7 0 0.00175325
2 5 7 1 0.00190048
2 5 7 2 0.000925358
2 5 7 3 0.00265149
2 5 8 0 0.00175325
2 5 8 1 0.00193291
2 5 8 2 0.00173954
2 5 8 3 0.00278543
2 5 9 0 0.00175325
2 5 9 1 0.00188323
2 5 9 2 0.000889781
2 5 9 3 0.00250085
2 5 10 0 0.00175325
2 5 10 1 0.00190469
2 5 10 2 0.000889781
2 5 10 3 0.00250085
2 5 11 0 0.00175325
2 5 11 1 0.00188323
2 5 11 2 0.000889781
2 5 11 3 0.00250085
2 5 12 0 0.00175325
2 5 12 1 0.00189905
2 5 12 2 0.000889781
2 5 12 3 0.00250085
2 5 13 0 0.00175325
2 5 13 1 0.00188323
2 5 13 2 0.000889781
2 5 13 3 0.00250085
2 5 14 0 0.00175325
2 5 14 1 0.00188323
2 5 14 2 0.000889781
2 5 14 3 0.00250085
2 5 15 0 0.00175325
2 5 15 1 0.00103573
2 5 15 2 0.000889781
2 5 15 3 0.00250085
2 5 16 0 0.00175325
2 5 16 1 0.00188323
2 5 16 2 0.000949992
2 5 16 3 0.00250085
2 5 17 0 0.00175325
2 5 17 1 0.00189986
2 5 17 2 0.000889781
2 5 17 3 0.00250085
2 5 18 0 0.00175325
2 5 18 1 0.00334945
2 5 18 2 0.00175962
2 5 18 3 0.0029019
2 5 19 0 0.00175325
2 5 19 1 0.00198858
2 5 19 2 0.00174456
2 5 19 3 0.00356496
2 5 20 0 0.00175325
2 5 20 1 0.00516194
2 5 20 2 0.00178936
2 5 20 3 0.0043861
2 5 21 0 0.00175325
2 5 21 1 0.00208418
2 5 21 2 0.00175266
2 5 21 3 0.00449755
2 5 22 0 0.00175409
2 5 22 1 0.00226302
2 5 22 2 0.00177309
2 5 22 3 0.00581567
2 5 23 0 0.00175409
2 5 23 1 0.00274994
2 5 23 2 0.00181855
2 5 23 3 0.00693776
2 5 24 0 0.00175409
2 5 24 1 0.00395609
2 5 24 2 0.00182459
2 5 24 3 0.00725697
2 5 25 0 0.00176514
2 5 25 1 0.0026908
2 5 25 2 0.00180851
2 5 25 3 0.00822974
2 5 26 0 0.00175409
2 5 26 1 0.00306036
2 5 26 2 0.00183656
2 5 26 3 0.00875241
2 5 27 0 0.00209113
2 5 27 1 0.00552146
2 5 27 2 0.00185237
2 5 27 3 0.00957303
2 5 28 0 0.00175409
2 5 28 1 0.00299556
2 5 28 2 0.00182172
2 5 28 3 0.00879614
2 5 29 0 0.00180816
2 5 29 1 0.00347239
2 5 29 2 0.00183408
2 5 29 3 0.00830934
2 5 30 0 0.00175409
2 5 30 1 0.00285586
2 5 30 2 0.00180988
2 5 30 3 0.00822704
2 5 31 0 0.00175409
2 5 31 1 0.00364034
2 5 31 2 0.00181695
2 5 31 3 0.00800339
2 5 32 0 0.00175409
2 5 32 1 0.00285111
2 5 32 2 0.0018034
2 5 32 3 0.00785617
2 5 33 0 0.00175409
2 5 33 1 0.00252382
2 5 33 2 0.00181087
2 5 33 3 0.00724122
2 5 34 0 0.00175409
2 5 34 1 0.00270102
2 5 34 2 0.00179912
2 5 34 3 0.00708376
2 5 35 0 0.00175409
2 5 35 1 0.00259274
2 5 35 2 0.00180045
2 5 35 3 0.00626524
2 5 36 0 0.00175409
2 5 36 1 0.00264637
2 5 36 2 0.00180837
2 5 36 3 0.00677778
2 5 37 0 0.00175409
2 5 37 1 0.00279843
2 5 37 2 0.00179426
2 5 37 3 0.00643018
2 5 38 0 0.00175409
2 5 38 1 0.00224112
2 5 38 2 0.00176585
2 5 38 3 0.00638682
2 5 39 0 0.00175409
2 5 39 1 0.00247441
2 5 39 2 0.0018061
2 5 39 3 0.00699206
2 5 40 0 0.00175409
2 5 40 1 0.00211115
2 5 40 2 0.00176708
2 5 40 3 0.00622551
2 5 41 0 0.00175409
2 5 41 1 0.00262087
2 5 41 2 0.00177673
2 5 41 3 0.00675571
2 5 42 0 0.00175325
2 5 42 1 0.00217435
2 5 42 2 0.00176712
2 5 42 3 0.00541658
2 5 43 0 0.00175325
2 5 43 1 0.00210613
2 5 43 2 0.00177375
2 5 43 3 0.00560374
2 5 44 0 0.00175325
2 5 44 1 0.00219457
2 5 44 2 0.00175931
2 5 44 3 0.00455192
2 5 45 0 0.00175325
2 5 45 1 0.00223534
2 5 45 2 0.00176444
2 5 45 3 0.0047748
2 5 46 0 0.00175325
2 5 46 1 0.00196683
2 5 46 2 0.00177623
2 5 46 3 0.00437686
2 5 47 0 0.00175325
2 5 47 1 0.00206414
2 5 47 2 0.00173738
2 5 47 3 0.00434375
2 6 0 0 0.00175325
2 6 0 1 0.00198122
2 6 0 2 0.00174036
2 6 0 3 0.00447235
2 6 1 0 0.00175325
2 6 1 1 0.00197096
2 6 1 2 0.0017488
2 6 1 3 0.00420504
2 6 2 0 0.00175325
2 6 2 1 0.00198721
2 6 2 2 0.00175567
2 6 2 3 0.00400635
2 6 3 0 0.00175325
2 6 3 1 0.00198238
2 6 3 2 0.00174452
2 6 3 3 0.00435511
2 6 4 0 0.00175325
2 6 4 1 0.00192558
2 6 4 2 0.00173729
2 6 4 3 0.00362411
2 6 5 0 0.00175325
2 6 5 1 0.00195827
2 6 5 2 0.00176488
2 6 5 3 0.00388272
2 6 6 0 0.00175325
2 6 6 1 0.0019443
2 6 6 2 0.00174782
2 6 6 3 0.00367409
2 6 7 0 0.00175325
2 6 7 1 0.00188323
2 6 7 2 0.000889781
2 6 7 3 0.00290161
2 6 8 0 0.00175325
2 6 8 1 0.00190999
2 6 8 2 0.000889781
2 6 8 3 0.00328857
2 6 9 0 0.00175325
2 6 9 1 0.00193001
2 6 9 2 0.00110851
2 6 9 3 0.0031844
2 6 10 0 0.00175325
2 6 10 1 0.00192466
2 6 10 2 0.0017395
2 6 10 3 0.00316893
2 6 11 0 0.00175325
2 6 11 1 0.00200792
2 6 11 2 0.000889781
2 6 11 3 0.00271162
2 6 12 0 0.00175325
2 6 12 1 0.00188323
2 6 12 2 0.000889781
2 6 12 3 0.00250085
2 6 13 0 0.00175325
2 6 13 1 0.00188323
2 6 13 2 0.000889781
2 6 13 3 0.00250085
2 6 14 0 0.00175325
2 6 14 1 0.00188323
2 6 14 2 0.000972338
2 6 14 3 0.00250085
2 6 15 0 0.00175325
2 6 15 1 0.00118432
2 6 15 2 0.000889781
2 6 15 3 0.00250085
2 6 16 0 0.00175325
2 6 16 1 0.00188323
2 6 16 2 0.000889781
2 6 16 3 0.00250085
2 6 17 0 0.00175325
2 6 17 1 0.00188323
2 6 17 2 0.000889781
2 6 17 3 0.00250085
2 6 18 0 0.00175325
2 6 18 1 0.00188323
2 6 18 2 0.000889781
2 6 18 3 0.00260341
2 6 19 0 0.00175325
2 6 19 1 0.00208134
2 6 19 2 0.00174916
2 6 19 3 0.00323497
2 6 20 0 0.00175325
2 6 20 1 0.00221665
2 6 20 2 0.00176608
2 6 20 3 0.00418519
2 6 21 0 0.00175325
2 6 21 1 0.0023057
2 6 21 2 0.00176595
2 6 21 3 0.0044909
2 6 22 0 0.00175409
2 6 22 1 0.00233415
2 6 22 2 0.00183811
2 6 22 3 0.00547563
2 6 23 0 0.00175409
2 6 23 1 0.0022144
2 6 23 2 0.00177373
2 6 23 3 0.00569119
2 6 24 0 0.00175409
2 6 24 1 0.00251378
2 6 24 2 0.0018083
2 6 24 3 0.00651636
2 6 25 0 0.00175409
2 6 25 1 0.00215395
2 6 25 2 0.00178849
2 6 25 3 0.00614722
2 6 26 0 0.00175409
2 6 26 1 0.00236931
2 6 26 2 0.00180532
2 6 26 3 0.00752591
2 6 27 0 0.00175409
2 6 27 1 0.00242111
2 6 27 2 0.00180291
2 6 27 3 0.00788048
2 6 28 0 0.00175409
2 6 28 1 0.00266639
2 6 28 2 0.00180663
2 6 28 3 0.00659378
2 6 29 0 0.00175409
2 6 29 1 0.00266501
2 6 29 2 0.00178556
2 6 29 3 0.00661775
2 6 30 0 0.00175409
2 6 30 1 0.00232323
2 6 30 2 0.0017688
2 6 30 3 0.0065
2 6 31 0 0.00175409
2 6 31 1 0.00250423
2 6 31 2 0.00177393
2 6 31 3 0.00650894
2 6 32 0 0.00175409
2 6 32 1 0.00210594
2 6 32 2 0.00175884
2 6 32 3 0.00613836
2 6 33 0 0.00175409
2 6 33 1 0.00219512
2 6 33 2 0.00177444
2 6 33 3 0.00626557
2 6 34 0 0.00175409
2 6 34 1 0.00217756
2 6 34 2 0.00176526
2 6 34 3 0.00560439
2 6 35 0 0.00175325
2 6 35 1 0.00248187
2 6 35 2 0.00176774
2 6 35 3 0.005353
2 6 36 0 0.00175325
2 6 36 1 0.002325
2 6 36 2 0.00176221
2 6 36 3 0.00503437
2 6 37 0 0.00175409
2 6 37 1 0.00218735
2 6 37 2 0.00176429
2 6 37 3 0.00585658
2 6 38 0 0.00175409
2 6 38 1 0.00214247
2 6 38 2 0.00175903
2 6 38 3 0.00538687
2 6 39 0 0.00175325
2 6 39 1 0.00221738
2 6 39 2 0.00177247
2 6 39 3 0.00533808
2 6 40 0 0.00175325
2 6 40 1 0.00221176
2 6 40 2 0.00178384
2 6 40 3 0.00509529
2 6 41 0 0.00175325
2 6 41 1 0.00211515
2 6 41 2 0.0017817
2 6 41 3 0.00511124
2 6 42 0 0.00175325
2 6 42 1 0.00205052
2 6 42 2 0.00176392
2 6 42 3 0.00469337
2 6 43 0 0.00175325
2 6 43 1 0.00213632
2 6 43 2 0.00176042
2 6 43 3 0.00484325
2 6 44 0 0.00175325
2 6 44 1 0.00215805
2 6 44 2 0.00176398
2 6 44 3 0.0041944
2 6 45 0 0.00175325
2 6 45 1 0.0021383
2 6 45 2 0.0017654
2 6 45 3 0.00484862
2 6 46 0 0.00175325
2 6 46 1 0.00197997
2 6 46 2 0.00175277
2 6 46 3 0.00478432
2 6 47 0 0.00175325
2 6 47 1 0.00205876
2 6 47 2 0.00176969
2 6 47 3 0.00417618
