0 0 0 0 0.000478764
0 0 0 1 0.000148059
0 0 0 2 0.000166922
0 0 0 3 0.00587067
0 0 1 0 0.000478764
0 0 1 1 0.00089658
0 0 1 2 0.000164455
0 0 1 3 0.0051804
0 0 2 0 0.000479085
0 0 2 1 0.00518447
0 0 2 2 0.000167077
0 0 2 3 0.00481252
0 0 3 0 0.000478764
0 0 3 1 0.000132367
0 0 3 2 0.000171458
0 0 3 3 0.00559507
0 0 4 0 0.000478764
0 0 4 1 0.00509944
0 0 4 2 0.000164024
0 0 4 3 0.00364043
0 0 5 0 0.000478764
0 0 5 1 0.00104572
0 0 5 2 0.000164437
0 0 5 3 0.00407239
0 0 6 0 0.000478764
0 0 6 1 0.00300234
0 0 6 2 0.000172919
0 0 6 3 0.00421019
0 0 7 0 0.000478745
0 0 7 1 0.00349068
0 0 7 2 0.000162476
0 0 7 3 0.00248944
0 0 8 0 0.000478745
0 0 8 1 0.00095457
0 0 8 2 0.000174086
0 0 8 3 0.00326349
0 0 9 0 0.000478745
0 0 9 1 0.00103225
0 0 9 2 0.000139113
0 0 9 3 0.00273244
0 0 10 0 0.000478745
0 0 10 1 0.00127484
0 0 10 2 0.000151505
0 0 10 3 0.00200621
0 0 11 0 0.000478745
0 0 11 1 0.00370075
0 0 11 2 0.000148429
0 0 11 3 0.0015073
0 0 12 0 0.000478745
0 0 12 1 0.00316346
0 0 12 2 0.000147353
0 0 12 3 0.0017563
0 0 13 0 0.000478745
0 0 13 1 0.00189919
0 0 13 2 0.000139475
0 0 13 3 0.00142987
0 0 14 0 0.000478745
0 0 14 1 0.000947481
0 0 14 2 0.00013846
0 0 14 3 0.0014393
0 0 15 0 0.000478745
0 0 15 1 0.00202625
0 0 15 2 0.00013846
0 0 15 3 0.00148697
0 0 16 0 0.000478745
0 0 16 1 0.0051785
0 0 16 2 0.000171763
0 0 16 3 0.00144974
0 0 17 0 0.000478745
0 0 17 1 0.00284581
0 0 17 2 0.000166535
0 0 17 3 0.0028606
0 0 18 0 0.000478764
0 0 18 1 0.00345588
0 0 18 2 0.000170929
0 0 18 3 0.00373538
0 0 19 0 0.000478764
0 0 19 1 0.00657034
0 0 19 2 0.000166368
0 0 19 3 0.00396807
0 0 20 0 0.000481078
0 0 20 1 0.00929894
0 0 20 2 0.000171656
0 0 20 3 0.00548436
0 0 21 0 0.00048826
0 0 21 1 0.00916682
0 0 21 2 0.000171535
0 0 21 3 0.00618235
0 0 22 0 0.000490582
0 0 22 1 0.00861732
0 0 22 2 0.000170156
0 0 22 3 0.006453
0 0 23 0 0.000498967
0 0 23 1 0.0102976
0 0 23 2 0.000172551
0 0 23 3 0.00783808
0 0 24 0 0.000506086
0 0 24 1 0.00971452
0 0 24 2 0.000169852
0 0 24 3 0.00869273
0 0 25 0 0.000506074
0 0 25 1 0.0105902
0 0 25 2 0.000178904
0 0 25 3 0.00936287
0 0 26 0 0.000504893
0 0 26 1 0.0133938
0 0 26 2 0.000178946
0 0 26 3 0.00916698
0 0 27 0 0.000510989
0 0 27 1 0.00766924
0 0 27 2 0.000169145
0 0 27 3 0.00997842
0 0 28 0 0.000510789
0 0 28 1 0.0125861
0 0 28 2 0.00017957
0 0 28 3 0.00902766
0 0 29 0 0.00049679
0 0 29 1 0.00904693
0 0 29 2 0.000169864
0 0 29 3 0.00765876
0 0 30 0 0.00049928
0 0 30 1 0.00962615
0 0 30 2 0.000171735
0 0 30 3 0.00798029
0 0 31 0 0.000501367
0 0 31 1 0.00957482
0 0 31 2 0.000175153
0 0 31 3 0.00802407
0 0 32 0 0.000499049
0 0 32 1 0.0089217
0 0 32 2 0.000174084
0 0 32 3 0.00821092
0 0 33 0 0.000498746
0 0 33 1 0.0056054
0 0 33 2 0.000177087
0 0 33 3 0.00823262
0 0 34 0 0.000495224
0 0 34 1 0.0106905
0 0 34 2 0.00017112
0 0 34 3 0.00754119
0 0 35 0 0.000493944
0 0 35 1 0.00991806
0 0 35 2 0.000167453
0 0 35 3 0.00684932
0 0 36 0 0.000492184
0 0 36 1 0.00880076
0 0 36 2 0.000166092
0 0 36 3 0.00695029
0 0 37 0 0.000484857
0 0 37 1 0.0082362
0 0 37 2 0.000161954
0 0 37 3 0.00575055
0 0 38 0 0.000482892
0 0 38 1 0.00739004
0 0 38 2 0.000174078
0 0 38 3 0.00602884
0 0 39 0 0.000479055
0 0 39 1 0.00517385
0 0 39 2 0.000168436
0 0 39 3 0.00609558
0 0 40 0 0.000479531
0 0 40 1 0.00581919
0 0 40 2 0.000171013
0 0 40 3 0.00561784
0 0 41 0 0.000483877
0 0 41 1 0.00571241
0 0 41 2 0.000168626
0 0 41 3 0.00590626
0 0 42 0 0.000483235
0 0 42 1 0.0020352
0 0 42 2 0.000163971
0 0 42 3 0.00632157
0 0 43 0 0.000478772
0 0 43 1 0.00881997
0 0 43 2 0.000171601
0 0 43 3 0.00500287
0 0 44 0 0.000486108
0 0 44 1 0.00571748
0 0 44 2 0.000167085
0 0 44 3 0.00636458
0 0 45 0 0.00048634
0 0 45 1 0.00312856
0 0 45 2 0.000165535
0 0 45 3 0.00658468
0 0 46 0 0.000478764
0 0 46 1 0.00194915
0 0 46 2 0.000164677
0 0 46 3 0.00515634
0 0 47 0 0.000478764
0 0 47 1 0.00362465
0 0 47 2 0.000171771
0 0 47 3 0.0053034
0 1 0 0 0.000478764
0 1 0 1 0.00440231
0 1 0 2 0.000191188
0 1 0 3 0.00440257
0 1 1 0 0.000478764
0 1 1 1 0.00362749
0 1 1 2 0.000164514
0 1 1 3 0.00490525
0 1 2 0 0.000478764
0 1 2 1 0.00382877
0 1 2 2 0.000170599
0 1 2 3 0.00347674
0 1 3 0 0.000478764
0 1 3 1 0.00247922
0 1 3 2 0.000172992
0 1 3 3 0.0038667
0 1 4 0 0.000478745
0 1 4 1 0.00149467
0 1 4 2 0.000167493
0 1 4 3 0.00305662
0 1 5 0 0.000478745
0 1 5 1 0.000904211
0 1 5 2 0.000174965
0 1 5 3 0.00350626
0 1 6 0 0.000478745
0 1 6 1 0.00358555
0 1 6 2 0.000138712
0 1 6 3 0.0017029
0 1 7 0 0.000478745
0 1 7 1 0.00295916
0 1 7 2 0.000152437
0 1 7 3 0.00166879
0 1 8 0 0.000478745
0 1 8 1 0.00285109
0 1 8 2 0.000185708
0 1 8 3 0.00145637
0 1 9 0 0.000478745
0 1 9 1 0.00212833
0 1 9 2 0.000145649
0 1 9 3 0.00143108
0 1 10 0 0.000478745
0 1 10 1 0.00108095
0 1 10 2 0.00013846
0 1 10 3 0.00143547
0 1 11 0 0.000478745
0 1 11 1 0.00168101
0 1 11 2 0.000140718
0 1 11 3 0.00142354
0 1 12 0 0.000478745
0 1 12 1 0.000891531
0 1 12 2 0.00013846
0 1 12 3 0.00142845
0 1 13 0 0.000478745
0 1 13 1 0.00204489
0 1 13 2 0.00013846
0 1 13 3 0.00104045
0 1 14 0 0.000478745
0 1 14 1 0.0010955
0 1 14 2 0.000144559
0 1 14 3 0.00143494
0 1 15 0 0.000478745
0 1 15 1 0.000609212
0 1 15 2 0.000150622
0 1 15 3 0.0014011
0 1 16 0 0.000478745
0 1 16 1 0.00246538
0 1 16 2 0.000202797
0 1 16 3 0.00146233
0 1 17 0 0.000478745
0 1 17 1 0.00535433
0 1 17 2 0.000149435
0 1 17 3 0.00145539
0 1 18 0 0.000478745
0 1 18 1 0.00476449
0 1 18 2 0.000161871
0 1 18 3 0.00263712
0 1 19 0 0.000478764
0 1 19 1 0.00588942
0 1 19 2 0.000166633
0 1 19 3 0.00444945
0 1 20 0 0.000483697
0 1 20 1 0.00994597
0 1 20 2 0.000180298
0 1 20 3 0.00458131
0 1 21 0 0.000484175
0 1 21 1 0.00746015
0 1 21 2 0.00016827
0 1 21 3 0.00577204
0 1 22 0 0.000488773
0 1 22 1 0.00913416
0 1 22 2 0.000168067
0 1 22 3 0.00612514
0 1 23 0 0.000507186
0 1 23 1 0.00657054
0 1 23 2 0.000176477
0 1 23 3 0.00993591
0 1 24 0 0.000503393
0 1 24 1 0.0123781
0 1 24 2 0.000173568
0 1 24 3 0.00811752
0 1 25 0 0.000515312
0 1 25 1 0.00564913
0 1 25 2 0.000174991
0 1 25 3 0.0107502
0 1 26 0 0.000511775
0 1 26 1 0.00993424
0 1 26 2 0.000178679
0 1 26 3 0.0105784
0 1 27 0 0.000512046
0 1 27 1 0.00987051
0 1 27 2 0.000170104
0 1 27 3 0.0106476
0 1 28 0 0.000505832
0 1 28 1 0.008795
0 1 28 2 0.000172749
0 1 28 3 0.00999238
0 1 29 0 0.000508312
0 1 29 1 0.00746881
0 1 29 2 0.000181637
0 1 29 3 0.0103779
0 1 30 0 0.000501437
0 1 30 1 0.00759439
0 1 30 2 0.000178311
0 1 30 3 0.00943574
0 1 31 0 0.000503612
0 1 31 1 0.0103124
0 1 31 2 0.000168802
0 1 31 3 0.0090664
0 1 32 0 0.000500339
0 1 32 1 0.00983172
0 1 32 2 0.000172942
0 1 32 3 0.00774236
0 1 33 0 0.000495879
0 1 33 1 0.00803281
0 1 33 2 0.000171461
0 1 33 3 0.0084005
0 1 34 0 0.00049012
0 1 34 1 0.00790374
0 1 34 2 0.000166119
0 1 34 3 0.00714131
0 1 35 0 0.000488087
0 1 35 1 0.00864916
0 1 35 2 0.000166634
0 1 35 3 0.00677001
0 1 36 0 0.00048844
0 1 36 1 0.00738152
0 1 36 2 0.000165711
0 1 36 3 0.00616073
0 1 37 0 0.000489525
0 1 37 1 0.012865
0 1 37 2 0.000164694
0 1 37 3 0.00552547
0 1 38 0 0.000490868
0 1 38 1 0.00982915
0 1 38 2 0.000167524
0 1 38 3 0.00640985
0 1 39 0 0.000487579
0 1 39 1 0.00327763
0 1 39 2 0.000169339
0 1 39 3 0.00742734
0 1 40 0 0.000488659
0 1 40 1 0.00684672
0 1 40 2 0.000171634
0 1 40 3 0.00655815
0 1 41 0 0.00048323
0 1 41 1 0.00797933
0 1 41 2 0.000167737
0 1 41 3 0.0064019
0 1 42 0 0.000488609
0 1 42 1 0.00661093
0 1 42 2 0.00096179
0 1 42 3 0.00632819
0 1 43 0 0.00048925
0 1 43 1 0.00825962
0 1 43 2 0.000176794
0 1 43 3 0.00582053
0 1 44 0 0.000478764
0 1 44 1 0.00575257
0 1 44 2 0.000165583
0 1 44 3 0.00549164
0 1 45 0 0.000478885
0 1 45 1 0.00325849
0 1 45 2 0.000168536
0 1 45 3 0.00560406
0 1 46 0 0.000478764
0 1 46 1 0.00599162
0 1 46 2 0.000158733
0 1 46 3 0.00433019
0 1 47 0 0.000478764
0 1 47 1 0.00522309
0 1 47 2 0.000166254
0 1 47 3 0.00426545
0 2 0 0 0.000478764
0 2 0 1 0.00177883
0 2 0 2 0.000169693
0 2 0 3 0.00403521
0 2 1 0 0.000478764
0 2 1 1 0.00336723
0 2 1 2 0.000168055
0 2 1 3 0.00390687
0 2 2 0 0.000478745
0 2 2 1 0.00269597
0 2 2 2 0.000160536
0 2 2 3 0.00302103
0 2 3 0 0.000478745
0 2 3 1 0.00270177
0 2 3 2 0.000162024
0 2 3 3 0.003338
0 2 4 0 0.000478745
0 2 4 1 0.00204945
0 2 4 2 0.00015948
0 2 4 3 0.00291588
0 2 5 0 0.000478745
0 2 5 1 0.00172132
0 2 5 2 0.000162426
0 2 5 3 0.00217372
0 2 6 0 0.000478745
0 2 6 1 0.00128733
0 2 6 2 0.00013846
0 2 6 3 0.00211148
0 2 7 0 0.000478745
0 2 7 1 0.000629391
0 2 7 2 0.000162555
0 2 7 3 0.00142899
0 2 8 0 0.000478745
0 2 8 1 0.00122247
0 2 8 2 0.00013846
0 2 8 3 0.00144798
0 2 9 0 0.000478745
0 2 9 1 0.001404
0 2 9 2 0.00013846
0 2 9 3 0.0014138
0 2 10 0 0.000478745
0 2 10 1 0.00145589
0 2 10 2 0.00014441
0 2 10 3 0.00112993
0 2 11 0 0.000478745
0 2 11 1 0.000316458
0 2 11 2 0.00013846
0 2 11 3 0.00142054
0 2 12 0 0.000478745
0 2 12 1 0.00181792
0 2 12 2 0.00013846
0 2 12 3 0.00124224
0 2 13 0 0.000478745
0 2 13 1 0.00107021
0 2 13 2 0.00013846
0 2 13 3 0.00113509
0 2 14 0 0.000478745
0 2 14 1 0.00215323
0 2 14 2 0.00013846
0 2 14 3 0.000696132
0 2 15 0 0.000478745
0 2 15 1 0.00088124
0 2 15 2 0.00013846
0 2 15 3 0.00138232
0 2 16 0 0.000478745
0 2 16 1 0.00265183
0 2 16 2 0.000142246
0 2 16 3 0.00143998
0 2 17 0 0.000478745
0 2 17 1 0.00324217
0 2 17 2 0.00015754
0 2 17 3 0.00179159
0 2 18 0 0.000478745
0 2 18 1 0.00604875
0 2 18 2 0.000160135
0 2 18 3 0.00222789
0 2 19 0 0.000478764
0 2 19 1 0.00732097
0 2 19 2 0.000168801
0 2 19 3 0.00321725
0 2 20 0 0.000478764
0 2 20 1 0.00586925
0 2 20 2 0.000165375
0 2 20 3 0.00467725
0 2 21 0 0.000480148
0 2 21 1 0.00691545
0 2 21 2 0.000183627
0 2 21 3 0.0056539
0 2 22 0 0.000485
0 2 22 1 0.00872576
0 2 22 2 0.000173739
0 2 22 3 0.00599695
0 2 23 0 0.000496923
0 2 23 1 0.00782167
0 2 23 2 0.0001696
0 2 23 3 0.00816135
0 2 24 0 0.000497249
0 2 24 1 0.00595603
0 2 24 2 0.000173205
0 2 24 3 0.00854846
0 2 25 0 0.000507335
0 2 25 1 0.00875433
0 2 25 2 0.000178846
0 2 25 3 0.00969563
0 2 26 0 0.000504937
0 2 26 1 0.0100927
0 2 26 2 0.000175597
0 2 26 3 0.00859153
0 2 27 0 0.000506201
0 2 27 1 0.00638141
0 2 27 2 0.000174613
0 2 27 3 0.0102593
0 2 28 0 0.000506121
0 2 28 1 0.00885164
0 2 28 2 0.000164111
0 2 28 3 0.00919408
0 2 29 0 0.000504557
0 2 29 1 0.0112334
0 2 29 2 0.000179349
0 2 29 3 0.00884684
0 2 30 0 0.000503109
0 2 30 1 0.0102545
0 2 30 2 0.000167102
0 2 30 3 0.00902243
0 2 31 0 0.000497397
0 2 31 1 0.00613814
0 2 31 2 0.000177956
0 2 31 3 0.00828105
0 2 32 0 0.000501744
0 2 32 1 0.00976739
0 2 32 2 0.000169892
0 2 32 3 0.00852643
0 2 33 0 0.000490952
0 2 33 1 0.00942317
0 2 33 2 0.000184208
0 2 33 3 0.00753262
0 2 34 0 0.000492412
0 2 34 1 0.0057335
0 2 34 2 0.000169722
0 2 34 3 0.00779697
0 2 35 0 0.000485491
0 2 35 1 0.00924572
0 2 35 2 0.000171485
0 2 35 3 0.00595561
0 2 36 0 0.000483583
0 2 36 1 0.00701914
0 2 36 2 0.000174215
0 2 36 3 0.0062275
0 2 37 0 0.000482199
0 2 37 1 0.00676076
0 2 37 2 0.00017119
0 2 37 3 0.00579188
0 2 38 0 0.000481114
0 2 38 1 0.00666541
0 2 38 2 0.00017162
0 2 38 3 0.00576946
0 2 39 0 0.000484448
0 2 39 1 0.00675785
0 2 39 2 0.000173083
0 2 39 3 0.00640538
0 2 40 0 0.000478764
0 2 40 1 0.00563265
0 2 40 2 0.000165202
0 2 40 3 0.00532952
0 2 41 0 0.000483712
0 2 41 1 0.00579107
0 2 41 2 0.000169113
0 2 41 3 0.00622377
0 2 42 0 0.000486766
0 2 42 1 0.00483133
0 2 42 2 0.000174476
0 2 42 3 0.00607843
0 2 43 0 0.000479639
0 2 43 1 0.00737271
0 2 43 2 0.000176352
0 2 43 3 0.00481662
0 2 44 0 0.000480033
0 2 44 1 0.00375688
0 2 44 2 0.000166648
0 2 44 3 0.00578709
0 2 45 0 0.000478764
0 2 45 1 0.00490197
0 2 45 2 0.000169246
0 2 45 3 0.00507035
0 2 46 0 0.000478764
0 2 46 1 0.00374906
0 2 46 2 0.000173201
0 2 46 3 0.00506919
0 2 47 0 0.000478764
0 2 47 1 0.00435221
0 2 47 2 0.000167489
0 2 47 3 0.00382842
0 3 0 0 0.000478764
0 3 0 1 0.00268439
0 3 0 2 0.00100068
0 3 0 3 0.00411546
0 3 1 0 0.000478764
0 3 1 1 0.00538201
0 3 1 2 0.000164876
0 3 1 3 0.00317571
0 3 2 0 0.000478745
0 3 2 1 0.00346213
0 3 2 2 0.00016563
0 3 2 3 0.00328454
0 3 3 0 0.000478745
0 3 3 1 0.00564031
0 3 3 2 0.000161736
0 3 3 3 0.0026886
0 3 4 0 0.000478745
0 3 4 1 0.00437243
0 3 4 2 0.000166701
0 3 4 3 0.00176342
0 3 5 0 0.000478745
0 3 5 1 0.00104961
0 3 5 2 0.000164709
0 3 5 3 0.00266496
0 3 6 0 0.000478745
0 3 6 1 0.00240149
0 3 6 2 0.000165081
0 3 6 3 0.00217227
0 3 7 0 0.000478745
0 3 7 1 0.00187476
0 3 7 2 0.00013846
0 3 7 3 0.00155618
0 3 8 0 0.000478745
0 3 8 1 0.00383037
0 3 8 2 0.00013846
0 3 8 3 0.00142987
0 3 9 0 0.000478745
0 3 9 1 0.000780484
0 3 9 2 0.00013846
0 3 9 3 0.00141899
0 3 10 0 0.000478745
0 3 10 1 0.0017841
0 3 10 2 0.00013846
0 3 10 3 0.00143482
0 3 11 0 0.000478745
0 3 11 1 0.000615094
0 3 11 2 0.00013846
0 3 11 3 0.00141494
0 3 12 0 0.000478745
0 3 12 1 0.000554606
0 3 12 2 0.000140907
0 3 12 3 0.00141991
0 3 13 0 0.000478745
0 3 13 1 0.000709364
0 3 13 2 0.000152889
0 3 13 3 0.00142722
0 3 14 0 0.000478745
0 3 14 1 0.0011423
0 3 14 2 0.00013846
0 3 14 3 0.00142557
0 3 15 0 0.000478745
0 3 15 1 0.00121352
0 3 15 2 0.00013846
0 3 15 3 0.0014154
0 3 16 0 0.000478745
0 3 16 1 0.000502127
0 3 16 2 0.00013846
0 3 16 3 0.00190397
0 3 17 0 0.000478745
0 3 17 1 0.00198972
0 3 17 2 0.000163292
0 3 17 3 0.00194268
0 3 18 0 0.000478764
0 3 18 1 0.00396388
0 3 18 2 0.000168532
0 3 18 3 0.00310412
0 3 19 0 0.000478764
0 3 19 1 0.00404849
0 3 19 2 0.000176943
0 3 19 3 0.00462647
0 3 20 0 0.000478764
0 3 20 1 0.00780659
0 3 20 2 0.000178664
0 3 20 3 0.0048999
0 3 21 0 0.00048753
0 3 21 1 0.00773937
0 3 21 2 0.000166118
0 3 21 3 0.00639827
0 3 22 0 0.000499597
0 3 22 1 0.00467057
0 3 22 2 0.000174701
0 3 22 3 0.00857617
0 3 23 0 0.000498948
0 3 23 1 0.00532707
0 3 23 2 0.000176475
0 3 23 3 0.00832154
0 3 24 0 0.000499755
0 3 24 1 0.013202
0 3 24 2 0.000173945
0 3 24 3 0.00812242
0 3 25 0 0.000507569
0 3 25 1 0.0120369
0 3 25 2 0.000175062
0 3 25 3 0.00948268
0 3 26 0 0.000516014
0 3 26 1 0.011185
0 3 26 2 0.00017914
0 3 26 3 0.0104438
0 3 27 0 0.000503483
0 3 27 1 0.00898049
0 3 27 2 0.000177229
0 3 27 3 0.00979892
0 3 28 0 0.000511456
0 3 28 1 0.0113342
0 3 28 2 0.000176149
0 3 28 3 0.00971104
0 3 29 0 0.000507864
0 3 29 1 0.0121586
0 3 29 2 0.000379249
0 3 29 3 0.00984624
0 3 30 0 0.0005041
0 3 30 1 0.0107072
0 3 30 2 0.000171315
0 3 30 3 0.00900839
0 3 31 0 0.000507118
0 3 31 1 0.0115628
0 3 31 2 0.00018727
0 3 31 3 0.00885937
0 3 32 0 0.00050048
0 3 32 1 0.0106489
0 3 32 2 0.000170005
0 3 32 3 0.00816649
0 3 33 0 0.000494943
0 3 33 1 0.0117266
0 3 33 2 0.000171505
0 3 33 3 0.0074224
0 3 34 0 0.000487782
0 3 34 1 0.00816867
0 3 34 2 0.000177581
0 3 34 3 0.00672128
0 3 35 0 0.00049139
0 3 35 1 0.00876171
0 3 35 2 0.000165838
0 3 35 3 0.00620758
0 3 36 0 0.000491114
0 3 36 1 0.00924675
0 3 36 2 0.00016699
0 3 36 3 0.00747962
0 3 37 0 0.000487458
0 3 37 1 0.0118644
0 3 37 2 0.000169691
0 3 37 3 0.0060515
0 3 38 0 0.000491657
0 3 38 1 0.00707467
0 3 38 2 0.000172942
0 3 38 3 0.0071977
0 3 39 0 0.000490685
0 3 39 1 0.00599692
0 3 39 2 0.000171042
0 3 39 3 0.00683962
0 3 40 0 0.000487647
0 3 40 1 0.00658482
0 3 40 2 0.000165744
0 3 40 3 0.0062593
0 3 41 0 0.000488337
0 3 41 1 0.00863787
0 3 41 2 0.000181805
0 3 41 3 0.00575648
0 3 42 0 0.000482473
0 3 42 1 0.00952552
0 3 42 2 0.000167041
0 3 42 3 0.00572667
0 3 43 0 0.000478764
0 3 43 1 0.00479036
0 3 43 2 0.000172079
0 3 43 3 0.00585844
0 3 44 0 0.00048191
0 3 44 1 0.00486628
0 3 44 2 0.000175227
0 3 44 3 0.00603735
0 3 45 0 0.000483843
0 3 45 1 0.00395574
0 3 45 2 0.000169665
0 3 45 3 0.00613263
0 3 46 0 0.000478764
0 3 46 1 0.00547856
0 3 46 2 0.000163742
0 3 46 3 0.00485252
0 3 47 0 0.000478764
0 3 47 1 0.00466332
0 3 47 2 0.000202103
0 3 47 3 0.00496162
0 4 0 0 0.000478764
0 4 0 1 0.00564785
0 4 0 2 0.000162323
0 4 0 3 0.00330314
0 4 1 0 0.000478764
0 4 1 1 0.00478125
0 4 1 2 0.000159363
0 4 1 3 0.00401051
0 4 2 0 0.000478764
0 4 2 1 0.00288565
0 4 2 2 0.000157744
0 4 2 3 0.00421532
0 4 3 0 0.000478745
0 4 3 1 0.00142156
0 4 3 2 0.000166514
0 4 3 3 0.00327407
0 4 4 0 0.000478745
0 4 4 1 0.00192787
0 4 4 2 0.000161427
0 4 4 3 0.00289177
0 4 5 0 0.000478745
0 4 5 1 0.00655057
0 4 5 2 0.000157527
0 4 5 3 0.00163632
0 4 6 0 0.000478745
0 4 6 1 0.000880175
0 4 6 2 0.000139342
0 4 6 3 0.00219708
0 4 7 0 0.000478745
0 4 7 1 0.0013005
0 4 7 2 0.000155399
0 4 7 3 0.00204507
0 4 8 0 0.000478745
0 4 8 1 0.00183858
0 4 8 2 0.000144634
0 4 8 3 0.00235824
0 4 9 0 0.000478745
0 4 9 1 0.00286495
0 4 9 2 0.00013846
0 4 9 3 0.00165018
0 4 10 0 0.000478745
0 4 10 1 0.00263846
0 4 10 2 0.00013846
0 4 10 3 0.00144484
0 4 11 0 0.000478745
0 4 11 1 0.00246403
0 4 11 2 0.00013846
0 4 11 3 0.00143966
0 4 12 0 0.000478745
0 4 12 1 0.001077
0 4 12 2 0.00015291
0 4 12 3 0.00141928
0 4 13 0 0.000478745
0 4 13 1 0.00088067
0 4 13 2 0.000142054
0 4 13 3 0.00144044
0 4 14 0 0.000478745
0 4 14 1 0.00168683
0 4 14 2 0.00013846
0 4 14 3 0.00111738
0 4 15 0 0.000478745
0 4 15 1 0.00102328
0 4 15 2 0.000148075
0 4 15 3 0.00120442
0 4 16 0 0.000478745
0 4 16 1 0.00499523
0 4 16 2 0.000158842
0 4 16 3 0.00143632
0 4 17 0 0.000478745
0 4 17 1 0.00273865
0 4 17 2 0.000150781
0 4 17 3 0.00234238
0 4 18 0 0.000478745
0 4 18 1 0.00491523
0 4 18 2 0.000161807
0 4 18 3 0.00279356
0 4 19 0 0.000478764
0 4 19 1 0.00544324
0 4 19 2 0.000163728
0 4 19 3 0.00395784
0 4 20 0 0.000478764
0 4 20 1 0.00682964
0 4 20 2 0.000168974
0 4 20 3 0.00461176
0 4 21 0 0.000485038
0 4 21 1 0.0079438
0 4 21 2 0.000169798
0 4 21 3 0.00593331
0 4 22 0 0.000488199
0 4 22 1 0.00954168
0 4 22 2 0.000173091
0 4 22 3 0.00681081
0 4 23 0 0.000494459
0 4 23 1 0.00750279
0 4 23 2 0.000171226
0 4 23 3 0.00769057
0 4 24 0 0.000495318
0 4 24 1 0.00990994
0 4 24 2 0.0001716
0 4 24 3 0.00742712
0 4 25 0 0.000501517
0 4 25 1 0.0100103
0 4 25 2 0.000173213
0 4 25 3 0.00817589
0 4 26 0 0.000499561
0 4 26 1 0.00933049
0 4 26 2 0.00017054
0 4 26 3 0.00751327
0 4 27 0 0.000508229
0 4 27 1 0.0100749
0 4 27 2 0.000172301
0 4 27 3 0.0093282
0 4 28 0 0.000503516
0 4 28 1 0.00652355
0 4 28 2 0.00017596
0 4 28 3 0.00920666
0 4 29 0 0.00049549
0 4 29 1 0.0144147
0 4 29 2 0.00018003
0 4 29 3 0.006902
0 4 30 0 0.000504802
0 4 30 1 0.00811088
0 4 30 2 0.000169382
0 4 30 3 0.00860018
0 4 31 0 0.000500417
0 4 31 1 0.0106302
0 4 31 2 0.000171663
0 4 31 3 0.00785116
0 4 32 0 0.000491994
0 4 32 1 0.011618
0 4 32 2 0.000168765
0 4 32 3 0.00674372
0 4 33 0 0.000494123
0 4 33 1 0.00798752
0 4 33 2 0.000178005
0 4 33 3 0.00762546
0 4 34 0 0.000483643
0 4 34 1 0.00775088
0 4 34 2 0.000168305
0 4 34 3 0.00606507
0 4 35 0 0.000488565
0 4 35 1 0.00750891
0 4 35 2 0.000169221
0 4 35 3 0.00686357
0 4 36 0 0.000486657
0 4 36 1 0.0058332
0 4 36 2 0.000168647
0 4 36 3 0.00652339
0 4 37 0 0.000485079
0 4 37 1 0.00396897
0 4 37 2 0.000170291
0 4 37 3 0.00659356
0 4 38 0 0.000485874
0 4 38 1 0.00924053
0 4 38 2 0.000170705
0 4 38 3 0.00525714
0 4 39 0 0.000486448
0 4 39 1 0.00719387
0 4 39 2 0.000167412
0 4 39 3 0.00621067
0 4 40 0 0.000480251
0 4 40 1 0.00424821
0 4 40 2 0.000176323
0 4 40 3 0.00561755
0 4 41 0 0.000488191
0 4 41 1 0.00649455
0 4 41 2 0.000173589
0 4 41 3 0.00578683
0 4 42 0 0.000479065
0 4 42 1 0.00533026
0 4 42 2 0.000168832
0 4 42 3 0.00575057
0 4 43 0 0.000487695
0 4 43 1 0.00625369
0 4 43 2 0.000164006
0 4 43 3 0.00604354
0 4 44 0 0.000478764
0 4 44 1 0.0026688
0 4 44 2 0.000169467
0 4 44 3 0.00522536
0 4 45 0 0.000478764
0 4 45 1 0.00466952
0 4 45 2 0.000169691
0 4 45 3 0.00527663
0 4 46 0 0.000478764
0 4 46 1 0.00503571
0 4 46 2 0.000164398
0 4 46 3 0.00449785
0 4 47 0 0.00047966
0 4 47 1 0.00690258
0 4 47 2 0.000175329
0 4 47 3 0.00444268
0 5 0 0 0.000478764
0 5 0 1 0.00247502
0 5 0 2 0.000170437
0 5 0 3 0.00449667
0 5 1 0 0.000478764
0 5 1 1 0.00218979
0 5 1 2 0.000172351
0 5 1 3 0.00504867
0 5 2 0 0.000478764
0 5 2 1 0.0038612
0 5 2 2 0.000157715
0 5 2 3 0.00336617
0 5 3 0 0.000478764
0 5 3 1 0.0026928
0 5 3 2 0.000174544
0 5 3 3 0.00387122
0 5 4 0 0.000478745
0 5 4 1 0.00379965
0 5 4 2 0.000175856
0 5 4 3 0.00278575
0 5 5 0 0.000478764
0 5 5 1 0.00419357
0 5 5 2 0.000160285
0 5 5 3 0.00299978
0 5 6 0 0.000478745
0 5 6 1 0.00395461
0 5 6 2 0.000163121
0 5 6 3 0.00250465
0 5 7 0 0.000478745
0 5 7 1 0.00600492
0 5 7 2 0.000160382
0 5 7 3 0.00208895
0 5 8 0 0.000478745
0 5 8 1 0.0020799
0 5 8 2 0.000170176
0 5 8 3 0.0025445
0 5 9 0 0.000478745
0 5 9 1 0.00372082
0 5 9 2 0.000155494
0 5 9 3 0.00227187
0 5 10 0 0.000478745
0 5 10 1 0.00358681
0 5 10 2 0.00013846
0 5 10 3 0.00143184
0 5 11 0 0.000478745
0 5 11 1 0.00282697
0 5 11 2 0.00013846
0 5 11 3 0.00142961
0 5 12 0 0.000478745
0 5 12 1 0.00407272
0 5 12 2 0.00013846
0 5 12 3 0.00164057
0 5 13 0 0.000478745
0 5 13 1 0.00287338
0 5 13 2 0.000160457
0 5 13 3 0.00199896
0 5 14 0 0.000478745
0 5 14 1 0.00446162
0 5 14 2 0.000165283
0 5 14 3 0.00167695
0 5 15 0 0.000478745
0 5 15 1 0.00405562
0 5 15 2 0.00014005
0 5 15 3 0.00143561
0 5 16 0 0.000478745
0 5 16 1 0.00587223
0 5 16 2 0.000161442
0 5 16 3 0.0013051
0 5 17 0 0.000478745
0 5 17 1 0.0046745
0 5 17 2 0.000158097
0 5 17 3 0.00208958
0 5 18 0 0.000478745
0 5 18 1 0.00776557
0 5 18 2 0.000163858
0 5 18 3 0.00201075
0 5 19 0 0.000478764
0 5 19 1 0.00591574
0 5 19 2 0.000167984
0 5 19 3 0.00351366
0 5 20 0 0.000478764
0 5 20 1 0.00841966
0 5 20 2 0.000173153
0 5 20 3 0.00421284
0 5 21 0 0.000478764
0 5 21 1 0.00583128
0 5 21 2 0.000170476
0 5 21 3 0.0043522
0 5 22 0 0.000487338
0 5 22 1 0.00598519
0 5 22 2 0.000167353
0 5 22 3 0.00620512
0 5 23 0 0.000489926
0 5 23 1 0.00612296
0 5 23 2 0.000176229
0 5 23 3 0.00680057
0 5 24 0 0.000499268
0 5 24 1 0.00509654
0 5 24 2 0.000175526
0 5 24 3 0.00830298
0 5 25 0 0.000497864
0 5 25 1 0.00406354
0 5 25 2 0.000182899
0 5 25 3 0.00869805
0 5 26 0 0.000498216
0 5 26 1 0.00641844
0 5 26 2 0.000174858
0 5 26 3 0.00842483
0 5 27 0 0.000503705
0 5 27 1 0.00705386
0 5 27 2 0.000171275
0 5 27 3 0.00863675
0 5 28 0 0.000503998
0 5 28 1 0.00718225
0 5 28 2 0.000174395
0 5 28 3 0.00904364
0 5 29 0 0.000499058
0 5 29 1 0.0072638
0 5 29 2 0.000172048
0 5 29 3 0.00786288
0 5 30 0 0.000504539
0 5 30 1 0.00648407
0 5 30 2 0.000159044
0 5 30 3 0.00844882
0 5 31 0 0.000497239
0 5 31 1 0.00703585
0 5 31 2 0.0001733
0 5 31 3 0.00823176
0 5 32 0 0.000496635
0 5 32 1 0.00886248
0 5 32 2 0.000176571
0 5 32 3 0.00776176
0 5 33 0 0.000493597
0 5 33 1 0.00682194
0 5 33 2 0.000164639
0 5 33 3 0.00701962
0 5 34 0 0.000488516
0 5 34 1 0.00522688
0 5 34 2 0.000165377
0 5 34 3 0.00662966
0 5 35 0 0.000479765
0 5 35 1 0.00444999
0 5 35 2 0.000164816
0 5 35 3 0.00567511
0 5 36 0 0.000486194
0 5 36 1 0.00316862
0 5 36 2 0.000165282
0 5 36 3 0.00686689
0 5 37 0 0.000488045
0 5 37 1 0.00636615
0 5 37 2 0.000168805
0 5 37 3 0.00615913
0 5 38 0 0.00048876
0 5 38 1 0.00517894
0 5 38 2 0.000173626
0 5 38 3 0.00657897
0 5 39 0 0.000483456
0 5 39 1 0.00501548
0 5 39 2 0.000172508
0 5 39 3 0.00629537
0 5 40 0 0.000483143
0 5 40 1 0.0049952
0 5 40 2 0.000171546
0 5 40 3 0.00610704
0 5 41 0 0.000482394
0 5 41 1 0.00360461
0 5 41 2 0.00016865
0 5 41 3 0.00566757
0 5 42 0 0.000487232
0 5 42 1 0.00181739
0 5 42 2 0.000172646
0 5 42 3 0.00633231
0 5 43 0 0.000478764
0 5 43 1 0.00525255
0 5 43 2 0.000169395
0 5 43 3 0.00557386
0 5 44 0 0.000490504
0 5 44 1 0.00338869
0 5 44 2 0.00017048
0 5 44 3 0.00741305
0 5 45 0 0.000484086
0 5 45 1 0.0043254
0 5 45 2 0.000164592
0 5 45 3 0.00591899
0 5 46 0 0.000485431
0 5 46 1 0.00362473
0 5 46 2 0.000165989
0 5 46 3 0.00613165
0 5 47 0 0.000483799
0 5 47 1 0.00249515
0 5 47 2 0.000172814
0 5 47 3 0.00629138
0 6 0 0 0.000478764
0 6 0 1 0.00275954
0 6 0 2 0.000161992
0 6 0 3 0.0045797
0 6 1 0 0.000478764
0 6 1 1 0.00284295
0 6 1 2 0.000539855
0 6 1 3 0.00548033
0 6 2 0 0.000478764
0 6 2 1 0.00465991
0 6 2 2 0.000170199
0 6 2 3 0.00405156
0 6 3 0 0.000478764
0 6 3 1 0.0017045
0 6 3 2 0.000169325
0 6 3 3 0.00485809
0 6 4 0 0.000478764
0 6 4 1 0.00333419
0 6 4 2 0.000170876
0 6 4 3 0.00357756
0 6 5 0 0.000478764
0 6 5 1 0.00145587
0 6 5 2 0.000162859
0 6 5 3 0.00449558
0 6 6 0 0.000478745
0 6 6 1 0.00348305
0 6 6 2 0.000173556
0 6 6 3 0.00322323
0 6 7 0 0.000478764
0 6 7 1 0.00463843
0 6 7 2 0.000169596
0 6 7 3 0.0033045
0 6 8 0 0.000478745
0 6 8 1 0.00553232
0 6 8 2 0.000159774
0 6 8 3 0.00213111
0 6 9 0 0.000478745
0 6 9 1 0.00320355
0 6 9 2 0.000162925
0 6 9 3 0.00238393
0 6 10 0 0.000478745
0 6 10 1 0.0058595
0 6 10 2 0.000157728
0 6 10 3 0.00204191
0 6 11 0 0.000478745
0 6 11 1 0.00454758
0 6 11 2 0.000158962
0 6 11 3 0.00252037
0 6 12 0 0.000478745
0 6 12 1 0.00386611
0 6 12 2 0.000151647
0 6 12 3 0.0019526
0 6 13 0 0.000478745
0 6 13 1 0.00296666
0 6 13 2 0.000158376
0 6 13 3 0.00241227
0 6 14 0 0.000478745
0 6 14 1 0.00656636
0 6 14 2 0.000158894
0 6 14 3 0.00144132
0 6 15 0 0.000478745
0 6 15 1 0.00478991
0 6 15 2 0.000165704
0 6 15 3 0.00202148
0 6 16 0 0.000478745
0 6 16 1 0.0061806
0 6 16 2 0.000161293
0 6 16 3 0.00158114
0 6 17 0 0.000478745
0 6 17 1 0.00443351
0 6 17 2 0.000161513
0 6 17 3 0.00268465
0 6 18 0 0.000478764
0 6 18 1 0.00436107
0 6 18 2 0.000160082
0 6 18 3 0.00322939
0 6 19 0 0.000478764
0 6 19 1 0.00323376
0 6 19 2 0.000168112
0 6 19 3 0.00414729
0 6 20 0 0.000478764
0 6 20 1 0.00575557
0 6 20 2 0.000169746
0 6 20 3 0.00490287
0 6 21 0 0.000478764
0 6 21 1 0.00721409
0 6 21 2 0.000166586
0 6 21 3 0.00430373
0 6 22 0 0.000479612
0 6 22 1 0.00816957
0 6 22 2 0.000176376
0 6 22 3 0.00488381
0 6 23 0 0.000489827
0 6 23 1 0.00814886
0 6 23 2 0.000169335
0 6 23 3 0.00610843
0 6 24 0 0.000494892
0 6 24 1 0.0045135
0 6 24 2 0.000177657
0 6 24 3 0.00784534
0 6 25 0 0.000498902
0 6 25 1 0.00326145
0 6 25 2 0.000171081
0 6 25 3 0.00886739
0 6 26 0 0.000499544
0 6 26 1 0.00351988
0 6 26 2 0.000171741
0 6 26 3 0.00851752
0 6 27 0 0.000509602
0 6 27 1 0.00848798
0 6 27 2 0.000180722
0 6 27 3 0.0093052
0 6 28 0 0.000499425
0 6 28 1 0.00413117
0 6 28 2 0.000179473
0 6 28 3 0.00919526
0 6 29 0 0.000507092
0 6 29 1 0.00396396
0 6 29 2 0.000180275
0 6 29 3 0.00968102
0 6 30 0 0.000499359
0 6 30 1 0.00566818
0 6 30 2 0.000173256
0 6 30 3 0.00802105
0 6 31 0 0.000497893
0 6 31 1 0.00775605
0 6 31 2 0.000170614
0 6 31 3 0.00777927
0 6 32 0 0.00049644
0 6 32 1 0.00425942
0 6 32 2 0.000170828
0 6 32 3 0.00831601
0 6 33 0 0.000491708
0 6 33 1 0.00630348
0 6 33 2 0.000176494
0 6 33 3 0.00728095
0 6 34 0 0.000485361
0 6 34 1 0.00649347
0 6 34 2 0.000172416
0 6 34 3 0.00578539
0 6 35 0 0.000484243
0 6 35 1 0.00538324
0 6 35 2 0.000175202
0 6 35 3 0.00630238
0 6 36 0 0.000490361
0 6 36 1 0.00533828
0 6 36 2 0.000161087
0 6 36 3 0.00629837
0 6 37 0 0.000487872
0 6 37 1 0.00233092
0 6 37 2 0.000171948
0 6 37 3 0.00708726
0 6 38 0 0.000486183
0 6 38 1 0.00389224
0 6 38 2 0.000164751
0 6 38 3 0.00624491
0 6 39 0 0.000486037
0 6 39 1 0.00455021
0 6 39 2 0.00016828
0 6 39 3 0.00614087
0 6 40 0 0.000484493
0 6 40 1 0.00448944
0 6 40 2 0.000172702
0 6 40 3 0.00593871
0 6 41 0 0.000483288
0 6 41 1 0.00477991
0 6 41 2 0.000171158
0 6 41 3 0.00582142
0 6 42 0 0.000482125
0 6 42 1 0.00670382
0 6 42 2 0.00016805
0 6 42 3 0.00497421
0 6 43 0 0.000486623
0 6 43 1 0.00302277
0 6 43 2 0.000171664
0 6 43 3 0.00731905
0 6 44 0 0.000484021
0 6 44 1 0.00370088
0 6 44 2 0.000170628
0 6 44 3 0.00626441
0 6 45 0 0.000485593
0 6 45 1 0.00565226
0 6 45 2 0.000166875
0 6 45 3 0.00599451
0 6 46 0 0.000478776
0 6 46 1 0.00337776
0 6 46 2 0.000169291
0 6 46 3 0.00535763
0 6 47 0 0.000478764
0 6 47 1 0.00338506
0 6 47 2 0.000171691
0 6 47 3 0.00544738
1 0 0 0 0.000478745
1 0 0 1 0.000707895
1 0 0 2 0.00013846
1 0 0 3 0.00137762
1 0 1 0 0.000478745
1 0 1 1 0.00118519
1 0 1 2 0.00013846
1 0 1 3 0.000621684
1 0 2 0 0.000478745
1 0 2 1 0.0018824
1 0 2 2 0.00013846
1 0 2 3 0.000691666
1 0 3 0 0.000478745
1 0 3 1 0.000186637
1 0 3 2 0.00013846
1 0 3 3 0.00100711
1 0 4 0 0.000478745
1 0 4 1 0.00109285
1 0 4 2 0.00013846
1 0 4 3 0.000921869
1 0 5 0 0.000478745
1 0 5 1 0.00020736
1 0 5 2 0.000139144
1 0 5 3 0.00107433
1 0 6 0 0.000478745
1 0 6 1 0.000636
1 0 6 2 0.00013846
1 0 6 3 0.00107932
1 0 7 0 0.000478745
1 0 7 1 0.000803783
1 0 7 2 0.00013846
1 0 7 3 0.000508184
1 0 8 0 0.000478745
1 0 8 1 0.000543598
1 0 8 2 0.000144223
1 0 8 3 0.000608805
1 0 9 0 0.000478745
1 0 9 1 0.00136448
1 0 9 2 0.00013846
1 0 9 3 0.000528378
1 0 10 0 0.000478745
1 0 10 1 0.000217215
1 0 10 2 0.00013846
1 0 10 3 0.000515604
1 0 11 0 0.000478745
1 0 11 1 0.000290106
1 0 11 2 0.00013846
1 0 11 3 0.000761028
1 0 12 0 0.000478745
1 0 12 1 4.47758e-05
1 0 12 2 0.00013846
1 0 12 3 0.000608805
1 0 13 0 0.000478745
1 0 13 1 4.47758e-05
1 0 13 2 0.00013846
1 0 13 3 0.000422459
1 0 14 0 0.000478745
1 0 14 1 0.00049967
1 0 14 2 0.00013846
1 0 14 3 0.000629286
1 0 15 0 0.000478745
1 0 15 1 0.000290008
1 0 15 2 0.00013846
1 0 15 3 0.000356228
1 0 16 0 0.000478745
1 0 16 1 0.000587519
1 0 16 2 0.00013846
1 0 16 3 0.000839438
1 0 17 0 0.000478745
1 0 17 1 0.00138123
1 0 17 2 0.00013846
1 0 17 3 0.000505416
1 0 18 0 0.000478745
1 0 18 1 0.00175551
1 0 18 2 0.00013846
1 0 18 3 0.00112116
1 0 19 0 0.000478745
1 0 19 1 0.00115284
1 0 19 2 0.00013846
1 0 19 3 0.00141587
1 0 20 0 0.000478745
1 0 20 1 0.00171951
1 0 20 2 0.000152664
1 0 20 3 0.00232266
1 0 21 0 0.000478745
1 0 21 1 0.00522282
1 0 21 2 0.000157521
1 0 21 3 0.00178372
1 0 22 0 0.000478745
1 0 22 1 0.00283312
1 0 22 2 0.000177049
1 0 22 3 0.00335088
1 0 23 0 0.000478764
1 0 23 1 0.00590742
1 0 23 2 0.000173856
1 0 23 3 0.00367399
1 0 24 0 0.000478764
1 0 24 1 0.0021207
1 0 24 2 0.00016911
1 0 24 3 0.0042437
1 0 25 0 0.000478764
1 0 25 1 0.00441255
1 0 25 2 0.000166503
1 0 25 3 0.00413022
1 0 26 0 0.000478764
1 0 26 1 0.00556455
1 0 26 2 0.000168849
1 0 26 3 0.00432836
1 0 27 0 0.000478764
1 0 27 1 0.00765289
1 0 27 2 0.00016659
1 0 27 3 0.0044261
1 0 28 0 0.000478764
1 0 28 1 0.00547259
1 0 28 2 0.000167958
1 0 28 3 0.00414084
1 0 29 0 0.000478764
1 0 29 1 0.00451299
1 0 29 2 0.000162624
1 0 29 3 0.00456608
1 0 30 0 0.000478764
1 0 30 1 0.00458694
1 0 30 2 0.000168165
1 0 30 3 0.00307376
1 0 31 0 0.000478764
1 0 31 1 0.00447461
1 0 31 2 0.000164092
1 0 31 3 0.0034663
1 0 32 0 0.000478745
1 0 32 1 0.00502823
1 0 32 2 0.000158748
1 0 32 3 0.00326757
1 0 33 0 0.000478764
1 0 33 1 0.00332225
1 0 33 2 0.000170106
1 0 33 3 0.00366379
1 0 34 0 0.000478764
1 0 34 1 0.00365692
1 0 34 2 0.000173468
1 0 34 3 0.00339155
1 0 35 0 0.000478745
1 0 35 1 0.00558415
1 0 35 2 0.000164264
1 0 35 3 0.00219638
1 0 36 0 0.000478745
1 0 36 1 0.00486384
1 0 36 2 0.000173215
1 0 36 3 0.00274624
1 0 37 0 0.000478745
1 0 37 1 0.00576077
1 0 37 2 0.000160657
1 0 37 3 0.00174886
1 0 38 0 0.000478745
1 0 38 1 0.00379495
1 0 38 2 0.000147639
1 0 38 3 0.00179511
1 0 39 0 0.000478764
1 0 39 1 0.00358061
1 0 39 2 0.000157735
1 0 39 3 0.00236251
1 0 40 0 0.000478745
1 0 40 1 0.00505302
1 0 40 2 0.00016406
1 0 40 3 0.00202197
1 0 41 0 0.000478745
1 0 41 1 0.00436461
1 0 41 2 0.000161409
1 0 41 3 0.00223261
1 0 42 0 0.000478745
1 0 42 1 0.00302692
1 0 42 2 0.000146078
1 0 42 3 0.00194879
1 0 43 0 0.000478745
1 0 43 1 0.00404996
1 0 43 2 0.000152456
1 0 43 3 0.0019226
1 0 44 0 0.000478745
1 0 44 1 0.00332079
1 0 44 2 0.00013846
1 0 44 3 0.00143116
1 0 45 0 0.000478745
1 0 45 1 0.00158845
1 0 45 2 0.000142803
1 0 45 3 0.00142641
1 0 46 0 0.000478745
1 0 46 1 0.00235851
1 0 46 2 0.00013846
1 0 46 3 0.00143212
1 0 47 0 0.000478745
1 0 47 1 0.000572481
1 0 47 2 0.000143954
1 0 47 3 0.00142888
1 1 0 0 0.000478745
1 1 0 1 0.00223845
1 1 0 2 0.00013846
1 1 0 3 0.00144845
1 1 1 0 0.000478745
1 1 1 1 0.00113898
1 1 1 2 0.00013846
1 1 1 3 0.00140705
1 1 2 0 0.000478745
1 1 2 1 0.000812468
1 1 2 2 0.00013846
1 1 2 3 0.00136665
1 1 3 0 0.000478745
1 1 3 1 7.44029e-05
1 1 3 2 0.00013846
1 1 3 3 0.00101541
1 1 4 0 0.000478745
1 1 4 1 0.00108201
1 1 4 2 0.00013846
1 1 4 3 0.00100933
1 1 5 0 0.000478745
1 1 5 1 0.00137377
1 1 5 2 0.00013846
1 1 5 3 0.000617784
1 1 6 0 0.000478745
1 1 6 1 0.00139175
1 1 6 2 0.00013846
1 1 6 3 0.000550634
1 1 7 0 0.000478745
1 1 7 1 0.000802529
1 1 7 2 0.00013846
1 1 7 3 0.000608805
1 1 8 0 0.000478745
1 1 8 1 0.000770488
1 1 8 2 0.00013846
1 1 8 3 0.000832374
1 1 9 0 0.000478745
1 1 9 1 0.000787134
1 1 9 2 0.00013846
1 1 9 3 0.000415659
1 1 10 0 0.000478745
1 1 10 1 0.000428061
1 1 10 2 0.00013846
1 1 10 3 0.000458809
1 1 11 0 0.000478745
1 1 11 1 0.000321744
1 1 11 2 0.00013846
1 1 11 3 0.00034282
1 1 12 0 0.000478745
1 1 12 1 0.000284644
1 1 12 2 0.00013846
1 1 12 3 0.000730931
1 1 13 0 0.000478745
1 1 13 1 0.000678109
1 1 13 2 0.00013846
1 1 13 3 0.000498472
1 1 14 0 0.000478745
1 1 14 1 4.47758e-05
1 1 14 2 0.00013846
1 1 14 3 0.000453237
1 1 15 0 0.000478745
1 1 15 1 0.000242003
1 1 15 2 0.00013846
1 1 15 3 0.000470923
1 1 16 0 0.000478745
1 1 16 1 6.0849e-05
1 1 16 2 0.00013846
1 1 16 3 0.000608805
1 1 17 0 0.000478745
1 1 17 1 0.00118316
1 1 17 2 0.00013846
1 1 17 3 0.000832025
1 1 18 0 0.000478745
1 1 18 1 0.00172899
1 1 18 2 0.00013846
1 1 18 3 0.00095335
1 1 19 0 0.000478745
1 1 19 1 0.00220195
1 1 19 2 0.00013846
1 1 19 3 0.00115186
1 1 20 0 0.000478745
1 1 20 1 0.00234097
1 1 20 2 0.00013846
1 1 20 3 0.00158884
1 1 21 0 0.000478745
1 1 21 1 0.00413686
1 1 21 2 0.000173102
1 1 21 3 0.00199603
1 1 22 0 0.000478745
1 1 22 1 0.00255122
1 1 22 2 0.000167075
1 1 22 3 0.00223822
1 1 23 0 0.000478745
1 1 23 1 0.00521162
1 1 23 2 0.000180951
1 1 23 3 0.0023372
1 1 24 0 0.000478764
1 1 24 1 0.00597523
1 1 24 2 0.000165745
1 1 24 3 0.00341858
1 1 25 0 0.000478764
1 1 25 1 0.00298285
1 1 25 2 0.000164291
1 1 25 3 0.00430934
1 1 26 0 0.000478764
1 1 26 1 0.0042383
1 1 26 2 0.000164472
1 1 26 3 0.00381472
1 1 27 0 0.000478764
1 1 27 1 0.00455889
1 1 27 2 0.000174064
1 1 27 3 0.00430342
1 1 28 0 0.000478764
1 1 28 1 0.00419249
1 1 28 2 0.000172338
1 1 28 3 0.00393141
1 1 29 0 0.000478764
1 1 29 1 0.00422317
1 1 29 2 0.000172759
1 1 29 3 0.00316898
1 1 30 0 0.000478745
1 1 30 1 0.00617991
1 1 30 2 0.000157588
1 1 30 3 0.00209634
1 1 31 0 0.000478745
1 1 31 1 0.00294965
1 1 31 2 0.000176987
1 1 31 3 0.00334981
1 1 32 0 0.000478745
1 1 32 1 0.00331831
1 1 32 2 0.000161678
1 1 32 3 0.00280752
1 1 33 0 0.000478745
1 1 33 1 0.00431035
1 1 33 2 0.000169552
1 1 33 3 0.00292884
1 1 34 0 0.000478745
1 1 34 1 0.00335695
1 1 34 2 0.000152432
1 1 34 3 0.00206479
1 1 35 0 0.000478745
1 1 35 1 0.00395181
1 1 35 2 0.00016289
1 1 35 3 0.0024027
1 1 36 0 0.000478745
1 1 36 1 0.00236694
1 1 36 2 0.00015919
1 1 36 3 0.00248165
1 1 37 0 0.000478745
1 1 37 1 0.00311769
1 1 37 2 0.000166949
1 1 37 3 0.00208137
1 1 38 0 0.000478745
1 1 38 1 0.00435474
1 1 38 2 0.000147724
1 1 38 3 0.00173167
1 1 39 0 0.000478745
1 1 39 1 0.00410098
1 1 39 2 0.000161362
1 1 39 3 0.00215808
1 1 40 0 0.000478745
1 1 40 1 0.00380204
1 1 40 2 0.000141065
1 1 40 3 0.00137937
1 1 41 0 0.000478745
1 1 41 1 0.00269697
1 1 41 2 0.000150663
1 1 41 3 0.001908
1 1 42 0 0.000478745
1 1 42 1 0.00268579
1 1 42 2 0.00013846
1 1 42 3 0.00143465
1 1 43 0 0.000478745
1 1 43 1 0.00138104
1 1 43 2 0.00013846
1 1 43 3 0.00182966
1 1 44 0 0.000478745
1 1 44 1 0.00271625
1 1 44 2 0.00013846
1 1 44 3 0.0014246
1 1 45 0 0.000478745
1 1 45 1 0.00355248
1 1 45 2 0.00013846
1 1 45 3 0.00120441
1 1 46 0 0.000478745
1 1 46 1 0.00202661
1 1 46 2 0.000142835
1 1 46 3 0.00144506
1 1 47 0 0.000478745
1 1 47 1 0.00140952
1 1 47 2 0.00013846
1 1 47 3 0.00121823
1 2 0 0 0.000478745
1 2 0 1 0.000393625
1 2 0 2 0.00013846
1 2 0 3 0.0014161
1 2 1 0 0.000478745
1 2 1 1 0.000910596
1 2 1 2 0.000154376
1 2 1 3 0.00141517
1 2 2 0 0.000478745
1 2 2 1 0.000627741
1 2 2 2 0.00013846
1 2 2 3 0.00133555
1 2 3 0 0.000478745
1 2 3 1 0.00129697
1 2 3 2 0.00013846
1 2 3 3 0.000719854
1 2 4 0 0.000478745
1 2 4 1 0.000999946
1 2 4 2 0.00013846
1 2 4 3 0.00105528
1 2 5 0 0.000478745
1 2 5 1 0.000375495
1 2 5 2 0.000149707
1 2 5 3 0.00105465
1 2 6 0 0.000478745
1 2 6 1 0.000492341
1 2 6 2 0.000161878
1 2 6 3 0.000653713
1 2 7 0 0.000478745
1 2 7 1 0.00104753
1 2 7 2 0.00013846
1 2 7 3 0.000844828
1 2 8 0 0.000478745
1 2 8 1 0.000765097
1 2 8 2 0.000164478
1 2 8 3 0.000621087
1 2 9 0 0.000478745
1 2 9 1 0.000427001
1 2 9 2 0.00013846
1 2 9 3 0.0005711
1 2 10 0 0.000478745
1 2 10 1 0.000477393
1 2 10 2 0.00013846
1 2 10 3 0.000392968
1 2 11 0 0.000478745
1 2 11 1 0.000868259
1 2 11 2 0.00013846
1 2 11 3 0.000265564
1 2 12 0 0.000478745
1 2 12 1 0.000448823
1 2 12 2 0.00013846
1 2 12 3 0.000355839
1 2 13 0 0.000478745
1 2 13 1 4.47758e-05
1 2 13 2 0.00013846
1 2 13 3 0.00023086
1 2 14 0 0.000478745
1 2 14 1 0.000706001
1 2 14 2 0.00013846
1 2 14 3 0.000601839
1 2 15 0 0.000478745
1 2 15 1 0.00117376
1 2 15 2 0.00013846
1 2 15 3 0.000191625
1 2 16 0 0.000478745
1 2 16 1 0.00110237
1 2 16 2 0.00013846
1 2 16 3 0.000133156
1 2 17 0 0.000478745
1 2 17 1 0.0012143
1 2 17 2 0.00013846
1 2 17 3 0.000233222
1 2 18 0 0.000478745
1 2 18 1 0.00108663
1 2 18 2 0.00013846
1 2 18 3 0.000610462
1 2 19 0 0.000478745
1 2 19 1 0.00153279
1 2 19 2 0.00013846
1 2 19 3 0.000971332
1 2 20 0 0.000478745
1 2 20 1 0.00201043
1 2 20 2 0.00013846
1 2 20 3 0.00142689
1 2 21 0 0.000478745
1 2 21 1 0.00278175
1 2 21 2 0.000170835
1 2 21 3 0.00262686
1 2 22 0 0.000478745
1 2 22 1 0.00266862
1 2 22 2 0.000162008
1 2 22 3 0.0024038
1 2 23 0 0.000478745
1 2 23 1 0.00457835
1 2 23 2 0.000157566
1 2 23 3 0.00262457
1 2 24 0 0.000478764
1 2 24 1 0.00456953
1 2 24 2 0.000171481
1 2 24 3 0.00332854
1 2 25 0 0.000478745
1 2 25 1 0.00590098
1 2 25 2 0.000165235
1 2 25 3 0.00287897
1 2 26 0 0.000478764
1 2 26 1 0.00581982
1 2 26 2 0.000161779
1 2 26 3 0.00329567
1 2 27 0 0.000478764
1 2 27 1 0.00446844
1 2 27 2 0.0001615
1 2 27 3 0.00312365
1 2 28 0 0.000478745
1 2 28 1 0.0064946
1 2 28 2 0.000162159
1 2 28 3 0.00262979
1 2 29 0 0.000478745
1 2 29 1 0.00519581
1 2 29 2 0.000172336
1 2 29 3 0.00344967
1 2 30 0 0.000478745
1 2 30 1 0.00432886
1 2 30 2 0.000157523
1 2 30 3 0.00254889
1 2 31 0 0.000478745
1 2 31 1 0.00478024
1 2 31 2 0.000157649
1 2 31 3 0.00280345
1 2 32 0 0.000478745
1 2 32 1 0.00625831
1 2 32 2 0.000160699
1 2 32 3 0.00168068
1 2 33 0 0.000478745
1 2 33 1 0.00600512
1 2 33 2 0.000162808
1 2 33 3 0.00209582
1 2 34 0 0.000478745
1 2 34 1 0.00295697
1 2 34 2 0.000165853
1 2 34 3 0.00263553
1 2 35 0 0.000478745
1 2 35 1 0.00422046
1 2 35 2 0.000164227
1 2 35 3 0.00155926
1 2 36 0 0.000478745
1 2 36 1 0.00372405
1 2 36 2 0.000145684
1 2 36 3 0.00173735
1 2 37 0 0.000478745
1 2 37 1 0.00383365
1 2 37 2 0.000166218
1 2 37 3 0.00203863
1 2 38 0 0.000478745
1 2 38 1 0.00515771
1 2 38 2 0.000160526
1 2 38 3 0.00175678
1 2 39 0 0.000478745
1 2 39 1 0.00261244
1 2 39 2 0.00015147
1 2 39 3 0.00183329
1 2 40 0 0.000478745
1 2 40 1 0.00383457
1 2 40 2 0.00015404
1 2 40 3 0.00154741
1 2 41 0 0.000478745
1 2 41 1 0.00448821
1 2 41 2 0.000140633
1 2 41 3 0.0011867
1 2 42 0 0.000478745
1 2 42 1 0.00405829
1 2 42 2 0.000159748
1 2 42 3 0.00176541
1 2 43 0 0.000478745
1 2 43 1 0.00369047
1 2 43 2 0.00013846
1 2 43 3 0.00122681
1 2 44 0 0.000478745
1 2 44 1 0.00339118
1 2 44 2 0.000145637
1 2 44 3 0.00145932
1 2 45 0 0.000478745
1 2 45 1 0.0012177
1 2 45 2 0.000156316
1 2 45 3 0.0015185
1 2 46 0 0.000478745
1 2 46 1 0.00154489
1 2 46 2 0.00014343
1 2 46 3 0.0014403
1 2 47 0 0.000478745
1 2 47 1 0.00241165
1 2 47 2 0.000170922
1 2 47 3 0.00156575
1 3 0 0 0.000478745
1 3 0 1 0.00105625
1 3 0 2 0.00013846
1 3 0 3 0.00175126
1 3 1 0 0.000478745
1 3 1 1 0.00216053
1 3 1 2 0.000140531
1 3 1 3 0.00144406
1 3 2 0 0.000478745
1 3 2 1 0.000769482
1 3 2 2 0.00013846
1 3 2 3 0.00139353
1 3 3 0 0.000478745
1 3 3 1 0.00127524
1 3 3 2 0.00014025
1 3 3 3 0.00131757
1 3 4 0 0.000478745
1 3 4 1 0.00105168
1 3 4 2 0.00013846
1 3 4 3 0.00083437
1 3 5 0 0.000478745
1 3 5 1 0.00238492
1 3 5 2 0.00013846
1 3 5 3 0.000622511
1 3 6 0 0.000478745
1 3 6 1 0.0028039
1 3 6 2 0.00013846
1 3 6 3 0.000615623
1 3 7 0 0.000478745
1 3 7 1 0.000664816
1 3 7 2 0.00013846
1 3 7 3 0.000817969
1 3 8 0 0.000478745
1 3 8 1 0.000296922
1 3 8 2 0.00013846
1 3 8 3 0.000759759
1 3 9 0 0.000478745
1 3 9 1 0.000628156
1 3 9 2 0.00013846
1 3 9 3 0.000673809
1 3 10 0 0.000478745
1 3 10 1 0.00116972
1 3 10 2 0.00013846
1 3 10 3 0.000608805
1 3 11 0 0.000478745
1 3 11 1 4.47758e-05
1 3 11 2 0.00013846
1 3 11 3 0.000758669
1 3 12 0 0.000478745
1 3 12 1 6.28469e-05
1 3 12 2 0.00013846
1 3 12 3 0.000478516
1 3 13 0 0.000478745
1 3 13 1 0.0003423
1 3 13 2 0.00013846
1 3 13 3 0.000632766
1 3 14 0 0.000478745
1 3 14 1 0.000226979
1 3 14 2 0.00013846
1 3 14 3 0.000661016
1 3 15 0 0.000478745
1 3 15 1 0.000585513
1 3 15 2 0.00013846
1 3 15 3 0.000267783
1 3 16 0 0.000478745
1 3 16 1 0.00226769
1 3 16 2 0.00013846
1 3 16 3 0.000153929
1 3 17 0 0.000478745
1 3 17 1 0.00136875
1 3 17 2 0.00013846
1 3 17 3 0.00062348
1 3 18 0 0.000478745
1 3 18 1 0.00164667
1 3 18 2 0.000143381
1 3 18 3 0.000688819
1 3 19 0 0.000478745
1 3 19 1 0.00159106
1 3 19 2 0.000141092
1 3 19 3 0.00134975
1 3 20 0 0.000478745
1 3 20 1 0.000894585
1 3 20 2 0.000142033
1 3 20 3 0.0018434
1 3 21 0 0.000478745
1 3 21 1 0.00422107
1 3 21 2 0.000159341
1 3 21 3 0.0017577
1 3 22 0 0.000478745
1 3 22 1 0.00190632
1 3 22 2 0.000166532
1 3 22 3 0.00259852
1 3 23 0 0.000478745
1 3 23 1 0.00268433
1 3 23 2 0.000162207
1 3 23 3 0.00283423
1 3 24 0 0.000478745
1 3 24 1 0.00623544
1 3 24 2 0.000167823
1 3 24 3 0.00289809
1 3 25 0 0.000478764
1 3 25 1 0.00589554
1 3 25 2 0.000164801
1 3 25 3 0.00341111
1 3 26 0 0.000478745
1 3 26 1 0.00607673
1 3 26 2 0.00017165
1 3 26 3 0.00270791
1 3 27 0 0.000478764
1 3 27 1 0.0066499
1 3 27 2 0.000171553
1 3 27 3 0.00309256
1 3 28 0 0.000478764
1 3 28 1 0.0054628
1 3 28 2 0.000158507
1 3 28 3 0.00288848
1 3 29 0 0.000478764
1 3 29 1 0.00540318
1 3 29 2 0.000162446
1 3 29 3 0.0033462
1 3 30 0 0.000478745
1 3 30 1 0.00452401
1 3 30 2 0.00015973
1 3 30 3 0.00215935
1 3 31 0 0.000478745
1 3 31 1 0.00333512
1 3 31 2 0.000162261
1 3 31 3 0.00277296
1 3 32 0 0.000478745
1 3 32 1 0.00364816
1 3 32 2 0.000165822
1 3 32 3 0.00251501
1 3 33 0 0.000478745
1 3 33 1 0.000705185
1 3 33 2 0.000162549
1 3 33 3 0.00261979
1 3 34 0 0.000478745
1 3 34 1 0.00257571
1 3 34 2 0.00016406
1 3 34 3 0.00206911
1 3 35 0 0.000478745
1 3 35 1 0.00244812
1 3 35 2 0.000147708
1 3 35 3 0.00203609
1 3 36 0 0.000478745
1 3 36 1 0.0045715
1 3 36 2 0.000159282
1 3 36 3 0.00143518
1 3 37 0 0.000478745
1 3 37 1 0.00313945
1 3 37 2 0.000157259
1 3 37 3 0.0016097
1 3 38 0 0.000478745
1 3 38 1 0.000648796
1 3 38 2 0.00013846
1 3 38 3 0.00143168
1 3 39 0 0.000478745
1 3 39 1 0.00338155
1 3 39 2 0.000158706
1 3 39 3 0.00143051
1 3 40 0 0.000478745
1 3 40 1 0.00232623
1 3 40 2 0.000164757
1 3 40 3 0.0019616
1 3 41 0 0.000478745
1 3 41 1 0.00649215
1 3 41 2 0.000162703
1 3 41 3 0.000996578
1 3 42 0 0.000478745
1 3 42 1 0.00320502
1 3 42 2 0.000140692
1 3 42 3 0.00152178
1 3 43 0 0.000478745
1 3 43 1 0.00273954
1 3 43 2 0.00013846
1 3 43 3 0.00142523
1 3 44 0 0.000478745
1 3 44 1 0.00208316
1 3 44 2 0.00013846
1 3 44 3 0.00143229
1 3 45 0 0.000478745
1 3 45 1 0.00116317
1 3 45 2 0.000138865
1 3 45 3 0.00142525
1 3 46 0 0.000478745
1 3 46 1 0.00128571
1 3 46 2 0.00013846
1 3 46 3 0.00121069
1 3 47 0 0.000478745
1 3 47 1 7.91827e-05
1 3 47 2 0.000154781
1 3 47 3 0.00140535
1 4 0 0 0.000478745
1 4 0 1 0.000856066
1 4 0 2 0.000141891
1 4 0 3 0.00116277
1 4 1 0 0.000478745
1 4 1 1 0.00109856
1 4 1 2 0.00013846
1 4 1 3 0.00084374
1 4 2 0 0.000478745
1 4 2 1 0.000726033
1 4 2 2 0.00013846
1 4 2 3 0.00111972
1 4 3 0 0.000478745
1 4 3 1 0.0012175
1 4 3 2 0.00013846
1 4 3 3 0.000826585
1 4 4 0 0.000478745
1 4 4 1 4.47758e-05
1 4 4 2 0.00013846
1 4 4 3 0.000795661
1 4 5 0 0.000478745
1 4 5 1 0.000247355
1 4 5 2 0.00013846
1 4 5 3 0.000574202
1 4 6 0 0.000478745
1 4 6 1 7.21874e-05
1 4 6 2 0.000151141
1 4 6 3 0.000758634
1 4 7 0 0.000478745
1 4 7 1 0.000466931
1 4 7 2 0.000146305
1 4 7 3 0.000632675
1 4 8 0 0.000478745
1 4 8 1 0.000476769
1 4 8 2 0.000145752
1 4 8 3 0.000608805
1 4 9 0 0.000478745
1 4 9 1 0.000622123
1 4 9 2 0.00013846
1 4 9 3 0.00061953
1 4 10 0 0.000478745
1 4 10 1 0.00080331
1 4 10 2 0.00013846
1 4 10 3 0.000469746
1 4 11 0 0.000478745
1 4 11 1 0.000643627
1 4 11 2 0.00013846
1 4 11 3 0.000629258
1 4 12 0 0.000478745
1 4 12 1 0.000752603
1 4 12 2 0.00013846
1 4 12 3 0.00029393
1 4 13 0 0.000478745
1 4 13 1 0.000556182
1 4 13 2 0.00013846
1 4 13 3 0.000183408
1 4 14 0 0.000478745
1 4 14 1 0.00017126
1 4 14 2 0.00013846
1 4 14 3 0.00029451
1 4 15 0 0.000478745
1 4 15 1 0.000436784
1 4 15 2 0.00013846
1 4 15 3 0.000518906
1 4 16 0 0.000478745
1 4 16 1 0.00029442
1 4 16 2 0.00013846
1 4 16 3 0.000608805
1 4 17 0 0.000478745
1 4 17 1 0.000823743
1 4 17 2 0.000142638
1 4 17 3 0.000592274
1 4 18 0 0.000478745
1 4 18 1 0.00205113
1 4 18 2 0.00013846
1 4 18 3 0.000775402
1 4 19 0 0.000478745
1 4 19 1 0.00365337
1 4 19 2 0.00013846
1 4 19 3 0.000627778
1 4 20 0 0.000478745
1 4 20 1 0.00290007
1 4 20 2 0.000247297
1 4 20 3 0.00145185
1 4 21 0 0.000478745
1 4 21 1 0.00465253
1 4 21 2 0.000140859
1 4 21 3 0.0016348
1 4 22 0 0.000478745
1 4 22 1 0.00384541
1 4 22 2 0.000168981
1 4 22 3 0.00293284
1 4 23 0 0.000478745
1 4 23 1 0.00561577
1 4 23 2 0.000165843
1 4 23 3 0.00264284
1 4 24 0 0.000478745
1 4 24 1 0.00332521
1 4 24 2 0.000167777
1 4 24 3 0.00349254
1 4 25 0 0.000478745
1 4 25 1 0.00600076
1 4 25 2 0.000166182
1 4 25 3 0.00287034
1 4 26 0 0.000478764
1 4 26 1 0.0066387
1 4 26 2 0.000176432
1 4 26 3 0.00360877
1 4 27 0 0.000478764
1 4 27 1 0.00408545
1 4 27 2 0.0001708
1 4 27 3 0.00436368
1 4 28 0 0.000478764
1 4 28 1 0.00342117
1 4 28 2 0.000167702
1 4 28 3 0.00407229
1 4 29 0 0.000478764
1 4 29 1 0.00387066
1 4 29 2 0.000162936
1 4 29 3 0.00355026
1 4 30 0 0.000478764
1 4 30 1 0.00323249
1 4 30 2 0.000180395
1 4 30 3 0.00329093
1 4 31 0 0.000478745
1 4 31 1 0.00417365
1 4 31 2 0.000162533
1 4 31 3 0.00309462
1 4 32 0 0.000478745
1 4 32 1 0.00427406
1 4 32 2 0.000154946
1 4 32 3 0.00228603
1 4 33 0 0.000478745
1 4 33 1 0.0034153
1 4 33 2 0.000156099
1 4 33 3 0.00240486
1 4 34 0 0.000478745
1 4 34 1 0.00408661
1 4 34 2 0.000157433
1 4 34 3 0.00185239
1 4 35 0 0.000478745
1 4 35 1 0.00338933
1 4 35 2 0.000159107
1 4 35 3 0.00238091
1 4 36 0 0.000478745
1 4 36 1 0.00481508
1 4 36 2 0.00016171
1 4 36 3 0.00197738
1 4 37 0 0.000478745
1 4 37 1 0.00288333
1 4 37 2 0.000152705
1 4 37 3 0.00205984
1 4 38 0 0.000478745
1 4 38 1 0.00434865
1 4 38 2 0.000162413
1 4 38 3 0.00228285
1 4 39 0 0.000478745
1 4 39 1 0.00403128
1 4 39 2 0.000149241
1 4 39 3 0.00143488
1 4 40 0 0.000478745
1 4 40 1 0.0042769
1 4 40 2 0.000158031
1 4 40 3 0.00160154
1 4 41 0 0.000478745
1 4 41 1 0.00503058
1 4 41 2 0.000157436
1 4 41 3 0.00177059
1 4 42 0 0.000478745
1 4 42 1 0.00459611
1 4 42 2 0.000161584
1 4 42 3 0.00146488
1 4 43 0 0.000478745
1 4 43 1 0.00286874
1 4 43 2 0.000149051
1 4 43 3 0.00170705
1 4 44 0 0.000478745
1 4 44 1 0.00322902
1 4 44 2 0.00013846
1 4 44 3 0.00126725
1 4 45 0 0.000478745
1 4 45 1 0.00319897
1 4 45 2 0.000140187
1 4 45 3 0.00143167
1 4 46 0 0.000478745
1 4 46 1 0.00159753
1 4 46 2 0.00013846
1 4 46 3 0.00142467
1 4 47 0 0.000478745
1 4 47 1 0.00159705
1 4 47 2 0.00013846
1 4 47 3 0.00143658
1 5 0 0 0.000478745
1 5 0 1 0.00123345
1 5 0 2 0.00013846
1 5 0 3 0.00140219
1 5 1 0 0.000478745
1 5 1 1 0.00126214
1 5 1 2 0.00013846
1 5 1 3 0.00135765
1 5 2 0 0.000478745
1 5 2 1 0.000578134
1 5 2 2 0.000154223
1 5 2 3 0.00142149
1 5 3 0 0.000478745
1 5 3 1 0.000655318
1 5 3 2 0.000150795
1 5 3 3 0.00108386
1 5 4 0 0.000478745
1 5 4 1 0.00221435
1 5 4 2 0.00013846
1 5 4 3 0.000749015
1 5 5 0 0.000478745
1 5 5 1 0.000592347
1 5 5 2 0.00013846
1 5 5 3 0.00116072
1 5 6 0 0.000478745
1 5 6 1 0.00233329
1 5 6 2 0.00013846
1 5 6 3 0.000828524
1 5 7 0 0.000478745
1 5 7 1 0.000307059
1 5 7 2 0.00013846
1 5 7 3 0.0011742
1 5 8 0 0.000478745
1 5 8 1 0.00206349
1 5 8 2 0.00013846
1 5 8 3 0.000768261
1 5 9 0 0.000478745
1 5 9 1 0.000378297
1 5 9 2 0.000144362
1 5 9 3 0.00060901
1 5 10 0 0.000478745
1 5 10 1 9.18964e-05
1 5 10 2 0.00013846
1 5 10 3 0.000961244
1 5 11 0 0.000478745
1 5 11 1 0.0012837
1 5 11 2 0.00013846
1 5 11 3 0.000547025
1 5 12 0 0.000478745
1 5 12 1 0.00328802
1 5 12 2 0.00013846
1 5 12 3 0.000629258
1 5 13 0 0.000478745
1 5 13 1 0.00155211
1 5 13 2 0.00013846
1 5 13 3 0.000378086
1 5 14 0 0.000478745
1 5 14 1 0.00144253
1 5 14 2 0.00013846
1 5 14 3 0.000544843
1 5 15 0 0.000478745
1 5 15 1 0.000718646
1 5 15 2 0.00013846
1 5 15 3 0.000461193
1 5 16 0 0.000478745
1 5 16 1 0.0021522
1 5 16 2 0.00013846
1 5 16 3 0.000427188
1 5 17 0 0.000478745
1 5 17 1 0.00159242
1 5 17 2 0.00013846
1 5 17 3 0.00054875
1 5 18 0 0.000478745
1 5 18 1 0.00415066
1 5 18 2 0.00013846
1 5 18 3 0.000713824
1 5 19 0 0.000478745
1 5 19 1 0.00177208
1 5 19 2 0.000144208
1 5 19 3 0.00113323
1 5 20 0 0.000478745
1 5 20 1 0.000502483
1 5 20 2 0.000139546
1 5 20 3 0.00210694
1 5 21 0 0.000478745
1 5 21 1 0.00209171
1 5 21 2 0.00013846
1 5 21 3 0.00143051
1 5 22 0 0.000478745
1 5 22 1 0.00375451
1 5 22 2 0.000168226
1 5 22 3 0.00199071
1 5 23 0 0.000478745
1 5 23 1 0.00221093
1 5 23 2 0.000162361
1 5 23 3 0.00282975
1 5 24 0 0.000478745
1 5 24 1 0.00223147
1 5 24 2 0.000169977
1 5 24 3 0.00347467
1 5 25 0 0.000478764
1 5 25 1 0.00299051
1 5 25 2 0.000167217
1 5 25 3 0.00318287
1 5 26 0 0.000478745
1 5 26 1 0.00181277
1 5 26 2 0.000164625
1 5 26 3 0.00365326
1 5 27 0 0.000478745
1 5 27 1 0.0051508
1 5 27 2 0.000168851
1 5 27 3 0.00246967
1 5 28 0 0.000478745
1 5 28 1 0.00142887
1 5 28 2 0.000163756
1 5 28 3 0.00323364
1 5 29 0 0.000478764
1 5 29 1 0.00302564
1 5 29 2 0.000160465
1 5 29 3 0.00412141
1 5 30 0 0.000478745
1 5 30 1 0.00204435
1 5 30 2 0.000171638
1 5 30 3 0.00300372
1 5 31 0 0.000478745
1 5 31 1 0.0053704
1 5 31 2 0.000157551
1 5 31 3 0.00205424
1 5 32 0 0.000478745
1 5 32 1 0.00115903
1 5 32 2 0.00015757
1 5 32 3 0.00290885
1 5 33 0 0.000478745
1 5 33 1 0.00387684
1 5 33 2 0.000165404
1 5 33 3 0.00296387
1 5 34 0 0.000478745
1 5 34 1 0.00342523
1 5 34 2 0.000159801
1 5 34 3 0.00219348
1 5 35 0 0.000478745
1 5 35 1 0.00389346
1 5 35 2 0.000161522
1 5 35 3 0.00261937
1 5 36 0 0.000478745
1 5 36 1 0.00154432
1 5 36 2 0.000160099
1 5 36 3 0.00261792
1 5 37 0 0.000478745
1 5 37 1 0.00262974
1 5 37 2 0.000162985
1 5 37 3 0.00246686
1 5 38 0 0.000478745
1 5 38 1 0.00176294
1 5 38 2 0.000149423
1 5 38 3 0.00200933
1 5 39 0 0.000478745
1 5 39 1 0.00368295
1 5 39 2 0.000163494
1 5 39 3 0.00150987
1 5 40 0 0.000478745
1 5 40 1 0.00188863
1 5 40 2 0.000148501
1 5 40 3 0.00143238
1 5 41 0 0.000478745
1 5 41 1 0.00231411
1 5 41 2 0.000149511
1 5 41 3 0.00193492
1 5 42 0 0.000478745
1 5 42 1 0.00105076
1 5 42 2 0.00013846
1 5 42 3 0.00157886
1 5 43 0 0.000478745
1 5 43 1 0.00328353
1 5 43 2 0.000140316
1 5 43 3 0.00144922
1 5 44 0 0.000478745
1 5 44 1 0.00198552
1 5 44 2 0.00013846
1 5 44 3 0.00140818
1 5 45 0 0.000478745
1 5 45 1 0.001529
1 5 45 2 0.000145414
1 5 45 3 0.00138568
1 5 46 0 0.000478745
1 5 46 1 0.00356866
1 5 46 2 0.000138614
1 5 46 3 0.00131502
1 5 47 0 0.000478745
1 5 47 1 0.000827148
1 5 47 2 0.000146978
1 5 47 3 0.00143047
1 6 0 0 0.000478745
1 6 0 1 0.00149054
1 6 0 2 0.00013846
1 6 0 3 0.00144489
1 6 1 0 0.000478745
1 6 1 1 0.00285891
1 6 1 2 0.00013846
1 6 1 3 0.000983395
1 6 2 0 0.000478745
1 6 2 1 0.000907236
1 6 2 2 0.00013846
1 6 2 3 0.00129739
1 6 3 0 0.000478745
1 6 3 1 0.000651376
1 6 3 2 0.000160426
1 6 3 3 0.00141399
1 6 4 0 0.000478745
1 6 4 1 0.00162727
1 6 4 2 0.00013846
1 6 4 3 0.000674712
1 6 5 0 0.000478745
1 6 5 1 0.000609456
1 6 5 2 0.000139969
1 6 5 3 0.00135839
1 6 6 0 0.000478745
1 6 6 1 0.00157334
1 6 6 2 0.00013846
1 6 6 3 0.00103162
1 6 7 0 0.000478745
1 6 7 1 0.00128554
1 6 7 2 0.00013846
1 6 7 3 0.00127192
1 6 8 0 0.000478745
1 6 8 1 0.00126596
1 6 8 2 0.00013846
1 6 8 3 0.000612277
1 6 9 0 0.000478745
1 6 9 1 0.000616478
1 6 9 2 0.00013846
1 6 9 3 0.00130098
1 6 10 0 0.000478745
1 6 10 1 0.00227185
1 6 10 2 0.00013846
1 6 10 3 0.000615109
1 6 11 0 0.000478745
1 6 11 1 0.00170297
1 6 11 2 0.00013846
1 6 11 3 0.000568109
1 6 12 0 0.000478745
1 6 12 1 0.00224163
1 6 12 2 0.00013846
1 6 12 3 0.000611269
1 6 13 0 0.000478745
1 6 13 1 0.00202461
1 6 13 2 0.00013846
1 6 13 3 0.000454937
1 6 14 0 0.000478745
1 6 14 1 0.00144658
1 6 14 2 0.00013846
1 6 14 3 0.000648811
1 6 15 0 0.000478745
1 6 15 1 0.000319676
1 6 15 2 0.00013846
1 6 15 3 0.000359499
1 6 16 0 0.000478745
1 6 16 1 0.00230327
1 6 16 2 0.00013846
1 6 16 3 0.000412069
1 6 17 0 0.000478745
1 6 17 1 0.00154183
1 6 17 2 0.00013846
1 6 17 3 0.000618318
1 6 18 0 0.000478745
1 6 18 1 0.00282224
1 6 18 2 0.00013846
1 6 18 3 0.000669918
1 6 19 0 0.000478745
1 6 19 1 0.00234569
1 6 19 2 0.00013846
1 6 19 3 0.00129832
1 6 20 0 0.000478745
1 6 20 1 0.00111878
1 6 20 2 0.000151642
1 6 20 3 0.00141883
1 6 21 0 0.000478745
1 6 21 1 0.00189375
1 6 21 2 0.000139547
1 6 21 3 0.00142154
1 6 22 0 0.000478745
1 6 22 1 0.00335526
1 6 22 2 0.00014567
1 6 22 3 0.00174793
1 6 23 0 0.000478745
1 6 23 1 0.00311734
1 6 23 2 0.000161164
1 6 23 3 0.00177777
1 6 24 0 0.000478745
1 6 24 1 0.00168335
1 6 24 2 0.000166555
1 6 24 3 0.00250552
1 6 25 0 0.000478745
1 6 25 1 0.00303092
1 6 25 2 0.000170061
1 6 25 3 0.00329438
1 6 26 0 0.000478745
1 6 26 1 0.00121328
1 6 26 2 0.000175565
1 6 26 3 0.00332497
1 6 27 0 0.000478745
1 6 27 1 0.00203874
1 6 27 2 0.00016087
1 6 27 3 0.00339889
1 6 28 0 0.000478745
1 6 28 1 0.00210035
1 6 28 2 0.000164703
1 6 28 3 0.00320249
1 6 29 0 0.000478764
1 6 29 1 0.00112378
1 6 29 2 0.000171574
1 6 29 3 0.00356005
1 6 30 0 0.000478745
1 6 30 1 0.00357883
1 6 30 2 0.000157481
1 6 30 3 0.00216576
1 6 31 0 0.000478745
1 6 31 1 0.00275634
1 6 31 2 0.000165228
1 6 31 3 0.00315887
1 6 32 0 0.000478745
1 6 32 1 0.00121309
1 6 32 2 0.000687774
1 6 32 3 0.00312262
1 6 33 0 0.000478745
1 6 33 1 0.00435712
1 6 33 2 0.000160274
1 6 33 3 0.0017355
1 6 34 0 0.000478745
1 6 34 1 0.00334764
1 6 34 2 0.00013846
1 6 34 3 0.00164353
1 6 35 0 0.000478745
1 6 35 1 0.00318859
1 6 35 2 0.000142983
1 6 35 3 0.00166739
1 6 36 0 0.000478745
1 6 36 1 0.00474065
1 6 36 2 0.000169962
1 6 36 3 0.00183305
1 6 37 0 0.000478745
1 6 37 1 0.00410315
1 6 37 2 0.000144955
1 6 37 3 0.00143179
1 6 38 0 0.000478745
1 6 38 1 0.000500534
1 6 38 2 0.00013846
1 6 38 3 0.00203432
1 6 39 0 0.000478745
1 6 39 1 0.00243004
1 6 39 2 0.00013846
1 6 39 3 0.0017082
1 6 40 0 0.000478745
1 6 40 1 0.0025104
1 6 40 2 0.00013846
1 6 40 3 0.00148126
1 6 41 0 0.000478745
1 6 41 1 0.00333542
1 6 41 2 0.000150928
1 6 41 3 0.00142806
1 6 42 0 0.000478745
1 6 42 1 0.00171106
1 6 42 2 0.00013846
1 6 42 3 0.00143372
1 6 43 0 0.000478745
1 6 43 1 0.0021043
1 6 43 2 0.00013846
1 6 43 3 0.00142256
1 6 44 0 0.000478745
1 6 44 1 0.00136296
1 6 44 2 0.00013846
1 6 44 3 0.00140737
1 6 45 0 0.000478745
1 6 45 1 0.000849367
1 6 45 2 0.000145347
1 6 45 3 0.00134443
1 6 46 0 0.000478745
1 6 46 1 0.00131201
1 6 46 2 0.00013846
1 6 46 3 0.000902068
1 6 47 0 0.000478745
1 6 47 1 0.00114972
1 6 47 2 0.00013846
1 6 47 3 0.000608805
2 0 0 0 0.000478764
2 0 0 1 0.00487447
2 0 0 2 0.00016375
2 0 0 3 0.00325343
2 0 1 0 0.000478745
2 0 1 1 0.00418258
2 0 1 2 0.000315927
2 0 1 3 0.00293484
2 0 2 0 0.000478764
2 0 2 1 0.000424296
2 0 2 2 0.000176397
2 0 2 3 0.00400418
2 0 3 0 0.000478745
2 0 3 1 0.00232678
2 0 3 2 0.000168156
2 0 3 3 0.00287293
2 0 4 0 0.000478745
2 0 4 1 0.00246691
2 0 4 2 0.000170295
2 0 4 3 0.00263334
2 0 5 0 0.000478745
2 0 5 1 0.00212534
2 0 5 2 0.000166375
2 0 5 3 0.00241253
2 0 6 0 0.000478764
2 0 6 1 0.000463664
2 0 6 2 0.000165883
2 0 6 3 0.00339368
2 0 7 0 0.000478745
2 0 7 1 0.000989973
2 0 7 2 0.000151418
2 0 7 3 0.00195135
2 0 8 0 0.000478745
2 0 8 1 0.00182714
2 0 8 2 0.000158513
2 0 8 3 0.00174004
2 0 9 0 0.000478745
2 0 9 1 0.00211493
2 0 9 2 0.000144402
2 0 9 3 0.00163825
2 0 10 0 0.000478745
2 0 10 1 0.00261463
2 0 10 2 0.000146509
2 0 10 3 0.00112688
2 0 11 0 0.000478745
2 0 11 1 0.000118502
2 0 11 2 0.00013846
2 0 11 3 0.00141246
2 0 12 0 0.000478745
2 0 12 1 0.0025932
2 0 12 2 0.00013846
2 0 12 3 0.00143124
2 0 13 0 0.000478745
2 0 13 1 0.00116598
2 0 13 2 0.000141744
2 0 13 3 0.00131666
2 0 14 0 0.000478745
2 0 14 1 0.000896792
2 0 14 2 0.00013846
2 0 14 3 0.00141109
2 0 15 0 0.000478745
2 0 15 1 0.00203942
2 0 15 2 0.00013846
2 0 15 3 0.00119704
2 0 16 0 0.000478745
2 0 16 1 0.000926846
2 0 16 2 0.00013846
2 0 16 3 0.00141366
2 0 17 0 0.000478745
2 0 17 1 0.00309846
2 0 17 2 0.00013846
2 0 17 3 0.00142789
2 0 18 0 0.000478745
2 0 18 1 0.00304082
2 0 18 2 0.000166229
2 0 18 3 0.00271679
2 0 19 0 0.000478764
2 0 19 1 0.00638862
2 0 19 2 0.000173611
2 0 19 3 0.00398078
2 0 20 0 0.000478764
2 0 20 1 0.00577523
2 0 20 2 0.000168788
2 0 20 3 0.00449682
2 0 21 0 0.00048326
2 0 21 1 0.00360534
2 0 21 2 0.000170335
2 0 21 3 0.00597561
2 0 22 0 0.000491704
2 0 22 1 0.00808965
2 0 22 2 0.000168305
2 0 22 3 0.00652257
2 0 23 0 0.000495039
2 0 23 1 0.00947516
2 0 23 2 0.000170666
2 0 23 3 0.00732003
2 0 24 0 0.000500859
2 0 24 1 0.00922594
2 0 24 2 0.000169941
2 0 24 3 0.00804585
2 0 25 0 0.000503851
2 0 25 1 0.00752025
2 0 25 2 0.000170513
2 0 25 3 0.00834026
2 0 26 0 0.000494819
2 0 26 1 0.00658902
2 0 26 2 0.000175049
2 0 26 3 0.00838901
2 0 27 0 0.000510512
2 0 27 1 0.0126374
2 0 27 2 0.000166836
2 0 27 3 0.00897193
2 0 28 0 0.00050181
2 0 28 1 0.00721151
2 0 28 2 0.000170696
2 0 28 3 0.00908771
2 0 29 0 0.000506282
2 0 29 1 0.00655605
2 0 29 2 0.000174431
2 0 29 3 0.00942599
2 0 30 0 0.000497055
2 0 30 1 0.00937048
2 0 30 2 0.000171142
2 0 30 3 0.0072663
2 0 31 0 0.000494455
2 0 31 1 0.00902802
2 0 31 2 0.000163562
2 0 31 3 0.00701534
2 0 32 0 0.000493902
2 0 32 1 0.00814851
2 0 32 2 0.000169114
2 0 32 3 0.00710024
2 0 33 0 0.000499959
2 0 33 1 0.00710116
2 0 33 2 0.00016754
2 0 33 3 0.00787269
2 0 34 0 0.000481699
2 0 34 1 0.007121
2 0 34 2 0.000171714
2 0 34 3 0.00590799
2 0 35 0 0.000482022
2 0 35 1 0.0072
2 0 35 2 0.000167475
2 0 35 3 0.00552621
2 0 36 0 0.000484231
2 0 36 1 0.00536111
2 0 36 2 0.000160316
2 0 36 3 0.00592308
2 0 37 0 0.000490982
2 0 37 1 0.00340959
2 0 37 2 0.000173135
2 0 37 3 0.00677713
2 0 38 0 0.000487225
2 0 38 1 0.00653893
2 0 38 2 0.000172265
2 0 38 3 0.00652543
2 0 39 0 0.000481751
2 0 39 1 0.00588685
2 0 39 2 0.000179642
2 0 39 3 0.00578192
2 0 40 0 0.000481741
2 0 40 1 0.00869609
2 0 40 2 0.000168388
2 0 40 3 0.00523232
2 0 41 0 0.000482514
2 0 41 1 0.00570318
2 0 41 2 0.000163461
2 0 41 3 0.0059991
2 0 42 0 0.000479415
2 0 42 1 0.00620206
2 0 42 2 0.000167643
2 0 42 3 0.00499799
2 0 43 0 0.000479972
2 0 43 1 0.00537108
2 0 43 2 0.000166397
2 0 43 3 0.00564418
2 0 44 0 0.000478764
2 0 44 1 0.00229319
2 0 44 2 0.000158024
2 0 44 3 0.00518675
2 0 45 0 0.000478764
2 0 45 1 0.00158177
2 0 45 2 0.000163917
2 0 45 3 0.00482601
2 0 46 0 0.000478764
2 0 46 1 0.00278033
2 0 46 2 0.000160466
2 0 46 3 0.00450721
2 0 47 0 0.000478764
2 0 47 1 0.00336935
2 0 47 2 0.000161867
2 0 47 3 0.00348357
2 1 0 0 0.000478764
2 1 0 1 0.00617362
2 1 0 2 0.000174845
2 1 0 3 0.00366782
2 1 1 0 0.000478764
2 1 1 1 0.00202239
2 1 1 2 0.00016948
2 1 1 3 0.00379902
2 1 2 0 0.000478764
2 1 2 1 0.00185466
2 1 2 2 0.000175045
2 1 2 3 0.00376421
2 1 3 0 0.000478764
2 1 3 1 0.00468821
2 1 3 2 0.000170869
2 1 3 3 0.0028266
2 1 4 0 0.000478745
2 1 4 1 0.00275697
2 1 4 2 0.000154151
2 1 4 3 0.0027366
2 1 5 0 0.000478745
2 1 5 1 0.0014685
2 1 5 2 0.000166261
2 1 5 3 0.00275778
2 1 6 0 0.000478745
2 1 6 1 0.000776075
2 1 6 2 0.00013846
2 1 6 3 0.00197632
2 1 7 0 0.000478745
2 1 7 1 0.000310654
2 1 7 2 0.000158274
2 1 7 3 0.00263999
2 1 8 0 0.000478745
2 1 8 1 0.000900042
2 1 8 2 0.00013846
2 1 8 3 0.00144567
2 1 9 0 0.000478745
2 1 9 1 0.00128689
2 1 9 2 0.00013846
2 1 9 3 0.00143866
2 1 10 0 0.000478745
2 1 10 1 0.00131617
2 1 10 2 0.000138818
2 1 10 3 0.00102415
2 1 11 0 0.000478745
2 1 11 1 0.00051572
2 1 11 2 0.000161509
2 1 11 3 0.00140044
2 1 12 0 0.000478745
2 1 12 1 7.21874e-05
2 1 12 2 0.00013846
2 1 12 3 0.00132855
2 1 13 0 0.000478745
2 1 13 1 0.00116939
2 1 13 2 0.00013846
2 1 13 3 0.00100525
2 1 14 0 0.000478745
2 1 14 1 0.000659026
2 1 14 2 0.000143041
2 1 14 3 0.0010903
2 1 15 0 0.000478745
2 1 15 1 0.000722838
2 1 15 2 0.000154509
2 1 15 3 0.000652219
2 1 16 0 0.000478745
2 1 16 1 0.00201135
2 1 16 2 0.00013846
2 1 16 3 0.00105239
2 1 17 0 0.000478745
2 1 17 1 0.0020526
2 1 17 2 0.000140845
2 1 17 3 0.00143147
2 1 18 0 0.000478745
2 1 18 1 0.00195577
2 1 18 2 0.000161566
2 1 18 3 0.00238439
2 1 19 0 0.000478764
2 1 19 1 0.0045475
2 1 19 2 0.000162097
2 1 19 3 0.00310809
2 1 20 0 0.000478764
2 1 20 1 0.0062437
2 1 20 2 0.000161254
2 1 20 3 0.00322791
2 1 21 0 0.000478764
2 1 21 1 0.0051287
2 1 21 2 0.000176194
2 1 21 3 0.00458557
2 1 22 0 0.000480217
2 1 22 1 0.00614789
2 1 22 2 0.000180976
2 1 22 3 0.00557231
2 1 23 0 0.00049066
2 1 23 1 0.00661004
2 1 23 2 0.000163767
2 1 23 3 0.00664065
2 1 24 0 0.000489715
2 1 24 1 0.00801967
2 1 24 2 0.000170773
2 1 24 3 0.00678218
2 1 25 0 0.000498844
2 1 25 1 0.0081634
2 1 25 2 0.000171555
2 1 25 3 0.00770745
2 1 26 0 0.000498941
2 1 26 1 0.00453242
2 1 26 2 0.000180122
2 1 26 3 0.00819687
2 1 27 0 0.000498748
2 1 27 1 0.00571581
2 1 27 2 0.000173265
2 1 27 3 0.00849174
2 1 28 0 0.00049404
2 1 28 1 0.00996885
2 1 28 2 0.000169978
2 1 28 3 0.00721562
2 1 29 0 0.000498333
2 1 29 1 0.00698317
2 1 29 2 0.00017346
2 1 29 3 0.00783702
2 1 30 0 0.000490091
2 1 30 1 0.00892177
2 1 30 2 0.000176857
2 1 30 3 0.00662816
2 1 31 0 0.000495431
2 1 31 1 0.00732366
2 1 31 2 0.000166104
2 1 31 3 0.00657925
2 1 32 0 0.000487561
2 1 32 1 0.0068628
2 1 32 2 0.000168308
2 1 32 3 0.00665047
2 1 33 0 0.000487093
2 1 33 1 0.008533
2 1 33 2 0.000167091
2 1 33 3 0.00641773
2 1 34 0 0.000481403
2 1 34 1 0.00698361
2 1 34 2 0.000162688
2 1 34 3 0.00561383
2 1 35 0 0.000482063
2 1 35 1 0.00703505
2 1 35 2 0.000162217
2 1 35 3 0.00567513
2 1 36 0 0.000479888
2 1 36 1 0.00470012
2 1 36 2 0.000176822
2 1 36 3 0.00543034
2 1 37 0 0.000478764
2 1 37 1 0.00434264
2 1 37 2 0.000174496
2 1 37 3 0.00466505
2 1 38 0 0.000481568
2 1 38 1 0.00481936
2 1 38 2 0.000167368
2 1 38 3 0.00536453
2 1 39 0 0.000479624
2 1 39 1 0.0078041
2 1 39 2 0.000172598
2 1 39 3 0.00485772
2 1 40 0 0.000481427
2 1 40 1 0.00638273
2 1 40 2 0.000160775
2 1 40 3 0.00506648
2 1 41 0 0.000478764
2 1 41 1 0.00495771
2 1 41 2 0.000166023
2 1 41 3 0.00468017
2 1 42 0 0.000478764
2 1 42 1 0.00514561
2 1 42 2 0.00016777
2 1 42 3 0.00483902
2 1 43 0 0.000478764
2 1 43 1 0.00373569
2 1 43 2 0.000164367
2 1 43 3 0.00534935
2 1 44 0 0.000483093
2 1 44 1 0.00201415
2 1 44 2 0.000171624
2 1 44 3 0.00629967
2 1 45 0 0.000483051
2 1 45 1 0.00250859
2 1 45 2 0.000171928
2 1 45 3 0.00611643
2 1 46 0 0.000478764
2 1 46 1 0.00250689
2 1 46 2 0.000178453
2 1 46 3 0.00516029
2 1 47 0 0.000478764
2 1 47 1 0.0039257
2 1 47 2 0.00016979
2 1 47 3 0.00496614
2 2 0 0 0.000478764
2 2 0 1 0.00278219
2 2 0 2 0.000163918
2 2 0 3 0.00542392
2 2 1 0 0.000478764
2 2 1 1 0.00186343
2 2 1 2 0.000168009
2 2 1 3 0.00505073
2 2 2 0 0.000478764
2 2 2 1 0.00378623
2 2 2 2 0.000170021
2 2 2 3 0.00368679
2 2 3 0 0.000478745
2 2 3 1 0.00348377
2 2 3 2 0.000163568
2 2 3 3 0.00312584
2 2 4 0 0.000478764
2 2 4 1 0.00477723
2 2 4 2 0.000614566
2 2 4 3 0.00319185
2 2 5 0 0.000478745
2 2 5 1 0.00308601
2 2 5 2 0.000174907
2 2 5 3 0.00291421
2 2 6 0 0.000478745
2 2 6 1 0.0018019
2 2 6 2 0.000168012
2 2 6 3 0.00313366
2 2 7 0 0.000478745
2 2 7 1 0.00109032
2 2 7 2 0.000165465
2 2 7 3 0.00275489
2 2 8 0 0.000478745
2 2 8 1 0.00350482
2 2 8 2 0.00016199
2 2 8 3 0.00181778
2 2 9 0 0.000478745
2 2 9 1 0.00193102
2 2 9 2 0.000143299
2 2 9 3 0.0014376
2 2 10 0 0.000478745
2 2 10 1 0.000776826
2 2 10 2 0.000143513
2 2 10 3 0.00137274
2 2 11 0 0.000478745
2 2 11 1 0.000955301
2 2 11 2 0.000139709
2 2 11 3 0.00131493
2 2 12 0 0.000478745
2 2 12 1 0.000732193
2 2 12 2 0.00013846
2 2 12 3 0.00130515
2 2 13 0 0.000478745
2 2 13 1 0.00162721
2 2 13 2 0.00013846
2 2 13 3 0.00106245
2 2 14 0 0.000478745
2 2 14 1 0.000936568
2 2 14 2 0.000146015
2 2 14 3 0.00140392
2 2 15 0 0.000478745
2 2 15 1 0.00195305
2 2 15 2 0.00013846
2 2 15 3 0.000800885
2 2 16 0 0.000478745
2 2 16 1 0.00182998
2 2 16 2 0.00013846
2 2 16 3 0.00138056
2 2 17 0 0.000478745
2 2 17 1 0.00222893
2 2 17 2 0.00016594
2 2 17 3 0.00160188
2 2 18 0 0.000478745
2 2 18 1 0.00371726
2 2 18 2 0.000163665
2 2 18 3 0.00247505
2 2 19 0 0.000478764
2 2 19 1 0.00174913
2 2 19 2 0.00017193
2 2 19 3 0.00399215
2 2 20 0 0.000478764
2 2 20 1 0.00449209
2 2 20 2 0.00016836
2 2 20 3 0.003734
2 2 21 0 0.000478764
2 2 21 1 0.00404516
2 2 21 2 0.000179555
2 2 21 3 0.00410994
2 2 22 0 0.000484562
2 2 22 1 0.0102672
2 2 22 2 0.000163358
2 2 22 3 0.00486103
2 2 23 0 0.000494407
2 2 23 1 0.00820777
2 2 23 2 0.000172895
2 2 23 3 0.00654456
2 2 24 0 0.000496348
2 2 24 1 0.0105896
2 2 24 2 0.000176876
2 2 24 3 0.00709307
2 2 25 0 0.000495161
2 2 25 1 0.0124929
2 2 25 2 0.000174557
2 2 25 3 0.00636495
2 2 26 0 0.000502167
2 2 26 1 0.00751373
2 2 26 2 0.000174454
2 2 26 3 0.00864141
2 2 27 0 0.00050671
2 2 27 1 0.00769774
2 2 27 2 0.00018024
2 2 27 3 0.00931461
2 2 28 0 0.000495777
2 2 28 1 0.00865197
2 2 28 2 0.000169003
2 2 28 3 0.00735574
2 2 29 0 0.000492977
2 2 29 1 0.0105196
2 2 29 2 0.000168135
2 2 29 3 0.00679286
2 2 30 0 0.000492907
2 2 30 1 0.00923731
2 2 30 2 0.000167444
2 2 30 3 0.0067302
2 2 31 0 0.000490678
2 2 31 1 0.0110998
2 2 31 2 0.000164494
2 2 31 3 0.00585904
2 2 32 0 0.000482209
2 2 32 1 0.00839113
2 2 32 2 0.00017065
2 2 32 3 0.00581898
2 2 33 0 0.00048818
2 2 33 1 0.00604645
2 2 33 2 0.000174864
2 2 33 3 0.00629974
2 2 34 0 0.000482726
2 2 34 1 0.00379716
2 2 34 2 0.000163382
2 2 34 3 0.00594096
2 2 35 0 0.000478764
2 2 35 1 0.00646204
2 2 35 2 0.000162454
2 2 35 3 0.0053397
2 2 36 0 0.000478764
2 2 36 1 0.00850205
2 2 36 2 0.000167077
2 2 36 3 0.00459149
2 2 37 0 0.000479828
2 2 37 1 0.00403976
2 2 37 2 0.000172004
2 2 37 3 0.00586485
2 2 38 0 0.000481531
2 2 38 1 0.00794979
2 2 38 2 0.000165049
2 2 38 3 0.00528103
2 2 39 0 0.000479902
2 2 39 1 0.00925891
2 2 39 2 0.00016755
2 2 39 3 0.00487337
2 2 40 0 0.000483492
2 2 40 1 0.00700935
2 2 40 2 0.000165001
2 2 40 3 0.0052955
2 2 41 0 0.000479725
2 2 41 1 0.00624056
2 2 41 2 0.000163164
2 2 41 3 0.00512873
2 2 42 0 0.000478764
2 2 42 1 0.00703603
2 2 42 2 0.00016486
2 2 42 3 0.00418126
2 2 43 0 0.000478764
2 2 43 1 0.00138428
2 2 43 2 0.000159154
2 2 43 3 0.00537047
2 2 44 0 0.000478764
2 2 44 1 0.00452316
2 2 44 2 0.000167261
2 2 44 3 0.00493255
2 2 45 0 0.000478764
2 2 45 1 0.00167895
2 2 45 2 0.000162675
2 2 45 3 0.00421602
2 2 46 0 0.000478764
2 2 46 1 0.00328189
2 2 46 2 0.000168292
2 2 46 3 0.00409623
2 2 47 0 0.000478764
2 2 47 1 0.00106836
2 2 47 2 0.000168957
2 2 47 3 0.00433361
2 3 0 0 0.000478764
2 3 0 1 0.00288177
2 3 0 2 0.000167612
2 3 0 3 0.00367266
2 3 1 0 0.000478764
2 3 1 1 0.0019886
2 3 1 2 0.000159186
2 3 1 3 0.00441287
2 3 2 0 0.000478745
2 3 2 1 0.0025454
2 3 2 2 0.00016878
2 3 2 3 0.00299516
2 3 3 0 0.000478764
2 3 3 1 0.00195738
2 3 3 2 0.000167941
2 3 3 3 0.00289522
2 3 4 0 0.000478745
2 3 4 1 0.00107802
2 3 4 2 0.000172886
2 3 4 3 0.00305895
2 3 5 0 0.000478745
2 3 5 1 0.00398633
2 3 5 2 0.000170841
2 3 5 3 0.00251601
2 3 6 0 0.000478745
2 3 6 1 0.00118246
2 3 6 2 0.000161153
2 3 6 3 0.00192389
2 3 7 0 0.000478745
2 3 7 1 0.0028278
2 3 7 2 0.000149452
2 3 7 3 0.00231849
2 3 8 0 0.000478745
2 3 8 1 0.00216834
2 3 8 2 0.000139687
2 3 8 3 0.00143294
2 3 9 0 0.000478745
2 3 9 1 0.00295856
2 3 9 2 0.00013846
2 3 9 3 0.00146844
2 3 10 0 0.000478745
2 3 10 1 0.00107642
2 3 10 2 0.00013846
2 3 10 3 0.00142651
2 3 11 0 0.000478745
2 3 11 1 6.53385e-05
2 3 11 2 0.00013846
2 3 11 3 0.00139852
2 3 12 0 0.000478745
2 3 12 1 0.000817752
2 3 12 2 0.00013846
2 3 12 3 0.00143449
2 3 13 0 0.000478745
2 3 13 1 0.00056091
2 3 13 2 0.00013846
2 3 13 3 0.00120456
2 3 14 0 0.000478745
2 3 14 1 7.49093e-05
2 3 14 2 0.00013846
2 3 14 3 0.00108478
2 3 15 0 0.000478745
2 3 15 1 0.00055376
2 3 15 2 0.00013846
2 3 15 3 0.00123524
2 3 16 0 0.000478745
2 3 16 1 0.000466166
2 3 16 2 0.000156428
2 3 16 3 0.00140422
2 3 17 0 0.000478745
2 3 17 1 0.00101495
2 3 17 2 0.00013846
2 3 17 3 0.00139802
2 3 18 0 0.000478745
2 3 18 1 0.0013515
2 3 18 2 0.000139677
2 3 18 3 0.00204891
2 3 19 0 0.000478745
2 3 19 1 0.00316064
2 3 19 2 0.000174455
2 3 19 3 0.00262843
2 3 20 0 0.000478764
2 3 20 1 0.00544553
2 3 20 2 0.000168885
2 3 20 3 0.00387572
2 3 21 0 0.000478764
2 3 21 1 0.00641788
2 3 21 2 0.000157974
2 3 21 3 0.0035596
2 3 22 0 0.000485999
2 3 22 1 0.00338607
2 3 22 2 0.000171489
2 3 22 3 0.00635839
2 3 23 0 0.000481773
2 3 23 1 0.00593169
2 3 23 2 0.000161398
2 3 23 3 0.0047759
2 3 24 0 0.00049193
2 3 24 1 0.00692389
2 3 24 2 0.000173103
2 3 24 3 0.00701271
2 3 25 0 0.000487429
2 3 25 1 0.00460293
2 3 25 2 0.000178637
2 3 25 3 0.00707522
2 3 26 0 0.000492842
2 3 26 1 0.0104576
2 3 26 2 0.00016846
2 3 26 3 0.00675634
2 3 27 0 0.000493929
2 3 27 1 0.0112673
2 3 27 2 0.000173181
2 3 27 3 0.00716993
2 3 28 0 0.000487204
2 3 28 1 0.00604846
2 3 28 2 0.000171933
2 3 28 3 0.0068363
2 3 29 0 0.000494599
2 3 29 1 0.00636024
2 3 29 2 0.000167283
2 3 29 3 0.00735976
2 3 30 0 0.000486501
2 3 30 1 0.00503873
2 3 30 2 0.000166088
2 3 30 3 0.00654067
2 3 31 0 0.000485236
2 3 31 1 0.00683557
2 3 31 2 0.000166743
2 3 31 3 0.00621104
2 3 32 0 0.00048125
2 3 32 1 0.00689609
2 3 32 2 0.000170729
2 3 32 3 0.00580509
2 3 33 0 0.000486126
2 3 33 1 0.00757409
2 3 33 2 0.000168316
2 3 33 3 0.00620315
2 3 34 0 0.000480244
2 3 34 1 0.00657754
2 3 34 2 0.000163188
2 3 34 3 0.00499503
2 3 35 0 0.000479326
2 3 35 1 0.00611283
2 3 35 2 0.00016359
2 3 35 3 0.00514879
2 3 36 0 0.000482899
2 3 36 1 0.00802564
2 3 36 2 0.000163055
2 3 36 3 0.00540488
2 3 37 0 0.000479223
2 3 37 1 0.00414488
2 3 37 2 0.000166858
2 3 37 3 0.00485606
2 3 38 0 0.000478764
2 3 38 1 0.00581051
2 3 38 2 0.000167682
2 3 38 3 0.00505234
2 3 39 0 0.000478764
2 3 39 1 0.00324449
2 3 39 2 0.000176932
2 3 39 3 0.00452237
2 3 40 0 0.000478764
2 3 40 1 0.00627545
2 3 40 2 0.000171675
2 3 40 3 0.0046278
2 3 41 0 0.000478764
2 3 41 1 0.00318002
2 3 41 2 0.000164308
2 3 41 3 0.00406519
2 3 42 0 0.000478764
2 3 42 1 0.00301494
2 3 42 2 0.000171185
2 3 42 3 0.00438767
2 3 43 0 0.000478764
2 3 43 1 0.00546051
2 3 43 2 0.00015923
2 3 43 3 0.00444193
2 3 44 0 0.000478764
2 3 44 1 0.00302629
2 3 44 2 0.000162961
2 3 44 3 0.00407337
2 3 45 0 0.000478764
2 3 45 1 0.00385317
2 3 45 2 0.000173932
2 3 45 3 0.00461041
2 3 46 0 0.000478764
2 3 46 1 0.00186777
2 3 46 2 0.000162761
2 3 46 3 0.0048337
2 3 47 0 0.000478764
2 3 47 1 0.00608767
2 3 47 2 0.000168812
2 3 47 3 0.0035875
2 4 0 0 0.000478764
2 4 0 1 0.00400635
2 4 0 2 0.000171829
2 4 0 3 0.00409658
2 4 1 0 0.000478764
2 4 1 1 0.00244457
2 4 1 2 0.000170038
2 4 1 3 0.00367348
2 4 2 0 0.000478764
2 4 2 1 0.00231951
2 4 2 2 0.000356963
2 4 2 3 0.00366301
2 4 3 0 0.000478764
2 4 3 1 0.00368806
2 4 3 2 0.000166759
2 4 3 3 0.00317243
2 4 4 0 0.000478745
2 4 4 1 0.00538037
2 4 4 2 0.000162636
2 4 4 3 0.00248534
2 4 5 0 0.000478745
2 4 5 1 0.00539731
2 4 5 2 0.00016467
2 4 5 3 0.00253607
2 4 6 0 0.000478745
2 4 6 1 0.00239508
2 4 6 2 0.000145447
2 4 6 3 0.00223295
2 4 7 0 0.000478745
2 4 7 1 0.00169221
2 4 7 2 0.000160699
2 4 7 3 0.00211035
2 4 8 0 0.000478745
2 4 8 1 0.00128254
2 4 8 2 0.000153923
2 4 8 3 0.00210962
2 4 9 0 0.000478745
2 4 9 1 0.00217118
2 4 9 2 0.000145245
2 4 9 3 0.00143894
2 4 10 0 0.000478745
2 4 10 1 0.002168
2 4 10 2 0.00013846
2 4 10 3 0.00123799
2 4 11 0 0.000478745
2 4 11 1 0.000828951
2 4 11 2 0.00013846
2 4 11 3 0.00148837
2 4 12 0 0.000478745
2 4 12 1 0.00114554
2 4 12 2 0.00013846
2 4 12 3 0.00128513
2 4 13 0 0.000478745
2 4 13 1 0.000455489
2 4 13 2 0.00013846
2 4 13 3 0.00128202
2 4 14 0 0.000478745
2 4 14 1 0.000375336
2 4 14 2 0.00013846
2 4 14 3 0.0011952
2 4 15 0 0.000478745
2 4 15 1 0.000116106
2 4 15 2 0.00013846
2 4 15 3 0.00105104
2 4 16 0 0.000478745
2 4 16 1 0.00161704
2 4 16 2 0.00013846
2 4 16 3 0.00142215
2 4 17 0 0.000478745
2 4 17 1 0.00207376
2 4 17 2 0.00013846
2 4 17 3 0.00144422
2 4 18 0 0.000478745
2 4 18 1 0.00270371
2 4 18 2 0.000172757
2 4 18 3 0.00287201
2 4 19 0 0.000478745
2 4 19 1 0.00618975
2 4 19 2 0.000168803
2 4 19 3 0.00254667
2 4 20 0 0.000478764
2 4 20 1 0.00301214
2 4 20 2 0.000182412
2 4 20 3 0.00385041
2 4 21 0 0.000478866
2 4 21 1 0.00609642
2 4 21 2 0.000166644
2 4 21 3 0.00510308
2 4 22 0 0.00048358
2 4 22 1 0.0086404
2 4 22 2 0.000170618
2 4 22 3 0.00504288
2 4 23 0 0.00047979
2 4 23 1 0.00552057
2 4 23 2 0.000176566
2 4 23 3 0.00575844
2 4 24 0 0.000485896
2 4 24 1 0.00974516
2 4 24 2 0.000174673
2 4 24 3 0.00571398
2 4 25 0 0.000497539
2 4 25 1 0.00424285
2 4 25 2 0.000181788
2 4 25 3 0.00792191
2 4 26 0 0.000496724
2 4 26 1 0.00863731
2 4 26 2 0.0001793
2 4 26 3 0.00772699
2 4 27 0 0.000496643
2 4 27 1 0.0104417
2 4 27 2 0.000173148
2 4 27 3 0.00702556
2 4 28 0 0.000495127
2 4 28 1 0.00966753
2 4 28 2 0.00016557
2 4 28 3 0.00683378
2 4 29 0 0.000492552
2 4 29 1 0.00731238
2 4 29 2 0.000172996
2 4 29 3 0.00719015
2 4 30 0 0.00049558
2 4 30 1 0.0046212
2 4 30 2 0.000178147
2 4 30 3 0.0084448
2 4 31 0 0.000489207
2 4 31 1 0.00452304
2 4 31 2 0.000166668
2 4 31 3 0.00733888
2 4 32 0 0.000491535
2 4 32 1 0.00805348
2 4 32 2 0.000178305
2 4 32 3 0.00646514
2 4 33 0 0.000494374
2 4 33 1 0.00865423
2 4 33 2 0.000164099
2 4 33 3 0.00699216
2 4 34 0 0.000480451
2 4 34 1 0.00527642
2 4 34 2 0.000171978
2 4 34 3 0.00585628
2 4 35 0 0.000478764
2 4 35 1 0.00606742
2 4 35 2 0.000162706
2 4 35 3 0.00481176
2 4 36 0 0.0004802
2 4 36 1 0.00516813
2 4 36 2 0.000167212
2 4 36 3 0.00529323
2 4 37 0 0.000478764
2 4 37 1 0.00465992
2 4 37 2 0.000163587
2 4 37 3 0.00489094
2 4 38 0 0.000478764
2 4 38 1 0.003553
2 4 38 2 0.000160871
2 4 38 3 0.00546026
2 4 39 0 0.000478764
2 4 39 1 0.00309608
2 4 39 2 0.000170398
2 4 39 3 0.00540207
2 4 40 0 0.000484544
2 4 40 1 0.00589926
2 4 40 2 0.000164739
2 4 40 3 0.00519101
2 4 41 0 0.000478764
2 4 41 1 0.00565153
2 4 41 2 0.00016028
2 4 41 3 0.00491463
2 4 42 0 0.000478764
2 4 42 1 0.00654035
2 4 42 2 0.000169835
2 4 42 3 0.00309982
2 4 43 0 0.000478764
2 4 43 1 0.000261385
2 4 43 2 0.000157778
2 4 43 3 0.00513467
2 4 44 0 0.000478764
2 4 44 1 0.00500973
2 4 44 2 0.000160506
2 4 44 3 0.00431102
2 4 45 0 0.000478764
2 4 45 1 0.00715589
2 4 45 2 0.000163006
2 4 45 3 0.00383848
2 4 46 0 0.000478764
2 4 46 1 0.00303237
2 4 46 2 0.000161165
2 4 46 3 0.00327777
2 4 47 0 0.000478745
2 4 47 1 0.00222361
2 4 47 2 0.000168243
2 4 47 3 0.00331977
2 5 0 0 0.000478764
2 5 0 1 0.00495793
2 5 0 2 0.000163598
2 5 0 3 0.00285652
2 5 1 0 0.000478745
2 5 1 1 0.00296627
2 5 1 2 0.000165782
2 5 1 3 0.00337745
2 5 2 0 0.000478745
2 5 2 1 0.00227211
2 5 2 2 0.000173332
2 5 2 3 0.00262433
2 5 3 0 0.000478745
2 5 3 1 0.000254117
2 5 3 2 0.000166499
2 5 3 3 0.00351531
2 5 4 0 0.000478745
2 5 4 1 0.00331644
2 5 4 2 0.000159987
2 5 4 3 0.00222428
2 5 5 0 0.000478745
2 5 5 1 0.00366886
2 5 5 2 0.000161934
2 5 5 3 0.00244467
2 5 6 0 0.000478745
2 5 6 1 0.00436406
2 5 6 2 0.000186794
2 5 6 3 0.0016381
2 5 7 0 0.000478745
2 5 7 1 0.00390848
2 5 7 2 0.000154323
2 5 7 3 0.00146984
2 5 8 0 0.000478745
2 5 8 1 0.00305514
2 5 8 2 0.000166406
2 5 8 3 0.00186478
2 5 9 0 0.000478745
2 5 9 1 0.00262121
2 5 9 2 0.00013846
2 5 9 3 0.00142782
2 5 10 0 0.000478745
2 5 10 1 0.00361926
2 5 10 2 0.00013846
2 5 10 3 0.00139283
2 5 11 0 0.000478745
2 5 11 1 0.00261427
2 5 11 2 0.00013846
2 5 11 3 0.00143259
2 5 12 0 0.000478745
2 5 12 1 0.00326705
2 5 12 2 0.000167639
2 5 12 3 0.00142988
2 5 13 0 0.000478745
2 5 13 1 0.00330026
2 5 13 2 0.00013846
2 5 13 3 0.00131962
2 5 14 0 0.000478745
2 5 14 1 0.00118929
2 5 14 2 0.00013846
2 5 14 3 0.0013137
2 5 15 0 0.000478745
2 5 15 1 0.00159966
2 5 15 2 0.00013846
2 5 15 3 0.00111493
2 5 16 0 0.000478745
2 5 16 1 0.00249045
2 5 16 2 0.00013846
2 5 16 3 0.00142254
2 5 17 0 0.000478745
2 5 17 1 0.00277371
2 5 17 2 0.00013846
2 5 17 3 0.00151121
2 5 18 0 0.000478745
2 5 18 1 0.00547885
2 5 18 2 0.00018362
2 5 18 3 0.00169669
2 5 19 0 0.000478745
2 5 19 1 0.00326803
2 5 19 2 0.000177507
2 5 19 3 0.00277949
2 5 20 0 0.000478764
2 5 20 1 0.00786742
2 5 20 2 0.000169006
2 5 20 3 0.00281853
2 5 21 0 0.000478764
2 5 21 1 0.0010717
2 5 21 2 0.000164557
2 5 21 3 0.00422991
2 5 22 0 0.000480255
2 5 22 1 0.00412452
2 5 22 2 0.000168349
2 5 22 3 0.00516311
2 5 23 0 0.000481944
2 5 23 1 0.00785626
2 5 23 2 0.000173237
2 5 23 3 0.00542243
2 5 24 0 0.000483797
2 5 24 1 0.0059484
2 5 24 2 0.000167147
2 5 24 3 0.00640833
2 5 25 0 0.000499314
2 5 25 1 0.00331435
2 5 25 2 0.000176157
2 5 25 3 0.00794537
2 5 26 0 0.000500207
2 5 26 1 0.00404571
2 5 26 2 0.000172582
2 5 26 3 0.00846318
2 5 27 0 0.000511393
2 5 27 1 0.0104972
2 5 27 2 0.000167013
2 5 27 3 0.00836763
2 5 28 0 0.000498239
2 5 28 1 0.00223592
2 5 28 2 0.000173811
2 5 28 3 0.00886498
2 5 29 0 0.000498044
2 5 29 1 0.00515993
2 5 29 2 0.000182499
2 5 29 3 0.0079129
2 5 30 0 0.000493486
2 5 30 1 0.0039385
2 5 30 2 0.000168122
2 5 30 3 0.0078117
2 5 31 0 0.000491024
2 5 31 1 0.00748841
2 5 31 2 0.000176922
2 5 31 3 0.00684635
2 5 32 0 0.000495496
2 5 32 1 0.00431769
2 5 32 2 0.000174672
2 5 32 3 0.00736456
2 5 33 0 0.000484173
2 5 33 1 0.00304257
2 5 33 2 0.000176121
2 5 33 3 0.00684247
2 5 34 0 0.000487458
2 5 34 1 0.00587091
2 5 34 2 0.000169148
2 5 34 3 0.00605554
2 5 35 0 0.000481585
2 5 35 1 0.00240985
2 5 35 2 0.000167704
2 5 35 3 0.00602052
2 5 36 0 0.000485823
2 5 36 1 0.00300877
2 5 36 2 0.000172829
2 5 36 3 0.00641206
2 5 37 0 0.000484633
2 5 37 1 0.00538368
2 5 37 2 0.000172728
2 5 37 3 0.00554791
2 5 38 0 0.000483106
2 5 38 1 0.0022632
2 5 38 2 0.000163266
2 5 38 3 0.0059788
2 5 39 0 0.000487083
2 5 39 1 0.00192082
2 5 39 2 0.000167358
2 5 39 3 0.00680651
2 5 40 0 0.000481727
2 5 40 1 0.00217889
2 5 40 2 0.000168433
2 5 40 3 0.00576463
2 5 41 0 0.00048686
2 5 41 1 0.0042397
2 5 41 2 0.000159606
2 5 41 3 0.00610118
2 5 42 0 0.000478764
2 5 42 1 0.00206899
2 5 42 2 0.000160372
2 5 42 3 0.00498967
2 5 43 0 0.000478764
2 5 43 1 0.00104557
2 5 43 2 0.000178694
2 5 43 3 0.00538897
2 5 44 0 0.000478764
2 5 44 1 0.0034523
2 5 44 2 0.00015989
2 5 44 3 0.00379883
2 5 45 0 0.000478764
2 5 45 1 0.00361635
2 5 45 2 0.000166218
2 5 45 3 0.00390973
2 5 46 0 0.000478764
2 5 46 1 0.00158684
2 5 46 2 0.000200632
2 5 46 3 0.00378364
2 5 47 0 0.000478764
2 5 47 1 0.00295077
2 5 47 2 0.000162608
2 5 47 3 0.00366271
2 6 0 0 0.000478764
2 6 0 1 0.00247355
2 6 0 2 0.000157675
2 6 0 3 0.00377478
2 6 1 0 0.000478764
2 6 1 1 0.00152114
2 6 1 2 0.000165986
2 6 1 3 0.00366036
2 6 2 0 0.000478764
2 6 2 1 0.00336626
2 6 2 2 0.000179893
2 6 2 3 0.00318181
2 6 3 0 0.000478764
2 6 3 1 0.00343654
2 6 3 2 0.000167797
2 6 3 3 0.00341376
2 6 4 0 0.000478745
2 6 4 1 0.000273967
2 6 4 2 0.000166002
2 6 4 3 0.00355544
2 6 5 0 0.000478745
2 6 5 1 0.00201654
2 6 5 2 0.000185611
2 6 5 3 0.00326535
2 6 6 0 0.000478745
2 6 6 1 0.00302045
2 6 6 2 0.000162443
2 6 6 3 0.00276629
2 6 7 0 0.000478745
2 6 7 1 0.00127862
2 6 7 2 0.000145729
2 6 7 3 0.00244815
2 6 8 0 0.000478745
2 6 8 1 0.00248957
2 6 8 2 0.000160567
2 6 8 3 0.00272664
2 6 9 0 0.000478745
2 6 9 1 0.00526074
2 6 9 2 0.000165966
2 6 9 3 0.00188068
2 6 10 0 0.000478745
2 6 10 1 0.00243837
2 6 10 2 0.000161382
2 6 10 3 0.00240773
2 6 11 0 0.000478745
2 6 11 1 0.00504922
2 6 11 2 0.000151633
2 6 11 3 0.00142948
2 6 12 0 0.000478745
2 6 12 1 0.00378564
2 6 12 2 0.00013846
2 6 12 3 0.00113415
2 6 13 0 0.000478745
2 6 13 1 0.00295765
2 6 13 2 0.00013846
2 6 13 3 0.00142708
2 6 14 0 0.000478745
2 6 14 1 0.00230197
2 6 14 2 0.00013846
2 6 14 3 0.00133377
2 6 15 0 0.000478745
2 6 15 1 0.00114278
2 6 15 2 0.00013846
2 6 15 3 0.00105629
2 6 16 0 0.000478745
2 6 16 1 0.00166377
2 6 16 2 0.00013846
2 6 16 3 0.00118529
2 6 17 0 0.000478745
2 6 17 1 0.00339763
2 6 17 2 0.00013846
2 6 17 3 0.00143097
2 6 18 0 0.000478745
2 6 18 1 0.00426581
2 6 18 2 0.00013846
2 6 18 3 0.00143524
2 6 19 0 0.000478745
2 6 19 1 0.00434534
2 6 19 2 0.000172822
2 6 19 3 0.00232884
2 6 20 0 0.000478745
2 6 20 1 0.00544132
2 6 20 2 0.000169684
2 6 20 3 0.00297167
2 6 21 0 0.000478764
2 6 21 1 0.0044394
2 6 21 2 0.000162997
2 6 21 3 0.00360456
2 6 22 0 0.00047912
2 6 22 1 0.00460145
2 6 22 2 0.000174668
2 6 22 3 0.0046778
2 6 23 0 0.000478764
2 6 23 1 0.00456593
2 6 23 2 0.000170403
2 6 23 3 0.00479383
2 6 24 0 0.000482849
2 6 24 1 0.00362464
2 6 24 2 0.00016917
2 6 24 3 0.00595642
2 6 25 0 0.000479016
2 6 25 1 0.000727729
2 6 25 2 0.000168906
2 6 25 3 0.00617497
2 6 26 0 0.000492445
2 6 26 1 0.00334681
2 6 26 2 0.000167551
2 6 26 3 0.00702466
2 6 27 0 0.000490646
2 6 27 1 0.00330594
2 6 27 2 0.000174176
2 6 27 3 0.00742579
2 6 28 0 0.000485032
2 6 28 1 0.00326175
2 6 28 2 0.000174164
2 6 28 3 0.00622627
2 6 29 0 0.000479631
2 6 29 1 0.00568736
2 6 29 2 0.000165692
2 6 29 3 0.00565492
2 6 30 0 0.000483514
2 6 30 1 0.00489836
2 6 30 2 0.000169025
2 6 30 3 0.00563435
2 6 31 0 0.000483707
2 6 31 1 0.0019255
2 6 31 2 0.000165547
2 6 31 3 0.00638037
2 6 32 0 0.000478988
2 6 32 1 0.000956824
2 6 32 2 0.000163459
2 6 32 3 0.0060065
2 6 33 0 0.000482382
2 6 33 1 0.00279498
2 6 33 2 0.000159628
2 6 33 3 0.00573037
2 6 34 0 0.000479927
2 6 34 1 0.00310079
2 6 34 2 0.000159261
2 6 34 3 0.0050473
2 6 35 0 0.000478764
2 6 35 1 0.00424706
2 6 35 2 0.000169419
2 6 35 3 0.00456398
2 6 36 0 0.000478764
2 6 36 1 0.00460752
2 6 36 2 0.000163167
2 6 36 3 0.00414953
2 6 37 0 0.000479287
2 6 37 1 0.00200621
2 6 37 2 0.000158119
2 6 37 3 0.00563591
2 6 38 0 0.000479909
2 6 38 1 0.00223481
2 6 38 2 0.000161759
2 6 38 3 0.00493825
2 6 39 0 0.000478764
2 6 39 1 0.00422453
2 6 39 2 0.000166441
2 6 39 3 0.00447487
2 6 40 0 0.000478764
2 6 40 1 0.00384008
2 6 40 2 0.000172115
2 6 40 3 0.00428582
2 6 41 0 0.000478764
2 6 41 1 0.00198904
2 6 41 2 0.000186564
2 6 41 3 0.00462045
2 6 42 0 0.000478764
2 6 42 1 0.00363195
2 6 42 2 0.000174658
2 6 42 3 0.00379941
2 6 43 0 0.000478764
2 6 43 1 0.00365145
2 6 43 2 0.000169495
2 6 43 3 0.00392783
2 6 44 0 0.000478764
2 6 44 1 0.00436205
2 6 44 2 0.000171661
2 6 44 3 0.00318963
2 6 45 0 0.000478764
2 6 45 1 0.00196102
2 6 45 2 0.000168619
2 6 45 3 0.00426637
2 6 46 0 0.000478764
2 6 46 1 0.00108549
2 6 46 2 0.000159086
2 6 46 3 0.00442948
2 6 47 0 0.000478764
2 6 47 1 0.00351474
2 6 47 2 0.000168515
2 6 47 3 0.00334678
