0 0 0 0 2.77766e-10
0 0 0 1 8.59604e-05
0 0 0 2 0.000630356
0 0 0 3 0.000708295
0 0 1 0 3.12508e-10
0 0 1 1 9.47469e-05
0 0 1 2 0.000456931
0 0 1 3 0.000581774
0 0 2 0 4.33043e-10
0 0 2 1 9.83295e-05
0 0 2 2 0.000712686
0 0 2 3 0.000530187
0 0 3 0 3.82114e-08
0 0 3 1 8.87935e-05
0 0 3 2 0.000350411
0 0 3 3 0.0006675
0 0 4 0 8.0577e-11
0 0 4 1 7.83577e-05
0 0 4 2 0.00013325
0 0 4 3 0.000817771
0 0 5 0 2.24149e-10
0 0 5 1 0.00010023
0 0 5 2 0.00014136
0 0 5 3 0.000502826
0 0 6 0 1.12554e-10
0 0 6 1 8.43372e-05
0 0 6 2 0.000133864
0 0 6 3 0.000731668
0 0 7 0 1.41312e-10
0 0 7 1 8.3787e-05
0 0 7 2 5.6863e-10
0 0 7 3 0.00073959
0 0 8 0 9.33463e-05
0 0 8 1 8.72201e-05
0 0 8 2 3.95865e-05
0 0 8 3 0.000690156
0 0 9 0 1.05571e-05
0 0 9 1 0.000109872
0 0 9 2 9.90511e-05
0 0 9 3 0.000365237
0 0 10 0 0.000432727
0 0 10 1 0.000122748
0 0 10 2 0.000494354
0 0 10 3 0.00017858
0 0 11 0 1.03719e-06
0 0 11 1 0.000110061
0 0 11 2 0.000144003
0 0 11 3 0.000362428
0 0 12 0 9.60424e-05
0 0 12 1 0.000112602
0 0 12 2 0.000186789
0 0 12 3 0.00032611
0 0 13 0 3.50175e-05
0 0 13 1 0.000112911
0 0 13 2 0.000119078
0 0 13 3 0.000322165
0 0 14 0 3.49127e-06
0 0 14 1 0.000118716
0 0 14 2 0.000164395
0 0 14 3 0.000237648
0 0 15 0 8.31473e-06
0 0 15 1 0.000113543
0 0 15 2 1.35224e-10
0 0 15 3 0.000311125
0 0 16 0 1.8124e-10
0 0 16 1 9.16586e-05
0 0 16 2 2.80162e-10
0 0 16 3 0.000626245
0 0 17 0 9.61674e-05
0 0 17 1 8.46984e-05
0 0 17 2 6.14603e-10
0 0 17 3 0.000726467
0 0 18 0 0.000250984
0 0 18 1 8.26649e-05
0 0 18 2 0.000507611
0 0 18 3 0.000755749
0 0 19 0 0.00106218
0 0 19 1 7.2542e-05
0 0 19 2 0.000294832
0 0 19 3 0.000901513
0 0 20 0 0.000884264
0 0 20 1 8.58061e-05
0 0 20 2 0.0013001
0 0 20 3 0.000710517
0 0 21 0 0.000503336
0 0 21 1 4.70323e-05
0 0 21 2 0.0012879
0 0 21 3 0.00126884
0 0 22 0 0.000320603
0 0 22 1 3.87949e-05
0 0 22 2 0.0011728
0 0 22 3 0.00192355
0 0 23 0 0.0020455
0 0 23 1 3.94266e-05
0 0 23 2 0.00152682
0 0 23 3 0.00137928
0 0 24 0 4.90893e-10
0 0 24 1 3.87018e-05
0 0 24 2 0.00172707
0 0 24 3 0.00200347
0 0 25 0 0.00166323
0 0 25 1 3.94278e-05
0 0 25 2 0.00198927
0 0 25 3 0.00137834
0 0 26 0 0.00150405
0 0 26 1 3.74562e-05
0 0 26 2 0.000665297
0 0 26 3 0.00307627
0 0 27 0 3.75728e-05
0 0 27 1 3.80264e-05
0 0 27 2 0.00169745
0 0 27 3 0.00258744
0 0 28 0 0.000384933
0 0 28 1 3.9223e-05
0 0 28 2 0.00273792
0 0 28 3 0.00155495
0 0 29 0 0.000232265
0 0 29 1 3.84213e-05
0 0 29 2 0.00138593
0 0 29 3 0.00224604
0 0 30 0 7.44178e-07
0 0 30 1 3.87713e-05
0 0 30 2 0.00144935
0 0 30 3 0.0019437
0 0 31 0 0.000584001
0 0 31 1 3.94277e-05
0 0 31 2 0.00208716
0 0 31 3 0.00137834
0 0 32 0 0.000540273
0 0 32 1 4.6581e-05
0 0 32 2 0.0016997
0 0 32 3 0.00127534
0 0 33 0 3.99358e-05
0 0 33 1 3.94352e-05
0 0 33 2 0.00162972
0 0 33 3 0.00137823
0 0 34 0 0.000490229
0 0 34 1 3.92395e-05
0 0 34 2 0.00102876
0 0 34 3 0.00154048
0 0 35 0 7.26449e-10
0 0 35 1 3.87311e-05
0 0 35 2 0.000868035
0 0 35 3 0.00197833
0 0 36 0 0.000624146
0 0 36 1 3.87928e-05
0 0 36 2 0.000485933
0 0 36 3 0.00192509
0 0 37 0 3.50418e-05
0 0 37 1 3.94281e-05
0 0 37 2 0.00128406
0 0 37 3 0.00137833
0 0 38 0 9.03977e-06
0 0 38 1 3.89454e-05
0 0 38 2 0.0012485
0 0 38 3 0.00179457
0 0 39 0 0.000416029
0 0 39 1 3.9299e-05
0 0 39 2 0.000621579
0 0 39 3 0.00148917
0 0 40 0 0.000481914
0 0 40 1 3.88217e-05
0 0 40 2 0.000374878
0 0 40 3 0.00190025
0 0 41 0 0.000738803
0 0 41 1 3.90649e-05
0 0 41 2 0.000728222
0 0 41 3 0.00169082
0 0 42 0 0.000240621
0 0 42 1 3.90844e-05
0 0 42 2 0.000588809
0 0 42 3 0.00167402
0 0 43 0 4.833e-10
0 0 43 1 4.9405e-05
0 0 43 2 0.00107154
0 0 43 3 0.00123467
0 0 44 0 0.000767693
0 0 44 1 5.95812e-05
0 0 44 2 0.00056644
0 0 44 3 0.00108814
0 0 45 0 0.00126166
0 0 45 1 7.87581e-05
0 0 45 2 0.00097675
0 0 45 3 0.000812004
0 0 46 0 7.44231e-07
0 0 46 1 7.214e-05
0 0 46 2 0.000966669
0 0 46 3 0.000907302
0 0 47 0 3.18348e-10
0 0 47 1 8.57786e-05
0 0 47 2 0.00122873
0 0 47 3 0.000710913
0 1 0 0 1.16921e-09
0 1 0 1 6.48831e-05
0 1 0 2 0.00064897
0 1 0 3 0.0010118
0 1 1 0 7.35384e-10
0 1 1 1 6.99089e-05
0 1 1 2 0.000614878
0 1 1 3 0.000939429
0 1 2 0 2.03862e-10
0 1 2 1 3.94277e-05
0 1 2 2 6.32438e-06
0 1 2 3 0.00137834
0 1 3 0 7.90068e-10
0 1 3 1 9.31113e-05
0 1 3 2 0.000667813
0 1 3 3 0.000605326
0 1 4 0 1.02018e-09
0 1 4 1 6.4663e-05
0 1 4 2 0.000281732
0 1 4 3 0.00101497
0 1 5 0 5.30056e-10
0 1 5 1 6.74208e-05
0 1 5 2 0.000289587
0 1 5 3 0.000975256
0 1 6 0 0.000412213
0 1 6 1 7.84993e-05
0 1 6 2 0.000532335
0 1 6 3 0.000815731
0 1 7 0 1.97771e-10
0 1 7 1 9.05441e-05
0 1 7 2 0.000568441
0 1 7 3 0.000642292
0 1 8 0 0.000160272
0 1 8 1 9.0549e-05
0 1 8 2 0.000567899
0 1 8 3 0.000642222
0 1 9 0 1.50023e-10
0 1 9 1 9.3675e-05
0 1 9 2 0.000216738
0 1 9 3 0.00059721
0 1 10 0 1.19637e-10
0 1 10 1 9.80285e-05
0 1 10 2 0.000429786
0 1 10 3 0.000534521
0 1 11 0 0.000270704
0 1 11 1 0.000107636
0 1 11 2 0.000492868
0 1 11 3 0.000396184
0 1 12 0 0.00167422
0 1 12 1 9.13277e-05
0 1 12 2 7.43524e-10
0 1 12 3 0.000631008
0 1 13 0 0.000389873
0 1 13 1 0.000107269
0 1 13 2 0.000221817
0 1 13 3 0.000401462
0 1 14 0 0.000957173
0 1 14 1 9.7114e-05
0 1 14 2 4.7602e-05
0 1 14 3 0.000547689
0 1 15 0 0.000106613
0 1 15 1 9.74507e-05
0 1 15 2 8.94169e-11
0 1 15 3 0.000542842
0 1 16 0 0.00100156
0 1 16 1 0.000107542
0 1 16 2 0.00029738
0 1 16 3 0.000397531
0 1 17 0 0.000361082
0 1 17 1 8.83457e-05
0 1 17 2 0.000167909
0 1 17 3 0.000673949
0 1 18 0 0.00150472
0 1 18 1 7.48403e-05
0 1 18 2 0.000468059
0 1 18 3 0.000868419
0 1 19 0 0.000951859
0 1 19 1 7.30137e-05
0 1 19 2 0.000274808
0 1 19 3 0.00089472
0 1 20 0 1.3458e-10
0 1 20 1 3.94277e-05
0 1 20 2 0.000815631
0 1 20 3 0.00137834
0 1 21 0 0.000271775
0 1 21 1 6.40381e-05
0 1 21 2 0.000747572
0 1 21 3 0.00102396
0 1 22 0 0.000116592
0 1 22 1 3.94277e-05
0 1 22 2 0.00139396
0 1 22 3 0.00137834
0 1 23 0 5.70057e-10
0 1 23 1 3.94276e-05
0 1 23 2 0.0016954
0 1 23 3 0.0013784
0 1 24 0 0.000142631
0 1 24 1 3.88166e-05
0 1 24 2 0.00165979
0 1 24 3 0.00190563
0 1 25 0 5.68446e-07
0 1 25 1 6.76946e-05
0 1 25 2 0.00261024
0 1 25 3 0.000971313
0 1 26 0 2.93637e-10
0 1 26 1 3.90537e-05
0 1 26 2 0.00194798
0 1 26 3 0.00170044
0 1 27 0 0.00039461
0 1 27 1 3.87807e-05
0 1 27 2 0.00112935
0 1 27 3 0.00193575
0 1 28 0 3.19093e-10
0 1 28 1 3.94277e-05
0 1 28 2 0.00191008
0 1 28 3 0.00137834
0 1 29 0 3.82338e-10
0 1 29 1 3.89937e-05
0 1 29 2 0.00268892
0 1 29 3 0.00175219
0 1 30 0 3.85769e-10
0 1 30 1 3.92898e-05
0 1 30 2 0.00164887
0 1 30 3 0.00149723
0 1 31 0 0.00078415
0 1 31 1 3.94277e-05
0 1 31 2 0.00156285
0 1 31 3 0.00137834
0 1 32 0 1.55495e-10
0 1 32 1 3.94277e-05
0 1 32 2 0.00163506
0 1 32 3 0.00137834
0 1 33 0 0.000377822
0 1 33 1 3.83728e-05
0 1 33 2 0.000868944
0 1 33 3 0.00228691
0 1 34 0 0.00027533
0 1 34 1 3.88046e-05
0 1 34 2 0.000777649
0 1 34 3 0.00191585
0 1 35 0 0.000419676
0 1 35 1 3.90418e-05
0 1 35 2 0.00113456
0 1 35 3 0.00171082
0 1 36 0 2.50584e-10
0 1 36 1 7.80159e-05
0 1 36 2 0.00222024
0 1 36 3 0.000822692
0 1 37 0 4.67439e-10
0 1 37 1 3.94277e-05
0 1 37 2 0.00144769
0 1 37 3 0.00137834
0 1 38 0 3.0827e-10
0 1 38 1 3.9123e-05
0 1 38 2 0.000624299
0 1 38 3 0.00164073
0 1 39 0 0.000319615
0 1 39 1 3.89025e-05
0 1 39 2 0.000311173
0 1 39 3 0.00183063
0 1 40 0 5.84079e-10
0 1 40 1 4.16878e-05
0 1 40 2 0.000451934
0 1 40 3 0.0013458
0 1 41 0 3.89406e-10
0 1 41 1 4.11941e-05
0 1 41 2 0.00128026
0 1 41 3 0.00135291
0 1 42 0 2.38082e-10
0 1 42 1 3.94277e-05
0 1 42 2 0.000473423
0 1 42 3 0.00137834
0 1 43 0 0.000144873
0 1 43 1 3.94294e-05
0 1 43 2 0.000718154
0 1 43 3 0.00137832
0 1 44 0 0.000297732
0 1 44 1 5.39306e-05
0 1 44 2 0.000525518
0 1 44 3 0.00116951
0 1 45 0 3.73214e-10
0 1 45 1 4.48344e-05
0 1 45 2 0.000319942
0 1 45 3 0.00130049
0 1 46 0 0.000197306
0 1 46 1 3.94277e-05
0 1 46 2 0.000477951
0 1 46 3 0.00137834
0 1 47 0 1.87838e-10
0 1 47 1 7.38181e-05
0 1 47 2 0.000805396
0 1 47 3 0.000883138
0 2 0 0 2.62323e-10
0 2 0 1 9.37949e-05
0 2 0 2 0.0014449
0 2 0 3 0.000595483
0 2 1 0 0.00132266
0 2 1 1 8.45413e-05
0 2 1 2 0.000596513
0 2 1 3 0.000728729
0 2 2 0 2.8991e-10
0 2 2 1 8.34356e-05
0 2 2 2 0.000584645
0 2 2 3 0.00074465
0 2 3 0 2.34265e-10
0 2 3 1 4.94733e-05
0 2 3 2 0.000299995
0 2 3 3 0.00123369
0 2 4 0 0.000385231
0 2 4 1 9.06223e-05
0 2 4 2 0.000442359
0 2 4 3 0.000641166
0 2 5 0 2.23022e-10
0 2 5 1 6.96712e-05
0 2 5 2 0.000470313
0 2 5 3 0.00094285
0 2 6 0 0.000108714
0 2 6 1 8.2512e-05
0 2 6 2 0.000489333
0 2 6 3 0.000757951
0 2 7 0 0.000169022
0 2 7 1 8.77477e-05
0 2 7 2 0.00078899
0 2 7 3 0.000682559
0 2 8 0 0.000154359
0 2 8 1 9.77783e-05
0 2 8 2 0.000384093
0 2 8 3 0.000538124
0 2 9 0 2.45341e-10
0 2 9 1 7.08012e-05
0 2 9 2 0.000395888
0 2 9 3 0.000926579
0 2 10 0 0.000458537
0 2 10 1 7.43933e-05
0 2 10 2 0.000125736
0 2 10 3 0.000874855
0 2 11 0 0.000817886
0 2 11 1 0.000101267
0 2 11 2 0.000255601
0 2 11 3 0.000487886
0 2 12 0 0.000831563
0 2 12 1 9.05167e-05
0 2 12 2 0.000326464
0 2 12 3 0.000642686
0 2 13 0 0.000977835
0 2 13 1 0.000102022
0 2 13 2 2.75135e-05
0 2 13 3 0.000477022
0 2 14 0 0.000836787
0 2 14 1 0.000102226
0 2 14 2 0.000118095
0 2 14 3 0.000474082
0 2 15 0 3.31018e-06
0 2 15 1 0.000118731
0 2 15 2 0.000404341
0 2 15 3 0.000236414
0 2 16 0 0.00119508
0 2 16 1 9.94541e-05
0 2 16 2 1.4298e-08
0 2 16 3 0.000513994
0 2 17 0 0.000577167
0 2 17 1 0.000120115
0 2 17 2 0.000841203
0 2 17 3 0.000216487
0 2 18 0 0.00128935
0 2 18 1 8.45745e-05
0 2 18 2 5.51832e-05
0 2 18 3 0.000728251
0 2 19 0 0.000666134
0 2 19 1 9.22532e-05
0 2 19 2 0.00105832
0 2 19 3 0.000617682
0 2 20 0 3.91139e-10
0 2 20 1 5.08059e-05
0 2 20 2 0.000397984
0 2 20 3 0.0012145
0 2 21 0 5.81179e-10
0 2 21 1 6.10108e-05
0 2 21 2 0.00076275
0 2 21 3 0.00106756
0 2 22 0 0.000204706
0 2 22 1 3.94277e-05
0 2 22 2 0.000915141
0 2 22 3 0.00137834
0 2 23 0 2.23301e-10
0 2 23 1 3.8824e-05
0 2 23 2 0.00014883
0 2 23 3 0.00189827
0 2 24 0 1.5667e-09
0 2 24 1 6.64696e-05
0 2 24 2 0.00176092
0 2 24 3 0.000988952
0 2 25 0 4.88568e-10
0 2 25 1 3.84218e-05
0 2 25 2 0.00101818
0 2 25 3 0.00224465
0 2 26 0 2.55845e-10
0 2 26 1 3.88239e-05
0 2 26 2 0.00141052
0 2 26 3 0.0018983
0 2 27 0 7.09162e-10
0 2 27 1 3.91635e-05
0 2 27 2 0.00188504
0 2 27 3 0.0016059
0 2 28 0 3.94362e-10
0 2 28 1 3.85782e-05
0 2 28 2 0.00103138
0 2 28 3 0.00210998
0 2 29 0 2.43045e-10
0 2 29 1 3.94291e-05
0 2 29 2 0.00218767
0 2 29 3 0.00137832
0 2 30 0 4.02629e-10
0 2 30 1 3.91339e-05
0 2 30 2 0.00126759
0 2 30 3 0.00163138
0 2 31 0 4.71114e-08
0 2 31 1 3.86718e-05
0 2 31 2 0.00124974
0 2 31 3 0.00202935
0 2 32 0 1.02575e-09
0 2 32 1 3.85507e-05
0 2 32 2 0.000828502
0 2 32 3 0.00213364
0 2 33 0 0.000322508
0 2 33 1 3.94277e-05
0 2 33 2 0.00122865
0 2 33 3 0.00137834
0 2 34 0 6.15154e-10
0 2 34 1 3.94277e-05
0 2 34 2 0.00113158
0 2 34 3 0.00137834
0 2 35 0 0.000305135
0 2 35 1 3.90852e-05
0 2 35 2 0.000465697
0 2 35 3 0.0016733
0 2 36 0 0.00042043
0 2 36 1 3.83573e-05
0 2 36 2 7.78049e-07
0 2 36 3 0.0023002
0 2 37 0 0.000257458
0 2 37 1 3.87636e-05
0 2 37 2 8.03053e-05
0 2 37 3 0.0019503
0 2 38 0 1.6334e-10
0 2 38 1 6.92502e-05
0 2 38 2 0.00122029
0 2 38 3 0.000948913
0 2 39 0 5.7556e-05
0 2 39 1 4.90748e-05
0 2 39 2 0.00113709
0 2 39 3 0.00123943
0 2 40 0 4.58689e-10
0 2 40 1 4.70736e-05
0 2 40 2 0.000748938
0 2 40 3 0.00126824
0 2 41 0 0.00116871
0 2 41 1 5.74475e-05
0 2 41 2 0.000683001
0 2 41 3 0.00111887
0 2 42 0 3.83436e-10
0 2 42 1 4.20587e-05
0 2 42 2 0.00033037
0 2 42 3 0.00134046
0 2 43 0 4.55659e-10
0 2 43 1 5.51026e-05
0 2 43 2 0.000745403
0 2 43 3 0.00115263
0 2 44 0 8.15824e-10
0 2 44 1 3.93058e-05
0 2 44 2 6.2183e-09
0 2 44 3 0.00148334
0 2 45 0 4.38625e-10
0 2 45 1 4.84864e-05
0 2 45 2 0.000104379
0 2 45 3 0.0012479
0 2 46 0 5.50825e-05
0 2 46 1 6.584e-05
0 2 46 2 0.000180461
0 2 46 3 0.000998018
0 2 47 0 0.000359877
0 2 47 1 9.08545e-05
0 2 47 2 0.000116737
0 2 47 3 0.000637823
0 3 0 0 1.02252e-09
0 3 0 1 7.38305e-05
0 3 0 2 0.000590751
0 3 0 3 0.000882959
0 3 1 0 0.000440931
0 3 1 1 0.000108637
0 3 1 2 0.000393972
0 3 1 3 0.000381767
0 3 2 0 0.000105712
0 3 2 1 6.46961e-05
0 3 2 2 2.71491e-10
0 3 2 3 0.00101449
0 3 3 0 1.97066e-10
0 3 3 1 8.75431e-05
0 3 3 2 0.000341067
0 3 3 3 0.000685505
0 3 4 0 3.44784e-10
0 3 4 1 8.14142e-05
0 3 4 2 0.000278358
0 3 4 3 0.000773758
0 3 5 0 2.3182e-10
0 3 5 1 8.28765e-05
0 3 5 2 0.000253435
0 3 5 3 0.000752701
0 3 6 0 1.06405e-09
0 3 6 1 0.000109249
0 3 6 2 0.000849868
0 3 6 3 0.000372947
0 3 7 0 0.000109754
0 3 7 1 9.98921e-05
0 3 7 2 0.000197311
0 3 7 3 0.000507686
0 3 8 0 1.77781e-10
0 3 8 1 8.58849e-05
0 3 8 2 1.39473e-10
0 3 8 3 0.000709383
0 3 9 0 0.000422495
0 3 9 1 9.6135e-05
0 3 9 2 0.000160397
0 3 9 3 0.000561787
0 3 10 0 1.89824e-10
0 3 10 1 0.000108271
0 3 10 2 0.000243813
0 3 10 3 0.000387034
0 3 11 0 2.07743e-10
0 3 11 1 9.7773e-05
0 3 11 2 7.35656e-05
0 3 11 3 0.0005382
0 3 12 0 1.43067e-05
0 3 12 1 0.000121602
0 3 12 2 0.000571748
0 3 12 3 0.00019508
0 3 13 0 6.62067e-05
0 3 13 1 0.000135149
0 3 13 2 0.000498851
0 3 13 3 1.27787e-10
0 3 14 0 9.3547e-06
0 3 14 1 0.000120309
0 3 14 2 0.000440137
0 3 14 3 0.000213694
0 3 15 0 1.47517e-07
0 3 15 1 0.000103872
0 3 15 2 1.65307e-06
0 3 15 3 0.00045053
0 3 16 0 3.03346e-10
0 3 16 1 0.00010082
0 3 16 2 0.000371413
0 3 16 3 0.000494324
0 3 17 0 0.000841128
0 3 17 1 0.00012311
0 3 17 2 0.00059341
0 3 17 3 0.000173367
0 3 18 0 5.43498e-05
0 3 18 1 4.34717e-05
0 3 18 2 5.59548e-05
0 3 18 3 0.00132011
0 3 19 0 5.15238e-10
0 3 19 1 6.63805e-05
0 3 19 2 0.000608031
0 3 19 3 0.000990235
0 3 20 0 3.27377e-10
0 3 20 1 3.94276e-05
0 3 20 2 0.00113463
0 3 20 3 0.00137838
0 3 21 0 0.00110613
0 3 21 1 3.92311e-05
0 3 21 2 0.00104365
0 3 21 3 0.00154766
0 3 22 0 5.66117e-10
0 3 22 1 3.84283e-05
0 3 22 2 0.00106658
0 3 22 3 0.00223907
0 3 23 0 0.00217554
0 3 23 1 3.87411e-05
0 3 23 2 0.00156067
0 3 23 3 0.00196961
0 3 24 0 2.30286e-10
0 3 24 1 3.92831e-05
0 3 24 2 0.00265455
0 3 24 3 0.00150297
0 3 25 0 0.000209336
0 3 25 1 3.85945e-05
0 3 25 2 0.0022615
0 3 25 3 0.00209724
0 3 26 0 0.000484265
0 3 26 1 3.84468e-05
0 3 26 2 0.00223496
0 3 26 3 0.0022246
0 3 27 0 0.00168512
0 3 27 1 3.80511e-05
0 3 27 2 0.00199684
0 3 27 3 0.00256391
0 3 28 0 0.00116722
0 3 28 1 3.88845e-05
0 3 28 2 0.00233883
0 3 28 3 0.0018463
0 3 29 0 0.000526174
0 3 29 1 3.94271e-05
0 3 29 2 0.00341902
0 3 29 3 0.0013788
0 3 30 0 0.000754828
0 3 30 1 3.90355e-05
0 3 30 2 0.00170989
0 3 30 3 0.00171623
0 3 31 0 6.59275e-05
0 3 31 1 3.81513e-05
0 3 31 2 0.00117581
0 3 31 3 0.00247867
0 3 32 0 0.000276866
0 3 32 1 3.79617e-05
0 3 32 2 0.000833425
0 3 32 3 0.00264165
0 3 33 0 2.37309e-07
0 3 33 1 4.73791e-05
0 3 33 2 0.00291333
0 3 33 3 0.00126384
0 3 34 0 0.000567415
0 3 34 1 3.94277e-05
0 3 34 2 0.00233515
0 3 34 3 0.00137834
0 3 35 0 0.00227151
0 3 35 1 3.94271e-05
0 3 35 2 0.00151547
0 3 35 3 0.00137883
0 3 36 0 0.00116177
0 3 36 1 3.88574e-05
0 3 36 2 0.00112864
0 3 36 3 0.00186947
0 3 37 0 0.00182627
0 3 37 1 3.90653e-05
0 3 37 2 0.000548281
0 3 37 3 0.00169042
0 3 38 0 0.000977941
0 3 38 1 3.93863e-05
0 3 38 2 0.000857166
0 3 38 3 0.001414
0 3 39 0 6.80984e-08
0 3 39 1 4.01863e-05
0 3 39 2 0.00185602
0 3 39 3 0.00136742
0 3 40 0 0.000367925
0 3 40 1 3.94277e-05
0 3 40 2 0.00135961
0 3 40 3 0.00137834
0 3 41 0 4.07732e-10
0 3 41 1 3.94276e-05
0 3 41 2 0.00154572
0 3 41 3 0.00137844
0 3 42 0 2.28749e-07
0 3 42 1 3.94277e-05
0 3 42 2 0.00120495
0 3 42 3 0.00137834
0 3 43 0 6.403e-10
0 3 43 1 3.94108e-05
0 3 43 2 0.00142804
0 3 43 3 0.00139286
0 3 44 0 0.000657216
0 3 44 1 6.06404e-05
0 3 44 2 0.000779741
0 3 44 3 0.00107289
0 3 45 0 5.03143e-10
0 3 45 1 4.30339e-05
0 3 45 2 0.000214745
0 3 45 3 0.00132641
0 3 46 0 4.72594e-10
0 3 46 1 6.89081e-05
0 3 46 2 0.00111717
0 3 46 3 0.00095384
0 3 47 0 1.74823e-10
0 3 47 1 6.40705e-05
0 3 47 2 0.000675923
0 3 47 3 0.0010235
0 4 0 0 0.000286935
0 4 0 1 6.66273e-05
0 4 0 2 0.000927628
0 4 0 3 0.000986681
0 4 1 0 5.46055e-10
0 4 1 1 6.61556e-05
0 4 1 2 0.000653899
0 4 1 3 0.000993474
0 4 2 0 0.000130113
0 4 2 1 8.86084e-05
0 4 2 2 0.000817642
0 4 2 3 0.000670166
0 4 3 0 1.24945e-10
0 4 3 1 9.74215e-05
0 4 3 2 0.000455446
0 4 3 3 0.000543263
0 4 4 0 0.000190595
0 4 4 1 9.99829e-05
0 4 4 2 0.000702618
0 4 4 3 0.000506379
0 4 5 0 8.27722e-05
0 4 5 1 8.37155e-05
0 4 5 2 0.000185116
0 4 5 3 0.00074062
0 4 6 0 0.000229861
0 4 6 1 8.98912e-05
0 4 6 2 1.15233e-10
0 4 6 3 0.000651693
0 4 7 0 3.16137e-10
0 4 7 1 8.0504e-05
0 4 7 2 1.52223e-10
0 4 7 3 0.000786864
0 4 8 0 6.90401e-08
0 4 8 1 9.42301e-05
0 4 8 2 0.000336481
0 4 8 3 0.000589216
0 4 9 0 0.000525824
0 4 9 1 0.000123663
0 4 9 2 0.000316773
0 4 9 3 0.000166416
0 4 10 0 2.83165e-09
0 4 10 1 0.000103951
0 4 10 2 2.28137e-05
0 4 10 3 0.000450275
0 4 11 0 1.08787e-07
0 4 11 1 0.000106815
0 4 11 2 4.41705e-05
0 4 11 3 0.000409189
0 4 12 0 3.02928e-05
0 4 12 1 0.000125746
0 4 12 2 0.000585254
0 4 12 3 0.000136689
0 4 13 0 0.000136052
0 4 13 1 0.000105938
0 4 13 2 0.00026688
0 4 13 3 0.000420632
0 4 14 0 1.03949e-10
0 4 14 1 0.000110289
0 4 14 2 0.000169206
0 4 14 3 0.000358127
0 4 15 0 9.17663e-09
0 4 15 1 0.000111978
0 4 15 2 0.00020387
0 4 15 3 0.000334353
0 4 16 0 1.01462e-10
0 4 16 1 0.000107061
0 4 16 2 0.000298955
0 4 16 3 0.000404452
0 4 17 0 5.72899e-05
0 4 17 1 0.000108948
0 4 17 2 0.000722303
0 4 17 3 0.000377282
0 4 18 0 7.63885e-06
0 4 18 1 5.71623e-05
0 4 18 2 0.000153716
0 4 18 3 0.00112297
0 4 19 0 0.000247387
0 4 19 1 4.54706e-05
0 4 19 2 0.000140366
0 4 19 3 0.00129133
0 4 20 0 3.42654e-10
0 4 20 1 5.72903e-05
0 4 20 2 0.00106078
0 4 20 3 0.00112113
0 4 21 0 0.00063593
0 4 21 1 4.25283e-05
0 4 21 2 0.00120754
0 4 21 3 0.0013337
0 4 22 0 0.000144678
0 4 22 1 3.91616e-05
0 4 22 2 0.00103804
0 4 22 3 0.00160755
0 4 23 0 0.000745978
0 4 23 1 3.94276e-05
0 4 23 2 0.0016768
0 4 23 3 0.00137837
0 4 24 0 0.00125183
0 4 24 1 3.8908e-05
0 4 24 2 0.00213089
0 4 24 3 0.00182605
0 4 25 0 1.48288e-07
0 4 25 1 3.94278e-05
0 4 25 2 0.00328179
0 4 25 3 0.00137834
0 4 26 0 0.00036109
0 4 26 1 3.80846e-05
0 4 26 2 0.00116532
0 4 26 3 0.00253569
0 4 27 0 0.00068202
0 4 27 1 3.85012e-05
0 4 27 2 0.00193861
0 4 27 3 0.00217639
0 4 28 0 0.00064601
0 4 28 1 3.90484e-05
0 4 28 2 0.00233183
0 4 28 3 0.00170515
0 4 29 0 0.00156874
0 4 29 1 3.94298e-05
0 4 29 2 0.00192877
0 4 29 3 0.00137831
0 4 30 0 0.000976067
0 4 30 1 3.92026e-05
0 4 30 2 0.00135592
0 4 30 3 0.00157218
0 4 31 0 0.00044284
0 4 31 1 3.88283e-05
0 4 31 2 0.00131159
0 4 31 3 0.00189458
0 4 32 0 1.50635e-08
0 4 32 1 3.90867e-05
0 4 32 2 0.00137105
0 4 32 3 0.00167196
0 4 33 0 0.000487287
0 4 33 1 3.85938e-05
0 4 33 2 0.00103147
0 4 33 3 0.00209654
0 4 34 0 5.01948e-10
0 4 34 1 3.94278e-05
0 4 34 2 0.00119831
0 4 34 3 0.00137834
0 4 35 0 3.36415e-10
0 4 35 1 3.93215e-05
0 4 35 2 0.0016499
0 4 35 3 0.00146978
0 4 36 0 5.27063e-10
0 4 36 1 3.9269e-05
0 4 36 2 0.00133095
0 4 36 3 0.00151498
0 4 37 0 4.7184e-06
0 4 37 1 3.88056e-05
0 4 37 2 0.000572294
0 4 37 3 0.00191484
0 4 38 0 0.000895431
0 4 38 1 3.94078e-05
0 4 38 2 0.00104093
0 4 38 3 0.0013955
0 4 39 0 0.00058174
0 4 39 1 3.91031e-05
0 4 39 2 0.000961576
0 4 39 3 0.00165797
0 4 40 0 0.0006093
0 4 40 1 6.79422e-05
0 4 40 2 0.00101544
0 4 40 3 0.000967747
0 4 41 0 2.16373e-05
0 4 41 1 4.6391e-05
0 4 41 2 0.00132524
0 4 41 3 0.00127807
0 4 42 0 0.000372309
0 4 42 1 6.16281e-05
0 4 42 2 0.00092813
0 4 42 3 0.00105867
0 4 43 0 1.54877e-10
0 4 43 1 3.94277e-05
0 4 43 2 0.000677728
0 4 43 3 0.00137835
0 4 44 0 0.000337897
0 4 44 1 4.6213e-05
0 4 44 2 0.000478824
0 4 44 3 0.00128064
0 4 45 0 0.000249258
0 4 45 1 4.39292e-05
0 4 45 2 0.000285255
0 4 45 3 0.00131352
0 4 46 0 4.21861e-10
0 4 46 1 4.39113e-05
0 4 46 2 0.000521421
0 4 46 3 0.00131378
0 4 47 0 5.48996e-10
0 4 47 1 4.99074e-05
0 4 47 2 0.000164758
0 4 47 3 0.00122744
0 5 0 0 1.30168e-10
0 5 0 1 6.59127e-05
0 5 0 2 0.000469433
0 5 0 3 0.000996972
0 5 1 0 7.52396e-10
0 5 1 1 7.68312e-05
0 5 1 2 0.000713137
0 5 1 3 0.00083975
0 5 2 0 2.2304e-10
0 5 2 1 9.89284e-05
0 5 2 2 0.000953927
0 5 2 3 0.000521563
0 5 3 0 1.16889e-07
0 5 3 1 8.92995e-05
0 5 3 2 0.000448638
0 5 3 3 0.000660215
0 5 4 0 3.93635e-10
0 5 4 1 8.2086e-05
0 5 4 2 0.00048171
0 5 4 3 0.000764084
0 5 5 0 2.26306e-10
0 5 5 1 7.12222e-05
0 5 5 2 4.0983e-05
0 5 5 3 0.000920518
0 5 6 0 2.91259e-10
0 5 6 1 9.27102e-05
0 5 6 2 0.000275894
0 5 6 3 0.000611101
0 5 7 0 2.86215e-10
0 5 7 1 7.28032e-05
0 5 7 2 3.34598e-10
0 5 7 3 0.000897752
0 5 8 0 5.46931e-10
0 5 8 1 7.86324e-05
0 5 8 2 1.24373e-10
0 5 8 3 0.000813815
0 5 9 0 1.40859e-10
0 5 9 1 9.02952e-05
0 5 9 2 1.10425e-10
0 5 9 3 0.000645876
0 5 10 0 4.31135e-09
0 5 10 1 0.000101068
0 5 10 2 2.7059e-05
0 5 10 3 0.000494259
0 5 11 0 0.000173252
0 5 11 1 0.000126057
0 5 11 2 0.000403981
0 5 11 3 0.000131943
0 5 12 0 4.70509e-05
0 5 12 1 0.000115342
0 5 12 2 0.000119566
0 5 12 3 0.000288382
0 5 13 0 1.88535e-05
0 5 13 1 0.000122789
0 5 13 2 2.50797e-06
0 5 13 3 0.000187685
0 5 14 0 1.27578e-06
0 5 14 1 0.000103844
0 5 14 2 1.14596e-10
0 5 14 3 0.000450869
0 5 15 0 0.000541693
0 5 15 1 0.000117712
0 5 15 2 5.61668e-05
0 5 15 3 0.000251087
0 5 16 0 0.000624285
0 5 16 1 0.000135108
0 5 16 2 0.00037923
0 5 16 3 8.47973e-07
0 5 17 0 0.000645452
0 5 17 1 0.000134982
0 5 17 2 0.000486151
0 5 17 3 2.41616e-06
0 5 18 0 0.00034094
0 5 18 1 8.08819e-05
0 5 18 2 2.46983e-10
0 5 18 3 0.000781423
0 5 19 0 1.82615e-09
0 5 19 1 8.92759e-05
0 5 19 2 0.0005992
0 5 19 3 0.000660553
0 5 20 0 0.000454873
0 5 20 1 7.67697e-05
0 5 20 2 0.000867966
0 5 20 3 0.000840636
0 5 21 0 0.000281137
0 5 21 1 3.94277e-05
0 5 21 2 0.00133518
0 5 21 3 0.00137834
0 5 22 0 4.30713e-10
0 5 22 1 3.8874e-05
0 5 22 2 0.000911133
0 5 22 3 0.00185519
0 5 23 0 0.00044822
0 5 23 1 3.9157e-05
0 5 23 2 0.00156458
0 5 23 3 0.00161165
0 5 24 0 0.000703388
0 5 24 1 3.88652e-05
0 5 24 2 0.00179703
0 5 24 3 0.00186357
0 5 25 0 0.00187543
0 5 25 1 3.9182e-05
0 5 25 2 0.00169144
0 5 25 3 0.00158993
0 5 26 0 0.00112533
0 5 26 1 3.9122e-05
0 5 26 2 0.00223127
0 5 26 3 0.00164168
0 5 27 0 0.0013947
0 5 27 1 4.22079e-05
0 5 27 2 0.00203384
0 5 27 3 0.00133831
0 5 28 0 0.00131843
0 5 28 1 3.83276e-05
0 5 28 2 0.000860749
0 5 28 3 0.0023258
0 5 29 0 0.000965633
0 5 29 1 3.85527e-05
0 5 29 2 0.00168062
0 5 29 3 0.00213204
0 5 30 0 0.000766109
0 5 30 1 3.94277e-05
0 5 30 2 0.00166662
0 5 30 3 0.00137834
0 5 31 0 0.000457385
0 5 31 1 3.92314e-05
0 5 31 2 0.00176083
0 5 31 3 0.00154759
0 5 32 0 0.00168638
0 5 32 1 3.92824e-05
0 5 32 2 0.000940605
0 5 32 3 0.00150349
0 5 33 0 0.00120831
0 5 33 1 3.92669e-05
0 5 33 2 0.00136233
0 5 33 3 0.00151678
0 5 34 0 5.41769e-07
0 5 34 1 3.91018e-05
0 5 34 2 0.0015652
0 5 34 3 0.00165907
0 5 35 0 0.000716748
0 5 35 1 3.94277e-05
0 5 35 2 0.000767692
0 5 35 3 0.00137834
0 5 36 0 3.59308e-05
0 5 36 1 7.66641e-05
0 5 36 2 0.00168726
0 5 36 3 0.000842157
0 5 37 0 5.89613e-10
0 5 37 1 3.87263e-05
0 5 37 2 0.00056509
0 5 37 3 0.00198244
0 5 38 0 0.000488662
0 5 38 1 3.93282e-05
0 5 38 2 0.00121481
0 5 38 3 0.00146409
0 5 39 0 8.27496e-09
0 5 39 1 3.94291e-05
0 5 39 2 0.00102875
0 5 39 3 0.00137832
0 5 40 0 0.000378006
0 5 40 1 7.35316e-05
0 5 40 2 0.00163292
0 5 40 3 0.000887264
0 5 41 0 0.0013405
0 5 41 1 5.30712e-05
0 5 41 2 0.000342395
0 5 41 3 0.00118188
0 5 42 0 0.000177409
0 5 42 1 3.9045e-05
0 5 42 2 0.000649858
0 5 42 3 0.00170817
0 5 43 0 0.00060512
0 5 43 1 4.06041e-05
0 5 43 2 0.000349535
0 5 43 3 0.0013614
0 5 44 0 4.37776e-05
0 5 44 1 3.94278e-05
0 5 44 2 0.000814658
0 5 44 3 0.00137834
0 5 45 0 2.18028e-10
0 5 45 1 5.55568e-05
0 5 45 2 0.000794488
0 5 45 3 0.00114609
0 5 46 0 3.29133e-10
0 5 46 1 7.80224e-05
0 5 46 2 0.00118505
0 5 46 3 0.000822598
0 5 47 0 7.52761e-09
0 5 47 1 3.9311e-05
0 5 47 2 0.000592226
0 5 47 3 0.00147883
0 6 0 0 1.50115e-10
0 6 0 1 4.61586e-05
0 6 0 2 0.000684218
0 6 0 3 0.00128142
0 6 1 0 0.000131549
0 6 1 1 6.1453e-05
0 6 1 2 0.000863979
0 6 1 3 0.00106119
0 6 2 0 2.12746e-10
0 6 2 1 6.03458e-05
0 6 2 2 0.000416276
0 6 2 3 0.00107713
0 6 3 0 0.000379892
0 6 3 1 9.76278e-05
0 6 3 2 0.00102379
0 6 3 3 0.000540291
0 6 4 0 1.07125e-09
0 6 4 1 7.28049e-05
0 6 4 2 8.87215e-05
0 6 4 3 0.000897727
0 6 5 0 0.000354737
0 6 5 1 7.79275e-05
0 6 5 2 0.000260798
0 6 5 3 0.000823965
0 6 6 0 0.00110905
0 6 6 1 8.99435e-05
0 6 6 2 0.000363408
0 6 6 3 0.00065094
0 6 7 0 4.5697e-10
0 6 7 1 0.000101727
0 6 7 2 0.000321462
0 6 7 3 0.00048127
0 6 8 0 9.60302e-11
0 6 8 1 6.87034e-05
0 6 8 2 9.45547e-08
0 6 8 3 0.000956816
0 6 9 0 3.00806e-10
0 6 9 1 8.91148e-05
0 6 9 2 7.31928e-10
0 6 9 3 0.000662876
0 6 10 0 0.000431077
0 6 10 1 8.72281e-05
0 6 10 2 0.000104172
0 6 10 3 0.000690042
0 6 11 0 4.06411e-05
0 6 11 1 0.000128476
0 6 11 2 0.000651604
0 6 11 3 9.60942e-05
0 6 12 0 2.64405e-05
0 6 12 1 0.000124769
0 6 12 2 0.000437342
0 6 12 3 0.000149471
0 6 13 0 1.48769e-07
0 6 13 1 0.000100179
0 6 13 2 3.76638e-06
0 6 13 3 0.000505386
0 6 14 0 7.8361e-11
0 6 14 1 0.00011579
0 6 14 2 0.000280228
0 6 14 3 0.000280011
0 6 15 0 7.72039e-06
0 6 15 1 0.000116279
0 6 15 2 0.000177999
0 6 15 3 0.000282633
0 6 16 0 0.00145334
0 6 16 1 0.000130629
0 6 16 2 0.000304786
0 6 16 3 6.50971e-05
0 6 17 0 0.000157453
0 6 17 1 8.95363e-05
0 6 17 2 0.000311671
0 6 17 3 0.000656803
0 6 18 0 0.000580526
0 6 18 1 0.00010927
0 6 18 2 0.000734061
0 6 18 3 0.000372645
0 6 19 0 0.000351445
0 6 19 1 7.35403e-05
0 6 19 2 0.00067667
0 6 19 3 0.000887138
0 6 20 0 2.0885e-10
0 6 20 1 6.6152e-05
0 6 20 2 0.00123176
0 6 20 3 0.000993525
0 6 21 0 0.00119397
0 6 21 1 3.94277e-05
0 6 21 2 0.000900384
0 6 21 3 0.00137834
0 6 22 0 2.60226e-10
0 6 22 1 3.89061e-05
0 6 22 2 0.000595478
0 6 22 3 0.00182756
0 6 23 0 4.04565e-10
0 6 23 1 3.8546e-05
0 6 23 2 0.000889507
0 6 23 3 0.00213768
0 6 24 0 0.00245931
0 6 24 1 3.94277e-05
0 6 24 2 0.00200508
0 6 24 3 0.00137834
0 6 25 0 0.000822142
0 6 25 1 3.76259e-05
0 6 25 2 0.000450972
0 6 25 3 0.00293019
0 6 26 0 0.000938917
0 6 26 1 3.87174e-05
0 6 26 2 0.00118119
0 6 26 3 0.00199013
0 6 27 0 0.00152317
0 6 27 1 3.78296e-05
0 6 27 2 0.000387527
0 6 27 3 0.00275477
0 6 28 0 0.00184236
0 6 28 1 3.94277e-05
0 6 28 2 0.001863
0 6 28 3 0.00137834
0 6 29 0 0.000768176
0 6 29 1 3.86224e-05
0 6 29 2 0.0017098
0 6 29 3 0.00207198
0 6 30 0 0.00047563
0 6 30 1 3.88967e-05
0 6 30 2 0.000969097
0 6 30 3 0.00183566
0 6 31 0 3.26842e-06
0 6 31 1 3.88617e-05
0 6 31 2 0.00119544
0 6 31 3 0.00186601
0 6 32 0 7.27686e-10
0 6 32 1 3.9422e-05
0 6 32 2 0.00174361
0 6 32 3 0.0013833
0 6 33 0 2.54884e-10
0 6 33 1 4.47426e-05
0 6 33 2 0.00150958
0 6 33 3 0.00130181
0 6 34 0 0.000119009
0 6 34 1 3.94277e-05
0 6 34 2 0.00134398
0 6 34 3 0.00137834
0 6 35 0 5.46129e-10
0 6 35 1 3.94277e-05
0 6 35 2 0.00110628
0 6 35 3 0.00137834
0 6 36 0 0.00100617
0 6 36 1 3.94277e-05
0 6 36 2 0.000597825
0 6 36 3 0.00137834
0 6 37 0 6.2084e-10
0 6 37 1 3.94277e-05
0 6 37 2 0.000868532
0 6 37 3 0.00137834
0 6 38 0 1.90739e-10
0 6 38 1 6.44707e-05
0 6 38 2 0.000521942
0 6 38 3 0.00101774
0 6 39 0 0.000368989
0 6 39 1 3.94279e-05
0 6 39 2 0.000665307
0 6 39 3 0.00137834
0 6 40 0 6.03184e-10
0 6 40 1 3.91459e-05
0 6 40 2 0.000803668
0 6 40 3 0.0016211
0 6 41 0 0.00241909
0 6 41 1 3.92542e-05
0 6 41 2 4.91255e-10
0 6 41 3 0.00152776
0 6 42 0 1.84214e-08
0 6 42 1 3.92257e-05
0 6 42 2 0.00062315
0 6 42 3 0.00155231
0 6 43 0 6.39085e-06
0 6 43 1 4.92192e-05
0 6 43 2 0.000795739
0 6 43 3 0.00123735
0 6 44 0 0.0003238
0 6 44 1 5.83183e-05
0 6 44 2 0.000628173
0 6 44 3 0.00110633
0 6 45 0 3.59131e-10
0 6 45 1 6.18184e-05
0 6 45 2 0.000723924
0 6 45 3 0.00105593
0 6 46 0 2.68025e-10
0 6 46 1 4.71999e-05
0 6 46 2 5.53598e-05
0 6 46 3 0.00126642
0 6 47 0 1.33649e-10
0 6 47 1 7.2739e-05
0 6 47 2 0.000462393
0 6 47 3 0.000898677
1 0 0 0 2.31607e-05
1 0 0 1 3.82675e-05
1 0 0 2 0.00202537
1 0 0 3 0.00237953
1 0 1 0 2.9658e-10
1 0 1 1 3.8502e-05
1 0 1 2 0.00159154
1 0 1 3 0.00217557
1 0 2 0 0.000945993
1 0 2 1 3.94277e-05
1 0 2 2 0.00235566
1 0 2 3 0.00137834
1 0 3 0 0.000424837
1 0 3 1 3.86506e-05
1 0 3 2 0.00133846
1 0 3 3 0.00204774
1 0 4 0 0.0009967
1 0 4 1 3.87034e-05
1 0 4 2 0.00100068
1 0 4 3 0.00200209
1 0 5 0 0.00169976
1 0 5 1 3.94278e-05
1 0 5 2 0.00173249
1 0 5 3 0.00137834
1 0 6 0 1.91876e-10
1 0 6 1 3.93246e-05
1 0 6 2 0.00147024
1 0 6 3 0.00146726
1 0 7 0 2.7824e-10
1 0 7 1 5.00075e-05
1 0 7 2 0.00140729
1 0 7 3 0.001226
1 0 8 0 2.01976e-10
1 0 8 1 3.94277e-05
1 0 8 2 0.0011682
1 0 8 3 0.00137834
1 0 9 0 4.73567e-10
1 0 9 1 5.92696e-05
1 0 9 2 0.00101929
1 0 9 3 0.00109263
1 0 10 0 0.000685126
1 0 10 1 8.07224e-05
1 0 10 2 0.000786101
1 0 10 3 0.000783719
1 0 11 0 1.68679e-10
1 0 11 1 7.97683e-05
1 0 11 2 0.00117409
1 0 11 3 0.000797458
1 0 12 0 1.29205e-09
1 0 12 1 8.19971e-05
1 0 12 2 0.000850775
1 0 12 3 0.000765365
1 0 13 0 2.31698e-10
1 0 13 1 5.62959e-05
1 0 13 2 0.00019628
1 0 13 3 0.00113545
1 0 14 0 2.53411e-10
1 0 14 1 9.79735e-05
1 0 14 2 0.000846395
1 0 14 3 0.000535313
1 0 15 0 8.61876e-11
1 0 15 1 7.26784e-05
1 0 15 2 1.08394e-10
1 0 15 3 0.000899549
1 0 16 0 2.69146e-10
1 0 16 1 5.29079e-05
1 0 16 2 0.000575531
1 0 16 3 0.00118423
1 0 17 0 7.17137e-10
1 0 17 1 6.13154e-05
1 0 17 2 0.00100234
1 0 17 3 0.00106317
1 0 18 0 1.77483e-05
1 0 18 1 3.91144e-05
1 0 18 2 0.0015037
1 0 18 3 0.0016486
1 0 19 0 0.00151175
1 0 19 1 3.90078e-05
1 0 19 2 0.00138356
1 0 19 3 0.00173997
1 0 20 0 0.000264524
1 0 20 1 3.93859e-05
1 0 20 2 0.00275398
1 0 20 3 0.00141455
1 0 21 0 0.000681325
1 0 21 1 3.76418e-05
1 0 21 2 0.00223947
1 0 21 3 0.00291721
1 0 22 0 0.00250198
1 0 22 1 3.75993e-05
1 0 22 2 0.0023188
1 0 22 3 0.00295301
1 0 23 0 0.000519781
1 0 23 1 3.7651e-05
1 0 23 2 0.00299542
1 0 23 3 0.00290865
1 0 24 0 0.00266727
1 0 24 1 3.53645e-05
1 0 24 2 0.000619852
1 0 24 3 0.0048793
1 0 25 0 7.11332e-05
1 0 25 1 3.69014e-05
1 0 25 2 0.00388065
1 0 25 3 0.00355437
1 0 26 0 0.00220908
1 0 26 1 3.6996e-05
1 0 26 2 0.00422733
1 0 26 3 0.00347261
1 0 27 0 0.00346992
1 0 27 1 3.77376e-05
1 0 27 2 0.00442585
1 0 27 3 0.00283394
1 0 28 0 0.00312505
1 0 28 1 3.7238e-05
1 0 28 2 0.00339516
1 0 28 3 0.00326417
1 0 29 0 0.00145216
1 0 29 1 3.74111e-05
1 0 29 2 0.00414715
1 0 29 3 0.00311509
1 0 30 0 6.71313e-07
1 0 30 1 3.53938e-05
1 0 30 2 0.0031046
1 0 30 3 0.00485252
1 0 31 0 2.87089e-10
1 0 31 1 3.61427e-05
1 0 31 2 0.00239366
1 0 31 3 0.00420745
1 0 32 0 0.00155207
1 0 32 1 3.66654e-05
1 0 32 2 0.00259271
1 0 32 3 0.00375731
1 0 33 0 0.00105319
1 0 33 1 3.66405e-05
1 0 33 2 0.00346903
1 0 33 3 0.00377879
1 0 34 0 0.000308806
1 0 34 1 3.71499e-05
1 0 34 2 0.00232265
1 0 34 3 0.0033423
1 0 35 0 0.00121962
1 0 35 1 3.73969e-05
1 0 35 2 0.00158461
1 0 35 3 0.00312742
1 0 36 0 1.76044e-06
1 0 36 1 3.76497e-05
1 0 36 2 0.00260392
1 0 36 3 0.00290959
1 0 37 0 0.000167786
1 0 37 1 3.80203e-05
1 0 37 2 0.00232763
1 0 37 3 0.0025941
1 0 38 0 3.63478e-06
1 0 38 1 3.8696e-05
1 0 38 2 0.00365798
1 0 38 3 0.00200864
1 0 39 0 2.58611e-10
1 0 39 1 3.82179e-05
1 0 39 2 0.00274622
1 0 39 3 0.00242029
1 0 40 0 0.000889303
1 0 40 1 3.9428e-05
1 0 40 2 0.00444686
1 0 40 3 0.00137834
1 0 41 0 0.000225773
1 0 41 1 3.73733e-05
1 0 41 2 0.00180922
1 0 41 3 0.00315093
1 0 42 0 0.0023517
1 0 42 1 3.85502e-05
1 0 42 2 0.00134997
1 0 42 3 0.00213408
1 0 43 0 1.65862e-10
1 0 43 1 3.87564e-05
1 0 43 2 0.00276491
1 0 43 3 0.00195649
1 0 44 0 0.000143387
1 0 44 1 3.76003e-05
1 0 44 2 0.00145275
1 0 44 3 0.0029538
1 0 45 0 0.00186749
1 0 45 1 3.84242e-05
1 0 45 2 0.0019577
1 0 45 3 0.00224257
1 0 46 0 2.17493e-07
1 0 46 1 3.94231e-05
1 0 46 2 0.00241445
1 0 46 3 0.00138238
1 0 47 0 0.0003893
1 0 47 1 6.17952e-05
1 0 47 2 0.00268237
1 0 47 3 0.00105626
1 1 0 0 0.00108043
1 1 0 1 3.90782e-05
1 1 0 2 0.00172379
1 1 0 3 0.00167944
1 1 1 0 1.86546e-07
1 1 1 1 3.94277e-05
1 1 1 2 0.00248961
1 1 1 3 0.00137834
1 1 2 0 3.4877e-10
1 1 2 1 4.89927e-05
1 1 2 2 0.00188109
1 1 2 3 0.00124061
1 1 3 0 1.64371e-10
1 1 3 1 3.90066e-05
1 1 3 2 0.00148585
1 1 3 3 0.00174108
1 1 4 0 0.000119083
1 1 4 1 3.91464e-05
1 1 4 2 0.00130564
1 1 4 3 0.00162081
1 1 5 0 5.38615e-10
1 1 5 1 3.89649e-05
1 1 5 2 0.00115077
1 1 5 3 0.00177689
1 1 6 0 0.000335007
1 1 6 1 3.8906e-05
1 1 6 2 0.00049279
1 1 6 3 0.00182777
1 1 7 0 0.000907722
1 1 7 1 5.29479e-05
1 1 7 2 0.00103908
1 1 7 3 0.00118366
1 1 8 0 4.23192e-10
1 1 8 1 3.88979e-05
1 1 8 2 0.000696288
1 1 8 3 0.00183461
1 1 9 0 9.89721e-05
1 1 9 1 6.32183e-05
1 1 9 2 0.00103958
1 1 9 3 0.00103577
1 1 10 0 0.00162158
1 1 10 1 4.41111e-05
1 1 10 2 0.000364858
1 1 10 3 0.0013109
1 1 11 0 0.000162656
1 1 11 1 5.30315e-05
1 1 11 2 0.000776673
1 1 11 3 0.00118245
1 1 12 0 0.00120773
1 1 12 1 6.0833e-05
1 1 12 2 0.000863146
1 1 12 3 0.00107012
1 1 13 0 0.000429918
1 1 13 1 5.04936e-05
1 1 13 2 0.000688012
1 1 13 3 0.001219
1 1 14 0 4.15059e-10
1 1 14 1 5.47931e-05
1 1 14 2 0.000343276
1 1 14 3 0.00115709
1 1 15 0 0.000543445
1 1 15 1 0.000119778
1 1 15 2 0.00127575
1 1 15 3 0.000221333
1 1 16 0 0.00139007
1 1 16 1 0.000101201
1 1 16 2 0.00113365
1 1 16 3 0.000488835
1 1 17 0 6.40495e-10
1 1 17 1 6.16005e-05
1 1 17 2 0.00127279
1 1 17 3 0.00105906
1 1 18 0 0.00132099
1 1 18 1 3.94277e-05
1 1 18 2 0.00120012
1 1 18 3 0.00137834
1 1 19 0 0.000595526
1 1 19 1 3.92044e-05
1 1 19 2 0.0015139
1 1 19 3 0.00157099
1 1 20 0 0.00259808
1 1 20 1 3.87571e-05
1 1 20 2 0.00140076
1 1 20 3 0.00195587
1 1 21 0 2.35519e-10
1 1 21 1 3.88537e-05
1 1 21 2 0.00231581
1 1 21 3 0.00187274
1 1 22 0 0.000881445
1 1 22 1 3.84483e-05
1 1 22 2 0.00289033
1 1 22 3 0.00222196
1 1 23 0 0.00114571
1 1 23 1 3.66205e-05
1 1 23 2 0.00163653
1 1 23 3 0.00379675
1 1 24 0 2.68416e-06
1 1 24 1 3.68604e-05
1 1 24 2 0.00258693
1 1 24 3 0.00358936
1 1 25 0 7.43378e-07
1 1 25 1 3.70921e-05
1 1 25 2 0.0040779
1 1 25 3 0.00338983
1 1 26 0 6.594e-06
1 1 26 1 3.86856e-05
1 1 26 2 0.00653401
1 1 26 3 0.00201743
1 1 27 0 0.000222572
1 1 27 1 3.48453e-05
1 1 27 2 0.00314502
1 1 27 3 0.00533443
1 1 28 0 2.12137e-10
1 1 28 1 3.60468e-05
1 1 28 2 0.00355531
1 1 28 3 0.00429004
1 1 29 0 0.000128124
1 1 29 1 3.56413e-05
1 1 29 2 0.00271568
1 1 29 3 0.00464427
1 1 30 0 2.46166e-10
1 1 30 1 3.69811e-05
1 1 30 2 0.00397705
1 1 30 3 0.00348538
1 1 31 0 0.000778373
1 1 31 1 3.51282e-05
1 1 31 2 0.00126659
1 1 31 3 0.00508938
1 1 32 0 8.20361e-05
1 1 32 1 3.69521e-05
1 1 32 2 0.0034329
1 1 32 3 0.00351164
1 1 33 0 2.14427e-10
1 1 33 1 3.66521e-05
1 1 33 2 0.00229782
1 1 33 3 0.00376875
1 1 34 0 0.000485509
1 1 34 1 3.67445e-05
1 1 34 2 0.00214411
1 1 34 3 0.00369233
1 1 35 0 2.88341e-10
1 1 35 1 3.77393e-05
1 1 35 2 0.00258256
1 1 35 3 0.00283241
1 1 36 0 7.70579e-07
1 1 36 1 3.81766e-05
1 1 36 2 0.00382311
1 1 36 3 0.0024558
1 1 37 0 0.000486286
1 1 37 1 3.73893e-05
1 1 37 2 0.00256189
1 1 37 3 0.00313494
1 1 38 0 2.07015e-10
1 1 38 1 3.73953e-05
1 1 38 2 0.00221616
1 1 38 3 0.00312873
1 1 39 0 1.99333e-10
1 1 39 1 3.74811e-05
1 1 39 2 0.00280063
1 1 39 3 0.00305482
1 1 40 0 2.99645e-10
1 1 40 1 3.83929e-05
1 1 40 2 0.00315966
1 1 40 3 0.0022695
1 1 41 0 6.93513e-07
1 1 41 1 3.79668e-05
1 1 41 2 0.0033027
1 1 41 3 0.00263649
1 1 42 0 2.62056e-10
1 1 42 1 3.83019e-05
1 1 42 2 0.00237634
1 1 42 3 0.00234797
1 1 43 0 2.03564e-10
1 1 43 1 3.85281e-05
1 1 43 2 0.0027745
1 1 43 3 0.00215314
1 1 44 0 0.000480263
1 1 44 1 3.94277e-05
1 1 44 2 0.00287156
1 1 44 3 0.00137834
1 1 45 0 0.000148924
1 1 45 1 3.93364e-05
1 1 45 2 0.00291269
1 1 45 3 0.00145833
1 1 46 0 4.01289e-10
1 1 46 1 3.89212e-05
1 1 46 2 0.00197145
1 1 46 3 0.0018146
1 1 47 0 3.83831e-10
1 1 47 1 3.83677e-05
1 1 47 2 0.00157376
1 1 47 3 0.0022913
1 2 0 0 3.25467e-10
1 2 0 1 3.83487e-05
1 2 0 2 0.00160816
1 2 0 3 0.00230769
1 2 1 0 2.87655e-07
1 2 1 1 3.90972e-05
1 2 1 2 0.00211998
1 2 1 3 0.00166298
1 2 2 0 0.000600236
1 2 2 1 3.9429e-05
1 2 2 2 0.00227692
1 2 2 3 0.00137832
1 2 3 0 4.89608e-10
1 2 3 1 4.00326e-05
1 2 3 2 0.0025897
1 2 3 3 0.00136963
1 2 4 0 1.5789e-10
1 2 4 1 3.93993e-05
1 2 4 2 0.00197889
1 2 4 3 0.0014029
1 2 5 0 1.42237e-09
1 2 5 1 3.91368e-05
1 2 5 2 0.00198978
1 2 5 3 0.00162892
1 2 6 0 0.000124221
1 2 6 1 3.92931e-05
1 2 6 2 0.00190386
1 2 6 3 0.00149588
1 2 7 0 2.04031e-10
1 2 7 1 3.91414e-05
1 2 7 2 0.000915924
1 2 7 3 0.00162493
1 2 8 0 4.52984e-10
1 2 8 1 4.6841e-05
1 2 8 2 0.00198014
1 2 8 3 0.00127159
1 2 9 0 0.00146198
1 2 9 1 4.89103e-05
1 2 9 2 0.00146454
1 2 9 3 0.0012418
1 2 10 0 3.69582e-10
1 2 10 1 4.23114e-05
1 2 10 2 0.00183461
1 2 10 3 0.00133682
1 2 11 0 0.00238605
1 2 11 1 8.32619e-05
1 2 11 2 0.00127045
1 2 11 3 0.000747152
1 2 12 0 0.00178844
1 2 12 1 7.41728e-05
1 2 12 2 0.000499479
1 2 12 3 0.000878031
1 2 13 0 0.000304281
1 2 13 1 3.94277e-05
1 2 13 2 0.000535991
1 2 13 3 0.00137835
1 2 14 0 0.000765217
1 2 14 1 6.53371e-05
1 2 14 2 0.000618502
1 2 14 3 0.00100526
1 2 15 0 0.000436759
1 2 15 1 0.000113315
1 2 15 2 0.000908037
1 2 15 3 0.0003144
1 2 16 0 0.000342376
1 2 16 1 0.000114342
1 2 16 2 0.00129298
1 2 16 3 0.000299614
1 2 17 0 0.000709065
1 2 17 1 7.28139e-05
1 2 17 2 0.00116017
1 2 17 3 0.000897597
1 2 18 0 0.000762479
1 2 18 1 3.94277e-05
1 2 18 2 0.000810106
1 2 18 3 0.00137835
1 2 19 0 0.000708972
1 2 19 1 3.90682e-05
1 2 19 2 0.00113654
1 2 19 3 0.00168802
1 2 20 0 0.00024327
1 2 20 1 3.84364e-05
1 2 20 2 0.00131137
1 2 20 3 0.00223455
1 2 21 0 8.77397e-05
1 2 21 1 3.86821e-05
1 2 21 2 0.00220663
1 2 21 3 0.00202277
1 2 22 0 0.000764587
1 2 22 1 3.94277e-05
1 2 22 2 0.00377668
1 2 22 3 0.00137837
1 2 23 0 0.00110532
1 2 23 1 3.8523e-05
1 2 23 2 0.00271623
1 2 23 3 0.00215763
1 2 24 0 4.13134e-10
1 2 24 1 3.83422e-05
1 2 24 2 0.0035411
1 2 24 3 0.00231321
1 2 25 0 1.62933e-10
1 2 25 1 3.83593e-05
1 2 25 2 0.00295161
1 2 25 3 0.00229846
1 2 26 0 2.51319e-10
1 2 26 1 3.67207e-05
1 2 26 2 0.00264129
1 2 26 3 0.00370971
1 2 27 0 1.31806e-06
1 2 27 1 3.6742e-05
1 2 27 2 0.00287871
1 2 27 3 0.00369133
1 2 28 0 2.3994e-10
1 2 28 1 3.75691e-05
1 2 28 2 0.00278119
1 2 28 3 0.002979
1 2 29 0 0.000607201
1 2 29 1 3.75802e-05
1 2 29 2 0.00292139
1 2 29 3 0.00297021
1 2 30 0 0.000387099
1 2 30 1 3.73138e-05
1 2 30 2 0.00202186
1 2 30 3 0.00320134
1 2 31 0 2.40141e-10
1 2 31 1 3.81965e-05
1 2 31 2 0.00332214
1 2 31 3 0.00243869
1 2 32 0 1.98025e-10
1 2 32 1 3.83493e-05
1 2 32 2 0.00325315
1 2 32 3 0.00230712
1 2 33 0 2.72266e-10
1 2 33 1 3.87832e-05
1 2 33 2 0.00356908
1 2 33 3 0.00193345
1 2 34 0 2.35216e-07
1 2 34 1 6.94497e-05
1 2 34 2 0.0045214
1 2 34 3 0.000946041
1 2 35 0 0.000401213
1 2 35 1 3.78756e-05
1 2 35 2 0.00181595
1 2 35 3 0.0027173
1 2 36 0 3.42384e-10
1 2 36 1 3.77585e-05
1 2 36 2 0.00144483
1 2 36 3 0.00281596
1 2 37 0 2.54771e-10
1 2 37 1 3.91553e-05
1 2 37 2 0.00371201
1 2 37 3 0.00161298
1 2 38 0 2.77516e-10
1 2 38 1 3.92168e-05
1 2 38 2 0.0034627
1 2 38 3 0.00156013
1 2 39 0 0.000644044
1 2 39 1 3.91278e-05
1 2 39 2 0.00303921
1 2 39 3 0.00163721
1 2 40 0 2.26892e-06
1 2 40 1 3.78973e-05
1 2 40 2 0.00178036
1 2 40 3 0.00269651
1 2 41 0 5.37226e-05
1 2 41 1 3.91577e-05
1 2 41 2 0.00310984
1 2 41 3 0.00161122
1 2 42 0 3.6295e-10
1 2 42 1 3.80887e-05
1 2 42 2 0.0015223
1 2 42 3 0.00253148
1 2 43 0 0.0008034
1 2 43 1 3.92035e-05
1 2 43 2 0.00266963
1 2 43 3 0.0015716
1 2 44 0 0.000706694
1 2 44 1 3.94267e-05
1 2 44 2 0.00239373
1 2 44 3 0.00137917
1 2 45 0 2.94136e-10
1 2 45 1 3.8158e-05
1 2 45 2 0.00160682
1 2 45 3 0.00247183
1 2 46 0 1.9921e-10
1 2 46 1 3.94293e-05
1 2 46 2 0.00319169
1 2 46 3 0.00137832
1 2 47 0 9.7312e-06
1 2 47 1 3.88226e-05
1 2 47 2 0.00181829
1 2 47 3 0.00189985
1 3 0 0 0.00116999
1 3 0 1 3.94277e-05
1 3 0 2 0.00243337
1 3 0 3 0.00137834
1 3 1 0 0.000948185
1 3 1 1 3.93157e-05
1 3 1 2 0.00206549
1 3 1 3 0.00147487
1 3 2 0 3.44471e-10
1 3 2 1 4.77215e-05
1 3 2 2 0.0027572
1 3 2 3 0.00125891
1 3 3 0 3.12528e-10
1 3 3 1 3.92743e-05
1 3 3 2 0.00173355
1 3 3 3 0.00151049
1 3 4 0 0.000704281
1 3 4 1 4.65528e-05
1 3 4 2 0.00184871
1 3 4 3 0.00127574
1 3 5 0 2.9782e-10
1 3 5 1 3.95917e-05
1 3 5 2 0.00162997
1 3 5 3 0.00137598
1 3 6 0 2.0043e-10
1 3 6 1 4.34365e-05
1 3 6 2 0.00207187
1 3 6 3 0.00132062
1 3 7 0 1.99008e-10
1 3 7 1 9.27583e-05
1 3 7 2 0.00187459
1 3 7 3 0.00061041
1 3 8 0 1.39345e-06
1 3 8 1 9.85826e-05
1 3 8 2 0.00199955
1 3 8 3 0.000526542
1 3 9 0 4.68321e-10
1 3 9 1 6.71512e-05
1 3 9 2 0.00138923
1 3 9 3 0.000979138
1 3 10 0 0.00068977
1 3 10 1 7.03537e-05
1 3 10 2 0.000505224
1 3 10 3 0.000933022
1 3 11 0 1.74312e-10
1 3 11 1 0.000110372
1 3 11 2 0.00122587
1 3 11 3 0.000356785
1 3 12 0 0.000339265
1 3 12 1 6.53849e-05
1 3 12 2 0.000948855
1 3 12 3 0.00100457
1 3 13 0 1.19409e-05
1 3 13 1 7.94399e-05
1 3 13 2 0.000783108
1 3 13 3 0.000802187
1 3 14 0 7.78362e-10
1 3 14 1 8.44792e-05
1 3 14 2 0.000917351
1 3 14 3 0.000729624
1 3 15 0 0.000208454
1 3 15 1 6.69817e-05
1 3 15 2 0.000499569
1 3 15 3 0.000981578
1 3 16 0 3.80526e-08
1 3 16 1 0.000116252
1 3 16 2 0.00152545
1 3 16 3 0.000272111
1 3 17 0 0.000527922
1 3 17 1 9.05565e-05
1 3 17 2 0.00144303
1 3 17 3 0.000642114
1 3 18 0 3.67729e-10
1 3 18 1 3.94277e-05
1 3 18 2 0.0019976
1 3 18 3 0.00137834
1 3 19 0 0.00199849
1 3 19 1 3.94277e-05
1 3 19 2 0.00305934
1 3 19 3 0.00137834
1 3 20 0 0.00155047
1 3 20 1 3.94278e-05
1 3 20 2 0.00343911
1 3 20 3 0.00137834
1 3 21 0 1.16371e-06
1 3 21 1 3.90388e-05
1 3 21 2 0.00418486
1 3 21 3 0.00171325
1 3 22 0 0.00223512
1 3 22 1 3.86813e-05
1 3 22 2 0.0048126
1 3 22 3 0.00202118
1 3 23 0 0.00161648
1 3 23 1 3.61403e-05
1 3 23 2 0.00301188
1 3 23 3 0.00420955
1 3 24 0 0.000925031
1 3 24 1 3.51335e-05
1 3 24 2 0.00278654
1 3 24 3 0.00508168
1 3 25 0 5.67961e-05
1 3 25 1 3.6515e-05
1 3 25 2 0.00433052
1 3 25 3 0.00388728
1 3 26 0 0.000158529
1 3 26 1 3.56368e-05
1 3 26 2 0.00322973
1 3 26 3 0.00464816
1 3 27 0 0.00354334
1 3 27 1 3.61141e-05
1 3 27 2 0.00450269
1 3 27 3 0.00423209
1 3 28 0 0.000477781
1 3 28 1 3.60261e-05
1 3 28 2 0.00436878
1 3 28 3 0.00430799
1 3 29 0 0.000511797
1 3 29 1 3.59307e-05
1 3 29 2 0.00441189
1 3 29 3 0.00439008
1 3 30 0 0.00163698
1 3 30 1 3.66014e-05
1 3 30 2 0.00360392
1 3 30 3 0.00381244
1 3 31 0 0.00133299
1 3 31 1 3.70997e-05
1 3 31 2 0.00377775
1 3 31 3 0.00338328
1 3 32 0 0.000886859
1 3 32 1 3.65114e-05
1 3 32 2 0.00325819
1 3 32 3 0.00389051
1 3 33 0 0.000148877
1 3 33 1 3.79322e-05
1 3 33 2 0.00574093
1 3 33 3 0.00266631
1 3 34 0 0.000173144
1 3 34 1 3.59121e-05
1 3 34 2 0.00142838
1 3 34 3 0.00441237
1 3 35 0 0.00162109
1 3 35 1 3.80389e-05
1 3 35 2 0.00292451
1 3 35 3 0.00257439
1 3 36 0 6.21072e-06
1 3 36 1 3.81334e-05
1 3 36 2 0.00354272
1 3 36 3 0.00249332
1 3 37 0 6.71223e-08
1 3 37 1 3.82628e-05
1 3 37 2 0.00438419
1 3 37 3 0.00238157
1 3 38 0 0.00231958
1 3 38 1 3.88797e-05
1 3 38 2 0.00460392
1 3 38 3 0.00185029
1 3 39 0 0.000692793
1 3 39 1 3.80461e-05
1 3 39 2 0.00317153
1 3 39 3 0.00256832
1 3 40 0 0.00189252
1 3 40 1 3.75394e-05
1 3 40 2 0.00231875
1 3 40 3 0.00300455
1 3 41 0 0.000727307
1 3 41 1 3.66063e-05
1 3 41 2 0.00189559
1 3 41 3 0.0038094
1 3 42 0 8.65162e-05
1 3 42 1 3.76205e-05
1 3 42 2 0.00245739
1 3 42 3 0.00293695
1 3 43 0 0.000548614
1 3 43 1 3.7655e-05
1 3 43 2 0.00261165
1 3 43 3 0.0029058
1 3 44 0 2.24227e-10
1 3 44 1 3.82901e-05
1 3 44 2 0.00234812
1 3 44 3 0.0023581
1 3 45 0 1.97033e-10
1 3 45 1 3.87882e-05
1 3 45 2 0.00275717
1 3 45 3 0.00192917
1 3 46 0 7.51218e-08
1 3 46 1 3.94151e-05
1 3 46 2 0.00343032
1 3 46 3 0.00138929
1 3 47 0 4.09686e-10
1 3 47 1 3.91699e-05
1 3 47 2 0.00229073
1 3 47 3 0.00160043
1 4 0 0 0.000938952
1 4 0 1 3.83607e-05
1 4 0 2 0.00188106
1 4 0 3 0.00229765
1 4 1 0 3.06521e-10
1 4 1 1 3.91462e-05
1 4 1 2 0.00230356
1 4 1 3 0.00162077
1 4 2 0 1.21294e-07
1 4 2 1 4.55177e-05
1 4 2 2 0.0028277
1 4 2 3 0.00129065
1 4 3 0 0.000787295
1 4 3 1 3.94277e-05
1 4 3 2 0.00220616
1 4 3 3 0.00137834
1 4 4 0 3.99199e-10
1 4 4 1 3.90308e-05
1 4 4 2 0.00136137
1 4 4 3 0.00172018
1 4 5 0 2.0293e-10
1 4 5 1 3.92665e-05
1 4 5 2 0.00154527
1 4 5 3 0.00151723
1 4 6 0 2.72807e-10
1 4 6 1 8.7408e-05
1 4 6 2 0.0016948
1 4 6 3 0.000687451
1 4 7 0 1.51822e-10
1 4 7 1 7.47726e-05
1 4 7 2 0.00176462
1 4 7 3 0.000869394
1 4 8 0 3.37719e-10
1 4 8 1 8.00193e-05
1 4 8 2 0.00104882
1 4 8 3 0.000793844
1 4 9 0 1.74598e-10
1 4 9 1 4.30317e-05
1 4 9 2 0.000557511
1 4 9 3 0.00132644
1 4 10 0 9.20621e-05
1 4 10 1 7.49627e-05
1 4 10 2 0.000389677
1 4 10 3 0.000866656
1 4 11 0 2.25267e-10
1 4 11 1 6.50235e-05
1 4 11 2 0.000491208
1 4 11 3 0.00100978
1 4 12 0 1.2155e-10
1 4 12 1 9.22656e-05
1 4 12 2 0.000836718
1 4 12 3 0.000617503
1 4 13 0 4.29753e-10
1 4 13 1 8.69282e-05
1 4 13 2 0.000635336
1 4 13 3 0.00069436
1 4 14 0 0.000121877
1 4 14 1 0.000110186
1 4 14 2 0.000914291
1 4 14 3 0.000359453
1 4 15 0 2.26295e-10
1 4 15 1 7.22281e-05
1 4 15 2 3.80174e-10
1 4 15 3 0.000906033
1 4 16 0 0.00103395
1 4 16 1 0.000128268
1 4 16 2 0.00144729
1 4 16 3 9.90939e-05
1 4 17 0 9.87358e-10
1 4 17 1 4.98059e-05
1 4 17 2 0.00064876
1 4 17 3 0.0012289
1 4 18 0 2.7103e-10
1 4 18 1 3.94277e-05
1 4 18 2 0.00162799
1 4 18 3 0.00137835
1 4 19 0 0.000392765
1 4 19 1 3.83495e-05
1 4 19 2 0.00121268
1 4 19 3 0.00230762
1 4 20 0 0.00127162
1 4 20 1 3.86788e-05
1 4 20 2 0.00185553
1 4 20 3 0.00202336
1 4 21 0 0.000857183
1 4 21 1 3.87797e-05
1 4 21 2 0.00289982
1 4 21 3 0.00193664
1 4 22 0 0.00124238
1 4 22 1 3.83722e-05
1 4 22 2 0.00345314
1 4 22 3 0.00228737
1 4 23 0 0.000300594
1 4 23 1 3.83668e-05
1 4 23 2 0.0048418
1 4 23 3 0.00229213
1 4 24 0 0.00121406
1 4 24 1 3.56859e-05
1 4 24 2 0.00191727
1 4 24 3 0.00460664
1 4 25 0 0.000711285
1 4 25 1 3.66478e-05
1 4 25 2 0.00373158
1 4 25 3 0.00377259
1 4 26 0 2.97878e-06
1 4 26 1 3.80053e-05
1 4 26 2 0.00537525
1 4 26 3 0.00260334
1 4 27 0 0.000211463
1 4 27 1 3.69359e-05
1 4 27 2 0.00452585
1 4 27 3 0.00352453
1 4 28 0 0.00262218
1 4 28 1 3.71657e-05
1 4 28 2 0.00396596
1 4 28 3 0.00332644
1 4 29 0 0.000888565
1 4 29 1 3.71597e-05
1 4 29 2 0.00448147
1 4 29 3 0.00333164
1 4 30 0 0.00246487
1 4 30 1 3.6791e-05
1 4 30 2 0.00266574
1 4 30 3 0.00364912
1 4 31 0 0.000877808
1 4 31 1 3.7289e-05
1 4 31 2 0.00366371
1 4 31 3 0.00322031
1 4 32 0 0.000306165
1 4 32 1 3.65974e-05
1 4 32 2 0.00298474
1 4 32 3 0.00381874
1 4 33 0 0.00156107
1 4 33 1 3.68728e-05
1 4 33 2 0.00289375
1 4 33 3 0.00357867
1 4 34 0 0.00107472
1 4 34 1 3.74497e-05
1 4 34 2 0.00261967
1 4 34 3 0.00308193
1 4 35 0 0.000740158
1 4 35 1 3.76096e-05
1 4 35 2 0.00290325
1 4 35 3 0.00294426
1 4 36 0 0.000626328
1 4 36 1 3.77262e-05
1 4 36 2 0.00254476
1 4 36 3 0.00284391
1 4 37 0 3.84778e-06
1 4 37 1 3.8516e-05
1 4 37 2 0.00253815
1 4 37 3 0.00216376
1 4 38 0 0.000819379
1 4 38 1 3.91353e-05
1 4 38 2 0.00383463
1 4 38 3 0.00163037
1 4 39 0 0.00238069
1 4 39 1 3.7693e-05
1 4 39 2 0.00217742
1 4 39 3 0.00287232
1 4 40 0 0.00119787
1 4 40 1 3.88543e-05
1 4 40 2 0.0035179
1 4 40 3 0.00187225
1 4 41 0 4.64731e-05
1 4 41 1 3.79111e-05
1 4 41 2 0.00213428
1 4 41 3 0.00268564
1 4 42 0 0.0013448
1 4 42 1 3.88868e-05
1 4 42 2 0.00334382
1 4 42 3 0.00184425
1 4 43 0 2.26044e-05
1 4 43 1 3.81418e-05
1 4 43 2 0.00277386
1 4 43 3 0.00248622
1 4 44 0 3.21895e-10
1 4 44 1 3.93899e-05
1 4 44 2 0.00467782
1 4 44 3 0.00141096
1 4 45 0 3.78018e-10
1 4 45 1 3.79759e-05
1 4 45 2 0.00323617
1 4 45 3 0.00262865
1 4 46 0 1.50935e-06
1 4 46 1 3.83513e-05
1 4 46 2 0.00259952
1 4 46 3 0.00230538
1 4 47 0 0.000110292
1 4 47 1 3.90995e-05
1 4 47 2 0.00358337
1 4 47 3 0.00166156
1 5 0 0 3.21604e-08
1 5 0 1 3.81462e-05
1 5 0 2 0.00263635
1 5 0 3 0.00248201
1 5 1 0 2.85168e-10
1 5 1 1 3.84904e-05
1 5 1 2 0.00272088
1 5 1 3 0.00218558
1 5 2 0 4.26145e-10
1 5 2 1 3.8207e-05
1 5 2 2 0.00164498
1 5 2 3 0.00242964
1 5 3 0 0.000294166
1 5 3 1 3.9171e-05
1 5 3 2 0.00199011
1 5 3 3 0.00159997
1 5 4 0 0.00177774
1 5 4 1 3.89461e-05
1 5 4 2 0.0017136
1 5 4 3 0.00179309
1 5 5 0 0.000175337
1 5 5 1 3.88755e-05
1 5 5 2 0.00138442
1 5 5 3 0.00185425
1 5 6 0 3.44452e-10
1 5 6 1 3.91808e-05
1 5 6 2 0.00169057
1 5 6 3 0.00159103
1 5 7 0 4.10456e-10
1 5 7 1 7.34747e-05
1 5 7 2 0.00210851
1 5 7 3 0.000888083
1 5 8 0 0.000204123
1 5 8 1 3.93903e-05
1 5 8 2 0.00106687
1 5 8 3 0.00141081
1 5 9 0 3.31287e-10
1 5 9 1 6.66814e-05
1 5 9 2 0.0011069
1 5 9 3 0.000985902
1 5 10 0 2.81977e-10
1 5 10 1 6.41888e-05
1 5 10 2 0.000514898
1 5 10 3 0.00102179
1 5 11 0 0.000956516
1 5 11 1 0.000116567
1 5 11 2 0.00120215
1 5 11 3 0.000267577
1 5 12 0 1.3673e-09
1 5 12 1 0.000104198
1 5 12 2 0.0010497
1 5 12 3 0.000445688
1 5 13 0 0.000431383
1 5 13 1 0.00010795
1 5 13 2 0.000981643
1 5 13 3 0.000391656
1 5 14 0 2.53945e-07
1 5 14 1 7.70018e-05
1 5 14 2 0.000812716
1 5 14 3 0.000837294
1 5 15 0 0.000243192
1 5 15 1 6.75708e-05
1 5 15 2 0.000221178
1 5 15 3 0.000973095
1 5 16 0 0.00029766
1 5 16 1 4.18976e-05
1 5 16 2 0.000222781
1 5 16 3 0.00134278
1 5 17 0 4.55391e-10
1 5 17 1 5.97901e-05
1 5 17 2 0.00119012
1 5 17 3 0.00108513
1 5 18 0 4.05666e-10
1 5 18 1 3.90984e-05
1 5 18 2 0.00123355
1 5 18 3 0.00166194
1 5 19 0 3.57885e-10
1 5 19 1 3.89817e-05
1 5 19 2 0.0023833
1 5 19 3 0.00176248
1 5 20 0 0.000696799
1 5 20 1 3.87571e-05
1 5 20 2 0.00225222
1 5 20 3 0.0019561
1 5 21 0 0.001084
1 5 21 1 3.91236e-05
1 5 21 2 0.00280557
1 5 21 3 0.00164046
1 5 22 0 0.00339128
1 5 22 1 3.82273e-05
1 5 22 2 0.00296408
1 5 22 3 0.0024121
1 5 23 0 0.00233826
1 5 23 1 3.75674e-05
1 5 23 2 0.00369032
1 5 23 3 0.00298048
1 5 24 0 0.00266065
1 5 24 1 3.69056e-05
1 5 24 2 0.00377391
1 5 24 3 0.00355044
1 5 25 0 0.00370653
1 5 25 1 3.64324e-05
1 5 25 2 0.00239127
1 5 25 3 0.00395799
1 5 26 0 0.00199282
1 5 26 1 3.58496e-05
1 5 26 2 0.00340121
1 5 26 3 0.00445992
1 5 27 0 0.00123429
1 5 27 1 3.53075e-05
1 5 27 2 0.00395057
1 5 27 3 0.00492681
1 5 28 0 0.00104966
1 5 28 1 3.52603e-05
1 5 28 2 0.00185235
1 5 28 3 0.00497201
1 5 29 0 0.00188735
1 5 29 1 3.59813e-05
1 5 29 2 0.00242468
1 5 29 3 0.00434646
1 5 30 0 0.00178923
1 5 30 1 3.62568e-05
1 5 30 2 0.00252237
1 5 30 3 0.00410923
1 5 31 0 0.00260053
1 5 31 1 3.64965e-05
1 5 31 2 0.00223432
1 5 31 3 0.00390273
1 5 32 0 0.00173989
1 5 32 1 3.63603e-05
1 5 32 2 0.00143624
1 5 32 3 0.00402006
1 5 33 0 0.000390027
1 5 33 1 3.82375e-05
1 5 33 2 0.00430595
1 5 33 3 0.0024036
1 5 34 0 3.04161e-10
1 5 34 1 3.74147e-05
1 5 34 2 0.0024319
1 5 34 3 0.00311203
1 5 35 0 0.00115899
1 5 35 1 3.87818e-05
1 5 35 2 0.00355874
1 5 35 3 0.00193468
1 5 36 0 0.0023985
1 5 36 1 3.85291e-05
1 5 36 2 0.00283466
1 5 36 3 0.00215226
1 5 37 0 6.56124e-09
1 5 37 1 3.76384e-05
1 5 37 2 0.00274442
1 5 37 3 0.00291934
1 5 38 0 0.00207765
1 5 38 1 3.75064e-05
1 5 38 2 0.00228801
1 5 38 3 0.00303297
1 5 39 0 0.00247174
1 5 39 1 3.82014e-05
1 5 39 2 0.0028987
1 5 39 3 0.00243442
1 5 40 0 0.00181058
1 5 40 1 3.8493e-05
1 5 40 2 0.00326851
1 5 40 3 0.00218333
1 5 41 0 0.00130633
1 5 41 1 3.84488e-05
1 5 41 2 0.00307623
1 5 41 3 0.00222143
1 5 42 0 0.00190144
1 5 42 1 3.837e-05
1 5 42 2 0.00229008
1 5 42 3 0.00228929
1 5 43 0 2.44905e-10
1 5 43 1 3.83091e-05
1 5 43 2 0.00259402
1 5 43 3 0.00234166
1 5 44 0 1.53777e-05
1 5 44 1 3.83763e-05
1 5 44 2 0.00269092
1 5 44 3 0.0022851
1 5 45 0 2.96683e-10
1 5 45 1 3.90354e-05
1 5 45 2 0.00249352
1 5 45 3 0.0017162
1 5 46 0 3.29276e-05
1 5 46 1 3.827e-05
1 5 46 2 0.00171353
1 5 46 3 0.00237648
1 5 47 0 3.11017e-10
1 5 47 1 3.93417e-05
1 5 47 2 0.00291434
1 5 47 3 0.00145244
1 6 0 0 2.4352e-06
1 6 0 1 3.94277e-05
1 6 0 2 0.00278573
1 6 0 3 0.00137834
1 6 1 0 3.72148e-10
1 6 1 1 3.91727e-05
1 6 1 2 0.00290447
1 6 1 3 0.00159801
1 6 2 0 8.23626e-10
1 6 2 1 3.88882e-05
1 6 2 2 0.00136363
1 6 2 3 0.00184297
1 6 3 0 0.000204292
1 6 3 1 5.94849e-05
1 6 3 2 0.00229514
1 6 3 3 0.00108953
1 6 4 0 3.50323e-10
1 6 4 1 3.89763e-05
1 6 4 2 0.00144658
1 6 4 3 0.0017671
1 6 5 0 0.00191618
1 6 5 1 7.72888e-05
1 6 5 2 0.00219744
1 6 5 3 0.000833162
1 6 6 0 6.27792e-10
1 6 6 1 4.94263e-05
1 6 6 2 0.00112736
1 6 6 3 0.00123437
1 6 7 0 7.53736e-10
1 6 7 1 8.85413e-05
1 6 7 2 0.00247762
1 6 7 3 0.000671132
1 6 8 0 0.000540146
1 6 8 1 6.41971e-05
1 6 8 2 0.00082802
1 6 8 3 0.00102167
1 6 9 0 6.05035e-10
1 6 9 1 4.47804e-05
1 6 9 2 0.001019
1 6 9 3 0.00130127
1 6 10 0 2.22286e-10
1 6 10 1 7.1735e-05
1 6 10 2 0.00103115
1 6 10 3 0.000913133
1 6 11 0 3.81216e-05
1 6 11 1 0.000127818
1 6 11 2 0.00148988
1 6 11 3 0.000105566
1 6 12 0 2.20205e-10
1 6 12 1 6.51206e-05
1 6 12 2 0.000688554
1 6 12 3 0.00100838
1 6 13 0 3.18471e-10
1 6 13 1 8.6863e-05
1 6 13 2 0.000631118
1 6 13 3 0.000695299
1 6 14 0 1.04668e-10
1 6 14 1 7.38054e-05
1 6 14 2 0.000193283
1 6 14 3 0.00088332
1 6 15 0 2.1648e-10
1 6 15 1 9.52419e-05
1 6 15 2 0.000841143
1 6 15 3 0.000574646
1 6 16 0 1.73098e-10
1 6 16 1 5.75395e-05
1 6 16 2 0.000268876
1 6 16 3 0.00111754
1 6 17 0 4.59799e-10
1 6 17 1 5.7897e-05
1 6 17 2 0.000483155
1 6 17 3 0.00111239
1 6 18 0 4.63727e-10
1 6 18 1 9.779e-05
1 6 18 2 0.00215424
1 6 18 3 0.000537955
1 6 19 0 0.00132008
1 6 19 1 8.05015e-05
1 6 19 2 0.00238699
1 6 19 3 0.0007869
1 6 20 0 0.00147938
1 6 20 1 3.83128e-05
1 6 20 2 0.00177231
1 6 20 3 0.00233866
1 6 21 0 0.00122202
1 6 21 1 3.8768e-05
1 6 21 2 0.00220739
1 6 21 3 0.00194664
1 6 22 0 3.72018e-10
1 6 22 1 3.89022e-05
1 6 22 2 0.00463639
1 6 22 3 0.00183093
1 6 23 0 0.00146335
1 6 23 1 3.90548e-05
1 6 23 2 0.00320704
1 6 23 3 0.0016996
1 6 24 0 0.00151728
1 6 24 1 3.76237e-05
1 6 24 2 0.00388819
1 6 24 3 0.00293197
1 6 25 0 2.7985e-05
1 6 25 1 3.73555e-05
1 6 25 2 0.00369137
1 6 25 3 0.00316334
1 6 26 0 0.00125963
1 6 26 1 3.63823e-05
1 6 26 2 0.00319646
1 6 26 3 0.00400112
1 6 27 0 0.0017307
1 6 27 1 3.52677e-05
1 6 27 2 0.00248582
1 6 27 3 0.00496285
1 6 28 0 0.000944375
1 6 28 1 3.73648e-05
1 6 28 2 0.00321219
1 6 28 3 0.00315501
1 6 29 0 0.000336736
1 6 29 1 3.64111e-05
1 6 29 2 0.00286048
1 6 29 3 0.0039795
1 6 30 0 8.97185e-06
1 6 30 1 3.73924e-05
1 6 30 2 0.00302073
1 6 30 3 0.0031317
1 6 31 0 0.000981889
1 6 31 1 3.87837e-05
1 6 31 2 0.00449323
1 6 31 3 0.00193299
1 6 32 0 0.00044006
1 6 32 1 3.71217e-05
1 6 32 2 0.00257358
1 6 32 3 0.00336574
1 6 33 0 0.000980275
1 6 33 1 3.58911e-05
1 6 33 2 0.00149136
1 6 33 3 0.00442821
1 6 34 0 0.00109632
1 6 34 1 3.81515e-05
1 6 34 2 0.00271199
1 6 34 3 0.0024775
1 6 35 0 0.00110612
1 6 35 1 3.7399e-05
1 6 35 2 0.0019331
1 6 35 3 0.00312562
1 6 36 0 0.00177507
1 6 36 1 3.83193e-05
1 6 36 2 0.00316329
1 6 36 3 0.00233292
1 6 37 0 6.02522e-06
1 6 37 1 3.90804e-05
1 6 37 2 0.00340592
1 6 37 3 0.00167787
1 6 38 0 0.000320695
1 6 38 1 3.77155e-05
1 6 38 2 0.00234797
1 6 38 3 0.00285618
1 6 39 0 9.69831e-05
1 6 39 1 3.92936e-05
1 6 39 2 0.00322349
1 6 39 3 0.0014946
1 6 40 0 0.000759023
1 6 40 1 3.69878e-05
1 6 40 2 0.00102516
1 6 40 3 0.0034825
1 6 41 0 0.000289945
1 6 41 1 3.93363e-05
1 6 41 2 0.00289297
1 6 41 3 0.00145768
1 6 42 0 3.75478e-10
1 6 42 1 3.83048e-05
1 6 42 2 0.00209783
1 6 42 3 0.0023454
1 6 43 0 0.000545629
1 6 43 1 3.80421e-05
1 6 43 2 0.00207114
1 6 43 3 0.00257242
1 6 44 0 4.09627e-06
1 6 44 1 3.94276e-05
1 6 44 2 0.00317944
1 6 44 3 0.00137838
1 6 45 0 0.00160023
1 6 45 1 3.87493e-05
1 6 45 2 0.00251549
1 6 45 3 0.00196262
1 6 46 0 2.42141e-10
1 6 46 1 3.8529e-05
1 6 46 2 0.00248917
1 6 46 3 0.00215233
1 6 47 0 0.0017685
1 6 47 1 3.94135e-05
1 6 47 2 0.00277591
1 6 47 3 0.0013906
2 0 0 0 0.000387268
2 0 0 1 3.88915e-05
2 0 0 2 0.00228514
2 0 0 3 0.00184051
2 0 1 0 0.000390401
2 0 1 1 3.87006e-05
2 0 1 2 0.00236927
2 0 1 3 0.00200571
2 0 2 0 3.19242e-10
2 0 2 1 3.89127e-05
2 0 2 2 0.00270471
2 0 2 3 0.00182185
2 0 3 0 2.61406e-10
2 0 3 1 3.86348e-05
2 0 3 2 0.00126196
2 0 3 3 0.00206123
2 0 4 0 2.9144e-10
2 0 4 1 3.93403e-05
2 0 4 2 0.00184663
2 0 4 3 0.0014537
2 0 5 0 0.00174175
2 0 5 1 4.41357e-05
2 0 5 2 0.00126905
2 0 5 3 0.00131055
2 0 6 0 3.26125e-10
2 0 6 1 7.27749e-05
2 0 6 2 0.00174001
2 0 6 3 0.000898159
2 0 7 0 2.03379e-10
2 0 7 1 4.36873e-05
2 0 7 2 0.00127355
2 0 7 3 0.00131701
2 0 8 0 3.00938e-10
2 0 8 1 4.21746e-05
2 0 8 2 0.00128839
2 0 8 3 0.00133879
2 0 9 0 4.56425e-10
2 0 9 1 3.88835e-05
2 0 9 2 0.000254228
2 0 9 3 0.00184705
2 0 10 0 0.00061154
2 0 10 1 7.28675e-05
2 0 10 2 0.00111204
2 0 10 3 0.000896825
2 0 11 0 5.60502e-10
2 0 11 1 6.1565e-05
2 0 11 2 0.00107434
2 0 11 3 0.00105958
2 0 12 0 4.59889e-10
2 0 12 1 3.92199e-05
2 0 12 2 6.27988e-10
2 0 12 3 0.00155734
2 0 13 0 2.25746e-10
2 0 13 1 6.75553e-05
2 0 13 2 0.00088926
2 0 13 3 0.000973318
2 0 14 0 2.43107e-09
2 0 14 1 4.23718e-05
2 0 14 2 1.66028e-10
2 0 14 3 0.00133595
2 0 15 0 9.6089e-10
2 0 15 1 6.28991e-05
2 0 15 2 0.000283965
2 0 15 3 0.00104036
2 0 16 0 0.00128312
2 0 16 1 4.76183e-05
2 0 16 2 0.000787094
2 0 16 3 0.0012604
2 0 17 0 2.04117e-10
2 0 17 1 3.87332e-05
2 0 17 2 0.000645688
2 0 17 3 0.00197644
2 0 18 0 7.79156e-05
2 0 18 1 3.82406e-05
2 0 18 2 0.000795224
2 0 18 3 0.00240179
2 0 19 0 0.000983411
2 0 19 1 3.94277e-05
2 0 19 2 0.00330175
2 0 19 3 0.00137834
2 0 20 0 0.000414434
2 0 20 1 3.76767e-05
2 0 20 2 0.0022375
2 0 20 3 0.00288785
2 0 21 0 0.00111619
2 0 21 1 3.69594e-05
2 0 21 2 0.00254427
2 0 21 3 0.00350422
2 0 22 0 0.00252129
2 0 22 1 3.6891e-05
2 0 22 2 0.00316819
2 0 22 3 0.00356302
2 0 23 0 0.000360872
2 0 23 1 3.58745e-05
2 0 23 2 0.00306698
2 0 23 3 0.00444303
2 0 24 0 0.00250193
2 0 24 1 3.614e-05
2 0 24 2 0.00277515
2 0 24 3 0.00420982
2 0 25 0 0.00213991
2 0 25 1 3.65956e-05
2 0 25 2 0.00453149
2 0 25 3 0.00381741
2 0 26 0 0.00219118
2 0 26 1 3.58288e-05
2 0 26 2 0.00254829
2 0 26 3 0.00447785
2 0 27 0 0.00195368
2 0 27 1 3.67811e-05
2 0 27 2 0.0056425
2 0 27 3 0.00365769
2 0 28 0 2.44551e-05
2 0 28 1 3.63981e-05
2 0 28 2 0.00512954
2 0 28 3 0.00398759
2 0 29 0 0.0045952
2 0 29 1 3.57943e-05
2 0 29 2 0.0024255
2 0 29 3 0.0045075
2 0 30 0 0.00156691
2 0 30 1 3.67201e-05
2 0 30 2 0.00436889
2 0 30 3 0.00371019
2 0 31 0 0.0026234
2 0 31 1 3.57318e-05
2 0 31 2 0.00326783
2 0 31 3 0.00456137
2 0 32 0 0.00263343
2 0 32 1 3.6741e-05
2 0 32 2 0.00333426
2 0 32 3 0.00369219
2 0 33 0 0.0016262
2 0 33 1 3.78186e-05
2 0 33 2 0.00498619
2 0 33 3 0.00276409
2 0 34 0 2.87107e-06
2 0 34 1 3.54774e-05
2 0 34 2 0.0011749
2 0 34 3 0.00478086
2 0 35 0 0.00105443
2 0 35 1 3.69541e-05
2 0 35 2 0.00335626
2 0 35 3 0.00350872
2 0 36 0 0.000304258
2 0 36 1 3.79723e-05
2 0 36 2 0.00401404
2 0 36 3 0.0026319
2 0 37 0 3.51537e-10
2 0 37 1 3.71558e-05
2 0 37 2 0.00297225
2 0 37 3 0.00333493
2 0 38 0 0.0029473
2 0 38 1 3.79631e-05
2 0 38 2 0.00268368
2 0 38 3 0.00263969
2 0 39 0 0.00089206
2 0 39 1 3.78466e-05
2 0 39 2 0.00373867
2 0 39 3 0.00274011
2 0 40 0 0.000734751
2 0 40 1 3.89162e-05
2 0 40 2 0.00371583
2 0 40 3 0.00181897
2 0 41 0 0.000498646
2 0 41 1 3.78626e-05
2 0 41 2 0.0034278
2 0 41 3 0.00272661
2 0 42 0 0.000441273
2 0 42 1 3.84633e-05
2 0 42 2 0.00365632
2 0 42 3 0.00220908
2 0 43 0 9.84156e-05
2 0 43 1 3.55095e-05
2 0 43 2 0.000871829
2 0 43 3 0.0047614
2 0 44 0 1.70107e-06
2 0 44 1 3.80793e-05
2 0 44 2 0.00243697
2 0 44 3 0.00253966
2 0 45 0 0.000130538
2 0 45 1 3.72641e-05
2 0 45 2 0.00189542
2 0 45 3 0.00324514
2 0 46 0 8.15309e-06
2 0 46 1 3.72891e-05
2 0 46 2 0.00125533
2 0 46 3 0.00322242
2 0 47 0 0.00199792
2 0 47 1 3.81969e-05
2 0 47 2 0.00216859
2 0 47 3 0.00243835
2 1 0 0 3.5988e-10
2 1 0 1 3.82818e-05
2 1 0 2 0.00204241
2 1 0 3 0.00236521
2 1 1 0 9.68161e-06
2 1 1 1 3.87044e-05
2 1 1 2 0.00283031
2 1 1 3 0.00200186
2 1 2 0 0.000399231
2 1 2 1 3.94274e-05
2 1 2 2 0.00275618
2 1 2 3 0.00137857
2 1 3 0 0.000296737
2 1 3 1 3.94277e-05
2 1 3 2 0.00280989
2 1 3 3 0.00137834
2 1 4 0 0.000292001
2 1 4 1 3.86948e-05
2 1 4 2 0.00122725
2 1 4 3 0.00200972
2 1 5 0 0.000366285
2 1 5 1 3.94277e-05
2 1 5 2 0.00220628
2 1 5 3 0.00137834
2 1 6 0 0.000700217
2 1 6 1 3.90575e-05
2 1 6 2 0.00127131
2 1 6 3 0.00169726
2 1 7 0 0.00153149
2 1 7 1 3.90476e-05
2 1 7 2 0.00127541
2 1 7 3 0.00170571
2 1 8 0 4.55566e-10
2 1 8 1 3.94278e-05
2 1 8 2 0.00140282
2 1 8 3 0.00137834
2 1 9 0 3.86952e-10
2 1 9 1 3.86076e-05
2 1 9 2 0.000775163
2 1 9 3 0.00208461
2 1 10 0 0.00061092
2 1 10 1 3.94279e-05
2 1 10 2 0.000526586
2 1 10 3 0.00137834
2 1 11 0 0.000306199
2 1 11 1 3.9428e-05
2 1 11 2 0.000615529
2 1 11 3 0.00137834
2 1 12 0 0.000914474
2 1 12 1 4.20889e-05
2 1 12 2 0.00101132
2 1 12 3 0.00134002
2 1 13 0 0.000371427
2 1 13 1 3.92109e-05
2 1 13 2 0.000868119
2 1 13 3 0.00156511
2 1 14 0 0.00102452
2 1 14 1 3.94276e-05
2 1 14 2 0.000986535
2 1 14 3 0.00137839
2 1 15 0 0.00115859
2 1 15 1 5.16974e-05
2 1 15 2 0.000831278
2 1 15 3 0.00120166
2 1 16 0 0.00258382
2 1 16 1 3.94278e-05
2 1 16 2 0.000355542
2 1 16 3 0.00137834
2 1 17 0 0.000281364
2 1 17 1 3.89043e-05
2 1 17 2 0.000925746
2 1 17 3 0.00182955
2 1 18 0 0.00169935
2 1 18 1 3.82104e-05
2 1 18 2 0.000394657
2 1 18 3 0.00242667
2 1 19 0 0.00112084
2 1 19 1 3.77232e-05
2 1 19 2 0.00105261
2 1 19 3 0.0028463
2 1 20 0 0.00174023
2 1 20 1 3.73214e-05
2 1 20 2 0.00127073
2 1 20 3 0.00319232
2 1 21 0 0.00186759
2 1 21 1 3.9304e-05
2 1 21 2 0.00306587
2 1 21 3 0.00148491
2 1 22 0 0.000122309
2 1 22 1 3.6926e-05
2 1 22 2 0.00263384
2 1 22 3 0.00353499
2 1 23 0 0.000340208
2 1 23 1 3.62564e-05
2 1 23 2 0.00242831
2 1 23 3 0.00411399
2 1 24 0 0.000123312
2 1 24 1 3.62532e-05
2 1 24 2 0.00373255
2 1 24 3 0.0041134
2 1 25 0 7.79574e-06
2 1 25 1 3.58274e-05
2 1 25 2 0.00342448
2 1 25 3 0.00447937
2 1 26 0 6.92538e-05
2 1 26 1 3.651e-05
2 1 26 2 0.00430327
2 1 26 3 0.00389132
2 1 27 0 0.00109415
2 1 27 1 3.7246e-05
2 1 27 2 0.00539617
2 1 27 3 0.00325731
2 1 28 0 0.000223926
2 1 28 1 3.56342e-05
2 1 28 2 0.00400229
2 1 28 3 0.00464796
2 1 29 0 0.000778218
2 1 29 1 3.6006e-05
2 1 29 2 0.0030341
2 1 29 3 0.00432749
2 1 30 0 2.95681e-10
2 1 30 1 3.50459e-05
2 1 30 2 0.00267684
2 1 30 3 0.00515213
2 1 31 0 0.000204616
2 1 31 1 3.56727e-05
2 1 31 2 0.00333765
2 1 31 3 0.00461701
2 1 32 0 0.00233242
2 1 32 1 3.52373e-05
2 1 32 2 0.00223437
2 1 32 3 0.00498777
2 1 33 0 0.000411807
2 1 33 1 3.63969e-05
2 1 33 2 0.00282523
2 1 33 3 0.00399167
2 1 34 0 1.34238e-05
2 1 34 1 3.66157e-05
2 1 34 2 0.00264257
2 1 34 3 0.00380137
2 1 35 0 2.8132e-06
2 1 35 1 3.70752e-05
2 1 35 2 0.00212245
2 1 35 3 0.0034045
2 1 36 0 2.57933e-10
2 1 36 1 3.73812e-05
2 1 36 2 0.00325593
2 1 36 3 0.00314079
2 1 37 0 0.000369048
2 1 37 1 3.6026e-05
2 1 37 2 0.00135224
2 1 37 3 0.00431385
2 1 38 0 2.80809e-06
2 1 38 1 3.61921e-05
2 1 38 2 0.00205269
2 1 38 3 0.00416518
2 1 39 0 0.000617937
2 1 39 1 3.75091e-05
2 1 39 2 0.00315196
2 1 39 3 0.00303077
2 1 40 0 7.79958e-07
2 1 40 1 3.57934e-05
2 1 40 2 0.00105926
2 1 40 3 0.0045085
2 1 41 0 0.000324843
2 1 41 1 3.84482e-05
2 1 41 2 0.00347651
2 1 41 3 0.00222219
2 1 42 0 2.24517e-10
2 1 42 1 3.83154e-05
2 1 42 2 0.00356688
2 1 42 3 0.00233629
2 1 43 0 0.000772489
2 1 43 1 3.73926e-05
2 1 43 2 0.00219744
2 1 43 3 0.00313116
2 1 44 0 2.67598e-10
2 1 44 1 3.81511e-05
2 1 44 2 0.00461111
2 1 44 3 0.00247781
2 1 45 0 3.74536e-10
2 1 45 1 3.69099e-05
2 1 45 2 0.00199336
2 1 45 3 0.00354672
2 1 46 0 2.75267e-10
2 1 46 1 3.7237e-05
2 1 46 2 0.00257739
2 1 46 3 0.00326503
2 1 47 0 2.66911e-10
2 1 47 1 3.72699e-05
2 1 47 2 0.00249356
2 1 47 3 0.00323667
2 2 0 0 3.94428e-10
2 2 0 1 3.83394e-05
2 2 0 2 0.00221951
2 2 0 3 0.00231558
2 2 1 0 4.62013e-05
2 2 1 1 3.72844e-05
2 2 1 2 0.00178242
2 2 1 3 0.00322569
2 2 2 0 0.00064424
2 2 2 1 3.86138e-05
2 2 2 2 0.00235842
2 2 2 3 0.00208003
2 2 3 0 2.74236e-10
2 2 3 1 3.7846e-05
2 2 3 2 0.00166342
2 2 3 3 0.00274056
2 2 4 0 5.48155e-10
2 2 4 1 3.83875e-05
2 2 4 2 0.00156843
2 2 4 3 0.00227418
2 2 5 0 2.66726e-10
2 2 5 1 3.92975e-05
2 2 5 2 0.0030209
2 2 5 3 0.00149054
2 2 6 0 6.2867e-06
2 2 6 1 3.78946e-05
2 2 6 2 0.000626757
2 2 6 3 0.00270084
2 2 7 0 0.000520279
2 2 7 1 3.87531e-05
2 2 7 2 0.00188571
2 2 7 3 0.00196002
2 2 8 0 0.00115641
2 2 8 1 3.94277e-05
2 2 8 2 0.00176873
2 2 8 3 0.00137834
2 2 9 0 0.000304809
2 2 9 1 3.92698e-05
2 2 9 2 0.00138932
2 2 9 3 0.00151458
2 2 10 0 0.000975354
2 2 10 1 3.84819e-05
2 2 10 2 0.000373252
2 2 10 3 0.00219291
2 2 11 0 0.00118828
2 2 11 1 6.77201e-05
2 2 11 2 0.00224287
2 2 11 3 0.000970946
2 2 12 0 0.000441695
2 2 12 1 3.94277e-05
2 2 12 2 0.00142472
2 2 12 3 0.00137834
2 2 13 0 6.66419e-10
2 2 13 1 3.9112e-05
2 2 13 2 0.00111547
2 2 13 3 0.00165017
2 2 14 0 0.00299734
2 2 14 1 3.94279e-05
2 2 14 2 0.000572301
2 2 14 3 0.00137834
2 2 15 0 0.000768808
2 2 15 1 3.90997e-05
2 2 15 2 0.00103478
2 2 15 3 0.00166088
2 2 16 0 0.00190525
2 2 16 1 3.94278e-05
2 2 16 2 0.00105923
2 2 16 3 0.00137834
2 2 17 0 0.000892713
2 2 17 1 3.94275e-05
2 2 17 2 0.00194919
2 2 17 3 0.00137846
2 2 18 0 0.000683966
2 2 18 1 3.86128e-05
2 2 18 2 0.00151042
2 2 18 3 0.00208033
2 2 19 0 5.1183e-07
2 2 19 1 3.89682e-05
2 2 19 2 0.00282017
2 2 19 3 0.00177414
2 2 20 0 0.00200727
2 2 20 1 3.76273e-05
2 2 20 2 0.00171263
2 2 20 3 0.00292888
2 2 21 0 0.00171557
2 2 21 1 3.82921e-05
2 2 21 2 0.00224599
2 2 21 3 0.00235635
2 2 22 0 0.00276098
2 2 22 1 3.79499e-05
2 2 22 2 0.00229085
2 2 22 3 0.00265105
2 2 23 0 0.00247888
2 2 23 1 3.77342e-05
2 2 23 2 0.00332297
2 2 23 3 0.00283683
2 2 24 0 1.41774e-06
2 2 24 1 3.54951e-05
2 2 24 2 0.00238711
2 2 24 3 0.00476536
2 2 25 0 2.51222e-10
2 2 25 1 3.60215e-05
2 2 25 2 0.00384193
2 2 25 3 0.00431187
2 2 26 0 3.36104e-07
2 2 26 1 3.67626e-05
2 2 26 2 0.00407798
2 2 26 3 0.0036736
2 2 27 0 0.000212631
2 2 27 1 3.49544e-05
2 2 27 2 0.00399704
2 2 27 3 0.00523501
2 2 28 0 2.41459e-10
2 2 28 1 3.44215e-05
2 2 28 2 0.00232478
2 2 28 3 0.00569211
2 2 29 0 1.27498e-05
2 2 29 1 3.60282e-05
2 2 29 2 0.00425855
2 2 29 3 0.00430635
2 2 30 0 0.00105644
2 2 30 1 3.66978e-05
2 2 30 2 0.00392743
2 2 30 3 0.00372942
2 2 31 0 0.00111957
2 2 31 1 3.59213e-05
2 2 31 2 0.00308876
2 2 31 3 0.00439845
2 2 32 0 3.16334e-10
2 2 32 1 3.60191e-05
2 2 32 2 0.00297824
2 2 32 3 0.00431393
2 2 33 0 6.71929e-06
2 2 33 1 3.62255e-05
2 2 33 2 0.0030337
2 2 33 3 0.00413649
2 2 34 0 0.00107447
2 2 34 1 3.77812e-05
2 2 34 2 0.00299757
2 2 34 3 0.0027964
2 2 35 0 9.96918e-06
2 2 35 1 3.61142e-05
2 2 35 2 0.00170357
2 2 35 3 0.00423433
2 2 36 0 0.00011538
2 2 36 1 3.8244e-05
2 2 36 2 0.00415483
2 2 36 3 0.00239804
2 2 37 0 2.32174e-10
2 2 37 1 3.71427e-05
2 2 37 2 0.00299504
2 2 37 3 0.00334628
2 2 38 0 4.56244e-07
2 2 38 1 3.7025e-05
2 2 38 2 0.00235228
2 2 38 3 0.00344763
2 2 39 0 0.00052266
2 2 39 1 3.74264e-05
2 2 39 2 0.00286777
2 2 39 3 0.00310273
2 2 40 0 2.88594e-10
2 2 40 1 3.6122e-05
2 2 40 2 0.00121087
2 2 40 3 0.00422534
2 2 41 0 0.000431941
2 2 41 1 3.76668e-05
2 2 41 2 0.00275788
2 2 41 3 0.00289578
2 2 42 0 0.00155834
2 2 42 1 3.86722e-05
2 2 42 2 0.00330249
2 2 42 3 0.00202907
2 2 43 0 3.19019e-10
2 2 43 1 3.73736e-05
2 2 43 2 0.00351585
2 2 43 3 0.00314742
2 2 44 0 2.68219e-07
2 2 44 1 3.81076e-05
2 2 44 2 0.0035822
2 2 44 3 0.00251526
2 2 45 0 3.57598e-10
2 2 45 1 3.54973e-05
2 2 45 2 0.000735807
2 2 45 3 0.00476378
2 2 46 0 2.70162e-10
2 2 46 1 3.7163e-05
2 2 46 2 0.00157552
2 2 46 3 0.00332874
2 2 47 0 3.56388e-07
2 2 47 1 3.86618e-05
2 2 47 2 0.00349254
2 2 47 3 0.00203797
2 3 0 0 1.4198e-10
2 3 0 1 3.8066e-05
2 3 0 2 0.00240181
2 3 0 3 0.0025511
2 3 1 0 2.45432e-10
2 3 1 1 3.93081e-05
2 3 1 2 0.00343402
2 3 1 3 0.00148137
2 3 2 0 0.000616226
2 3 2 1 3.89048e-05
2 3 2 2 0.00329828
2 3 2 3 0.00182892
2 3 3 0 1.79699e-10
2 3 3 1 3.82678e-05
2 3 3 2 0.00240276
2 3 3 3 0.00237731
2 3 4 0 0.00121648
2 3 4 1 3.89409e-05
2 3 4 2 0.0021775
2 3 4 3 0.0017977
2 3 5 0 1.62016e-10
2 3 5 1 3.90542e-05
2 3 5 2 0.00228246
2 3 5 3 0.00170003
2 3 6 0 6.90766e-06
2 3 6 1 3.87618e-05
2 3 6 2 0.00258493
2 3 6 3 0.00195219
2 3 7 0 0.000242226
2 3 7 1 4.22326e-05
2 3 7 2 0.00172098
2 3 7 3 0.00133795
2 3 8 0 2.06372e-10
2 3 8 1 3.93636e-05
2 3 8 2 0.00184551
2 3 8 3 0.00143363
2 3 9 0 2.07568e-10
2 3 9 1 5.20379e-05
2 3 9 2 0.00152106
2 3 9 3 0.00119676
2 3 10 0 1.38881e-09
2 3 10 1 7.95771e-05
2 3 10 2 0.0017586
2 3 10 3 0.000800211
2 3 11 0 0.000361426
2 3 11 1 4.09624e-05
2 3 11 2 0.000932805
2 3 11 3 0.00135624
2 3 12 0 0.000739446
2 3 12 1 8.9368e-05
2 3 12 2 0.00179438
2 3 12 3 0.000659227
2 3 13 0 0.000876085
2 3 13 1 8.17453e-05
2 3 13 2 0.000831343
2 3 13 3 0.00076899
2 3 14 0 3.72698e-10
2 3 14 1 8.27141e-05
2 3 14 2 0.000991851
2 3 14 3 0.00075504
2 3 15 0 0.00026008
2 3 15 1 8.07865e-05
2 3 15 2 0.00136773
2 3 15 3 0.000782796
2 3 16 0 0.00164948
2 3 16 1 4.63116e-05
2 3 16 2 0.000870009
2 3 16 3 0.00127922
2 3 17 0 0.000190548
2 3 17 1 3.89826e-05
2 3 17 2 0.00122113
2 3 17 3 0.00176179
2 3 18 0 1.89763e-06
2 3 18 1 3.85103e-05
2 3 18 2 0.00183823
2 3 18 3 0.00216845
2 3 19 0 0.00113979
2 3 19 1 3.79908e-05
2 3 19 2 0.00163475
2 3 19 3 0.00261595
2 3 20 0 0.00258785
2 3 20 1 3.78158e-05
2 3 20 2 0.00286695
2 3 20 3 0.00276654
2 3 21 0 0.00198498
2 3 21 1 3.6807e-05
2 3 21 2 0.00260694
2 3 21 3 0.00363532
2 3 22 0 0.00229359
2 3 22 1 3.70488e-05
2 3 22 2 0.00285521
2 3 22 3 0.00342713
2 3 23 0 0.00221838
2 3 23 1 3.64087e-05
2 3 23 2 0.00401409
2 3 23 3 0.00397835
2 3 24 0 0.00142704
2 3 24 1 3.68029e-05
2 3 24 2 0.00517385
2 3 24 3 0.0036389
2 3 25 0 0.00112828
2 3 25 1 3.48773e-05
2 3 25 2 0.00385829
2 3 25 3 0.00529841
2 3 26 0 0.00261098
2 3 26 1 3.39922e-05
2 3 26 2 0.0027005
2 3 26 3 0.00606197
2 3 27 0 0.00020466
2 3 27 1 3.60349e-05
2 3 27 2 0.00547891
2 3 27 3 0.0043003
2 3 28 0 0.00357871
2 3 28 1 3.57528e-05
2 3 28 2 0.0043026
2 3 28 3 0.00454329
2 3 29 0 0.0008759
2 3 29 1 3.49981e-05
2 3 29 2 0.00210109
2 3 29 3 0.00519911
2 3 30 0 0.0016879
2 3 30 1 3.70991e-05
2 3 30 2 0.00465095
2 3 30 3 0.00338377
2 3 31 0 0.00271719
2 3 31 1 3.57097e-05
2 3 31 2 0.00291593
2 3 31 3 0.00458035
2 3 32 0 0.00218641
2 3 32 1 3.73406e-05
2 3 32 2 0.00482398
2 3 32 3 0.00317577
2 3 33 0 1.19215e-05
2 3 33 1 3.66823e-05
2 3 33 2 0.00396044
2 3 33 3 0.00374303
2 3 34 0 0.00243548
2 3 34 1 3.74644e-05
2 3 34 2 0.00465671
2 3 34 3 0.00306918
2 3 35 0 0.00124294
2 3 35 1 3.74431e-05
2 3 35 2 0.00426774
2 3 35 3 0.00308755
2 3 36 0 9.73275e-05
2 3 36 1 3.5835e-05
2 3 36 2 0.00270588
2 3 36 3 0.00447815
2 3 37 0 0.00159353
2 3 37 1 3.81271e-05
2 3 37 2 0.00339516
2 3 37 3 0.00249848
2 3 38 0 0.00102964
2 3 38 1 3.68937e-05
2 3 38 2 0.00239294
2 3 38 3 0.00356076
2 3 39 0 1.70977e-07
2 3 39 1 3.67809e-05
2 3 39 2 0.00215802
2 3 39 3 0.00365788
2 3 40 0 0.000488044
2 3 40 1 3.75488e-05
2 3 40 2 0.00269091
2 3 40 3 0.00299869
2 3 41 0 0.000252296
2 3 41 1 3.71066e-05
2 3 41 2 0.00230601
2 3 41 3 0.00337998
2 3 42 0 1.83491e-10
2 3 42 1 3.81231e-05
2 3 42 2 0.00313681
2 3 42 3 0.00250192
2 3 43 0 0.00179769
2 3 43 1 3.65123e-05
2 3 43 2 0.00102383
2 3 43 3 0.00388913
2 3 44 0 0.000171841
2 3 44 1 3.69689e-05
2 3 44 2 0.00279358
2 3 44 3 0.00349913
2 3 45 0 3.1312e-10
2 3 45 1 3.74098e-05
2 3 45 2 0.00282685
2 3 45 3 0.00311618
2 3 46 0 2.21377e-10
2 3 46 1 3.83219e-05
2 3 46 2 0.00242749
2 3 46 3 0.00233065
2 3 47 0 4.20427e-06
2 3 47 1 3.8341e-05
2 3 47 2 0.00288762
2 3 47 3 0.00231443
2 4 0 0 0.000402144
2 4 0 1 3.80693e-05
2 4 0 2 0.00191724
2 4 0 3 0.00254911
2 4 1 0 4.97217e-05
2 4 1 1 3.76647e-05
2 4 1 2 0.00192457
2 4 1 3 0.00289862
2 4 2 0 5.73578e-08
2 4 2 1 3.85976e-05
2 4 2 2 0.0018505
2 4 2 3 0.00209324
2 4 3 0 3.54499e-06
2 4 3 1 3.94276e-05
2 4 3 2 0.00291942
2 4 3 3 0.00137839
2 4 4 0 2.30417e-10
2 4 4 1 3.90753e-05
2 4 4 2 0.00146383
2 4 4 3 0.00168185
2 4 5 0 2.14438e-10
2 4 5 1 3.88929e-05
2 4 5 2 0.0015072
2 4 5 3 0.00183895
2 4 6 0 0.000532563
2 4 6 1 8.9162e-05
2 4 6 2 0.00200802
2 4 6 3 0.000662194
2 4 7 0 2.93774e-06
2 4 7 1 4.45017e-05
2 4 7 2 0.00112667
2 4 7 3 0.00130528
2 4 8 0 0.000894308
2 4 8 1 7.84871e-05
2 4 8 2 0.00117399
2 4 8 3 0.000815907
2 4 9 0 4.00177e-10
2 4 9 1 4.40406e-05
2 4 9 2 0.000595298
2 4 9 3 0.00131192
2 4 10 0 2.21563e-10
2 4 10 1 0.00010134
2 4 10 2 0.00157138
2 4 10 3 0.000486838
2 4 11 0 6.36487e-10
2 4 11 1 5.23088e-05
2 4 11 2 0.000623037
2 4 11 3 0.00119286
2 4 12 0 1.89657e-10
2 4 12 1 9.51542e-05
2 4 12 2 0.00135328
2 4 12 3 0.000575909
2 4 13 0 0.000652212
2 4 13 1 8.42172e-05
2 4 13 2 0.000530925
2 4 13 3 0.000733396
2 4 14 0 1.73727e-10
2 4 14 1 3.9378e-05
2 4 14 2 0.000353217
2 4 14 3 0.00142116
2 4 15 0 3.19747e-10
2 4 15 1 7.43156e-05
2 4 15 2 0.000648955
2 4 15 3 0.000875974
2 4 16 0 4.01908e-10
2 4 16 1 3.94278e-05
2 4 16 2 0.000624535
2 4 16 3 0.00137834
2 4 17 0 0.001329
2 4 17 1 5.65426e-05
2 4 17 2 0.00125407
2 4 17 3 0.0011319
2 4 18 0 0.000476371
2 4 18 1 4.52894e-05
2 4 18 2 0.00213118
2 4 18 3 0.00129394
2 4 19 0 0.00167897
2 4 19 1 3.81127e-05
2 4 19 2 0.001913
2 4 19 3 0.00251086
2 4 20 0 0.00293417
2 4 20 1 3.80711e-05
2 4 20 2 0.00260789
2 4 20 3 0.00254666
2 4 21 0 0.00216768
2 4 21 1 3.78952e-05
2 4 21 2 0.00319823
2 4 21 3 0.00269812
2 4 22 0 0.00230065
2 4 22 1 3.7201e-05
2 4 22 2 0.00290049
2 4 22 3 0.00329606
2 4 23 0 0.000512279
2 4 23 1 3.63e-05
2 4 23 2 0.00545011
2 4 23 3 0.00407204
2 4 24 0 0.00271995
2 4 24 1 3.51354e-05
2 4 24 2 0.00280634
2 4 24 3 0.00507496
2 4 25 0 2.12054e-07
2 4 25 1 3.49483e-05
2 4 25 2 0.00481397
2 4 25 3 0.00523612
2 4 26 0 0.00141752
2 4 26 1 3.4771e-05
2 4 26 2 0.00502804
2 4 26 3 0.00538881
2 4 27 0 0.0012662
2 4 27 1 3.4077e-05
2 4 27 2 0.00434335
2 4 27 3 0.0059872
2 4 28 0 0.000827782
2 4 28 1 3.62301e-05
2 4 28 2 0.0058701
2 4 28 3 0.00413218
2 4 29 0 0.00084857
2 4 29 1 3.57774e-05
2 4 29 2 0.00537691
2 4 29 3 0.0045221
2 4 30 0 0.001423
2 4 30 1 3.47833e-05
2 4 30 2 0.00338814
2 4 30 3 0.00537949
2 4 31 0 0.00251451
2 4 31 1 3.55465e-05
2 4 31 2 0.00392821
2 4 31 3 0.00472094
2 4 32 0 0.00257016
2 4 32 1 3.72084e-05
2 4 32 2 0.00448766
2 4 32 3 0.00328964
2 4 33 0 0.00150347
2 4 33 1 3.61191e-05
2 4 33 2 0.00370437
2 4 33 3 0.00422782
2 4 34 0 0.000521489
2 4 34 1 3.56153e-05
2 4 34 2 0.00223331
2 4 34 3 0.00466748
2 4 35 0 0.00130015
2 4 35 1 3.62003e-05
2 4 35 2 0.00275698
2 4 35 3 0.00415797
2 4 36 0 0.00103273
2 4 36 1 3.78946e-05
2 4 36 2 0.00369571
2 4 36 3 0.00269875
2 4 37 0 0.0037365
2 4 37 1 3.61603e-05
2 4 37 2 0.00185767
2 4 37 3 0.00419229
2 4 38 0 0.00195717
2 4 38 1 3.70414e-05
2 4 38 2 0.00337104
2 4 38 3 0.00343348
2 4 39 0 2.93227e-10
2 4 39 1 3.80354e-05
2 4 39 2 0.0044467
2 4 39 3 0.00257739
2 4 40 0 0.00103726
2 4 40 1 3.75926e-05
2 4 40 2 0.00374753
2 4 40 3 0.00295876
2 4 41 0 0.00171067
2 4 41 1 3.69777e-05
2 4 41 2 0.00278494
2 4 41 3 0.00348838
2 4 42 0 0.000680878
2 4 42 1 3.71317e-05
2 4 42 2 0.00286904
2 4 42 3 0.00335598
2 4 43 0 0.00200419
2 4 43 1 3.79225e-05
2 4 43 2 0.00336389
2 4 43 3 0.00267464
2 4 44 0 0.000538325
2 4 44 1 3.6867e-05
2 4 44 2 0.00171377
2 4 44 3 0.00358637
2 4 45 0 1.39405e-07
2 4 45 1 3.8172e-05
2 4 45 2 0.00294349
2 4 45 3 0.00245979
2 4 46 0 0.00103726
2 4 46 1 3.8577e-05
2 4 46 2 0.00261686
2 4 46 3 0.00211106
2 4 47 0 0.00037123
2 4 47 1 3.84028e-05
2 4 47 2 0.00231393
2 4 47 3 0.0022632
2 5 0 0 1.7949e-10
2 5 0 1 3.79978e-05
2 5 0 2 0.00119927
2 5 0 3 0.00260978
2 5 1 0 2.70763e-10
2 5 1 1 3.88195e-05
2 5 1 2 0.00222034
2 5 1 3 0.00190218
2 5 2 0 4.80931e-10
2 5 2 1 3.93969e-05
2 5 2 2 0.00200868
2 5 2 3 0.00140489
2 5 3 0 2.8281e-10
2 5 3 1 3.84661e-05
2 5 3 2 0.00122009
2 5 3 3 0.00220652
2 5 4 0 3.4254e-10
2 5 4 1 3.92396e-05
2 5 4 2 0.00154563
2 5 4 3 0.0015404
2 5 5 0 2.90447e-10
2 5 5 1 7.34164e-05
2 5 5 2 0.00167666
2 5 5 3 0.000888923
2 5 6 0 2.28325e-10
2 5 6 1 6.05332e-05
2 5 6 2 0.00143064
2 5 6 3 0.00107443
2 5 7 0 1.89771e-10
2 5 7 1 8.83445e-05
2 5 7 2 0.00115154
2 5 7 3 0.000673965
2 5 8 0 1.97304e-10
2 5 8 1 4.6168e-05
2 5 8 2 0.000617485
2 5 8 3 0.00128128
2 5 9 0 4.14391e-10
2 5 9 1 6.59893e-05
2 5 9 2 0.000805921
2 5 9 3 0.000995868
2 5 10 0 5.48029e-10
2 5 10 1 5.80749e-05
2 5 10 2 0.00022636
2 5 10 3 0.00110983
2 5 11 0 1.46513e-10
2 5 11 1 8.8076e-05
2 5 11 2 0.000963422
2 5 11 3 0.000677832
2 5 12 0 0.0002807
2 5 12 1 5.93128e-05
2 5 12 2 0.000394171
2 5 12 3 0.00109201
2 5 13 0 2.38991e-10
2 5 13 1 4.33207e-05
2 5 13 2 1.62398e-10
2 5 13 3 0.00132228
2 5 14 0 0.000995883
2 5 14 1 0.000103443
2 5 14 2 0.00061365
2 5 14 3 0.000456554
2 5 15 0 3.22659e-10
2 5 15 1 5.41292e-05
2 5 15 2 0.000256297
2 5 15 3 0.00116665
2 5 16 0 0.00021684
2 5 16 1 3.9172e-05
2 5 16 2 0.000142086
2 5 16 3 0.00159855
2 5 17 0 0.000373544
2 5 17 1 3.9474e-05
2 5 17 2 0.000997918
2 5 17 3 0.00137767
2 5 18 0 0.00162252
2 5 18 1 3.94277e-05
2 5 18 2 0.00178866
2 5 18 3 0.00137834
2 5 19 0 0.00152295
2 5 19 1 3.82263e-05
2 5 19 2 0.00140187
2 5 19 3 0.00241304
2 5 20 0 0.000596245
2 5 20 1 3.71926e-05
2 5 20 2 0.00136196
2 5 20 3 0.00330486
2 5 21 0 0.00131771
2 5 21 1 3.71367e-05
2 5 21 2 0.0022209
2 5 21 3 0.00335139
2 5 22 0 0.00172994
2 5 22 1 3.77588e-05
2 5 22 2 0.00352061
2 5 22 3 0.0028156
2 5 23 0 0.00132662
2 5 23 1 3.66258e-05
2 5 23 2 0.00415579
2 5 23 3 0.00379138
2 5 24 0 5.93559e-06
2 5 24 1 3.61689e-05
2 5 24 2 0.00393839
2 5 24 3 0.00418495
2 5 25 0 0.000830375
2 5 25 1 3.5618e-05
2 5 25 2 0.00496425
2 5 25 3 0.00465932
2 5 26 0 0.00230627
2 5 26 1 3.66652e-05
2 5 26 2 0.00482738
2 5 26 3 0.00375749
2 5 27 0 1.85421e-06
2 5 27 1 3.49162e-05
2 5 27 2 0.00414663
2 5 27 3 0.00526379
2 5 28 0 0.000179846
2 5 28 1 3.48616e-05
2 5 28 2 0.00384293
2 5 28 3 0.00531689
2 5 29 0 0.00175456
2 5 29 1 3.44667e-05
2 5 29 2 0.00295512
2 5 29 3 0.00565485
2 5 30 0 0.00174363
2 5 30 1 3.57383e-05
2 5 30 2 0.00447301
2 5 30 3 0.00455576
2 5 31 0 0.000601059
2 5 31 1 3.77589e-05
2 5 31 2 0.00537406
2 5 31 3 0.00281554
2 5 32 0 0.00146845
2 5 32 1 3.54029e-05
2 5 32 2 0.00361679
2 5 32 3 0.00484466
2 5 33 0 0.00245456
2 5 33 1 3.68632e-05
2 5 33 2 0.00383121
2 5 33 3 0.00358693
2 5 34 0 9.94726e-06
2 5 34 1 3.68788e-05
2 5 34 2 0.00403003
2 5 34 3 0.00357375
2 5 35 0 0.0022684
2 5 35 1 3.70231e-05
2 5 35 2 0.00284883
2 5 35 3 0.00344927
2 5 36 0 0.00140239
2 5 36 1 3.70383e-05
2 5 36 2 0.00284127
2 5 36 3 0.00343614
2 5 37 0 0.00118266
2 5 37 1 3.75983e-05
2 5 37 2 0.00282074
2 5 37 3 0.00295384
2 5 38 0 0.000901397
2 5 38 1 3.83082e-05
2 5 38 2 0.00367326
2 5 38 3 0.00234254
2 5 39 0 0.000747808
2 5 39 1 3.67142e-05
2 5 39 2 0.00254914
2 5 39 3 0.0037182
2 5 40 0 8.48816e-06
2 5 40 1 3.69142e-05
2 5 40 2 0.00174538
2 5 40 3 0.00354463
2 5 41 0 0.00121167
2 5 41 1 3.7891e-05
2 5 41 2 0.00351518
2 5 41 3 0.00270182
2 5 42 0 0.000226299
2 5 42 1 3.7245e-05
2 5 42 2 0.00262383
2 5 42 3 0.00325996
2 5 43 0 0.00212993
2 5 43 1 3.90618e-05
2 5 43 2 0.00349774
2 5 43 3 0.00169343
2 5 44 0 2.1087e-06
2 5 44 1 3.85321e-05
2 5 44 2 0.00374474
2 5 44 3 0.00214962
2 5 45 0 5.52352e-06
2 5 45 1 3.69512e-05
2 5 45 2 0.00137027
2 5 45 3 0.00351179
2 5 46 0 3.65272e-10
2 5 46 1 3.805e-05
2 5 46 2 0.0025455
2 5 46 3 0.00256489
2 5 47 0 5.37154e-06
2 5 47 1 3.8479e-05
2 5 47 2 0.00207284
2 5 47 3 0.0021957
2 6 0 0 0.000647642
2 6 0 1 3.82926e-05
2 6 0 2 0.00169477
2 6 0 3 0.00235601
2 6 1 0 0.000635235
2 6 1 1 3.83594e-05
2 6 1 2 0.00144541
2 6 1 3 0.00229846
2 6 2 0 2.82209e-10
2 6 2 1 3.79672e-05
2 6 2 2 0.000781554
2 6 2 3 0.00263613
2 6 3 0 0.00168811
2 6 3 1 5.19623e-05
2 6 3 2 0.0022836
2 6 3 3 0.00119785
2 6 4 0 0.000568639
2 6 4 1 3.94283e-05
2 6 4 2 0.00119538
2 6 4 3 0.00137833
2 6 5 0 2.03504e-10
2 6 5 1 4.87686e-05
2 6 5 2 0.001467
2 6 5 3 0.00124384
2 6 6 0 5.33778e-10
2 6 6 1 3.94278e-05
2 6 6 2 0.00113838
2 6 6 3 0.00137834
2 6 7 0 2.57631e-10
2 6 7 1 7.25963e-05
2 6 7 2 0.00126148
2 6 7 3 0.000900732
2 6 8 0 0.000480265
2 6 8 1 4.82828e-05
2 6 8 2 0.000911941
2 6 8 3 0.00125083
2 6 9 0 2.42356e-10
2 6 9 1 9.74447e-05
2 6 9 2 0.00127789
2 6 9 3 0.000542927
2 6 10 0 6.28636e-10
2 6 10 1 4.51499e-05
2 6 10 2 0.000460064
2 6 10 3 0.00129594
2 6 11 0 1.27807e-10
2 6 11 1 5.33017e-05
2 6 11 2 0.000337415
2 6 11 3 0.00117856
2 6 12 0 1.77958e-10
2 6 12 1 4.21596e-05
2 6 12 2 0.000145269
2 6 12 3 0.001339
2 6 13 0 2.22662e-10
2 6 13 1 4.57227e-05
2 6 13 2 0.000230947
2 6 13 3 0.0012877
2 6 14 0 4.6265e-10
2 6 14 1 5.55924e-05
2 6 14 2 0.000458045
2 6 14 3 0.00114558
2 6 15 0 8.50602e-10
2 6 15 1 8.09531e-05
2 6 15 2 0.000934161
2 6 15 3 0.000780398
2 6 16 0 1.56971e-10
2 6 16 1 3.91053e-05
2 6 16 2 0.000358007
2 6 16 3 0.00165601
2 6 17 0 4.02381e-10
2 6 17 1 3.90416e-05
2 6 17 2 0.000605009
2 6 17 3 0.00171088
2 6 18 0 0.00058028
2 6 18 1 3.89332e-05
2 6 18 2 0.00162726
2 6 18 3 0.00180427
2 6 19 0 5.46263e-05
2 6 19 1 3.82491e-05
2 6 19 2 0.00231815
2 6 19 3 0.00239478
2 6 20 0 0.00133392
2 6 20 1 3.64695e-05
2 6 20 2 0.000904923
2 6 20 3 0.00392605
2 6 21 0 0.00191411
2 6 21 1 3.72487e-05
2 6 21 2 0.00312041
2 6 21 3 0.00325491
2 6 22 0 2.46172e-10
2 6 22 1 3.50146e-05
2 6 22 2 0.00249718
2 6 22 3 0.00517916
2 6 23 0 0.000498773
2 6 23 1 3.79127e-05
2 6 23 2 0.00570504
2 6 23 3 0.00268312
2 6 24 0 0.00311933
2 6 24 1 3.49476e-05
2 6 24 2 0.00284521
2 6 24 3 0.00523675
2 6 25 0 0.0023565
2 6 25 1 3.55627e-05
2 6 25 2 0.00486104
2 6 25 3 0.00470696
2 6 26 0 0.00207294
2 6 26 1 3.48596e-05
2 6 26 2 0.00486776
2 6 26 3 0.00531248
2 6 27 0 0.00067508
2 6 27 1 3.49363e-05
2 6 27 2 0.00408838
2 6 27 3 0.00524765
2 6 28 0 0.00181415
2 6 28 1 3.48478e-05
2 6 28 2 0.00457368
2 6 28 3 0.00532265
2 6 29 0 0.00235182
2 6 29 1 3.35326e-05
2 6 29 2 0.00301109
2 6 29 3 0.00645925
2 6 30 0 0.00180277
2 6 30 1 3.49254e-05
2 6 30 2 0.00378266
2 6 30 3 0.00525585
2 6 31 0 0.00278415
2 6 31 1 3.62811e-05
2 6 31 2 0.00505261
2 6 31 3 0.0040883
2 6 32 0 0.00262201
2 6 32 1 3.55378e-05
2 6 32 2 0.00322429
2 6 32 3 0.00472841
2 6 33 0 0.00252687
2 6 33 1 3.4891e-05
2 6 33 2 0.00196814
2 6 33 3 0.00528808
2 6 34 0 0.00147699
2 6 34 1 3.6882e-05
2 6 34 2 0.00307887
2 6 34 3 0.00357075
2 6 35 0 0.00177142
2 6 35 1 3.76005e-05
2 6 35 2 0.00353017
2 6 35 3 0.00295197
2 6 36 0 0.00185178
2 6 36 1 3.61781e-05
2 6 36 2 0.00343545
2 6 36 3 0.004177
2 6 37 0 0.00356756
2 6 37 1 3.67741e-05
2 6 37 2 0.0026974
2 6 37 3 0.00366367
2 6 38 0 0.000938942
2 6 38 1 3.59732e-05
2 6 38 2 0.00249252
2 6 38 3 0.00435735
2 6 39 0 0.000219104
2 6 39 1 3.73632e-05
2 6 39 2 0.00377962
2 6 39 3 0.00315867
2 6 40 0 0.00117392
2 6 40 1 3.71739e-05
2 6 40 2 0.00283396
2 6 40 3 0.00331941
2 6 41 0 0.00266797
2 6 41 1 3.76596e-05
2 6 41 2 0.00304456
2 6 41 3 0.00290107
2 6 42 0 0.00191684
2 6 42 1 3.62064e-05
2 6 42 2 0.00150073
2 6 42 3 0.00415316
2 6 43 0 0.000749897
2 6 43 1 3.89535e-05
2 6 43 2 0.00409268
2 6 43 3 0.00178683
2 6 44 0 2.4907e-06
2 6 44 1 3.61793e-05
2 6 44 2 0.0013468
2 6 44 3 0.00417685
2 6 45 0 3.51281e-10
2 6 45 1 3.7639e-05
2 6 45 2 0.00292996
2 6 45 3 0.00291877
2 6 46 0 0.000342292
2 6 46 1 3.7628e-05
2 6 46 2 0.00188042
2 6 46 3 0.00293146
2 6 47 0 0.000989599
2 6 47 1 3.84296e-05
2 6 47 2 0.0027336
2 6 47 3 0.00223802
