0 -22.95663790519236 -43.166139324114994 0 1.342929262853635 0.126865557985011 0.0 0.031077932197224 0.0 93 0.01927955027530232 213 0.014448548300267405 197 0.02204944776192045
1 -22.88350369678672 -43.48933954062058 3 1.6245176219805 0.23479598826115 0.0 2.297185040880565 1.148851836744407 183 0.031230125267719473 150 0.015717016513195396 124 0.025793152250830537 46 0.014277633872381202 34 0.038299797887256876 103 0.015544212183038428
2 -22.909619273942873 -43.73334746201743 2 1.144917970040438 0.074106717662573 4.001279121300936 0.059858479663141 0.020115346334424 105 0.03388859390243709 52 0.025337867465466547 141 0.01467349560059752 269 0.013525780733654043 178 0.01911018620531636 137 0.02447962670898136
3 -22.793667591478595 -43.177935737303315 3 0.800812795717197 0.370512940111224 0.0 1.742947011589504 0.322162365061482 50 0.028449341382803195 277 0.009004146061138208 104 0.021900621299728085 86 0.02231462697076577 268 0.020639003137407984 120 0.018779059745670675
4 -22.85040134163105 -43.52859144439475 0 4.286502397813067 0.058771158184148 0.027164961321931 0.756495116419184 0.179210102543942 183 0.024186548443817738 124 0.03724549184207144 87 0.03194147600012555 41 0.03773667157392904 108 0.011831590052770069 70 0.008533268990075634
5 -22.760699422678478 -43.10839070761457 3 0.326173293745553 0.084250889289947 0.0 0.515185504505338 0.029963403210088 259 0.012357885000651976 174 0.03393305085884062 128 0.029238207822683875
6 -22.794559106042065 -43.22198495781012 0 1.777099974588018 1.040530344565191 0.0 0.534928846848593 0.090588383738215 277 0.037341264665124774 223 0.02706935504409589 88 0.02179030769614211 45 0.00925069731476209 120 0.030069179410673094
7 -23.073130917558004 -43.19819039864786 0 0.409657810386066 0.0 0.0 0.0 0.0 225 0.03801250704035804
8 -22.897432780956578 -43.195558057797825 1 0.086866972464155 0.931721997672872 0.0 0.670408640881983 0.089549966682991 254 0.016548621134322674 256 0.03535734798087523 33 0.027706412262765347 270 0.016102760497127003 181 0.01639860171919512 147 0.0249926155562682
9 -22.963168698889376 -43.35166761131707 0 2.304026973898933 0.583972353297685 0.159045590373072 1.916375687840666 0.336252487620215 118 0.02422239954394614 186 0.02062120481574426 82 0.021705501855356673 15 0.025121731583271127 130 0.026463904777460908 58 0.025866141775985643
10 -22.853937434964198 -43.38794763082391 1 1.724310086458028 2.040282101428595 0.0 1.307467325082272 0.237198636285893 232 0.023810801723485604 261 0.023421201871430652 53 0.023028403612909733 215 0.022280492269463076 283 0.02501456939366748 131 0.021080328875749597
11 -22.847327037382225 -43.46150755753257 0 1.051696280334446 0.004067769633916 0.0 0.168564131369599 0.0 66 0.01942838789262034 79 0.012108443792200841 199 0.036742426925515756 139 0.02074252829957676 132 0.04574172170691268
12 -22.922008144971045 -43.35504780808293 0 2.551755969181433 0.153053816053394 0.0 2.263968831238652 0.334878913183058 25 0.024406865009468537 226 0.024379175330482186 15 0.02549923188760397 143 0.02062839908112369 72 0.018935074934567944 208 0.034643785922306644
13 -23.064657917253022 -43.56672632336552 0 2.734544044403451 0.031736560259092 0.0 0.546969807132561 0.0 95 0.01727075378482899 184 0.015189632814080194 30 0.015117768951907988 229 0.025116122264090615
14 -22.969814006460126 -43.4287434358303 0 5.212036884476399 0.0 0.0 0.038054427285667 0.048849302963482 115 0.015381127781595567 198 0.02480130788939041 152 0.04012768408548771 99 0.02333734443170529 203 0.03563067958623367 113 0.033180523962956884
15 -22.941621130771978 -43.33875236041095 3 1.133894526997197 0.434172851500897 0.030059903310297 3.596601972955607 0.106936690985039 12 0.02549923188760397 118 0.03458905593308925 186 0.01226483528376665 226 0.009723830286842613 72 0.035244400446632046 9 0.025121731583271127
16 -22.942684227284033 -43.56653703930364 3 2.079725419026331 0.172576569922984 0.27232125760426 2.526852935298429 0.248338420555294 175 0.029525061791045578 142 0.024861964956701985 22 0.011559494650558357 61 0.027911895613286778 228 0.029677755197743117 92 0.0143107005996093
17 -22.967948290720177 -43.223124669195116 0 2.814940320619591 1.209849367388308 0.0 1.275945560954732 1.7902531739e-05 222 0.014790860415384665 39 0.029655710789163077 224 0.03364476553700278 248 0.03277207949242149 106 0.01592278684137911 68 0.03188532186856951
18 -22.915030190215106 -43.52376337607212 0 3.06985075109149 0.046469521575458 0.0 2.079453905234411 0.106406052342968 76 0.011492197645699103 67 0.027675758531976808 142 0.027602979017489045 262 0.01750231384068334 34 0.026424197091433527 103 0.03626160751033325
19 -22.991098721417274 -43.63739105315334 0 3.082567112841092 0.074018040858999 0.0 2.137682322414276 0.0 182 0.024090559568949368 153 0.017746404395987823 43 0.0344779481155736 170 0.03126226683903211 157 0.013056649621590602 49 0.012842831841768694
20 -22.918899038195725 -43.38626313572813 3 0.978629708134161 0.18226038464387 0.030555386210246 3.983430612473347 0.128415847608366 276 0.020994764819040546 60 0.011668922965127334 21 0.020047310650850542 143 0.017801465826642233 72 0.018133713257087927 172 0.02239313700154883
21 -22.920476553629484 -43.4062482829477 0 4.138561812860648 0.165053563329556 0.032635735689749 0.939618706102097 0.026242982255172 276 0.006612701482378524 129 0.02761732065030445 198 0.03779033770372816 152 0.022361887116340507 20 0.020047310650850542 172 0.03263000815797316
22 -22.953637070865454 -43.56284148331608 0 4.063848927744074 0.04282880003529 0.239478162115719 0.660293658998245 0.291373703162567 279 0.033259725385000743 61 0.03215120046740925 16 0.011559494650558357 63 0.016643593240580224 123 0.025939952088142895 92 0.013973717062155673
23 -22.92336894912252 -43.630827016249086 3 1.121663850223006 0.231141841991001 0.0 3.331814270709943 0.615622085554407 133 0.02776132866829513 167 0.026929024136914295 214 0.012779254167429572 293 0.03006310669069157 122 0.026395474032987247 237 0.02742946153759719
24 -22.81794061942194 -43.15745853191771 4 nan nan nan nan nan 104 0.02127847927859506 185 0.03608268270173192 86 0.02362225126430218 27 0.016822141747849823
25 -22.898062887090063 -43.350323436738115 3 1.986952457064018 0.184299407515739 0.0 2.588684887225897 0.545711089324108 12 0.024406865009468537 280 0.023967252894678943 143 0.02377332296832125 208 0.02188253363883221 263 0.021722045324821002 164 0.02839237954459014
26 -22.96590425666598 -43.702762879605416 0 2.799553098217318 0.031891377759203 0.0 1.103772160991218 0.065833780458413 212 0.01142395523303504 210 0.030280817414463954 97 0.030998359464535993 135 0.020280216238189503 155 0.017848163770972616
27 -22.82904746191869 -43.17009271185695 0 0.211902544619824 0.062854731294034 0.160311417436165 0.014597293491568 0.0 104 0.015949700064039438 255 0.022671597643202934 24 0.016822141747849823
28 -23.001909093427454 -43.33046583883066 0 2.821031561107449 0.600296133073983 0.0 1.702471012303207 0.17306407916918 288 0.010570293412291591 107 0.018548863948827703 82 0.029946924924354083 35 0.025451099598220932 161 0.01642920468080458 58 0.030110930327114798
29 -22.88045314830889 -43.53888365448286 3 2.473863137937155 0.148409995891893 0.000559539341588 2.545962849765776 0.136180208414288 183 0.021893813177293903 138 0.02425313803599839 109 0.02998371384790145 67 0.025796975432746977 34 0.014328210530151871 70 0.023282668485043487
30 -23.054757130651588 -43.57815091800849 0 2.330323997107496 0.138163164340743 0.0 0.0 0.0 148 0.02156296788636772 13 0.015117768951907988 274 0.024264395970289017 229 0.02569157677741061
31 -22.902940586668187 -43.59138240768782 3 0.716014333321254 0.433422046923842 0.081004096244512 3.206647988224499 0.865522001093487 134 0.017079543635761862 38 0.01814857154080817 175 0.017381747974912303 109 0.02713328915742242 228 0.035631095326164874 237 0.01733527281697943
32 -23.033613892414404 -43.62660543961304 0 2.039262878864136 0.0 0.0 0.0 0.0 231 0.027992685018404875 148 0.03132621019384031 252 0.016819348453961516 157 0.031019662252397565 163 0.02057310725777745
33 -22.871795363606974 -43.20606368067877 2 0.0 0.030102617017022 0.087860786621304 0.006343039123425 0.0 256 0.02167201621597761 207 0.02004723969942387 8 0.027706412262765347 147 0.033498839937486924
34 -22.888839149089556 -43.52726588327221 0 4.09103977323807 0.177962564180171 0.083273582839643 0.876160425942408 0.07573299666019 183 0.018622530469841303 1 0.038299797887256876 67 0.026713698725967575 18 0.026424197091433527 29 0.014328210530151871 103 0.03737945256946329
35 -22.989114825357518 -43.30846435762341 0 3.142399328322515 0.546486398144137 0.028434079030529 1.168173671371728 0.412547710341955 98 0.03769806312735376 28 0.025451099598220932 82 0.02897276042258954 218 0.02396555796836386 161 0.018261157003361613 192 0.028921382837029972
36 -22.962234314941867 -43.394207384393255 3 1.638273747510531 0.656395150054499 0.214171987383291 2.471547652197044 0.318919560214014 115 0.021976444471284638 198 0.013200474732012421 118 0.024991480534800898 200 0.0163485098135344 172 0.025650500451669733 130 0.024360314387059167
37 -23.00284320451575 -43.51322715364917 0 4.920568141801647 0.050227577366731 0.0 0.282807809562663 0.040607563104298 243 0.027178527256985534 266 0.026100323759483485 251 0.03011587304392385 57 0.022917516387679658 158 0.03185048142868417 75 0.019478315920166668
38 -22.88704250692971 -43.58262902493594 3 0.926449375038213 0.208918401620726 0.028882067831997 4.030177335612077 0.110171304975279 278 0.024214061109512703 138 0.02669338072421219 134 0.022048330803172415 109 0.017250388377771823 31 0.01814857154080817 177 0.03197469812879347
39 -22.945066343962345 -43.24198939010432 0 5.219036802861355 0.024003667830393 0.0 0.00885991065142 0.049671269207449 222 0.029523399169930773 224 0.031085949519035077 17 0.029655710789163077 189 0.019739661484103752 193 0.01174134670277633 91 0.025884553456933756
40 -22.841465557537763 -43.2228958764899 0 0.173467011398486 0.0 0.0 0.011891407235023 0.0 165 0.025667903639399855 255 0.039339005422658106 88 0.03265757482104719 90 0.02383402769435834 207 0.020792644216399193
41 -22.844664385550665 -43.49129340535232 0 4.584608673173723 0.197202644437196 0.0 0.527512585408419 0.0 124 0.013218957653083114 139 0.012655548039818594 176 0.022312485816866966 79 0.019656936002408996 87 0.03248758560053911 4 0.03773667157392904
42 -22.863644537641335 -43.615231644360364 0 1.602696219611262 0.0 0.090609841220543 0.0 0.000791999595225 287 0.017290000183837223 177 0.00816911303595246 179 0.028301027507444537 59 0.022418880458721212
43 -22.971395672717044 -43.60909761260298 0 4.331792523390165 0.0 0.0 0.946651260508383 0.01700973420782 182 0.02627785180107535 19 0.0344779481155736 279 0.025527059410898688 216 0.015091433145431458 69 0.02391655065556475 170 0.009852347719283892
44 -22.98728497808421 -43.18872380697254 1 0.007654526040913 0.057843330225129 0.0 0.007017086437406 0.0 93 0.021538365435009726 248 0.009926575903485597 110 0.003608648411189883 62 0.03434792065175808
45 -22.786598935731757 -43.22669782206026 0 0.255121364968627 0.021448326849691 0.0 0.138441376097643 0.0 223 0.026973257258934714 6 0.00925069731476209 194 0.029000212983428843
46 -22.891883759691233 -43.47777989639118 3 2.153735571135951 0.172717057797463 0.0 2.528778568589065 0.449311505725514 150 0.018567814538152646 196 0.03388562521401547 1 0.014277633872381202 156 0.02481684987042688 284 0.025271370457393014 103 0.015221199740059145
47 -23.010723604624584 -43.47492977158265 0 4.321869366217474 0.074521345462107 0.0 0.889692754564746 0.008499476083907 243 0.01776075577223723 65 0.014169529879614406 119 0.028272680871503076 160 0.03178448614340933 112 0.016824496632410913 75 0.032687487061620946
48 -22.87425606317762 -43.713623061489415 0 4.604807386305174 0.087071457342926 0.0 0.085063401732947 0.0 253 0.020166816918243836 245 0.03832012143098578 52 0.0219970108245807 141 0.03010827541510162
49 -22.997354449822872 -43.6486072999334 0 1.753791996785262 0.046929322558175 0.0 1.159212261349643 0.0 19 0.012842831841768694 153 0.020216957023169606 217 0.02147798258193731 157 0.017298878922046804
50 -22.77278938749563 -43.158610478610065 0 0.439238703241202 0.235590202399032 0.0 0.0 0.0 277 0.03076134629111862 3 0.028449341382803195 268 0.009945261096964482 273 0.0032689221423148965
51 -22.878653297059465 -43.263475445831666 3 0.117339631367906 0.997554252208428 0.465361573505344 3.018846570492178 0.709259738245095 173 0.023342668825344824 257 0.022639266516646845 244 0.022128232233922338 294 0.015783575161845833 191 0.02960836926338404 239 0.01721949323018017
52 -22.88428182141282 -43.733202455173235 0 3.452472488144576 0.159277917265903 1.105422496765543 0.358797505611725 0.116434667252738 2 0.025337867465466547 141 0.023523865070801227 178 0.02610347000615427 48 0.0219970108245807
53 -22.839164062863368 -43.40561270511556 0 2.655303975305097 0.395013378620249 0.0 2.234872091231319 0.024877700594091 10 0.023028403612909733 232 0.02688510641221581 261 0.011915633544837071 199 0.03051367468925153 171 0.015236257445118034 132 0.01570101911611214
54 -23.027183247126594 -43.46348438360693 0 0.137484684859443 0.026798375681756 0.0 0.122007672838869 0.0 65 0.016578088941636867 289 0.012804928982853587 112 0.013279048170852514 162 0.026753997271107017
55 -22.968673572076902 -43.482031233485735 0 5.171793948975409 0.006654673130712 0.0 0.120122023717931 0.0 151 0.03192446305196215 290 0.013817531612569772 203 0.020642456514152065 145 0.013840444134332415 160 0.01088806319874323 113 0.032883474175476234
56 -22.924096366488204 -43.17268523446073 3 0.513039456837123 1.007148833915598 0.0 2.079560407221569 0.096927343939599 254 0.022417840684586295 213 0.025270947328530195 197 0.02509058914472619 249 0.0158471267215597 270 0.029533156288910716 83 0.018285595297278433
57 -23.009499248986064 -43.535156805479254 0 3.87721477361112 0.012049951377817 0.0 1.294213386133195 0.10954863830799 78 0.030822162239652978 37 0.022917516387679658 266 0.021069220670109152 158 0.017632935669299264 127 0.027304926027269073 146 0.025234212580082252
58 -22.988397325095452 -43.35737494958718 0 4.417049900193075 0.123445832940316 0.0 0.545895272146164 0.211287969858199 107 0.015357076193329131 28 0.030110930327114798 82 0.03035236599053029 130 0.020821546519923902 286 0.009617491343949054 9 0.025866141775985643
59 -22.880083356500457 -43.63047537866464 0 2.18075990404229 0.348059752789607 0.741275602887608 1.694654011792321 0.339469478280401 265 0.013200292008906133 134 0.028713285339406258 42 0.022418880458721212 177 0.02518041836991074 293 0.013484032112158867 179 0.01394723721155934
60 -22.90731685998501 -43.387683315667886 0 3.757636861854835 0.125530306542784 0.0 1.411130815198109 0.010983969491124 276 0.020067052709887935 20 0.011668922965127334 280 0.026176146819940762 215 0.03239552084649771 143 0.016517723217285583 180 0.03349495440887106
61 -22.94649005864559 -43.594188252014376 0 2.709955474648745 0.099719208328602 0.20301086161763 2.056943986341777 0.229001077264921 133 0.020913193067621606 279 0.03363708235106516 175 0.03196081183984289 216 0.015478851726644233 22 0.03215120046740925 16 0.027911895613286778
62 -23.02118143134227 -43.18317312146319 0 0.002803523599417 0.0 0.0 0.0 0.0 195 0.019137641685011076 272 0.0010749854945758784 44 0.03434792065175808 110 0.0317946331239572
63 -22.968924309114207 -43.56942248192448 0 4.376343880479844 0.18569092174605 0.103440556815312 0.63035527750427 0.0 279 0.018122480193037766 22 0.016643593240580224 69 0.032003358611089223 158 0.03591861651037037 127 0.02749627969769643 123 0.023497223079551783
64 -23.01257859034907 -43.28957563850109 3 0.247634554824599 0.005401581697514 0.0 0.386284234483368 0.0 98 0.022129299383249312 168 0.02182881190731924 227 0.029873100986750462 101 0.02635367540436733 236 0.02088214742837784 161 0.025833274282652523
65 -23.02404354594273 -43.479762445820626 3 1.306495315273036 0.309524109573161 0.0 2.831723807250726 0.208048678752431 243 0.012523328617306557 289 0.016049983302182255 250 0.017745158575007934 54 0.016578088941636867 47 0.014169529879614406 112 0.02306845299401286
66 -22.862916595399362 -43.44991325130337 3 0.584945583815996 0.451534570332801 0.117402791458041 3.9619988099607 0.191828647894522 150 0.02935953783855127 11 0.01942838789262034 79 0.02563117531525719 199 0.022755917113385295 284 0.02201401582816632 190 0.021394141557708996
67 -22.90410184548692 -43.54919011184025 3 0.817274257759389 0.377204792034979 0.012290329312546 3.821787709575207 0.274430319171288 109 0.020615742032126096 142 0.0202551932447377 34 0.026713698725967575 228 0.01329720519861298 18 0.027675758531976808 29 0.025796975432746977
68 -22.956462988501837 -43.193379727043286 3 2.147949762495858 0.313267488553457 0.0 2.627886067176031 0.212824764410617 93 0.01479435936282222 197 0.013386773093576634 224 0.02772597962322207 248 0.021466481411879818 17 0.03188532186856951 83 0.022807699373561585
69 -22.98972992637528 -43.593739991105636 0 3.948101159315846 0.280314226803133 0.0 0.959015474023366 0.107214822567913 182 0.021671509913138678 279 0.01425536074834496 43 0.02391655065556475 187 0.016238542129783807 127 0.03656105410777495 63 0.032003358611089223
70 -22.85818208021174 -43.53209526899023 0 2.592160463164553 0.349367941018477 0.218511423723412 2.112571133525216 0.034351815534552 183 0.019649166010495687 138 0.03187026018133449 108 0.013378093945312258 4 0.008533268990075634 80 0.029406345424994207 29 0.023282668485043487
71 -22.98935159833655 -43.689933666904835 3 0.005162525122807 0.0 0.0 0.102702597700012 0.0 212 0.015303887717017427 135 0.016008844679345723 217 0.025117957954382646
72 -22.93022945077302 -43.372104982341526 3 0.361903110696816 0.207789540352684 0.45856152225525 4.184446887524932 0.089778425968827 12 0.018935074934567944 20 0.018133713257087927 118 0.020122891159470375 15 0.035244400446632046 143 0.02096346601419279 172 0.013308986680553882
73 -22.83308431247681 -43.3456607037334 3 0.229655680437019 1.194681128549417 0.446400667936855 2.604475007360258 0.836398620245313 241 0.02112629886173422 233 0.02198576397977374 282 0.025844391412242956 235 0.021949409643479398 238 0.02325895812163326 131 0.02614567734205447
74 -23.000045783451114 -43.41101611297552 0 2.8002512969195 0.551201635102912 0.0 1.940164553030587 0.00451620181737 115 0.027611189665916438 116 0.02243715306291088 99 0.019057700426934752 200 0.027349030360330383 291 0.008301801804408019 285 0.020778348416833282
75 -22.98908992181677 -43.4994339667046 0 3.174198076062626 0.248435338221206 0.0 1.755681318016958 0.117079918378462 243 0.03051866626910665 37 0.019478315920166668 251 0.03331107806873633 145 0.014038603704359493 47 0.032687487061620946 160 0.02089044082266753
76 -22.926520768361442 -43.52357044968525 0 4.930479553682814 0.021526779879929 0.0 0.348183511636407 0.0 290 0.045366205486121886 142 0.026265066073921248 81 0.03258164785486018 262 0.013104667438605479 18 0.011492197645699103 92 0.03388056293349745
77 -22.813071752826154 -43.25627081523131 1 0.720592290654038 2.563069600499826 0.003620988662352 0.080690239856533 0.0 209 0.02333153537241926 165 0.018220458650037376 223 0.012765702788078748 188 0.022508742308641392 205 0.030848625441466684 194 0.012721636738382522
78 -23.013376069745558 -43.5657341818534 0 4.735516684975702 0.214548786767168 0.0 0.341776152829182 0.0 187 0.02066064855491055 57 0.030822162239652978 146 0.019603445512235005 127 0.02142050971706102 274 0.02298357895614938 229 0.03031149164185874
79 -22.851514785908495 -43.47286877108349 3 1.106725246307253 1.154849553042508 0.06358296512962 2.664881747400101 0.241097444529358 150 0.022264985186036167 66 0.02563117531525719 11 0.012108443792200841 124 0.02025071073673899 139 0.01499927114137346 41 0.019656936002408996
80 -22.856835926326823 -43.56147078636393 0 4.654447676844982 0.05900293455236 0.077423566393081 0.492419133936259 0.02447396786669 138 0.014230353681987636 278 0.015340954477553653 108 0.023407389334062195 202 0.017730804974158812 70 0.029406345424994207
81 -22.95889693732414 -43.51991703207473 0 5.29819819136871 0.0 0.0 0.0 0.0 76 0.03258164785486018 290 0.028367920925991632 251 0.022586669587592402 145 0.03161383894948493 123 0.03036420679441368 92 0.03549891013807952
82 -22.97199357849828 -43.33183707146861 0 3.631804568334346 0.155741481553357 0.0 0.983926221070169 0.527385411975483 186 0.019247261640303093 28 0.029946924924354083 35 0.02897276042258954 218 0.035128404656821856 9 0.021705501855356673 58 0.03035236599053029
83 -22.934340282464095 -43.187832022267216 3 2.07791726308526 0.160346650695967 0.0 2.588940781973611 0.476716634874773 197 0.011702204353779135 224 0.024451398178456613 68 0.022807699373561585 204 0.038105292832136727 56 0.018285595297278433 270 0.02465522798199235
84 -22.96418769253379 -43.28137861965688 0 5.187112652184562 0.008838182320291 0.0 0.101947005896205 0.003314888005759 140 0.04035821449087353 144 0.033148807131269664 189 0.03654921903038519 218 0.0160326904252538 192 0.010119428958401488 91 0.018093757010142177
85 -22.812459266271635 -43.30642259856731 3 0.574769519350422 0.579325984211026 0.184123782654593 2.700879937237838 0.471747490871064 209 0.02739820343400291 242 0.022173879714749736 117 0.019057753777126103 282 0.01864759310080573 205 0.024072666835686148 159 0.011812944527645171
86 -22.79438902991206 -43.15563277553966 3 0.0 0.0 0.0 0.001455916112375 0.0 149 0.034646848151180826 104 0.031237275229361372 185 0.03470468613085841 3 0.02231462697076577 268 0.0128260912423384 24 0.02362225126430218
87 -22.821799365722338 -43.51437227201433 0 4.270163862748412 0.003638366538324 0.0 0.04508352830794 0.0 176 0.02761513747114641 41 0.03248758560053911 108 0.03626661790586758 4 0.03194147600012555
88 -22.811968437052343 -43.208880275316176 3 1.159859097773388 0.673035825892241 0.0 1.795381488283165 0.129767419144006 165 0.03486979163592155 255 0.019742280793616923 223 0.03934753664968209 40 0.03265757482104719 6 0.02179030769614211 120 0.01724286285379561
89 -23.04683563387269 -43.31041134874866 0 0.001365941390017 0.0 0.0 0.0 0.0 281 0.011180609175322553 227 0.010302516839791916 236 0.03608152144616728
90 -22.848738445882503 -43.245593144414926 1 0.533918459261266 1.40411527420154 0.126136685769408 0.605475029305885 0.612618409306777 165 0.025126504619362774 173 0.019804593619207184 244 0.015960063184620784 40 0.02383402769435834 188 0.018137335831138253 207 0.025732748753478495
91 -22.958158214858948 -43.26431903461765 0 5.111042863617333 0.033774564971177 0.0 0.155578192173711 0.0 222 0.031988559523635864 39 0.025884553456933756 267 0.03449877658456152 189 0.023528746080306133 192 0.02511664718610632 84 0.018093757010142177
92 -22.944426616068498 -43.55233280637907 0 5.243180752375012 0.0 0.0 0.055826189408614 0.0 76 0.03388056293349745 142 0.020243206055652038 22 0.013973717062155673 81 0.03549891013807952 16 0.0143107005996093 123 0.029881019667750273
93 -22.96662682272477 -43.18262939947409 3 1.247397200082222 0.082219502468453 0.0 1.404204160965088 0.126413163553009 197 0.021029531728836454 248 0.014574066487320203 44 0.021538365435009726 68 0.01479435936282222
94 -22.9738077740988 -43.66855130900999 0 4.305986616466883 0.125177024309161 0.0 0.826878938315057 0.037836691085381 212 0.028853500048042463 153 0.02047565202397374 125 0.025092067481168656 155 0.02829483621845834 154 0.03302539949755884 217 0.010633968057732448
95 -23.06354604180914 -43.5494913975086 0 3.240669956417109 0.020992051647815 0.0 0.106334427985365 0.0 184 0.007429644265916218 13 0.01727075378482899 126 0.038055548823296134 146 0.0358384989993195 219 0.02406864575621505 229 0.022435939384578562
96 -22.88105891525091 -43.67608469981197 0 3.553824272196762 0.165154413708755 0.054086739815901 1.396605579017397 0.134165521494786 253 0.025490834065765428 265 0.03787366063714172 258 0.0251632809465526 245 0.011471210032873089 169 0.02321845223745342 179 0.035029566415252296
97 -22.942704626158488 -43.72332195141833 0 4.604566889985584 0.664555044527838 0.0 0.02836476888806 0.0 210 0.005072331006453647 105 0.027930443799247525 26 0.030998359464535993 155 0.03613405254221965 269 0.028478031617161885 102 0.03708840381255484
98 -22.999015825382934 -43.27208972137711 0 4.593441752871814 0.004160054310115 0.0 0.433254954388206 0.007623311425968 267 0.015226890394000036 101 0.005517262937323097 35 0.03769806312735376 161 0.04316445342953047 192 0.027608272378545535 64 0.022129299383249312
99 -22.99315131735453 -43.4287830002326 0 4.411532049107568 0.211800274080829 0.068358334151232 0.580666225576111 0.024590210351526 115 0.025581229497209333 74 0.019057700426934752 14 0.02333734443170529 119 0.028033042908491537 203 0.03797121171511654 285 0.005322992837611218
100 -22.85600654982865 -43.309932524079755 3 2.003096427933898 0.223709735670911 0.024612903769429 2.497502492443785 0.561067060148629 241 0.021322935619096386 242 0.023338951445319958 260 0.025840369010872083 121 0.025320662648764914 239 0.035337261554537626 114 0.0254984187848413
101 -22.99965312656695 -43.26660938949661 3 0.047380722414775 0.149586994010136 0.0 0.184864478255938 0.0 98 0.005517262937323097 267 0.011045535073793666 168 0.031377704508109006 64 0.02635367540436733 295 0.02935162156568625
102 -22.932628577574704 -43.687628493442105 3 0.821365869986879 0.274922618928011 0.023723704298198 3.958467931097038 0.220193838914572 97 0.03708840381255484 105 0.017338902820446755 154 0.012361091347199007 155 0.021809638827491002 275 0.030110346785720995 296 0.02161021825139971
103 -22.898927138805625 -43.49127344048374 0 4.577576810906733 0.017413360687157 0.0 0.708371690064318 0.0 1 0.015544212183038428 156 0.02346823505459926 262 0.033521827244370486 34 0.03737945256946329 46 0.015221199740059145 18 0.03626160751033325
104 -22.815558039320777 -43.178603200098394 3 0.294242379996124 0.150886601327438 0.221931156775539 1.211101597824886 0.199961889120396 255 0.01242322153176323 86 0.031237275229361372 3 0.021900621299728085 27 0.015949700064039438 120 0.018742114677275358 24 0.02127847927859506
105 -22.923940310820562 -43.702633544985694 0 3.971407946573412 0.876818846399823 0.000717157023492 0.403994440353561 0.046537955425589 97 0.027930443799247525 2 0.03388859390243709 141 0.026620016818515457 269 0.03877359781833139 102 0.017338902820446755 296 0.020329694886321945
106 -22.983870406036502 -43.223270904107636 3 0.419812186130137 0.416024523757233 0.0 1.825220769098424 0.0 222 0.0165164244824627 248 0.03194490399686486 110 0.03318330049639976 17 0.01592278684137911 295 0.018060500693229172
107 -23.001272226228103 -43.349003766275835 3 0.671820142274332 0.792886619198084 0.0 2.507996295802748 0.0 288 0.026083918906210705 166 0.02025591751665742 28 0.018548863948827703 286 0.016139644619479847 58 0.015357076193329131
108 -22.847419289123103 -43.54004106823209 0 4.818622495446793 0.042150056154308 0.0 0.428805724992344 0.019370264480474 87 0.03626661790586758 4 0.011831590052770069 80 0.023407389334062195 70 0.013378093945312258
109 -22.89259791043795 -43.56629766274399 3 0.734935319432197 0.549492376954329 0.011297205146581 3.963854418510516 0.044214173068738 138 0.02211805658352433 38 0.017250388377771823 67 0.020615742032126096 31 0.02713328915742242 228 0.023434859656314627 29 0.02998371384790145
110 -22.990294320177746 -43.19071533992975 0 0.011493381405265 0.009262699145014 0.0 0.0 0.0 195 0.03770829577138325 248 0.012472122209422353 106 0.03318330049639976 44 0.003608648411189883 62 0.0317946331239572
111 -22.814539460612302 -43.3800147757841 3 0.03110101293527 0.150989477231525 0.128872128327694 1.206454355884251 0.216338029363426 261 0.023730491555203907 171 0.028503973266233208 221 0.01815794973879515 238 0.015809015705788694
112 -23.01482960513009 -43.45861399863796 3 1.408330989003773 0.396722315015156 0.0 3.363471569380647 0.035662913001868 65 0.02306845299401286 54 0.013279048170852514 119 0.025666730386371635 47 0.016824496632410913 285 0.03197720790203445 162 0.019726245591420177
113 -22.94972820587204 -43.45515380851211 0 5.299752152511798 0.0 0.0 0.0 0.0 151 0.014936524561883789 152 0.03485293691571129 14 0.033180523962956884 203 0.029217158688069685 55 0.032883474175476234 230 0.022151720810997064
114 -22.845536356946038 -43.28668291286735 3 0.719209546412525 0.371266115306307 0.007434582270178 3.112162230237198 1.101090822201147 242 0.018910116485982693 244 0.029661374357615903 188 0.03037850583675367 100 0.0254984187848413 205 0.021781695919347244 239 0.02408760594260304
115 -22.97255658937653 -43.41360879573612 0 2.548208215009557 1.045075388031104 0.093358227477015 1.564982325212399 0.046503833495835 36 0.021976444471284638 198 0.015834117821296005 99 0.025581229497209333 200 0.020450044441372515 14 0.015381127781595567 74 0.027611189665916438
116 -23.001977476508763 -43.38866226767992 3 2.077240372787117 0.575718234942679 0.0 2.134419575721551 0.0 166 0.022035314477548577 200 0.024011356689693605 291 0.020332712070917483 74 0.02243715306291088 286 0.025519187117527424
117 -22.80634726382069 -43.324473676237886 3 0.260495265082292 0.195482393831309 0.028519633540074 1.312231315965293 0.580841848397262 85 0.019057753777126103 233 0.015007449188860131 282 0.01659781595962905 159 0.01901185536317229
118 -22.950352005344218 -43.3722213702491 3 1.547184453026019 0.312267248442995 0.846810460494756 2.266877041478727 0.32734821312617 36 0.024991480534800898 15 0.03458905593308925 72 0.020122891159470375 172 0.012847234595386342 130 0.026298134681763462 9 0.02422239954394614
119 -22.989246582633566 -43.4565427650275 0 3.610136509110172 0.273851953838808 0.009076625590696 1.192496649255435 0.210203672805401 99 0.028033042908491537 203 0.013443565251798644 47 0.028272680871503076 160 0.02621145325408064 112 0.025666730386371635 285 0.02626395333431153
120 -22.804180188887276 -43.193496533576464 3 0.081030858284002 0.481386574088472 0.0 4.088187710143063 0.425779470843005 277 0.017923699694845988 104 0.018742114677275358 255 0.015275528284125504 3 0.018779059745670675 88 0.01724286285379561 6 0.030069179410673094
121 -22.866181245116877 -43.33311897557118 3 1.656282131611444 0.067388526901324 0.024928136449905 2.630031505858416 0.930182845471221 241 0.02234856486868797 260 0.03905963229873673 100 0.025320662648764914 235 0.019373697038388163 263 0.017673862680177115 164 0.023515221530020745
122 -22.912588395045077 -43.6549205984487 0 2.76444536118158 0.478324786107812 0.196856819007969 1.321703139453988 0.539716025014738 265 0.027539480140052724 258 0.013122094169144147 167 0.020054423078191545 23 0.026395474032987247 293 0.029319775530513324 275 0.00897111432147825
123 -22.9737166143372 -43.54641914948981 0 5.026014468540746 0.0 0.0 0.271000337925721 0.0 22 0.025939952088142895 251 0.016126747436391687 81 0.03036420679441368 158 0.020613172598988375 63 0.023497223079551783 92 0.029881019667750273
124 -22.857858702565853 -43.49210015186563 0 2.037558242458262 0.232548138583247 0.133625096220173 1.996648406139581 0.906957952798065 183 0.03016060241297724 150 0.021356878683976864 1 0.025793152250830537 79 0.02025071073673899 41 0.013218957653083114 4 0.03724549184207144
125 -22.95543562807441 -43.651461074929145 0 3.613758087328708 0.324180199398301 0.080857379454318 1.252008781264299 0.026261474362063 167 0.02329976843355117 153 0.021925580657826637 214 0.02761228853967636 154 0.033233235830054816 170 0.03552537838536034 94 0.025092067481168656
126 -23.063013441543667 -43.51143957582817 0 0.124026788772364 0.0 0.0 0.0 0.0 95 0.038055548823296134 184 0.0418154598234931 271 0.0014390049816547146 219 0.029161243097887632
127 -22.993647817812857 -43.55738946422974 0 4.665627938138598 0.18866160541977 0.029295370297921 0.410251845651411 0.0 78 0.02142050971706102 187 0.026664416801874168 69 0.03656105410777495 57 0.027304926027269073 158 0.013525036229581677 63 0.02749627969769643
128 -22.78872364176108 -43.100053085561925 0 0.013708260540349 0.0 0.0 0.0 0.0 149 0.028010083762315167 174 0.04000895469623802 234 0.023056644677724072 5 0.029238207822683875
129 -22.9185039632727 -43.43379506655643 0 4.826586093069993 0.106689282488962 0.016626022204042 0.230627505620241 0.122394955118692 276 0.02753858406662338 196 0.021398510840170942 152 0.013345605781451279 21 0.02761732065030445 206 0.025043404885465505 230 0.015690427649325548
130 -22.97655138142982 -43.374498337632545 0 3.598590361170039 1.054375669667247 0.0 0.641984475576078 0.00354357294215 36 0.024360314387059167 118 0.026298134681763462 200 0.01967339578191427 286 0.021523990816266186 9 0.026463904777460908 58 0.020821546519923902
131 -22.843431660689525 -43.369671718469135 3 0.233555183378667 0.899075731846747 0.532310368443938 2.796460711257825 0.849033030197956 10 0.021080328875749597 261 0.028805752223667935 235 0.023768171262179706 283 0.022079507795722056 73 0.02614567734205447 238 0.022372426095799532
132 -22.83075632584194 -43.418872869498514 0 0.849430630247703 0.019749567331345 0.0 0.158751732700315 0.00712625759811 11 0.04574172170691268 199 0.03105996744252767 53 0.01570101911611214 171 0.013748212074525853
133 -22.927719178903487 -43.60340864886002 0 4.512315322035081 0.046735026384686 0.0 0.665178126724559 0.07520839883913 175 0.024375320491078954 214 0.029542905758994854 216 0.029039897391548396 61 0.020913193067621606 23 0.02776132866829513 237 0.014637346069498448
134 -22.89164341947895 -43.60419196756723 3 1.164391287262997 0.143695412413364 0.0 3.874887023987053 0.120441431066218 38 0.022048330803172415 31 0.017079543635761862 177 0.02395437495588148 293 0.0286385577644591 237 0.021598387463264514 59 0.028713285339406258
135 -22.985987157648573 -43.70558498144466 0 0.010270712778741 0.0 0.0 0.000331065999474 0.0 212 0.012998071876292037 26 0.020280216238189503 71 0.016008844679345723
136 -22.940740852184405 -43.760170319903494 0 2.846568778967657 0.0 0.0 0.0 0.0 210 0.0344342344958571 137 0.020961969534366357 269 0.027634649264896012 292 0.020211298653735804
137 -22.92033947047388 -43.755354949610236 2 1.922789849577357 0.110206185145165 3.266093733694872 0.0 0.0 264 0.014396675554392621 2 0.02447962670898136 136 0.020961969534366357 269 0.014095203858540524 178 0.017721132009305512 292 0.020592300258551247
138 -22.87106450222076 -43.561245855385835 3 1.23216029486259 0.389511626253509 0.705974811530094 2.953367919267782 0.024766374282555 278 0.015438641872181708 38 0.02669338072421219 109 0.02211805658352433 80 0.014230353681987636 70 0.03187026018133449 29 0.02425313803599839
139 -22.838463626503163 -43.480261021955116 0 0.751901180080398 0.180186527907219 0.0 0.025875822058723 0.027435763915701 11 0.02074252829957676 79 0.01499927114137346 176 0.016951460410986472 41 0.012655548039818594
140 -22.92389929796725 -43.28375153772163 0 5.242996494818287 0.008008525703253 0.0 0.046599254391998 0.005601115620275 211 0.013551926313284 240 0.017292334434775097 247 0.021893716026331392 144 0.040391056390023945 189 0.027128884392521892 84 0.04035821449087353
141 -22.90369813581077 -43.71992168098386 0 3.131663016895192 0.224901416207182 0.499544313108451 1.213243975346019 0.232111996020311 2 0.01467349560059752 245 0.0419552631235348 105 0.026620016818515457 52 0.023523865070801227 48 0.03010827541510162 296 0.033796803391229334
142 -22.924349420076684 -43.54974560856717 3 2.421345444682564 0.213143551743333 0.0 2.622382773485826 0.04412604021318 76 0.026265066073921248 67 0.0202551932447377 16 0.024861964956701985 228 0.012719062462967438 18 0.027602979017489045 92 0.020243206055652038
143 -22.909282109153168 -43.37128292006321 0 2.634996479172705 0.253907090646513 0.0 1.598045554038898 0.817521162543673 25 0.02377332296832125 60 0.016517723217285583 12 0.02062839908112369 20 0.017801465826642233 280 0.02251169060907193 72 0.02096346601419279
144 -22.95240836815504 -43.31236395379105 0 5.301770806219389 0.0 0.0 0.000257943503276 0.0 240 0.03954565673003314 140 0.040391056390023945 226 0.028413151385654725 186 0.021455396246977513 218 0.02202189836567426 84 0.033148807131269664
145 -22.97634267153255 -43.49355263996997 0 3.815686389445089 0.168821586923809 0.0 1.312880375706923 0.0 290 0.01779785257814129 251 0.03754873801310605 81 0.03161383894948493 55 0.013840444134332415 160 0.013065145239659364 75 0.014038603704359493
146 -23.02783363628489 -43.55249507894905 0 5.177509571967135 0.0 0.0 0.113521262999268 0.0 78 0.019603445512235005 95 0.0358384989993195 266 0.02920399471293249 57 0.025234212580082252 219 0.024950356781881452 229 0.014580009195264273
147 -22.883627755636248 -43.17472414054138 1 0.0 0.030942788201547 0.0 0.0 0.0 254 0.01994650451387086 33 0.033498839937486924 8 0.0249926155562682
148 -23.046834668695027 -43.59820574736741 0 4.657821856108271 0.037410719409527 0.0 0.0 0.0 30 0.02156296788636772 32 0.03132621019384031 252 0.035244582717945845 274 0.023697867841662477 163 0.021261969613783696
149 -22.80518945201033 -43.122712341622254 0 0.008789777239756 0.006931126486731 0.0 0.0 0.0 185 0.0015621639639756802 174 0.03234595307915243 86 0.034646848151180826 234 0.00514370166599337 268 0.04409785412335272 128 0.028010083762315167
150 -22.873320523426507 -43.477367590554195 3 0.268336018863832 0.685344611398979 0.009918893551371 3.772712333269696 0.57021898468827 66 0.02935953783855127 1 0.015717016513195396 79 0.022264985186036167 124 0.021356878683976864 46 0.018567814538152646 284 0.026342391626439816
151 -22.9405447160772 -43.46693359124252 0 5.29824932630553 0.0 0.0 0.002313275342221 0.0 290 0.03056237039921506 156 0.02553060652344441 55 0.03192446305196215 262 0.04576964820171739 113 0.014936524561883789 230 0.0256685855245151
152 -22.92974363201428 -43.42659957906402 0 5.064191144170637 0.045832813240182 0.0 0.159008776321882 0.031900137284953 198 0.03472059801900747 21 0.022361887116340507 14 0.04012768408548771 129 0.013345605781451279 113 0.03485293691571129 230 0.016494899074800066
153 -22.977139149578008 -43.64834848091036 3 1.398752455106668 0.184757700298965 0.0 3.485075337290534 0.226488425093191 19 0.017746404395987823 125 0.021925580657826637 217 0.018366939657697527 170 0.0322813831222934 49 0.020216957023169606 94 0.02047565202397374
154 -22.943939521080736 -43.68264259971107 3 2.295118882500361 0.177991278836952 0.040754530457804 2.709973748014057 0.074032048450512 94 0.03302539949755884 167 0.028840502878384286 125 0.033233235830054816 155 0.012296591718654765 102 0.012361091347199007 275 0.032897999832935385
155 -22.954386581732038 -43.68912836039455 0 2.803382717779147 0.141216220278297 0.0 2.347965033125198 0.004119561168475 212 0.023069702761881656 97 0.03613405254221965 154 0.012296591718654765 26 0.017848163770972616 102 0.021809638827491002 94 0.02829483621845834
156 -22.91662643853134 -43.47586263759105 0 5.302553288663053 0.0 0.0 0.0 0.0 196 0.034997585368841615 151 0.02553060652344441 230 0.03591584340062491 262 0.03596028976045706 46 0.02481684987042688 103 0.02346823505459926
157 -23.0031210104222 -43.63229785509877 0 1.733777032906124 0.014351846509944 0.0 0.921218302784757 0.0 182 0.01915255230037138 19 0.013056649621590602 32 0.031019662252397565 49 0.017298878922046804 163 0.035127657395901485
158 -22.994172130094764 -43.54387459458026 0 3.717181485982642 0.022393408924584 0.107701629693529 1.429018363447809 0.018726519759869 37 0.03185048142868417 251 0.020215221963744374 57 0.017632935669299264 127 0.013525036229581677 63 0.03591861651037037 123 0.020613172598988375
159 -22.800646634771752 -43.3063366016999 0 0.022272936157376 0.000406186654445 0.0 0.000495356019566 9.548048852e-06 209 0.028350588084136766 85 0.011812944527645171 117 0.01901185536317229
160 -22.979500042123522 -43.48087474459713 0 3.961746326602201 0.165915185064059 0.0 1.032356258504909 0.136559654675276 119 0.02621145325408064 203 0.017481314659090804 145 0.013065145239659364 55 0.01088806319874323 47 0.03178448614340933 75 0.02089044082266753
161 -23.00630190130843 -43.31463479321249 3 1.718764549037695 0.593026962488784 0.0 2.464503801955586 0.006446841239872 288 0.011027236348509406 98 0.04316445342953047 28 0.01642920468080458 227 0.0323720533139909 35 0.018261157003361613 64 0.025833274282652523
162 -23.01649488028619 -43.438958169380776 0 1.019469072698195 0.056546337130901 0.0 0.028768741505354 0.0 291 0.03201845343288297 54 0.026753997271107017 285 0.020226107506873595 112 0.019726245591420177
163 -23.02746437692159 -43.6069729104473 0 3.508209734425759 0.0 0.0 0.0 0.0 182 0.031092746656835753 148 0.021261969613783696 187 0.0353074982891956 32 0.02057310725777745 157 0.035127657395901485 274 0.026269823855859697
164 -22.887793971505385 -43.323853140386944 3 0.689004310477596 0.573989720020993 0.0 3.630339516009813 0.413491055634039 208 0.012823551755097922 25 0.02839237954459014 260 0.02986648653863441 121 0.023515221530020745 220 0.02840118613732167 263 0.026141305468634485
165 -22.823925517638585 -43.24163589456825 1 0.537612669228418 2.390820057514726 0.0 0.592169974454589 0.152546911640489 223 0.020836411260535037 88 0.03486979163592155 40 0.025667903639399855 188 0.02005604308922696 77 0.018220458650037376 90 0.025126504619362774
166 -23.008935212796466 -43.36775425510399 0 0.812829050475547 0.049170451752964 0.0 0.319334439600944 0.0 116 0.022035314477548577 107 0.02025591751665742 286 0.014087969805112309
167 -22.932606801673366 -43.65612196478067 0 2.359781516746029 0.22022652254234 0.046453586231066 1.96718722256076 0.705407812592179 154 0.028840502878384286 214 0.02464001199477608 125 0.02329976843355117 23 0.026929024136914295 122 0.020054423078191545 275 0.01367053776798647
168 -23.029615117810238 -43.27592815663263 0 0.017220282493723 0.0 0.0 0.0 0.0 101 0.031377704508109006 236 0.002530957085904739 64 0.02182881190731924
169 -22.86395816787344 -43.66037925606037 0 0.538436197994921 0.0 0.0 0.021134543409754 0.0 253 0.03540656421988678 96 0.02321845223745342 179 0.020115226348588318
170 -22.966748458657197 -43.61778508387278 0 4.048462190866939 0.17288903843695 0.018812567174222 0.914604071943774 0.141492396359476 19 0.03126226683903211 153 0.0322813831222934 214 0.03365847615918008 125 0.03552537838536034 43 0.009852347719283892 216 0.015621963758540107
171 -22.823983043264136 -43.4069089245652 3 0.007937922577307 0.091173079794055 0.0 2.322651208611059 0.119542880464085 261 0.013443527766597928 53 0.015236257445118034 111 0.028503973266233208 132 0.013748212074525853
172 -22.94054251051684 -43.380517468608 3 1.862324193157098 0.318443683209957 0.355210415372941 2.119831931184812 0.645490429691774 36 0.025650500451669733 198 0.03169525628755786 20 0.02239313700154883 118 0.012847234595386342 21 0.03263000815797316 72 0.013308986680553882
173 -22.868307918236358 -43.242550500792404 3 0.532230717036534 1.815036345151638 0.223262678333807 1.831112736127297 0.404072402042291 51 0.023342668825344824 256 0.019981006677960798 244 0.02024752441816528 90 0.019804593619207184 207 0.019812753716606922 191 0.022647981485604412
174 -22.776819792967153 -43.13825013832489 0 0.001287696571406 0.0 0.0 0.0 0.0 149 0.03234595307915243 259 0.027411823527706682 5 0.03393305085884062 268 0.023023853095314017 128 0.04000895469623802 273 0.019555808091036783
175 -22.91718800344207 -43.58142568744797 0 3.823572587905247 0.236458575171008 0.0 1.190423721373022 0.050166287860925 133 0.024375320491078954 31 0.017381747974912303 61 0.03196081183984289 16 0.029525061791045578 228 0.02395646771224182 237 0.024250505494312763
176 -22.822814028574214 -43.48677578171488 0 2.308154192554939 0.0 0.0 0.0 0.0 139 0.016951460410986472 41 0.022312485816866966 87 0.02761513747114641
177 -22.86805346867893 -43.6083544548981 0 3.555555715161068 0.030898898386474 1.214586780550079 0.350911691026152 0.0 287 0.013587432002186237 278 0.03358845221884979 134 0.02395437495588148 38 0.03197469812879347 42 0.00816911303595246 59 0.02518041836991074
178 -22.903086968181288 -43.75130653210023 0 2.969762755207435 0.0 1.814320754387318 0.031275895004217 0.0 264 0.02142839642053508 2 0.01911018620531636 52 0.02610347000615427 137 0.017721132009305512
179 -22.87242928552623 -43.64213473642384 0 3.959881253224276 0.628116143704554 0.074506806617336 0.534643258461693 0.0141010172209 265 0.0177361058421541 96 0.035029566415252296 42 0.028301027507444537 169 0.020115226348588318 59 0.01394723721155934
180 -22.885561117868356 -43.41315093541937 3 1.319010897539073 0.632183161933041 0.0 3.083784566852095 0.271113902451093 276 0.029051955573329846 60 0.03349495440887106 232 0.02020475759989348 215 0.032730607215780604 206 0.023393512898468707 190 0.021784918989382205
181 -22.90139651053171 -43.21147041105559 3 0.088981198670835 2.107834432557592 0.488497361131176 2.190073519499485 0.010884664628376 256 0.026144929739469094 201 0.025216233323301487 204 0.025189533806495325 270 0.016237856190068126 8 0.01639860171919512 191 0.027162239952284263
182 -22.99719592415377 -43.61408484841865 0 4.401361132832282 0.109993652327155 0.0 0.357864193077543 0.424240967834097 19 0.024090559568949368 43 0.02627785180107535 187 0.03161211425935303 69 0.021671509913138678 157 0.01915255230037138 163 0.031092746656835753
183 -22.87239440685427 -43.51852694203684 3 2.003480746736129 0.118199679568019 0.002095202610357 2.790191118290995 0.392190432210546 1 0.031230125267719473 124 0.03016060241297724 4 0.024186548443817738 34 0.018622530469841303 70 0.019649166010495687 29 0.021893813177293903
184 -23.070285875251663 -43.55261777865701 0 0.194266260174234 0.0 0.0 0.0 0.0 95 0.007429644265916218 13 0.015189632814080194 126 0.0418154598234931
185 -22.80668068526108 -43.12317772280172 1 0.0 0.007570497311526 0.0 0.0 0.0 149 0.0015621639639756802 86 0.03470468613085841 234 0.006249255433613713 24 0.03608268270173192
186 -22.952848200281544 -43.33381484132083 0 3.071559658928114 0.07126368635036 0.0 2.042761219313363 0.115266752264048 226 0.01941939683891605 15 0.01226483528376665 82 0.019247261640303093 144 0.021455396246977513 218 0.0399235613949117 9 0.02062120481574426
187 -23.001729804207784 -43.5827995531571 0 5.211944228657602 0.073297319988152 0.0 0.007409779931666 0.0 78 0.02066064855491055 182 0.03161211425935303 69 0.016238542129783807 127 0.026664416801874168 274 0.028981328877764306 163 0.0353074982891956
188 -22.83551355611528 -43.258005446445424 3 0.26828621260736 1.159999957019485 0.557489698618886 1.257930203729439 0.056919408931306 165 0.02005604308922696 244 0.021448850417610195 77 0.022508742308641392 205 0.029600097619754406 90 0.018137335831138253 114 0.03037850583675367
189 -22.93521651683809 -43.259095971911606 0 3.8430267585564 0.103662867918841 0.0 0.750446011944119 0.605253425458213 39 0.019739661484103752 247 0.013463393846057803 140 0.027128884392521892 193 0.017681743039872237 91 0.023528746080306133 84 0.03654921903038519
190 -22.87432144877769 -43.43181246092256 3 0.204989138328867 0.970675571946585 0.024438277825195 3.599072110077405 0.507726914364747 66 0.021394141557708996 232 0.024751516783932583 199 0.01439718477642702 206 0.019465655256814082 284 0.02407689644637998 180 0.021784918989382205
191 -22.890029680160346 -43.236139874903316 3 0.465413712034352 1.20079246715089 0.945556399119474 2.128451464818903 0.567332659365808 51 0.02960836926338404 173 0.022647981485604412 257 0.022860844897629122 256 0.014261974935795174 201 0.02176948708594533 181 0.027162239952284263
192 -22.974013483652627 -43.283798675716795 0 4.512996718626949 0.007280871395361 0.0 0.568113743757391 0.210827465502096 98 0.027608272378545535 267 0.03114057957265058 35 0.028921382837029972 218 0.014391397165154918 91 0.02511664718610632 84 0.010119428958401488
193 -22.933334598283743 -43.24151466310131 3 1.725471563670372 0.327074903315296 0.0 2.878077650602527 0.372940488780415 39 0.01174134670277633 224 0.029428249460925808 247 0.023328526881753967 201 0.0227194087059791 204 0.020071854880806175 189 0.017681743039872237
194 -22.80117292088915 -43.25176994422246 0 0.644858279165341 0.148985739762657 0.0 0.0 0.0 209 0.028566576783772116 223 0.005158056960137894 45 0.029000212983428843 77 0.012721636738382522
195 -23.026402043349364 -43.20158492581625 0 0.127349077146747 0.0 0.0 0.0 0.0 272 0.019348638648447863 225 0.00960113223285479 110 0.03770829577138325 62 0.019137641685011076
196 -22.900236843258174 -43.444939957428566 0 5.178987030695637 0.008422956537277 0.0 0.078064463828884 0.038259375423317 156 0.034997585368841615 46 0.03388562521401547 206 0.011879508189259338 284 0.017840893708505157 129 0.021398510840170942 230 0.031009965450206293
197 -22.945770745680512 -43.18532481318225 3 0.543711793529109 0.770068477627781 0.0 2.143278342327194 0.034187136105372 93 0.021029531728836454 213 0.02731954200560473 68 0.013386773093576634 56 0.02509058914472619 83 0.011702204353779135
198 -22.958262917735297 -43.40679628972208 0 4.903145021964868 0.367308259029176 0.00013134258703 0.01548050552071 0.014055899124631 115 0.015834117821296005 36 0.013200474732012421 152 0.03472059801900747 21 0.03779033770372816 14 0.02480130788939041 172 0.03169525628755786
199 -22.86065980167615 -43.42726951826833 0 4.793366727846204 0.034068818153128 0.005139020629395 0.349465575817879 0.093017174694223 66 0.022755917113385295 11 0.036742426925515756 232 0.019444329277448175 53 0.03051367468925153 190 0.01439718477642702 132 0.03105996744252767
200 -22.978582218853177 -43.39406663344367 0 2.811161880723749 1.294022222048982 0.0 1.192130174157942 0.0 115 0.020450044441372515 36 0.0163485098135344 116 0.024011356689693605 74 0.027349030360330383 130 0.01967339578191427 286 0.03441102717858176
201 -22.911735014824348 -43.23446984043996 3 0.796288575815877 1.078392087566228 0.032310120316673 2.950445051665505 0.448120456197771 257 0.02494664791159315 247 0.029340892184239 204 0.015293555814180895 191 0.02176948708594533 193 0.0227194087059791 181 0.025216233323301487
202 -22.84162871666689 -43.57058792513607 0 2.688271990526234 0.0 0.0 0.010834525148071 0.013479823819416 287 0.032795793848751274 278 0.022862160522738414 80 0.017730804974158812
203 -22.9777329813096 -43.46348296900376 0 4.918445794217604 0.105355488160763 0.0 0.253829414696256 0.020128716160203 99 0.03797121171511654 14 0.03563067958623367 119 0.013443565251798644 55 0.020642456514152065 160 0.017481314659090804 113 0.029217158688069685
204 -22.923107089385823 -43.22424395321147 3 1.019812530903755 0.475754021027623 0.0 3.38646109619775 0.422711706651029 224 0.017718679214259844 201 0.015293555814180895 270 0.026287666544634675 193 0.020071854880806175 83 0.038105292832136727 181 0.025189533806495325
205 -22.823805765197832 -43.285191718917616 3 0.17725322212628 1.755605647434109 0.671451262612207 2.347465304804706 0.258406719170849 209 0.015957772222014496 242 0.019538487022342652 85 0.024072666835686148 188 0.029600097619754406 77 0.030848625441466684 114 0.021781695919347244
206 -22.89349762061252 -43.43515703389053 3 2.314034105695812 0.053127794769606 0.0 2.773279579076087 0.164472094023413 276 0.035043301092937414 196 0.011879508189259338 190 0.019465655256814082 284 0.020442890320832248 129 0.025043404885465505 180 0.023393512898468707
207 -22.86224307639678 -43.223688822624865 0 0.715140545297718 0.339248992152854 0.280855942346802 0.099533919829995 0.0 173 0.019812753716606922 256 0.017734503292669346 40 0.020792644216399193 33 0.02004723969942387 90 0.025732748753478495
208 -22.899743803418225 -43.3285055587764 0 4.852069609735592 0.040641303012959 0.015570147879486 0.156541218227272 0.240012501238129 240 0.0335737852034028 25 0.02188253363883221 12 0.034643785922306644 226 0.03405714025597237 220 0.03063127319829049 164 0.012823551755097922
209 -22.808997852786344 -43.2792439273692 1 0.240747549448545 0.733924849431825 0.050531106743841 0.018895398780752 0.0 85 0.02739820343400291 77 0.02333153537241926 205 0.015957772222014496 159 0.028350588084136766 194 0.028566576783772116
210 -22.946826476469106 -43.72627811309454 0 2.930417554354664 0.052583553702366 0.0 0.0 0.0 97 0.005072331006453647 136 0.0344342344958571 26 0.030280817414463954 269 0.030215635026058996
211 -22.910555188344865 -43.28138733697159 3 1.01947989763759 0.461807666500715 0.002367412961604 3.194408688898749 0.62713311603887 240 0.017988726187230807 257 0.02685240119397308 247 0.022597343336613902 140 0.013551926313284 294 0.022444222609236213 220 0.019977099111265613
212 -22.975951012173805 -43.697325099090136 3 0.587612005452352 0.09114723289023 0.0 4.283309913351733 0.110898273282061 135 0.012998071876292037 26 0.01142395523303504 155 0.023069702761881656 217 0.032915118915407514 71 0.015303887717017427 94 0.028853500048042463
213 -22.944681713761245 -43.15802698570688 0 0.202771417535325 0.079995011611636 0.0 0.0477405921069 0.0 197 0.02731954200560473 249 0.03395000428693068 56 0.025270947328530195
214 -22.9361160390537 -43.63173312626566 0 4.701955806820913 0.2542671879578 0.0 0.326065110076362 0.015963685261366 133 0.029542905758994854 167 0.02464001199477608 125 0.02761228853967636 216 0.0330334298161232 23 0.012779254167429572 170 0.03365847615918008
215 -22.875418146408606 -43.38203160414955 1 1.633118610425053 3.449624057730501 0.0 0.224528022867578 0.0 60 0.03239552084649771 232 0.02817055732492055 10 0.022280492269463076 280 0.015510115493609688 283 0.019408360874499164 180 0.032730607215780604
216 -22.95665530891479 -43.605861406589725 3 2.139322866294483 0.073889111159859 0.0 2.778779154373309 0.305454696797431 133 0.029039897391548396 279 0.030624888985448805 214 0.0330334298161232 43 0.015091433145431458 61 0.015478851726644233 170 0.015621963758540107
217 -22.98396416398861 -43.66540027409127 3 0.428058293561848 0.068317029109383 0.0 1.208881856993493 0.021470410810492 212 0.032915118915407514 153 0.018366939657697527 71 0.025117957954382646 49 0.02147798258193731 94 0.010633968057732448
218 -22.968110877183605 -43.29692390140008 0 5.049701854949888 0.0 0.0 0.237318665815825 0.013015080289231 186 0.0399235613949117 82 0.035128404656821856 144 0.02202189836567426 35 0.02396555796836386 192 0.014391397165154918 84 0.0160326904252538
219 -23.044889658391458 -43.5342848506846 0 3.522304946393982 0.0 0.0 0.047633054556797 0.0 95 0.02406864575621505 266 0.02105905938949405 250 0.04085392038478524 126 0.029161243097887632 146 0.024950356781881452 271 0.03047847638515233
220 -22.899279160959413 -43.297877809836365 3 0.347203626519434 0.370519520742887 0.0 4.526785011171215 0.061503078571939 240 0.01602645407029088 211 0.019977099111265613 260 0.02175958530481005 294 0.024686144774143114 208 0.03063127319829049 164 0.02840118613732167
221 -22.806677037972275 -43.36364732488464 3 0.020075141904914 0.187043764059619 0.0 0.982618157703386 0.015329757115185 233 0.026077292112750273 111 0.01815794973879515 238 0.014877171565189206
222 -22.974089971522446 -43.23658012566268 0 3.701620963287713 0.216681798211717 0.0 1.16564636887951 0.215628314625752 39 0.029523399169930773 106 0.0165164244824627 267 0.028403250830545793 17 0.014790860415384665 295 0.02071663763961747 91 0.031988559523635864
223 -22.803899853584994 -43.24739165806503 0 3.027776895735002 1.900454218996249 0.0 0.165602559028373 0.218818319379515 165 0.020836411260535037 88 0.03934753664968209 45 0.026973257258934714 77 0.012765702788078748 6 0.02706935504409589 194 0.005158056960137894
224 -22.93612020858184 -43.21221855002122 0 5.018898223618203 0.032823477902405 0.0 0.166181828719214 0.084843357295745 39 0.031085949519035077 68 0.02772597962322207 204 0.017718679214259844 17 0.03364476553700278 193 0.029428249460925808 83 0.024451398178456613
225 -23.035123471166102 -43.19757014848865 0 0.140000782441326 0.0 0.0 0.0 0.0 195 0.00960113223285479 272 0.019726517895872438 7 0.03801250704035804
226 -22.933431189360654 -43.33351043947236 0 3.248614526664398 0.102345496326518 0.0 1.762954954190132 0.188928706607182 240 0.03921861091747035 12 0.024379175330482186 186 0.01941939683891605 15 0.009723830286842613 144 0.028413151385654725 208 0.03405714025597237
227 -23.037510048326016 -43.306032386834474 0 0.087833086750114 0.0 0.0 0.0 0.0 288 0.03261339019198636 281 0.010238241166027333 89 0.010302516839791916 236 0.028591783684238606 161 0.0323720533139909 64 0.029873100986750462
228 -22.914372990498542 -43.557635184145695 3 0.702415791395875 0.534873509196046 0.0 3.88066399420265 0.183851389171608 175 0.02395646771224182 109 0.023434859656314627 67 0.01329720519861298 31 0.035631095326164874 142 0.012719062462967438 16 0.029677755197743117
229 -23.04202578433842 -43.5558356779613 0 5.012503387708661 0.0 0.0 0.277341847646217 0.0 78 0.03031149164185874 95 0.022435939384578562 30 0.02569157677741061 13 0.025116122264090615 146 0.014580009195264273 274 0.02752270552630914
230 -22.931188003028435 -43.44303111848859 0 5.239256501017906 0.0 0.0 0.001001465535155 0.061485658255749 196 0.031009965450206293 151 0.0256685855245151 152 0.016494899074800066 156 0.03591584340062491 129 0.015690427649325548 113 0.022151720810997064
231 -23.038805700655043 -43.65411244856952 0 3.50447413932203 0.0 0.0 0.0 0.0 32 0.027992685018404875 252 0.023103368713714427
232 -22.86588915699341 -43.40854157700359 1 1.684982825264373 2.414132480625589 0.032281332602622 1.106896792472839 0.069787047062307 10 0.023810801723485604 199 0.019444329277448175 53 0.02688510641221581 215 0.02817055732492055 190 0.024751516783932583 180 0.02020475759989348
233 -22.812400962553426 -43.33820598350249 1 0.810777326848868 1.638211841776129 0.547972581780723 1.396308467915526 0.309772838617041 117 0.015007449188860131 282 0.019256474563294147 73 0.02198576397977374 221 0.026077292112750273 238 0.028998912915442408
234 -22.80327431810742 -43.11793846175755 0 0.043281216638414 0.022716696192419 0.0 0.0 0.0 149 0.00514370166599337 185 0.006249255433613713 128 0.023056644677724072
235 -22.854807662445513 -43.34880278104539 3 0.358766078105997 0.37663480896816 0.065981899154495 4.234946688579034 0.273295157391098 241 0.023360392556890916 283 0.01969364406750991 121 0.019373697038388163 73 0.021949409643479398 263 0.02176724767034855 131 0.023768171262179706
236 -23.03021095631565 -43.278387977814376 0 0.002107744359597 0.0 0.0 0.0 0.0 168 0.002530957085904739 89 0.03608152144616728 227 0.028591783684238606 64 0.02088214742837784
237 -22.913210855658022 -43.6053478385267 3 0.750865329703832 0.454345753502212 0.0 3.419386659047561 0.676828908309165 133 0.014637346069498448 134 0.021598387463264514 175 0.024250505494312763 31 0.01733527281697943 23 0.02742946153759719 293 0.03385453281049277
238 -22.821401605801285 -43.36577272744156 3 0.389915827822414 0.294744992105664 0.490009387122735 2.53610507290703 1.601645425922525 233 0.028998912915442408 261 0.0321242440869149 73 0.02325895812163326 111 0.015809015705788694 221 0.014877171565189206 131 0.022372426095799532
239 -22.867349461293536 -43.276465220428676 3 0.546960664682774 0.424614449184364 0.485351186485569 2.35858844779405 1.493660990475476 51 0.01721949323018017 244 0.020088119791642416 260 0.0218696874469991 100 0.035337261554537626 294 0.021575899589516938 114 0.02408760594260304
240 -22.9152821965679 -43.29874388222399 0 4.747950381223173 0.023901307667175 0.0 0.301274966979249 0.230893973720519 211 0.017988726187230807 208 0.0335737852034028 140 0.017292334434775097 226 0.03921861091747035 144 0.03954565673003314 220 0.01602645407029088
241 -22.844460508199937 -43.32785894330179 3 0.131994015539522 0.33410224336521 0.127463539197304 4.569341712940565 0.147898897868099 242 0.028052903251957532 282 0.022489969685594767 100 0.021322935619096386 235 0.023360392556890916 121 0.02234856486868797 73 0.02112629886173422
242 -22.834140259943435 -43.301773356155095 3 0.062947114592164 0.293369925616216 0.058603891878861 4.636967439108745 0.260087017034989 241 0.028052903251957532 85 0.022173879714749736 282 0.023184712925857116 100 0.023338951445319958 205 0.019538487022342652 114 0.018910116485982693
243 -23.018403917939494 -43.490944053739085 0 4.082411457186465 0.126283200158531 0.0 0.995427285323736 0.089277746888956 65 0.012523328617306557 37 0.027178527256985534 266 0.03346293065007578 250 0.011460805304744578 47 0.01776075577223723 75 0.03051866626910665
244 -22.856923638081057 -43.259294467180624 3 0.147825357260298 0.390659382644187 0.54044883078935 3.814874248707334 0.416542292474972 51 0.022128232233922338 173 0.02024752441816528 188 0.021448850417610195 90 0.015960063184620784 239 0.020088119791642416 114 0.029661374357615903
245 -22.891965132760255 -43.6796404106069 0 4.6827680878611 0.348819581307304 0.0 0.271063345860755 0.0 253 0.03153555068472845 96 0.011471210032873089 258 0.021260871588085917 141 0.0419552631235348 48 0.03832012143098578 296 0.020410526289325402
246 -23.05979708358757 -43.146659111742295 0 0.166797796552663 0.007516340981292 0.0 0.0 0.0
247 -22.922055980148567 -43.26193555777891 3 1.192553752931461 0.343368173828076 0.0 3.185098072387593 0.583361239033422 211 0.022597343336613902 257 0.0224741384190129 140 0.021893716026331392 201 0.029340892184239 189 0.013463393846057803 193 0.023328526881753967
248 -22.977877930453474 -43.19189309144079 3 2.040545317872514 0.24357753800604 0.0 2.366030087899454 0.142107088626293 93 0.014574066487320203 106 0.03194490399686486 44 0.009926575903485597 68 0.021466481411879818 110 0.012472122209422353 17 0.03277207949242149
249 -22.911177057163826 -43.16350793246558 1 0.0 0.49631205905769 0.0 0.0 0.0 254 0.018400214726708764 213 0.03395000428693068 56 0.0158471267215597
250 -23.028112275557767 -43.497034854227444 0 2.841373832344322 0.109872972972936 0.0 0.673911849925476 0.028541886244555 243 0.011460805304744578 65 0.017745158575007934 289 0.027641075200795607 266 0.02629762415928077 271 0.03757609066413384 219 0.04085392038478524
251 -22.97855719678975 -43.53103601767612 0 5.232932368347016 0.002534326362723 0.0 0.060738577659878 0.0 37 0.03011587304392385 81 0.022586669587592402 145 0.03754873801310605 158 0.020215221963744374 75 0.03331107806873633 123 0.016126747436391687
252 -23.049007102315162 -43.63338331327422 0 1.746572340683489 0.031024940873132 0.0 0.0 0.0 231 0.023103368713714427 148 0.035244582717945845 32 0.016819348453961516
253 -22.8648690995389 -43.69577410022386 0 3.244649399024375 0.0 0.0 0.052155226842224 0.0 96 0.025490834065765428 245 0.03153555068472845 169 0.03540656421988678 48 0.020166816918243836
254 -22.902882277958128 -43.17993244280585 1 0.025623462546786 3.005717405543067 0.0 0.374043810132641 0.0 249 0.018400214726708764 56 0.022417840684586295 270 0.022446304849270692 8 0.016548621134322674 147 0.01994650451387086
255 -22.81915762524433 -43.190493507680884 3 0.770943105438376 0.191593129985011 0.018862502169125 0.771691172215087 0.0318044907657 104 0.01242322153176323 88 0.019742280793616923 40 0.039339005422658106 27 0.022671597643202934 120 0.015275528284125504
256 -22.879798330486956 -43.22620390927686 1 0.114816226904213 1.918855591973021 0.7062558403492 0.527195692290915 0.230669914915973 173 0.019981006677960798 33 0.02167201621597761 207 0.017734503292669346 8 0.03535734798087523 191 0.014261974935795174 181 0.026144929739469094
257 -22.900223907919088 -43.256601936134686 3 0.791894437133925 0.346181416731574 0.276438488163243 3.499442681869097 0.392415116142439 211 0.02685240119397308 51 0.022639266516646845 247 0.0224741384190129 201 0.02494664791159315 294 0.022011052294945963 191 0.022860844897629122
258 -22.900575714020526 -43.66020120920753 0 3.678871503276257 0.152864589887131 0.018583381097548 1.325666143630082 0.125863502032644 265 0.02348656528594673 96 0.0251632809465526 245 0.021260871588085917 122 0.013122094169144147 296 0.028700100029501668 275 0.019069539430266343
259 -22.75639050244874 -43.119973044517934 0 0.141268590074151 0.019950776002607 0.0 0.0 0.0 174 0.027411823527706682 5 0.012357885000651976 273 0.03917701160026942
260 -22.877621678650325 -43.29577233775893 3 0.242396204839857 0.185268319718164 0.095624748993111 4.373834368458263 0.410876926336179 239 0.0218696874469991 100 0.025840369010872083 121 0.03905963229873673 294 0.02321873687340637 220 0.02175958530481005 164 0.02986648653863441
261 -22.831982494467482 -43.396104424611174 3 1.038169314414688 0.218412290885873 0.051003035193081 3.203339457207927 0.800320226438929 10 0.023421201871430652 53 0.011915633544837071 171 0.013443527766597928 111 0.023730491555203907 238 0.0321242440869149 131 0.028805752223667935
262 -22.926410755632133 -43.51046624402921 0 5.229899304983183 0.0 0.0 0.071472656214686 0.0 151 0.04576964820171739 76 0.013104667438605479 290 0.03738574434167854 156 0.03596028976045706 18 0.01750231384068334 103 0.033521827244370486
263 -22.876532482947347 -43.34744438297952 3 0.139526893625022 0.761495656820252 0.061984171250658 4.157411490933838 0.187218663893209 25 0.021722045324821002 280 0.026110821251743334 235 0.02176724767034855 283 0.021419850351224474 121 0.017673862680177115 164 0.026141305468634485
264 -22.915368458123872 -43.76886617839353 0 4.852514257484231 0.0 0.186675919498568 0.0 0.0 178 0.02142839642053508 292 0.012988749017136312 137 0.014396675554392621
265 -22.889931692283213 -43.639265031185104 0 3.466047901049861 0.230532507126293 0.243425261687207 1.24370950637263 0.119319152211007 96 0.03787366063714172 258 0.02348656528594673 293 0.007341128169967939 179 0.0177361058421541 122 0.027539480140052724 59 0.013200292008906133
266 -23.026919246467237 -43.52330540271833 0 4.243431891089879 0.179815620161003 0.0 0.842613498139702 0.02635464401307 243 0.03346293065007578 37 0.026100323759483485 250 0.02629762415928077 57 0.021069220670109152 146 0.02920399471293249 219 0.02105905938949405
267 -22.99216146093783 -43.25849281440807 0 4.048157623530535 0.291839625264316 0.0 0.59160319086704 0.366800452820087 222 0.028403250830545793 98 0.015226890394000036 101 0.011045535073793666 295 0.020991111825756296 192 0.03114057957265058 91 0.03449877658456152
268 -22.78254345352132 -43.16055120379754 0 0.405278951016741 0.344773377390008 0.0 0.000698421884289 0.0 50 0.009945261096964482 149 0.04409785412335272 174 0.023023853095314017 86 0.0128260912423384 3 0.020639003137407984 273 0.012967819309614182
269 -22.92058776949942 -43.741261932920835 0 5.297137287145919 0.0 0.00115149524825 0.0 0.0 210 0.030215635026058996 97 0.028478031617161885 2 0.013525780733654043 105 0.03877359781833139 136 0.027634649264896012 137 0.014095203858540524
270 -22.91290609068467 -43.20001626166108 3 0.319944218804102 1.804201173330723 0.0 2.711403433646396 0.470364482224451 254 0.022446304849270692 204 0.026287666544634675 56 0.029533156288910716 8 0.016102760497127003 83 0.02465522798199235 181 0.016237856190068126
271 -23.06336455315725 -43.51004406302922 0 0.047766948948473 0.0 0.0 8.1352198933e-05 0.0 289 0.0467871484606231 250 0.03757609066413384 126 0.0014390049816547146 219 0.03047847638515233
272 -23.022151080998718 -43.18270903811152 0 0.013397298671832 0.0 0.0 0.0 0.0 195 0.019348638648447863 225 0.019726517895872438 62 0.0010749854945758784
273 -22.770178368526746 -43.15664364564394 0 0.004111388842729 1.180826751e-06 0.0 0.0 0.0 50 0.0032689221423148965 174 0.019555808091036783 259 0.03917701160026942 268 0.012967819309614182
274 -23.030648602494338 -43.58089678433701 0 5.226202108996698 0.064453609368263 0.0 0.0 0.0 78 0.02298357895614938 148 0.023697867841662477 30 0.024264395970289017 187 0.028981328877764306 229 0.02752270552630914 163 0.026269823855859697
275 -22.919643470514707 -43.66046197032639 3 1.535998716314072 0.315764122252402 0.0 3.136209699074727 0.31188790174576 258 0.019069539430266343 167 0.01367053776798647 154 0.032897999832935385 102 0.030110346785720995 122 0.00897111432147825 296 0.027834096777121703
276 -22.91387595304704 -43.40664814898287 0 4.077592342486644 0.084705639687894 0.009756125234612 0.860349539986907 0.271699654239064 60 0.020067052709887935 20 0.020994764819040546 21 0.006612701482378524 206 0.035043301092937414 129 0.02753858406662338 180 0.029051955573329846
277 -22.788307578479547 -43.185170715322656 3 0.197957374515385 0.043174594828879 0.099305828808365 0.277665648272107 0.082727239364312 50 0.03076134629111862 3 0.009004146061138208 6 0.037341264665124774 120 0.017923699694845988
278 -22.86406027412619 -43.57500421472322 0 3.471337814815919 0.646643310849725 0.684262698802177 0.304715703512364 0.0 287 0.024388645079042013 138 0.015438641872181708 38 0.024214061109512703 80 0.015340954477553653 202 0.022862160522738414 177 0.03358845221884979
279 -22.978747044900928 -43.58465199767552 0 3.631937566739809 0.103073763855319 0.0 1.214939677888901 0.346687768641554 43 0.025527059410898688 216 0.030624888985448805 61 0.03363708235106516 22 0.033259725385000743 69 0.01425536074834496 63 0.018122480193037766
280 -22.88677114730124 -43.37146405697166 3 1.201196938907146 0.164677432552023 0.0 3.706638698609833 0.233946741681572 25 0.023967252894678943 60 0.026176146819940762 215 0.015510115493609688 143 0.02251169060907193 283 0.02242992935481152 263 0.026110821251743334
281 -23.03731212158941 -43.31626871465165 4 nan nan nan nan nan 288 0.027846482880751065 89 0.011180609175322553 227 0.010238241166027333
282 -22.82275518618706 -43.32197016305659 3 0.554025448473275 0.913009022923319 0.317594013019711 3.397952995986322 0.130204905950128 241 0.022489969685594767 242 0.023184712925857116 85 0.01864759310080573 117 0.01659781595962905 233 0.019256474563294147 73 0.025844391412242956
283 -22.86512791784064 -43.36557573383365 3 0.095149503600746 0.672262388160828 0.030397770301941 4.466807161947444 0.04383123518889 10 0.02501456939366748 280 0.02242992935481152 215 0.019408360874499164 235 0.01969364406750991 263 0.021419850351224474 131 0.022079507795722056
284 -22.884624153034082 -43.453573693137095 3 0.690677039274455 0.364935241909201 0.006788563739782 4.007522817973685 0.235799091012424 150 0.026342391626439816 196 0.017840893708505157 66 0.02201401582816632 206 0.020442890320832248 46 0.025271370457393014 190 0.02407689644637998
285 -22.99763369639401 -43.43165398105728 3 1.928048775365191 1.111972013841598 0.0 2.181942510048811 0.072989011020547 99 0.005322992837611218 291 0.025635434725718883 119 0.02626395333431153 74 0.020778348416833282 112 0.03197720790203445 162 0.020226107506873595
286 -22.995351649115083 -43.36401825578071 1 1.482594997337047 2.073140343075749 0.0 1.740764138367712 0.0 166 0.014087969805112309 116 0.025519187117527424 107 0.016139644619479847 200 0.03441102717858176 130 0.021523990816266186 58 0.009617491343949054
287 -22.858452905537234 -43.59873949281932 0 0.057833101354109 0.0 0.0 0.0 0.0 278 0.024388645079042013 42 0.017290000183837223 202 0.032795793848751274 177 0.013587432002186237
288 -23.010776912321802 -43.32471319675254 3 0.129558143652323 0.038589697611212 0.0 0.900016276418292 0.0 107 0.026083918906210705 281 0.027846482880751065 28 0.010570293412291591 227 0.03261339019198636 161 0.011027236348509406
289 -23.037518842191865 -43.47104359526574 0 0.009435818499902 0.0 0.0 0.0 0.0 65 0.016049983302182255 250 0.027641075200795607 54 0.012804928982853587 271 0.0467871484606231
290 -22.95865783437049 -43.49155011882283 0 5.282667363404202 0.0 0.0 0.016713426722644 0.0 151 0.03056237039921506 76 0.045366205486121886 81 0.028367920925991632 55 0.013817531612569772 145 0.01779785257814129 262 0.03738574434167854
291 -23.007831276805025 -43.4081340986737 0 1.949989914649114 0.403105764371358 0.0 0.514889703206967 0.0 116 0.020332712070917483 74 0.008301801804408019 285 0.025635434725718883 162 0.03201845343288297
292 -22.926880771110643 -43.7748806817583 0 3.297355733466769 0.0 0.109444282152864 0.0 0.0 264 0.012988749017136312 136 0.020211298653735804 137 0.020592300258551247
293 -22.893369246034304 -43.63277847685971 0 3.920060369525129 0.0807321704377 0.0 1.193043462432032 0.108395033854898 265 0.007341128169967939 134 0.0286385577644591 23 0.03006310669069157 122 0.029319775530513324 237 0.03385453281049277 59 0.013484032112158867
294 -22.88890277894295 -43.27547833573409 3 0.064611577057934 0.752448424074997 0.164942516874029 4.129817303949874 0.195367077324231 211 0.022444222609236213 51 0.015783575161845833 257 0.022011052294945963 220 0.024686144774143114 260 0.02321873687340637 239 0.021575899589516938
295 -22.994778160781166 -43.23766543681003 0 1.53098602110581 0.060572258347189 0.0 0.215551155972548 0.698310298399417 222 0.02071663763961747 106 0.018060500693229172 267 0.020991111825756296 101 0.02935162156568625
296 -22.911029661362196 -43.68692967206421 3 1.489539936231051 0.615408603083731 0.0 2.840577807626324 0.355136778381551 258 0.028700100029501668 245 0.020410526289325402 105 0.020329694886321945 141 0.033796803391229334 102 0.02161021825139971 275 0.027834096777121703
END