0 0.1 0.0833333 0.0964139
1 0.5 0.366667 0.487912
2 0.1 0.0666667 0.0920853
3 0.5 0.516667 0.499562
4 0.1 0.0833333 0.0968526
5 0.5 0.566667 0.502308
6 0.1 0.116667 0.104992
7 0.5 0.483333 0.496832
8 0.1 0.0833333 0.0965584
9 0.5 0.433333 0.49366
10 0.1 0.133333 0.10859
11 0.5 0.483333 0.496274
12 0.1 0.0333333 0.0814538
13 0.5 0.5 0.497377
14 0.1 0.116667 0.104693
15 0.5 0.583333 0.503263
16 0.1 0.116667 0.104667
17 0.5 0.533333 0.499995
18 0.1 0.133333 0.109239
19 0.5 0.6 0.505569
20 0.1 0.1 0.0997814
21 0.5 0.416667 0.492515
22 0.1 0.133333 0.108918
23 0.5 0.55 0.501375
24 0.1 0.133333 0.108704
25 0.5 0.416667 0.491792
26 0.1 0.183333 0.120914
27 0.5 0.466667 0.495168
