0 0.5 0.333333 0.463611
1 0.1 0.333333 0.12776
2 0.5 0.5 0.476451
3 0.1 0 0.0339762
4 0.5 0.5 0.476199
5 0.1 0.166667 0.0912425
6 0.5 0.333333 0.467743
7 0.1 0.166667 0.0957964
8 0.5 0.166667 0.452193
9 0.1 0.166667 0.0987966
10 0.5 0.833333 0.496876
11 0.1 0 0.03415
12 0.5 0.333333 0.465713
13 0.1 0 0.0298936
14 0.5 0.333333 0.464539
15 0.1 0 0.0328584
16 0.5 0.666667 0.486675
17 0.1 0.166667 0.0934319
18 0.5 0.333333 0.462598
19 0.1 0 0.0274637
20 0.5 0 0.439297
21 0.1 0.166667 0.0940399
22 0.5 0.5 0.476071
23 0.1 0 0.0314343
24 0.5 0.5 0.478204
25 0.1 0.166667 0.0959771
26 0.5 0.5 0.473892
27 0.1 0.333333 0.122575
