0 0.5 0.433333 0.507941
1 0.1 0.116667 0.098688
2 0.5 0.4 0.505066
3 0.1 0.0666667 0.0835095
4 0.5 0.516667 0.512515
5 0.1 0.0833333 0.0906491
6 0.5 0.616667 0.519894
7 0.1 0.166667 0.110575
8 0.5 0.55 0.515985
9 0.1 0.0666667 0.0847991
10 0.5 0.7 0.526338
11 0.1 0.1 0.093808
12 0.5 0.6 0.518398
13 0.1 0.0833333 0.088713
14 0.5 0.616667 0.518657
15 0.1 0.116667 0.09743
16 0.5 0.5 0.511665
17 0.1 0.116667 0.0988881
18 0.5 0.366667 0.503271
19 0.1 0.0666667 0.0835742
20 0.5 0.616667 0.519044
21 0.1 0.183333 0.113814
22 0.5 0.683333 0.5242
23 0.1 0.0666667 0.0833083
24 0.5 0.516667 0.512729
25 0.1 0.0666667 0.0844174
26 0.5 0.45 0.50931
27 0.1 0.05 0.0811757
