0 0.1 0.333333 0.116973
1 0.5 0.5 0.446168
2 0.1 0.333333 0.11278
3 0.5 0.166667 0.421203
4 0.1 0.166667 0.084891
5 0.5 0.5 0.448837
6 0.1 0 0.0172466
7 0.5 0.333333 0.433239
8 0.1 0 0.0207418
9 0.5 0.333333 0.433821
10 0.1 0 0.0130779
11 0.5 0.5 0.447533
12 0.1 0 0.0077285
13 0.5 0.666667 0.45953
14 0.1 0.166667 0.0850171
15 0.5 0.5 0.445511
16 0.1 0 0.0242885
17 0.5 0.666667 0.456144
18 0.1 0.166667 0.0805188
19 0.5 0.333333 0.437429
20 0.1 0 0.0110129
21 0.5 0.333333 0.433331
22 0.1 0.166667 0.0866068
23 0.5 0 0.406816
24 0.1 0 0.00701017
25 0.5 0.666667 0.460574
26 0.1 0 0.00757834
27 0.5 0.5 0.447496
