0 0 0.000336 1.78725 0.0190476 0.0195718 3.06846 0.0192308 0.0195718 3.56782 
1 1.72033 1.73129 13.633 3.40495 3.42372 28.3457 4.66703 4.69284 34.4329 
2 1.62509 1.63488 2.83514 3.13956 3.15377 6.02499 3.76777 3.78849 7.2748 
3 2.17875 2.19287 20.3344 4.64762 4.67358 35.0114 5.45147 5.4813 43.443 
4 2.58407 2.59597 5.99643 4.55018 4.57584 12.9437 6.90293 6.93971 15.5921 
5 2.71612 2.73085 4.63664 4.70897 4.73023 9.9972 5.69963 5.73011 12.125 
6 0.802747 0.808149 1.56995 1.70293 1.71198 3.34257 2.1793 2.1929 4.03951 
7 45.883 46.0836 128.677 100.999 101.23 231.557 119.438 119.429 270.261 
8 4.59286 4.61534 9.47911 9.86722 9.92223 20.2068 11.7998 11.8642 24.3704 
9 0.993773 1.00034 1.27366 2.25696 2.26917 2.6808 3.46099 3.48047 3.24096 
10 2.8489 2.86586 5.7929 6.06227 6.09689 12.3569 7.51447 7.55848 14.9196 
11 3.02253 3.03796 5.2328 5.52601 5.55515 11.2504 7.28919 7.32396 13.5339 
12 6.88571 6.92152 22.9296 14.2899 14.3592 48.5904 18.783 18.8731 58.9406 
13 5.90714 5.94206 10.8822 11.5342 11.5933 22.8736 13.5608 13.6309 27.7934 
14 2.10403 2.11577 7.65501 4.81941 4.84626 16.1415 4.87839 4.90386 19.2859 
15 2.86832 2.88504 5.65263 5.92985 5.96246 11.7695 6.13883 6.17419 14.2455 
16 0.822161 0.827404 3.02484 2.02839 2.03921 6.23255 2.02729 2.03938 7.66601 
17 0.535897 0.538846 1.21515 0.898901 0.904151 2.60412 1.18736 1.19275 3.12207 
18 6.54066 6.5755 12.2269 12.9872 13.0543 25.5822 15.0588 15.1311 31.2002 
19 27.9956 28.1407 66.5872 56.4533 56.727 128.856 69.246 69.5332 152.612 
20 2.02729 2.03828 3.35205 3.95916 3.97941 6.30011 5.4315 5.45906 7.54192 
21 11.8582 11.9071 21.8647 26.8936 26.9744 46.5278 30.7176 30.799 56.3031 
22 4.87875 4.90377 12.4196 10.3066 10.3633 26.62 12.1033 12.1705 31.9121 
23 1.60568 1.61596 5.51815 4.1304 4.15467 11.7533 3.42436 3.44335 14.2195 
24 0.593223 0.596439 2.19309 1.1293 1.13481 4.72193 1.33919 1.34633 5.68153 
25 0.918132 0.923559 5.91365 2.79377 2.80861 12.6608 2.29524 2.30883 15.2731 
26 8.49249 8.53633 12.3577 15.0712 15.1482 26.6519 19.3211 19.4138 32.1318 
27 9.87234 9.92098 17.9264 21.4397 21.5481 37.8672 22.5342 22.6449 46.0782 
28 0.400366 0.404188 0.418987 0.498168 0.500172 0.881488 0.919048 0.923423 1.06924 
29 0.305861 0.30807 1.37944 0.707875 0.711963 2.67362 0.727289 0.731176 3.32482 
30 6.21538 6.24755 7.53839 10.6339 10.6885 15.979 13.4269 13.4921 19.4477 
31 7.89927 7.93854 10.7756 17.4645 17.5422 22.8217 18.7625 18.8487 27.619 
32 2.67747 2.69287 7.1731 5.04927 5.07785 14.0637 5.43095 5.4626 16.6535 
33 1.96996 1.98119 3.94521 3.73004 3.75093 8.18186 4.38077 4.40491 10.0063 
34 1.30018 1.30834 1.81392 2.08407 2.09737 3.90693 2.84872 2.86719 4.72041 
35 2.9641 2.98095 6.21099 6.14048 6.17316 13.2943 7.9152 7.96095 15.9787 
36 2.16172 2.1738 6.76594 3.94029 3.96325 14.3812 4.76392 4.79077 17.5094 
37 2.98315 3.0003 4.52489 6.04505 6.07765 9.76322 6.06264 6.09675 11.7555 
38 9.02381 9.07349 12.3883 16.1057 16.1858 26.4376 21.6679 21.7758 31.9144 
39 2.65714 2.67358 5.18174 5.29762 5.32767 11.2194 6.71722 6.75136 13.4849 
40 4.49469 4.51929 23.4666 9.19945 9.2491 51.0251 10.1771 10.2307 62.1989 
41 0.95641 0.961994 11.6141 1.56703 1.57761 19.8675 3.04249 3.05865 24.3508 
42 0.421245 0.423508 4.30537 1.35788 1.36598 7.33423 0.803663 0.808219 9.20613 
43 5.41136 5.44006 9.49523 10.5018 10.5533 20.4468 12.3745 12.4361 24.5758 
44 6.7315 6.76852 9.13311 14.0756 14.1498 19.5585 16.2921 16.3806 23.6884 
45 21.2852 21.3899 48.0719 46.1707 46.3716 93.5634 51.8022 52.0304 110.845 
46 1.75824 1.76957 4.10998 3.07857 3.09656 8.55838 4.4956 4.51965 10.2192 
47 5.5663 5.59487 10.8787 12.3156 12.38 23.1488 14.6511 14.7239 27.9511 
48 2.86886 2.88453 5.50969 4.99103 5.01896 11.663 7.44066 7.47956 14.0414 
49 10.578 10.6357 34.7004 24.2557 24.3878 63.2073 27.9958 28.1584 74.4003 
50 1.62692 1.635 5.94904 3.38773 3.40442 12.1816 4.20678 4.23161 14.578 
51 2.48498 2.50053 12.8736 4.09469 4.11596 27.8334 5.1826 5.21261 33.647 
52 1.31886 1.32754 3.28718 3.09817 3.11667 6.96889 3.92088 3.94393 8.34245 
53 7.67234 7.71327 14.0006 15.7996 15.89 29.7604 17.8637 17.9688 35.7447 
54 6.11886 6.15258 9.50658 13.4844 13.5516 20.4542 15.5866 15.666 24.5512 
55 1.73938 1.75063 3.88963 3.17546 3.19386 8.23651 4.34322 4.36774 9.96118 
56 4.95385 4.98007 5.38787 10.2874 10.3422 11.1721 14.5385 14.6074 13.7035 
57 5.9674 5.998 10.4985 11.8053 11.8582 22.3482 16.4692 16.5461 27.1178 
58 2.54396 2.55765 4.92561 4.6652 4.69141 10.3447 5.64158 5.67271 12.4334 
59 4.79872 4.82872 12.6331 10.7674 10.8325 24.4007 11.8949 11.9695 28.7223 
60 13.6315 13.6963 11.2822 27.6883 27.7923 23.9454 35.1974 35.3022 28.9273 
61 4.7011 4.73049 7.12241 10.1 10.1528 15.3708 13.0833 13.1513 18.4841 
62 23.4081 23.5356 126.167 54.1361 54.411 206.209 60.0773 60.3862 240.165 
63 3.28974 3.3086 5.56893 5.98663 6.02071 11.8393 8.21996 8.27115 14.3273 
64 8.57125 8.61636 28.8435 16.1848 16.2736 54.7284 19.9445 20.0635 64.3959 
65 2.46758 2.48073 4.13285 4.1511 4.17328 8.40445 5.16337 5.19321 9.9868 
66 0.34359 0.346569 3.87651 0.555128 0.558196 6.98701 0.897802 0.904399 9.02736 
67 1.96905 1.981 3.4623 3.6337 3.65396 7.43474 4.66612 4.69236 8.91723 
68 1.81557 1.8271 8.49327 3.23205 3.25011 17.8816 3.74835 3.76985 22.0728 
69 0.726923 0.73133 1.58705 1.28114 1.28936 3.24716 1.96996 1.98227 3.87382 
70 4.49725 4.51866 5.95128 9.05037 9.09288 12.7937 11.6701 11.7265 15.379 
71 2.39249 2.40425 3.9234 4.72436 4.75015 8.30532 5.71795 5.74989 10.0902 
72 6.77015 6.8047 9.9289 12.9894 13.0477 20.6712 16.3527 16.429 24.7144 
73 5.96484 5.99874 7.79006 11.3062 11.3619 16.3765 16.2998 16.377 19.6516 
74 4.24487 4.26913 8.39843 9.33462 9.38288 17.0821 11.5103 11.5746 20.2582 
75 1.45385 1.46178 2.20827 2.79267 2.8076 4.69087 3.48022 3.49981 5.65504 
76 4.51209 4.5381 8.28713 8.49231 8.53785 16.2953 10.8278 10.8841 19.3696 
77 1.837 1.84669 7.97053 3.00421 3.02057 12.8914 3.44487 3.46349 14.7445 
78 1.35879 1.36597 2.46066 2.21923 2.23209 5.18873 3.92051 3.94468 6.21482 
79 1.85476 1.86596 2.22108 3.06007 3.07754 4.80988 4.76538 4.7894 5.77916 
80 3.69158 3.71298 9.63435 6.92289 6.96608 18.2721 8.7826 8.83314 21.5058 
81 9.52527 9.57762 20.6447 23.4841 23.6174 41.5338 26.6249 26.7726 49.2403 
82 1.05128 1.05792 6.29412 1.6837 1.6927 13.7487 2.27564 2.28875 16.8147 
83 5.20293 5.22888 8.71276 9.20092 9.2447 18.8427 13.428 13.4892 22.8099 
84 9.04414 9.09355 15.201 18.1874 18.2801 31.2012 22.8537 22.9671 37.2022 
85 4.22692 4.24828 5.74439 8.93297 8.97496 12.2796 10.7493 10.7999 14.9366 
86 6.77253 6.80414 10.5222 13.0429 13.1038 22.0848 17.6965 17.7688 26.5581 
87 6.9641 6.99599 8.87285 12.3549 12.4133 18.2349 17.5134 17.5961 22.4429 
88 1.52875 1.53903 3.13267 2.92619 2.94314 6.70865 3.72894 3.75116 8.18634 
89 6.78956 6.82823 16.4748 15.0302 15.1197 33.6031 17.6106 17.7172 40.0798 
90 2.02821 2.03914 4.60943 4.30623 4.3282 10.0439 5.68095 5.7136 12.1318 
91 1.35696 1.36554 2.36137 2.52473 2.53842 5.03182 3.29048 3.30741 6.10591 
92 2.18095 2.19277 3.21096 4.34121 4.366 6.89624 5.37674 5.4047 8.26979 
93 1.45476 1.46159 2.72641 2.94579 2.9613 5.59276 3.32784 3.34622 6.74206 
94 8.16575 8.20738 9.96095 17.5965 17.6768 21.5549 20.2401 20.3286 26.0873 
95 2.14212 2.15472 3.0507 3.78571 3.8094 6.4056 5.39432 5.42598 7.83258 
96 2.42949 2.44287 3.69687 4.23004 4.25118 7.59934 5.93004 5.96346 9.37043 
97 35.9399 36.0639 12.7661 66.6516 66.7329 25.9009 91.3872 91.3023 32.6241 
98 0.840842 0.8465 2.56304 1.81557 1.82731 5.3696 2.54249 2.55827 6.479 
99 1.95128 1.9616 2.7773 3.19524 3.21126 5.85503 4.20751 4.23034 7.01283 
100 0.897619 0.90465 0.844963 1.5293 1.54008 1.72558 1.9696 1.98313 2.1541 
101 1.08974 1.09646 1.95576 1.51136 1.51992 4.09573 2.33425 2.3471 4.95603 
102 4.58919 4.61448 8.7871 9.06136 9.11257 18.6633 9.82967 9.88214 22.4673 
103 1.37729 1.38501 3.33583 2.98407 3.00024 7.16416 3.88407 3.90417 8.66718 
104 6.17967 6.21125 10.298 13.5013 13.5756 20.2007 15.4181 15.4994 23.9635 
105 17.9755 18.068 27.1537 38.6277 38.8115 55.5374 48.8117 49.0241 66.3981 
106 0.669048 0.673576 3.02131 1.26319 1.27009 5.15784 1.83663 1.84727 5.9625 
107 3.05806 3.07742 7.77827 5.54249 5.57828 16.1877 6.54121 6.57858 19.4094 
108 7.84286 7.88261 9.1101 16.3482 16.435 15.4585 19.907 20.0084 17.4719 
109 2.00897 2.01972 2.02515 6.88132 6.92136 4.16428 4.49634 4.52132 5.13307 
110 2.56282 2.57694 2.1017 4.76447 4.78843 4.46715 5.96612 6.00062 5.4193 
111 7.93681 7.97563 15.8652 17.3868 17.4617 34.43 21.6698 21.76 41.6816 
112 2.94762 2.96176 5.75924 5.18553 5.21226 12.3066 7.07729 7.1165 15.0028 
113 2.23681 2.25111 2.97181 4.39963 4.42646 6.17163 5.75623 5.79349 7.60727 
114 4.28681 4.30721 9.35866 9.83168 9.88199 19.3998 11.0165 11.0743 23.2447 
115 3.86355 3.8839 10.5616 8.60659 8.65121 20.8001 9.73571 9.78558 24.6486 
116 2.56264 2.5769 3.48587 4.66978 4.69183 7.51596 6.38791 6.42179 9.09049 
117 14.9703 15.0476 32.9912 32.0599 32.1924 69.131 40.856 41.0173 83.222 
118 1.68242 1.69248 2.29487 3.30623 3.32719 4.96236 4.91282 4.94234 6.00313 
119 3.25293 3.26951 10.066 6.86502 6.9046 18.9872 8.58608 8.6351 22.3611 
120 4.03553 4.05847 7.71421 8.93388 8.98229 16.3137 10.6136 10.6749 19.5956 
121 4.05385 4.07779 7.93115 7.89615 7.94429 16.8745 9.48315 9.54115 20.3345 
122 4.30293 4.32673 4.06149 9.56154 9.61243 8.84325 11.3245 11.3812 10.7055 
123 5.02656 5.05737 9.13272 10.1881 10.2484 19.8017 13.7855 13.8617 24.1429 
124 4.13114 4.1536 8.97511 9.00714 9.05549 18.9297 9.33059 9.38333 22.8076 
125 16.9995 17.0938 110.978 40.7026 40.9295 157.523 43.3703 43.6024 173.3 
126 2.46484 2.48146 27.941 7.03974 7.07865 35.4866 6.17711 6.21367 37.8677 
127 1.83535 1.84672 22.6687 4.89322 4.92385 27.358 3.32674 3.34719 28.7092 
128 0.764469 0.769681 1.85192 1.16593 1.17375 3.72151 1.60696 1.61625 4.41843 
129 6.27234 6.30888 7.61567 14.6147 14.6958 15.8058 16.6557 16.7548 18.9887 
130 9.56172 9.60953 17.2741 21.4374 21.5363 36.5627 24.7907 24.8954 44.1681 
131 0.554212 0.558148 3.21061 1.49139 1.50087 5.67577 1.96996 1.98193 6.74237 
132 3.90348 3.92359 6.1038 8.66758 8.71335 13.3283 9.75476 9.81067 16.1119 
133 8.4141 8.46247 17.6189 20.0875 20.1944 34.9841 21.8212 21.9448 41.108 
134 3.4989 3.51989 6.31358 7.13352 7.17389 12.9991 9.44341 9.50076 15.4308 
135 13.1551 13.2229 75.2669 32.2952 32.4421 119.6 35.7403 35.8983 136.773 
136 0.688645 0.692839 6.30701 1.39524 1.40475 8.08746 1.47326 1.4817 8.76893 
137 1.35751 1.36594 2.70086 5.41099 5.44403 5.51254 3.0207 3.04056 6.58029 
138 2.58278 2.59674 3.62001 5.65842 5.69315 7.72758 7.1119 7.15504 9.35509 
139 2.0456 2.05804 4.95772 4.72766 4.75009 9.79404 5.22363 5.25008 11.696 
140 3.76905 3.78909 14.3531 7.90037 7.94271 23.0668 8.91154 8.96198 26.2952 
141 22.5698 22.6738 25.0364 48.2718 48.4637 54.2435 58.0465 58.2629 65.7084 
142 2.04542 2.05845 2.93876 3.99542 4.02093 6.00049 4.30183 4.32893 7.20768 
143 1.4348 1.44291 7.81615 3.43974 3.46309 14.3227 4.41484 4.44428 17.1786 
144 2.77234 2.78928 15.5295 7.59158 7.6356 26.5827 7.89908 7.94331 30.8674 
145 1.79799 1.8078 5.19931 4.32363 4.34583 10.1846 3.99542 4.01908 12.1106 
146 13.8277 13.902 58.7158 32.5496 32.7212 106.004 35.2938 35.4704 125.465 
147 4.4152 4.44214 8.72041 9.98223 10.0361 18.6999 10.7899 10.8435 22.6353 
148 4.89158 4.92386 8.05846 13.4374 13.52 16.4449 12.3667 12.4434 19.6786 
149 1.70165 1.71193 6.51469 3.05769 3.0773 10.3069 3.74817 3.76946 11.7786 
150 0.649817 0.654253 10.9252 1.29945 1.30812 23.7701 2.06557 2.07726 28.8398 
151 2.0456 2.05842 4.37566 4.24396 4.27043 8.24243 4.77894 4.80892 9.53816 
152 11.1082 11.1715 34.0673 27.0467 27.1829 60.9425 28.8467 28.9894 71.0806 
153 0.937729 0.942744 3.05992 2.58278 2.59653 5.8619 3.11667 3.13505 6.9393 
154 0.114469 0.11575 1.35811 0.133516 0.134982 1.98868 0.286447 0.288871 2.17309 
155 0.612088 0.615859 6.94143 2.6185 2.63555 9.10343 1.66227 1.67377 9.69332 
156 0.0761905 0.0772793 6.16692 0.20989 0.21194 6.45544 0.057326 0.0580474 6.44885 
157 2.86905 2.88487 9.26478 5.3544 5.38455 18.1697 6.82857 6.86514 22.9208 
158 2.12454 2.13497 5.67473 5.25916 5.28858 10.0281 6.17601 6.21169 12.1143 
159 0.0763736 0.0772847 4.54095 0.363187 0.365902 8.87952 0.363553 0.365928 10.9531 
