0 1.52381 1.53821 1.97108 4.87619 4.91985 5.25501 4.41905 4.46004 4.7637 
1 1.18095 1.19217 1.68493 4.17143 4.20985 4.48627 4.78095 4.82443 5.07923 
2 1.37143 1.38458 1.84243 4.20952 4.24774 4.486 4.66667 4.70951 5.0674 
3 1.18095 1.1924 1.68493 3.88571 3.92207 4.31032 3.77143 3.80624 4.22948 
4 1.14286 1.15385 1.69198 3.73333 3.76764 4.21292 3.50476 3.53749 3.92051 
5 0.8 0.807743 1.68493 3.77143 3.80574 4.11459 3.2381 3.26783 3.55926 
6 1.04762 1.05783 1.69013 3.21905 3.24861 3.55806 2.72381 2.74941 3.14446 
7 0.971429 0.980708 1.68494 2.81905 2.84547 3.12701 2.74286 2.76869 3.08983 
8 0.971429 0.980849 1.69013 2.78095 2.80688 3.15089 2.8 2.82617 3.14441 
9 0.647619 0.653932 1.68493 2.28571 2.30691 2.64826 2.55238 2.57633 3.05123 
10 0.87619 0.884651 1.68493 1.98095 1.99961 2.34556 2.28571 2.30684 2.65789 
11 0.666667 0.67318 1.68493 2.07619 2.09579 2.40549 2.30476 2.32657 2.86297 
12 0.685714 0.692384 1.68493 1.77143 1.78836 2.18113 1.9619 1.98016 2.39392 
13 0.609524 0.615523 1.68493 1.6 1.61518 2.02614 2.01905 2.03801 2.45052 
14 0.533333 0.538604 1.68499 1.50476 1.5188 2.0513 1.6381 1.65385 2.13477 
15 0.438095 0.442415 1.68493 1.10476 1.11533 1.84428 1.54286 1.55755 2.08203 
16 0.819048 0.827005 1.68687 1.9619 1.98043 2.35341 2.62857 2.6534 3.01248 
17 0.990476 1.00001 1.68493 2.20952 2.2305 2.58942 3.06667 3.09506 3.5618 
18 1.48571 1.49961 2.1734 3.35238 3.3836 3.7889 3.84762 3.88275 4.23985 
19 1.67619 1.69209 3.6132 3.88571 3.92201 4.39437 4.99048 5.03595 5.26565 
20 2.38095 2.40335 2.71969 4.4381 4.47857 4.79082 5.6381 5.68939 5.96611 
21 2.91429 2.94135 3.21287 5.92381 5.97649 6.2193 6.89524 6.95599 7.23459 
22 3.5619 3.5947 4.02698 6.49524 6.55387 6.7381 8.01905 8.08804 8.48735 
23 3.86667 3.90194 4.27367 6.38095 6.43742 6.70415 8.3619 8.43528 8.79974 
24 4 4.03658 4.39629 7.1619 7.22512 7.5371 8.74286 8.81815 9.12834 
25 4.13333 4.17022 4.55745 7.90476 7.97491 8.23049 9.37143 9.44405 9.71443 
26 4.8381 4.88185 5.17829 8.66667 8.73802 9.1694 8.62857 8.70267 9.08363 
27 4.8381 4.88193 5.17315 8.51429 8.58208 8.76221 10.2095 10.2874 10.5229 
28 4.62857 4.67134 4.85884 7.98095 8.04889 8.28207 9.61905 9.69728 9.88103 
29 4.22857 4.26702 4.63461 7.98095 8.05027 8.40504 9.10476 9.16493 9.65807 
30 3.86667 3.90212 4.23928 8.66667 8.73992 8.9336 9.10476 9.18515 9.38261 
31 3.84762 3.88267 4.14017 7.44762 7.51413 7.79773 9.27619 9.34346 9.54347 
32 3.27619 3.30653 3.60447 7.44762 7.5135 7.72596 8.3619 8.42787 8.7358 
33 3.29524 3.3257 3.63263 8.13333 8.20546 8.43748 8.34286 8.41216 8.74722 
34 3.00952 3.0369 3.45646 6.3619 6.41917 6.73264 7.00952 7.07061 7.40833 
35 3.33333 3.36365 3.76333 5.61905 5.66855 5.94683 7.71429 7.78282 7.98947 
36 3.08571 3.11402 3.48378 6.01905 6.07216 6.28792 6.95238 7.01236 7.18127 
37 2.97143 2.99878 3.3573 5.40952 5.45825 5.72913 6.7619 6.81909 6.98452 
38 3.39048 3.42099 3.77439 5.75238 5.80377 6.02413 6.66667 6.7245 8.12358 
39 2.53333 2.55669 3.0026 5.50476 5.55399 5.78364 7.10476 7.16471 7.39509 
40 2.74286 2.76842 3.13492 6.13333 6.18806 6.34256 5.86667 5.91939 6.14039 
41 3.00952 3.0369 3.37694 5.67619 5.7272 23.4077 6.60952 6.66879 6.81914 
42 2.7619 2.78717 3.26893 4.51429 4.55445 4.88088 6.19048 6.24638 6.50058 
43 2.57143 2.59532 2.90665 4.93333 4.97814 5.34188 6.70476 6.76304 7.07807 
44 2.17143 2.1918 2.55331 4.99048 5.03656 5.34028 5.37143 5.4198 5.63767 
45 2.26667 2.28803 2.67089 5.10476 5.15098 5.43431 5.80952 5.86119 6.04442 
46 2.09524 2.1149 2.43094 3.92381 3.96003 4.23777 5.12381 5.17014 5.49705 
47 2.11429 2.13402 2.46276 3.80952 3.84438 4.14166 5.5619 5.61221 5.84228 
48 1.82857 1.84588 2.23692 4 4.0371 4.29348 4.8381 4.88197 5.1118 
49 1.73333 1.74963 2.12164 4 4.03589 4.27154 5.08571 5.13232 5.42489 
50 1.77143 1.78814 2.24322 3.2381 3.26808 3.50643 4.30476 4.3447 4.59306 
51 1.42857 1.44219 1.8863 3.48571 3.51786 3.79418 4.4 4.43958 4.83416 
52 1.52381 1.53809 1.97108 3.25714 3.28744 3.66647 3.73333 3.76768 4.0862 
53 1.50476 1.51893 1.91727 3.29524 3.326 3.76385 3.80952 3.84442 4.15637 
54 1.61905 1.63444 2.02833 2.87619 2.90288 3.1925 3.48571 3.51832 3.90848 
55 1.40952 1.42283 1.84243 2.62857 2.65306 2.91791 3.73333 3.76761 4.13198 
56 1.44762 1.46109 1.91489 2.89524 2.92155 3.27819 2.97143 2.99877 3.27574 
57 0.990476 1.00008 1.68905 2.26667 2.28787 2.60934 3.33333 3.36362 3.82581 
58 1.12381 1.13477 1.69013 2.3619 2.38372 3.16192 2.38095 2.40325 2.74237 
59 1.08571 1.09609 1.68652 2.20952 2.23028 2.58613 2.34286 2.3643 2.76908 
60 1.29524 1.30747 1.84599 2.4381 2.46086 2.78269 2.81905 2.84489 3.1681 
61 0.895238 0.903873 1.68493 2.24762 2.26859 2.64173 2.85714 2.88358 3.22553 
62 1.06667 1.07673 1.71887 1.75238 1.76866 2.18686 2.89524 2.9212 3.41494 
63 0.761905 0.769031 1.68493 1.6381 1.6536 2.003 2.59048 2.61433 2.92789 
64 1.14286 1.15376 1.71877 2.09524 2.11468 2.51095 2.72381 2.74813 3.15263 
65 1.12381 1.13449 1.71877 2.4381 2.46071 2.79971 3.25714 3.28678 3.56379 
66 1.9619 1.98028 2.31999 3.1619 3.19142 3.48212 3.88571 3.92108 4.27656 
67 1.69524 1.71135 2.09989 3.5619 3.59489 3.8069 4.74286 4.78609 5.06511 
68 2.4381 2.46095 2.96584 4.49524 4.53646 5.02568 5.6 5.65117 6.01444 
69 2.07619 2.09589 2.47185 4.38095 4.42107 4.70118 5.2381 5.28549 5.54005 
70 3.00952 3.03755 3.32656 5.58095 5.63148 5.79614 6.89524 6.95683 7.20883 
71 3.35238 3.38366 3.67425 6.51429 6.57393 6.8482 7.37143 7.43806 7.64668 
72 3.92381 3.96016 4.2697 6.95238 7.01513 7.30677 8.4381 8.51205 8.73925 
73 3.82857 3.86394 4.10317 7.86667 7.93723 8.1466 8.53333 8.60861 8.81752 
74 3.92381 3.96035 4.2623 8.47619 8.55023 8.7194 8.78095 8.84786 9.09598 
75 3.5619 3.59456 3.9863 9.6 9.67852 9.89786 9.2381 9.29628 9.56152 
76 3.67619 3.70992 4.05218 8.32381 8.39835 8.54569 9.50476 9.58193 9.81506 
77 4.60952 4.65132 4.91449 8.13333 8.20626 8.48761 8.55238 8.6276 8.87624 
78 3.48571 3.5179 3.85097 8.0381 8.10842 8.38603 8.66667 8.74307 9.10181 
79 3.50476 3.53682 3.83657 7.73333 7.79971 8.15063 8.64762 8.72065 8.94413 
80 3.31429 3.34469 3.80603 7.52381 7.59079 7.80815 8.7619 8.83036 9.13511 
81 3.84762 3.88304 4.28461 6.78095 6.84192 7.14731 7.5619 7.62731 7.87888 
82 3.2381 3.26827 3.55302 6.74286 6.80207 7.04437 7.04762 7.1103 7.43339 
83 3.29524 3.32579 3.79913 5.88571 5.93836 6.18142 6.17143 6.22626 6.53749 
84 3.2381 3.2681 3.55723 6.51429 6.56951 6.87982 6.7619 6.82208 7.06743 
85 3.04762 3.07589 3.3005 6.19048 6.2466 6.51258 6.87619 6.93699 7.23358 
86 2.68571 2.71083 3.05834 5.94286 5.99689 6.18814 6.97143 7.03334 7.36823 
87 2.62857 2.65303 3.03759 6.49524 6.55378 6.78584 6.72381 6.78389 6.93753 
88 2.15238 2.17247 2.53308 5.77143 5.8219 6.0049 6.4381 6.4955 6.78897 
89 2.87619 2.90262 3.22071 6.4381 6.49679 6.65219 5.86667 5.92014 6.18396 
90 2.19048 2.2111 2.591 5.10476 5.15055 5.50416 6.13333 6.18933 6.3682 
91 2.38095 2.40333 2.82239 5.18095 5.22752 5.49477 6.15238 6.20557 6.48219 
92 2.0381 2.05725 2.43222 4.51429 4.5558 4.6948 7.2381 7.3022 7.5148 
93 1.80952 1.8268 2.23149 4.60952 4.6521 4.87172 6.22857 6.28507 31.29 
94 2.24762 2.26864 2.68936 4.15238 4.19132 4.45491 6.30476 6.36151 6.56892 
95 1.92381 1.94197 2.2864 4.30476 4.34418 4.67575 6.24762 6.30412 6.58194 
96 2.13333 2.15325 2.47167 4.28571 4.32461 4.44946 4.97143 5.01716 5.31866 
97 1.79048 1.80748 2.32769 4 4.03751 4.31423 5.71429 5.76608 6.07749 
98 1.54286 1.55766 1.97108 3.92381 3.96 4.26616 4.89524 4.93981 5.17112 
99 1.79048 1.80751 2.28405 4.11429 4.15179 4.45922 4.87619 4.92128 5.26739 
100 1.40952 1.42293 1.87108 3.54286 3.57588 3.87877 4.26667 4.30581 4.6115 
101 1.6381 1.65364 2.09057 3.86667 3.90258 4.20729 4.60952 4.65154 4.91714 
102 1.46667 1.48069 1.97108 3.69524 3.72945 3.98231 3.88571 3.92166 4.26327 
103 1.69524 1.71128 2.1148 2.8381 2.86417 3.18421 4.32381 4.36325 4.64279 
104 1.18095 1.19234 1.68687 3.33333 3.36412 3.63654 3.65714 3.68983 4.01177 
105 1.52381 1.53838 1.97294 3.31429 3.34456 3.60475 3.2381 3.26782 3.59653 
106 1.37143 1.38445 1.8992 3.25714 3.28744 3.50958 3.40952 3.4406 3.86229 
107 1.12381 1.13445 1.83417 2.7619 2.78656 3.29094 3.61905 3.65198 3.88566 
108 1.35238 1.36539 1.84121 2.11429 2.13374 2.51312 3.12381 3.15277 3.44815 
109 0.952381 0.961376 1.68493 2.32381 2.34573 2.73005 3.06667 3.09495 3.39835 
110 1.00952 1.01915 1.68493 2.0381 2.05727 2.39774 3.06667 3.0944 3.59412 
111 0.761905 0.76935 1.68494 1.44762 1.46116 1.88621 3.2 3.22956 3.63793 
112 1.06667 1.07685 1.68493 1.73333 1.74975 2.14125 3.1619 3.18982 3.66631 
113 1.29524 1.30751 1.68494 2.41905 2.44157 2.72323 3.71429 3.74816 4.08972 
114 1.40952 1.42293 1.89368 2.66667 2.6915 3.0154 4.15238 4.18984 4.53093 
115 1.98095 1.99982 2.35678 3.44762 3.4799 3.78871 4.70476 4.74758 5.00118 
116 1.90476 1.92263 2.3423 4.09524 4.133 4.4505 5.69524 5.74732 6.03565 
117 2.0381 2.05741 2.47323 4.57143 4.61366 4.78582 5.44762 5.49725 5.77245 
118 2.62857 2.65322 2.93637 5.39048 5.43933 5.54049 6.15238 6.20787 6.42458 
119 2.68571 2.71073 3.197 5.44762 5.49701 5.6579 7.12381 7.18819 7.42039 
120 2.99048 3.01829 3.23624 6.05714 6.11279 6.33638 8.01905 8.09138 8.34779 
121 3.84762 3.88279 4.27506 5.67619 5.72814 5.98454 8.62857 8.70463 8.91852 
122 3.58095 3.61386 4.02136 7.10476 7.16957 7.31976 8.28571 8.36025 8.63321 
123 3.79048 3.82544 4.1877 7.29524 7.36099 30.4844 10.0762 10.1623 10.309 
124 3.69524 3.72952 4.03746 6.4381 6.49608 6.67025 8.87619 8.94603 9.25799 
125 3.73333 3.76804 4.01288 6.4381 6.49319 6.72507 9.29524 9.3772 9.67683 
126 3.25714 3.28721 3.69666 6 6.05415 6.26032 8.4 8.47408 8.64086 
127 3.6381 3.67175 4.08022 6.07619 6.13144 6.30366 8.62857 8.70527 8.9423 
128 3.39048 3.42197 3.82731 5.67619 5.7279 5.91193 8.28571 8.35884 8.58327 
129 2.91429 2.94122 3.39511 5.80952 5.86242 6.05025 7.79048 7.85978 8.19244 
130 2.81905 2.84485 3.68904 5.25714 5.30485 5.34941 6.51429 6.57358 6.76089 
131 2.62857 2.65343 3.12175 5.2381 5.28549 5.54845 6.72381 6.78483 7.08082 
132 3.04762 3.07522 3.48383 4.8381 4.88256 5.01307 6.7619 6.82056 6.94543 
133 2.53333 2.55703 3.0588 5.54286 5.59375 5.82932 6.81905 6.88081 7.13938 
134 2.32381 2.34588 2.65885 5.06667 5.11343 5.3939 6.47619 6.53414 6.74452 
135 2.59048 2.61491 2.89715 4.97143 5.0169 5.23668 6.66667 6.72627 7.00838 
136 2.30476 2.32649 2.81176 4.95238 4.99788 5.20177 6.34286 6.40041 6.73074 
137 2.38095 2.40344 2.75372 4.85714 4.90129 5.16314 6.22857 6.28375 6.5023 
138 2 2.01897 2.42092 4.57143 4.61317 4.82811 5.90476 5.95787 6.13883 
139 2.11429 2.13389 2.55123 4.59048 4.63259 4.87194 7.14286 7.20656 7.50686 
140 1.82857 1.84593 2.2978 4.15238 4.19131 4.42972 6.4 6.45847 6.63569 
141 1.65714 1.67301 2.16815 4.59048 4.63238 4.9809 6.53333 6.59228 6.95039 
142 1.46667 1.48063 1.88349 4.55238 4.59432 5.4935 5.6 5.6509 5.98596 
143 1.06667 1.07696 1.68687 4.11429 4.1527 4.44862 5.6381 5.68973 5.93209 
144 1.67619 1.69203 2.17973 4.30476 4.34371 4.57912 5.27619 5.32501 5.58525 
145 1.10476 1.11546 1.69013 3.94286 3.97934 4.24075 4.95238 4.99727 5.31226 
146 1.25714 1.26922 1.84243 4.07619 4.11401 4.34497 5.48571 5.53563 5.74888 
147 1.25714 1.26913 1.69013 3.48571 3.51841 3.79047 5.12381 5.171 5.44387 
148 1.2381 1.24992 1.84243 3.54286 3.57509 3.80094 4.51429 4.5557 4.87864 
149 1.18095 1.19227 1.68905 3.25714 3.2874 3.51815 4.17143 4.20965 4.52278 
150 1.31429 1.32695 1.69018 3.5619 3.59503 3.91826 4.74286 4.78638 5.04803 
151 0.895238 0.903954 1.68494 2.59048 2.61466 2.89786 3.2 3.22994 3.47147 
152 0.933333 0.942383 1.68687 2.49524 2.51861 2.73496 3.50476 3.53767 3.8588 
153 0.990476 1.00001 1.68493 2.51429 2.53757 2.8356 2.87619 2.90328 3.17224 
154 0.780952 0.788584 1.68652 1.79048 1.8073 2.19491 2.62857 2.6531 2.92233 
155 0.780952 0.788466 1.68652 1.65714 1.67285 2.08388 2.59048 2.61473 2.94807 
156 0.87619 0.884653 1.68891 2.22857 2.24936 2.54767 2.70476 2.72996 3.03138 
157 0.590476 0.596274 1.68502 1.75238 1.76902 2.23712 1.98095 1.99909 2.39651 
158 0.761905 0.769339 1.68493 1.82857 1.84593 2.19549 1.82857 1.84593 2.28294 
159 0.628571 0.634661 1.6882 1.77143 1.78819 2.24307 2.30476 2.32634 2.58996 
160 1.00952 1.01916 1.6882 1.82857 1.84579 2.26584 2.81905 2.84499 3.13176 
161 1.10476 1.1153 1.68493 2.32381 2.34574 2.65025 3.33333 3.36403 3.72752 
162 1.6381 1.65367 2.06882 3.71429 3.74874 3.99277 4.28571 4.32452 4.62702 
163 1.86667 1.88437 2.27911 5.1619 5.20857 5.52476 4.89524 4.94008 5.29546 
164 2.74286 2.76879 3.12185 5.31429 5.36196 5.57293 6.74286 6.80202 7.03179 
165 3.2 3.22949 3.56852 6.01905 6.07416 6.26765 7.39048 7.45612 7.69577 
166 3.80952 3.84499 4.25569 7.61905 7.68527 7.88919 7.39048 7.45479 7.71915 
167 4.59048 4.63178 4.97307 8.4381 8.50706 8.85794 9.10476 9.18063 9.52857 
168 4.4381 4.47916 4.75156 8.97143 9.04975 9.49923 9.6381 9.71459 9.99093 
169 4.70476 4.74807 5.00162 8.87619 8.94894 9.41041 10.3619 10.444 10.8625 
170 5.1619 5.20837 5.5091 8.57143 8.64569 8.94345 10.6857 10.7498 11.0157 
171 5.37143 5.42 5.74154 10.6476 10.7224 10.8917 10.2286 10.2992 12.4995 
172 4.91429 4.95865 5.28023 9.37143 9.44593 9.73154 10.5143 10.5829 11.7561 
173 5.02857 5.07403 5.25411 9.69524 9.77694 10.0589 8.49524 8.56739 8.88487 
174 4 4.03709 4.27632 8.3619 8.43312 8.61275 8.95238 9.03025 9.36269 
175 4.17143 4.20964 4.49813 8.05714 8.12573 8.37987 9.08571 9.1581 9.60145 
176 4.07619 4.1139 4.46878 8.07619 8.1431 8.61353 8.99048 9.06165 9.65198 
177 4.3619 4.40006 4.56151 8.51429 8.58575 8.78584 8.20952 8.27435 8.50196 
178 4.05714 4.09436 4.35118 6.81905 6.88012 7.15779 8.70476 8.77752 8.97754 
179 3.67619 3.70962 3.98469 6.38095 6.43687 6.65285 8.09524 8.16379 8.3774 
180 3.71429 3.74815 4.10696 6.41905 6.47604 6.65553 7.9619 8.02706 8.28976 
181 3.12381 3.1527 3.54463 6.85714 6.91837 7.0963 6.7619 6.82093 7.02949 
182 2.93333 2.96024 3.26729 7.2 7.24751 7.51336 6.7619 6.81925 7.06851 
183 3.39048 3.42234 3.63328 6.4 6.45256 6.65006 6.41905 6.47666 6.78139 
184 3.08571 3.11448 3.41638 6.38095 6.43674 6.66207 6.30476 6.36155 6.74019 
185 3.21905 3.24855 3.5597 6.60952 6.66737 6.9122 6.3619 6.41905 6.64357 
186 2.87619 2.9031 3.21569 5.86667 5.91927 6.24642 5.98095 6.0339 6.28091 
187 3.00952 3.03736 3.40838 6.15238 6.20729 6.45747 6.30476 6.36108 6.65196 
188 2.22857 2.24902 2.74879 5.21905 5.26677 5.51292 6.8 6.862 7.12785 
189 1.84762 1.86511 2.29758 4.8381 4.88251 5.14822 6.53333 6.59239 6.87828 
190 2.26667 2.28804 2.53206 4.85714 4.90178 5.09164 5.10476 5.1513 5.41849 
191 1.88571 1.90358 2.27711 4.07619 4.11332 4.40549 5.5619 5.61151 5.89575 
192 2.17308 2.17271 2.50524 4.84615 4.84297 5.18979 5.01923 5.01695 5.39121 
193 1.90385 1.90342 2.34129 4.21154 4.20989 4.53194 5.25 5.24785 5.56597 
194 1.69231 1.69207 2.15085 4.19231 4.19048 4.55757 4.26923 4.26733 4.65601 
195 1.25 1.24998 1.69013 3.92308 3.92166 4.24834 4.32692 4.32367 4.66921 
196 1.42308 1.423 1.98397 3.40385 3.40257 3.64367 3.38462 3.38399 3.74286 
197 1.11538 1.11546 1.68905 3.30769 3.30654 3.69355 3.71154 3.70988 4.14384 
198 0.903846 0.903974 1.68494 2.44231 2.44164 2.69122 2.84615 2.84544 3.15623 
199 1.01923 1.01913 1.68905 2.73077 2.72975 2.95929 2.61538 2.6147 2.96268 
200 1.09615 1.09612 1.6882 1.98077 1.98052 2.36915 2.36538 2.36506 2.71701 
201 0.730769 0.730902 1.68493 2.11538 2.11486 2.40684 2.17308 2.17256 2.62852 
202 0.653846 0.654058 1.68494 1.48077 1.48063 1.88195 2.09615 2.09595 2.43918 
203 0.634615 0.634741 1.68687 1.69231 1.69213 2.18113 2.03846 2.03798 2.46591 
204 0.826923 0.827018 1.68502 1.53846 1.53828 1.97294 2.01923 2.01872 2.41653 
205 0.826923 0.826988 1.68495 1.48077 1.48071 1.99473 1.61538 1.61526 2.14977 
206 0.692308 0.692477 1.68494 1.38462 1.38454 1.84243 2.09615 2.09578 2.58708 
207 0.653846 0.653944 1.68493 1.13462 1.13462 1.69013 1.69231 1.69207 2.18108 
208 0.826923 0.826866 1.69013 1.80769 1.80737 2.2759 2.28846 2.28809 2.71003 
209 1.21154 1.2116 1.68493 2.07692 2.07661 2.50537 2.92308 2.92186 3.33891 
210 1.55769 1.55765 2.00385 3.17308 3.17242 3.48922 3.69231 3.69117 3.9977 
211 1.82692 1.82671 2.29102 4.13462 4.13287 4.54926 5.26923 5.26626 5.56632 
212 2.40385 2.40338 2.75645 4.59615 4.59357 4.89722 6.30769 6.30178 6.54802 
213 3.07692 3.07642 3.32565 5.34615 5.34343 5.62787 6.73077 6.72659 7.00536 
214 3.05769 3.05696 3.49369 6.32692 6.32276 6.62495 7.34615 7.34021 7.62451 
215 3.55769 3.5564 3.90742 7.26923 7.26262 7.49749 10.1731 10.1556 10.5045 
216 4.53846 4.53623 4.86208 7.80769 7.79894 8.09734 9.65385 9.64015 10.1084 
217 4.71154 4.70894 4.91269 8.5 8.48932 8.84741 10.6538 10.6307 11.1775 
218 4.38462 4.38258 4.74835 8.34615 8.33813 8.54932 11.4038 11.3757 12.4496 
219 4.76923 4.76598 5.13709 8.73077 8.72444 9.05861 11.4808 11.4551 14.5861 
220 4.59615 4.59287 4.9268 8.40385 8.39602 8.84511 10.6346 10.6088 10.8764 
221 3.92308 3.9216 4.3416 8.36538 8.35616 8.60426 10.8269 10.781 11.0841 
222 3.57692 3.57537 3.9527 7.78846 7.77911 8.26223 9.92308 9.90427 10.3753 
223 3.78846 3.78701 4.15668 7.5 7.49127 7.77207 10.1346 10.1173 10.5506 
224 3.55769 3.55565 3.89383 7.42308 7.4173 7.66578 8.82692 8.8167 9.10699 
225 3.73077 3.72892 4.20557 7.5 7.49153 7.81682 9.01923 9.00746 9.46419 
226 2.76923 2.76806 3.14182 6.57692 6.57063 6.94491 7.92308 7.91725 8.28534 
227 3.51923 3.51787 3.92881 6.5 6.49545 6.81619 7.88462 7.87374 8.3724 
228 3.09615 3.09508 3.48319 6.01923 6.0159 6.28454 7.05769 7.05154 7.36514 
229 3.07692 3.07531 3.44987 5.07692 5.07432 5.34826 7.75 7.73279 8.53045 
230 2.92308 2.92215 3.2443 5.86538 5.86128 6.12191 7.82692 7.80568 8.16723 
231 3.21154 3.20997 3.60249 6.11538 6.11041 6.73078 7.28846 7.28241 7.52764 
232 2.38462 2.3836 2.63937 5.90385 5.89936 6.33842 7.28846 7.28153 7.55111 
233 2.84615 2.84547 3.13742 5.17308 5.17073 5.53909 7.42308 7.41733 7.93487 
234 2.28846 2.28788 2.68631 5.59615 5.59206 5.86687 7.09615 7.08859 7.39744 
235 2.36538 2.36472 2.75902 5.57692 5.57327 5.8366 7 6.99395 7.19601 
236 2.11538 2.11496 2.57299 6.11538 6.11156 6.3995 6.07692 6.07216 6.40696 
237 2.03846 2.03806 2.49102 6.17308 6.16975 6.44275 5.73077 5.72805 5.97353 
238 2.15385 2.15348 2.67232 5.19231 5.18951 5.4847 5.28846 5.28552 5.62504 
239 1.65385 1.65342 2.07881 5.34615 5.34371 5.71556 5.05769 5.05488 5.41522 
240 1.75 1.7497 2.14571 5.46154 5.45847 5.70984 4.32692 4.32558 4.73581 
241 1.76923 1.76873 2.13792 5.09615 5.09331 5.38757 4.46154 4.4594 4.779 
242 1.61538 1.61517 2.11711 4.51923 4.5167 4.82221 3.57692 3.57571 4.01515 
243 1.25 1.24993 1.68905 3.96154 3.95879 4.23924 3.82692 3.82591 4.26965 
244 1.40385 1.40355 1.84764 4.26923 4.26719 4.54577 3.40385 3.40258 3.73009 
245 1.21154 1.21147 1.84428 3.61538 3.61401 3.9835 2.71154 2.71093 3.05543 
246 1.09615 1.09623 1.69013 3.61538 3.61409 3.99114 2.53846 2.53802 2.90046 
247 1.11538 1.11545 1.69013 3.01923 3.01861 3.33782 1.96154 1.9614 2.34229 
248 1.01923 1.01929 1.69013 2.82692 2.82639 3.12907 2.11538 2.115 2.59102 
249 0.826923 0.827068 1.68905 2.25 2.24961 2.60371 2.01923 2.01894 2.36592 
250 0.711538 0.711615 1.68687 1.73077 1.7305 2.06962 1.57692 1.5769 2.10796 
251 0.673077 0.673176 1.68493 1.76923 1.76921 2.18832 1.75 1.74978 2.17985 
252 0.576923 0.577048 1.68493 1.57692 1.57682 2.08203 1.76923 1.76884 2.23935 
253 0.365385 0.365557 1.68493 1.57692 1.57681 2.08203 1.59615 1.59595 2.13241 
254 0.615385 0.615568 1.68493 1.80769 1.80756 2.26181 1.46154 1.46149 1.87435 
255 0.653846 0.653987 1.68493 1.51923 1.51904 1.97113 1.63462 1.63436 2.17663 
256 0.653846 0.653905 1.68493 1.94231 1.94189 2.3753 2.15385 2.15318 2.59217 
257 0.75 0.750176 1.68493 2.44231 2.44142 2.7248 2.69231 2.69166 3.11561 
258 1.07692 1.07701 1.68687 3.26923 3.26859 3.69201 3.71154 3.7102 4.10102 
259 1.46154 1.46133 1.96082 4.34615 4.34445 4.64098 4.69231 4.68988 4.96553 
260 2.01923 2.01885 2.41458 4.61538 4.61303 4.86216 5.55769 5.55404 5.94999 
261 3.11538 3.11432 3.41722 4.88462 4.88224 5.18543 6.48077 6.47591 6.88186 
262 3.17308 3.17213 3.57827 6.65385 6.64738 6.89926 7.19231 7.18715 7.46912 
263 3.69231 3.69116 3.98745 7.71154 7.70323 7.99026 8.76923 8.75689 9.00786 
264 4.13462 4.13304 4.44335 8.75 8.7363 9.02238 8.67308 8.66621 9.00759 
265 4.07692 4.07523 4.44284 8.23077 8.22587 8.54224 10.4423 10.4124 13.1813 
266 4.42308 4.42132 4.76045 9.23077 9.22139 9.55189 9.65385 9.64138 10.0286 
267 4.01923 4.01691 4.41677 10.0192 10.0098 12.1152 10.2115 10.1961 10.5162 
268 4.09615 4.09334 4.5982 8.36538 8.35304 8.75783 9.90385 9.89216 10.2024 
269 4.42308 4.42072 4.7891 8.03846 8.03022 8.43003 10.3269 10.3046 11.4454 
270 3.51923 3.51765 3.84492 7.90385 7.89045 8.25317 10.1538 10.1387 11.1304 
271 3.69231 3.69089 3.99059 7.67308 7.66595 8.0069 8.5 8.49016 8.77861 
272 3.17308 3.17184 3.54314 6.86538 6.85317 7.27207 9.67308 9.65626 10.0739 
273 3.55769 3.55566 4.08082 6.96154 6.95328 7.1644 8.63462 8.62325 8.98372 
274 3.44231 3.44012 3.92042 6.19231 6.18335 6.48321 8.07692 8.06713 8.3553 
275 2.61538 2.61417 3.01122 6.11538 6.11022 6.42979 7.36538 7.35623 7.65289 
276 2.76923 2.76817 3.06998 6.01923 6.01508 6.29614 7.01923 7.01393 7.32386 
277 3 2.99896 3.41409 6.17308 6.16783 6.52172 6.53846 6.53147 6.94191 
278 3.09615 3.09463 3.44761 6.44231 6.43538 6.8891 6.5 6.49681 16.707 
279 2.69231 2.69185 3.12124 6.48077 6.47364 6.80871 6.98077 6.97501 7.34001 
280 2.75 2.74947 3.06222 6.21154 6.20604 6.52973 5.96154 5.95698 6.32638 
281 2.21154 2.21099 2.66098 6.01923 6.01476 6.36568 6.75 6.74482 7.02761 
282 2.84615 2.84487 3.26256 5.40385 5.40109 5.72159 6.53846 6.53376 6.8519 
283 2.19231 2.19153 2.6046 5.28846 5.28536 5.58505 5.88462 5.88042 6.15122 
284 2.48077 2.48008 2.91133 5.36538 5.36276 5.67048 6 5.99399 6.31194 
285 2.15385 2.15323 2.49192 4.53846 4.53595 4.83233 5.5 5.49638 5.92258 
286 2.15385 2.15337 2.57733 4.65385 4.65205 5.01055 5.38462 5.38228 5.71849 
287 2.40385 2.40342 2.86769 4.42308 4.42195 4.83638 4.69231 4.69007 5.05113 
288 2.19231 2.19173 2.57247 4.26923 4.26703 4.5928 4.65385 4.65172 4.92186 
289 2.13462 2.13413 2.50433 4.73077 4.72898 4.99157 4.28846 4.2863 4.66092 
290 1.71154 1.71132 2.23384 3.61538 3.6143 3.92676 3.94231 3.94111 4.40887 
291 1.76923 1.76894 2.18411 3.53846 3.53736 3.77638 4 3.99844 4.35169 
292 1.21154 1.21143 1.69013 3.61538 3.61436 3.99848 2.88462 2.88391 3.22222 
293 1.36538 1.36529 1.87435 3.67308 3.67176 4.0014 2.84615 2.84565 3.19722 
294 1.48077 1.4808 1.94016 2.51923 2.51883 2.8826 2.75 2.74911 3.14071 
295 0.942308 0.942388 1.68687 3.07692 3.07596 3.30853 2.32692 2.32596 2.68251 
296 1.21154 1.21158 1.69203 2.19231 2.19194 2.55155 2.51923 2.51876 2.88051 
297 0.942308 0.942267 1.69013 2.48077 2.48017 2.84276 1.92308 1.92284 2.24545 
298 1.11538 1.1153 1.68905 2.03846 2.03812 2.40363 2.07692 2.07657 2.52486 
299 0.807692 0.807812 1.68798 1.61538 1.61493 2.00518 1.76923 1.76895 2.1792 
300 0.615385 0.615514 1.68494 1.92308 1.92295 2.30913 1.78846 1.78805 2.25393 
301 0.653846 0.653957 1.68494 1.48077 1.48075 1.97294 1.76923 1.76909 2.24545 
302 0.673077 0.673098 1.68877 1.30769 1.30774 1.84428 1.80769 1.80753 2.63039 
303 0.596154 0.596244 1.68493 1.51923 1.51908 1.97108 1.86538 1.86484 2.2445 
304 0.884615 0.884604 1.68493 1.61538 1.61528 2.11374 2.36538 2.36456 2.86199 
305 1.23077 1.2307 1.68652 1.82692 1.82669 2.2472 2.65385 2.65296 3.11789 
306 1.30769 1.30731 1.99485 2.73077 2.72976 3.12421 3.90385 3.90271 4.29325 
307 1.86538 1.86531 2.30114 3.57692 3.57513 3.78563 5.07692 5.07503 5.41089 
308 2.42308 2.4226 2.764 4.94231 4.94023 5.14638 6.05769 6.05442 6.42052 
309 2.82692 2.82615 3.20092 4.76923 4.76714 5.04753 7.48077 7.47098 7.83952 
310 3 2.99913 3.40463 6.57692 6.56749 6.84096 8.48077 8.47364 8.86703 
311 3.46154 3.45989 3.91141 5.53846 5.53443 5.71185 8.63462 8.6235 8.89885 
312 4.19231 4.18985 4.64756 7.73077 7.72345 8.1155 9.86538 9.84771 10.3039 
313 4.42308 4.42127 4.88728 7.23077 7.22662 7.52931 10.8654 10.8443 11.5629 
314 3.92308 3.92185 4.26924 8.19231 8.18557 8.58151 11.5385 11.4973 12.6403 
315 4.42308 4.4195 4.89682 8.57692 8.56952 8.96009 10.5385 10.5254 10.9889 
316 4.13462 4.13256 4.95408 7.17308 7.16794 7.47758 11 10.9806 11.8381 
317 4.46154 4.45969 4.82921 7.80769 7.80059 8.07935 11.1538 11.1409 11.8648 
318 3.34615 3.34512 3.87169 6.80769 6.80197 7.06249 10.2692 10.2419 12.5869 
319 3.48077 3.479 3.96814 6.86538 6.85823 7.07329 10.3269 10.2987 10.595 
320 3.48077 3.47961 3.78101 6.51923 6.51508 6.91152 9.51923 9.51002 9.81027 
321 2.94231 2.94135 3.20694 7.01923 7.01417 7.39415 9.21154 9.18949 9.66424 
322 2.92308 2.92193 3.24849 5.88462 5.87993 6.23471 7.69231 7.68283 8.06861 
323 2.73077 2.72997 3.09781 5.98077 5.9766 6.36818 7.34615 7.33457 8.08545 
324 2.55769 2.55675 2.94184 6.51923 6.51403 6.86009 8.59615 8.56877 8.97665 
325 2.57692 2.57601 3.01716 5.26923 5.26637 5.52463 7.90385 7.89486 8.37245 
326 1.80769 1.80741 2.26897 5.88462 5.87917 6.20449 7.78846 7.7816 8.15408 
327 2.42308 2.42261 2.9265 4.98077 4.97797 5.22601 7.28846 7.27616 7.56427 
328 2.82692 2.82615 3.19531 5.55769 5.55458 5.90668 6.90385 6.89934 7.20763 
329 2.55769 2.55676 3.00083 4.65385 4.65102 4.86619 7.07692 7.06995 7.38184 
330 2.53846 2.53766 3.04317 4.90385 4.90066 5.21852 6.98077 6.97527 7.39539 
331 2.11538 2.11498 2.50369 5.30769 5.30589 5.60458 6.25 6.2447 6.51838 
332 2.01923 2.01894 2.44235 4.63462 4.63277 4.85148 6.40385 6.4008 6.72048 
333 1.94231 1.94212 2.43482 5.13462 5.13214 6.70106 6.40385 6.39771 6.70849 
334 1.63462 1.63444 2.11961 4.94231 4.94027 5.26491 5.46154 5.45844 5.82767 
335 1.57692 1.57692 1.97298 4.78846 4.7863 5.06109 5.51923 5.5157 5.82955 
