0 0.764469 0.769406 3.7938 1.77894 1.78845 5.86589 1.56813 1.57699 6.60427 
1 5.9304 5.96183 13.0113 11.2427 11.3103 25.6468 12.9668 13.043 30.8366 
2 5.0304 5.05676 9.60459 9.8348 9.88196 19.8605 11.3381 11.4007 23.7254 
3 0.057326 0.0580147 3.72458 0.114652 0.115694 4.96606 0.0576923 0.0580129 5.48262 
4 0.133883 0.134926 4.27672 0.171795 0.173411 5.85405 0.171612 0.173398 6.55237 
5 3.59542 3.61486 9.28972 6.48352 6.5182 18.6422 8.01154 8.05619 22.2563 
6 13.5789 13.6522 11.1654 27.5949 27.7463 21.4505 32.4581 32.6302 26.0324 
7 0 0.000336 3.43593 0 0.000336 3.78978 0 0.000336 3.96869 
8 6.29322 6.32693 15.5452 12.2456 12.3091 31.7359 16.9269 17.0217 38.4772 
9 0 0.000336 2.51962 0 0.000336 3.04572 0 0.000336 3.32047 
10 0 0.000336 5.11786 0.0190476 0.0195671 6.99723 0.0763736 0.0772641 7.92591 
11 0.114469 0.115692 3.52141 0.286447 0.288726 4.04737 0.325458 0.327186 4.28384 
12 0 0.000336 2.19165 0 0.000336 2.62616 0 0.000336 2.84949 
13 2.62271 2.63432 6.80152 5.41392 5.44147 12.9102 7.61355 7.65191 15.2815 
14 0 0.000336 4.16341 0 0.000336 5.22748 0 0.000336 5.74063 
15 0.153297 0.154159 6.47864 0.153114 0.154172 9.53824 0.15293 0.154172 11.06 
16 9.31447 9.36199 11.0643 17.1379 17.2234 23.964 22.3641 22.4676 28.805 
17 0.497253 0.500206 3.66523 1.35788 1.36537 4.71396 1.68242 1.69219 5.1169 
18 13.8262 13.8967 15.6528 26.5899 26.7107 32.3844 33.9821 34.1399 39.2511 
19 16.7394 16.8256 5.83128 30.5606 30.7073 10.6144 41.8004 41.9812 13.1736 
20 0.114286 0.115688 3.34519 0.210806 0.211823 3.79069 0.306044 0.307966 3.96576 
21 12.2811 12.3425 14.7916 24.0282 24.143 31.3243 31.4141 31.5596 37.7948 
22 5.31447 5.34483 7.77335 13.3495 13.4171 16.0113 14.1295 14.2052 19.1845 
23 0.0190476 0.0195622 4.19086 0.0380952 0.0387897 5.5427 0.0956044 0.0964757 6.12022 
24 0 0.000336 3.51316 0 0.000336 3.95536 0 0.000336 4.17219 
25 1.89322 1.90376 5.61275 5.44835 5.47974 10.644 5.65989 5.69144 12.388 
26 6.04432 6.07578 9.53328 13.1194 13.1894 18.4806 15.569 15.6501 22.0524 
27 0 0.000336 3.75807 0 0.000336 4.59854 0 0.000336 5.04029 
28 7.19176 7.23034 11.5364 15.569 15.6529 23.7775 17.9762 18.0764 28.7337 
29 1.5685 1.57701 6.26619 2.96337 2.98084 10.374 3.00275 3.01927 12.1055 
30 7.8207 7.86381 11.914 15.2064 15.2848 25.3575 19.2828 19.379 30.5262 
31 0.592857 0.596295 4.5817 1.7978 1.80753 7.769 1.49139 1.49997 8.871 
32 1.29927 1.30783 6.24888 2.38901 2.40412 10.6412 3.01923 3.03887 12.4198 
33 0.115018 0.115692 4.06758 0.477656 0.480975 5.95322 0.553663 0.557899 6.68853 
34 4.83736 4.86441 6.80465 11.2839 11.3426 14.4452 12.3377 12.3996 17.1802 
35 2.33205 2.34588 6.5488 4.15055 4.17229 13.069 5.03205 5.05664 15.619 
36 7.43773 7.47932 13.4645 17.7275 17.8234 26.2838 20.3286 20.4378 31.6618 
37 3.97674 3.99913 8.16867 9.62509 9.66985 18.1884 10.746 10.8039 21.6482 
38 0.0192308 0.0195639 2.58216 0.0192308 0.019564 3.20202 0.0190476 0.019564 3.49423 
39 0.22967 0.231048 4.24048 0.28663 0.288733 5.749 0.439377 0.442535 6.39466 
40 6.69341 6.72909 7.63287 14.7641 14.8415 15.3721 18.1487 18.2433 18.3448 
41 7.43993 7.48029 12.7637 12.6212 12.6935 25.8745 17.6174 17.7133 31.0929 
42 9.21667 9.26667 13.7276 18.9681 19.0692 27.9344 24.3033 24.4301 33.6738 
43 0.0956044 0.0964783 3.75543 0.114652 0.115713 4.47784 0.0952381 0.0964821 4.81923 
44 5.37527 5.40249 10.1059 11.8196 11.8808 21.6382 13.7297 13.8029 25.9077 
45 2.90641 2.92258 7.17004 7.53297 7.57425 15.6759 7.64963 7.68987 18.5396 
46 1.62491 1.63465 7.11051 4.03333 4.05741 12.209 4.53242 4.5576 14.3312 
47 0 0.000336 2.29701 0 0.000336 2.524 0 0.000336 2.63878 
48 0.401832 0.404093 4.64072 1.10971 1.11552 6.56901 1.07143 1.07707 7.41458 
49 0.420696 0.42338 5.12208 0.708059 0.712031 7.21116 0.554396 0.558153 8.18587 
50 0.286447 0.288731 4.89864 0.421612 0.423332 7.32735 0.363187 0.365655 8.37926 
51 6.31099 6.34562 12.9807 12.2608 12.326 25.9594 14.6158 14.6916 31.6434 
52 13.8273 13.9008 13.794 33.8454 34.0242 26.6814 37.937 38.1368 32.2164 
53 0.114652 0.115692 3.65442 0.802015 0.807812 4.5617 0.343773 0.3464 4.91752 
54 10.6907 10.7462 14.1605 20.9269 21.0301 28.8902 23.5872 23.7005 35.1151 
55 1.14652 1.1539 4.45913 2.71593 2.7304 7.17625 3.65293 3.67241 8.18227 
56 0 0.000336 3.92627 0 0.000336 4.70423 0 0.000336 5.09703 
57 0 0.000336 3.44694 0 0.000336 3.83001 0 0.000336 4.0292 
58 1.22491 1.23084 4.97658 3.32656 3.34573 8.77067 3.15495 3.17268 10.0895 
59 1.01429 1.01943 6.60073 2.77381 2.78844 12.2341 3.42344 3.44224 14.7308 
60 3.5381 3.55711 7.58024 7.59542 7.63274 16.285 8.39579 8.44035 19.3348 
61 0.535714 0.538686 4.20806 1.33846 1.34621 6.3202 1.33828 1.34622 7.09298 
62 1.33773 1.34615 5.4761 3.44249 3.46095 9.94751 3.48205 3.49941 11.6002 
63 5.06905 5.09566 12.6477 11.5509 11.6136 26.2264 11.5696 11.6333 31.5454 
64 2.64121 2.65357 6.6226 5.94725 5.97953 12.528 6.9989 7.03688 14.7889 
65 1.47198 1.48068 6.49876 3.00183 3.01888 12.54 3.19359 3.21119 14.7409 
66 2.60092 2.61494 7.08855 5.31923 5.3452 13.8852 6.06172 6.095 16.4414 
67 0.0575092 0.0580164 3.51133 0.171612 0.173382 4.53675 0.28663 0.288743 5.01566 
68 0.0769231 0.0772389 4.30341 0.0380952 0.0387938 5.57935 0.0571429 0.0580197 6.24257 
69 9.23626 9.28681 15.1002 17.787 17.8804 31.882 22.2046 22.3218 38.5285 
70 1.76007 1.76921 4.66329 3.54029 3.5574 8.19751 3.69066 3.71128 9.53761 
71 0.324725 0.327184 4.85758 0.611905 0.615635 7.47264 0.593223 0.596393 8.77626 
72 3.42198 3.44194 7.95347 7.51758 7.55664 15.3108 8.16484 8.21028 18.2216 
73 0.248718 0.250325 5.7821 0.610806 0.615792 8.59705 0.689011 0.69279 9.89904 
74 10.8081 10.8616 13.4946 21.4027 21.5095 27.8727 24.7502 24.8723 33.7923 
75 0.248352 0.250302 2.98283 0.555311 0.55796 4.90471 0.343956 0.346446 5.71345 
76 0.0957875 0.0964654 4.2232 0.229304 0.231048 5.47088 0.191209 0.192595 6.04323 
77 0.0952381 0.0964775 3.03699 0.1337 0.134933 5.02659 0.267399 0.269545 6.23153 
78 0 0.000336 3.62112 0 0.000336 4.13747 0 0.000336 4.39741 
79 0.87967 0.884833 3.32912 1.75861 1.76941 6.20069 2.29432 2.3078 7.22166 
80 0.477656 0.480998 4.92837 0.916667 0.923217 8.45637 0.995238 1.00016 9.78905 
81 0.688828 0.692508 4.9769 1.39652 1.40401 7.84555 1.62509 1.63482 8.98551 
82 13.7064 13.7876 11.7632 29.3522 29.5154 23.3195 36.4441 36.6508 28.349 
83 7.03773 7.07502 9.27144 13.5062 13.5723 20.3109 15.3463 15.4172 24.2677 
84 1.18407 1.19244 6.83616 2.75128 2.7695 11.8966 2.98608 3.00034 13.9478 
85 0.460073 0.4618 4.62233 0.99359 1.00022 7.57935 1.01337 1.01948 8.7208 
86 0.0192308 0.0195616 4.77437 0.134066 0.134922 6.68258 0.0380952 0.0387879 7.52733 
87 0.363004 0.365626 4.41277 0.974725 0.980866 7.10421 0.995055 1.00014 8.10194 
88 5.71813 5.74986 12.8791 10.0965 10.1552 25.5506 14.5388 14.6176 30.736 
89 0.727473 0.73098 5.81404 1.62637 1.63489 10.0499 1.83718 1.84665 11.6637 
90 3.09597 3.11516 6.73328 6.57619 6.61446 13.6411 6.86374 6.90282 16.1973 
91 10.9179 10.9769 15.1456 22.1462 22.2574 30.6343 25.748 25.8712 37.0171 
92 0.172711 0.173389 4.87728 0.706777 0.711832 7.56015 0.573077 0.577242 8.87338 
93 0.0190476 0.0195629 5.12863 0.210623 0.211843 8.02521 0.172344 0.17342 9.21421 
94 5.65916 5.6911 10.4301 11.0333 11.093 22.1574 15.1273 15.2069 26.5245 
95 1.33718 1.34622 5.60893 2.73388 2.74983 11.1168 2.65641 2.67295 13.0219 
96 10.3478 10.4018 16.734 21.1599 21.2633 34.548 27.219 27.3576 41.9158 
97 0.821795 0.827054 6.39046 2.67766 2.69206 11.625 2.58187 2.59602 13.699 
98 7.20916 7.24821 9.88425 15.0101 15.0911 21.4486 17.3835 17.475 25.7639 
99 1.72051 1.73067 7.42635 2.84725 2.86504 12.6422 4.13022 4.15298 14.9098 
100 0.153114 0.154141 3.78181 0.649451 0.654007 4.95674 0.28663 0.288721 5.42932 
101 0.114835 0.115697 3.35409 1.31868 1.32696 3.85324 0.439377 0.442572 4.04579 
102 0 0.000336 3.47031 0 0.000336 3.85344 0 0.000336 4.04711 
103 0.22967 0.231057 4.59702 0.689194 0.692503 7.1142 0.325092 0.327201 8.32797 
104 3.71172 3.73058 8.67991 8.54689 8.59547 17.7971 8.66337 8.71124 21.4068 
105 0.0380952 0.0387884 5.07659 0.114286 0.115693 8.18314 0.210989 0.211808 10.12 
106 2.14212 2.15407 10.0679 5.9293 5.962 19.6798 5.75788 5.78921 24.0073 
107 5.35476 5.38395 10.7046 11.6885 11.7487 22.488 14.6269 14.7104 26.9144 
108 4.47527 4.49959 9.13485 9.37125 9.42264 17.781 9.91117 9.96163 21.7198 
109 0.057326 0.0580143 4.08585 0.191026 0.192608 5.2177 0.305861 0.307972 5.84605 
110 10.1372 10.1897 17.3017 22.0945 22.204 34.5723 25.9022 26.0306 42.0019 
111 4.16905 4.19136 6.58354 9.80678 9.86173 13.8582 10.6896 10.7457 16.3062 
112 2.42875 2.44193 4.97231 5.5304 5.55598 8.38045 6.02564 6.05555 9.6713 
113 3.74744 3.76853 8.86205 8.16575 8.20897 18.1986 9.69652 9.74717 21.6727 
114 8.45256 8.49849 15.6541 16.2385 16.3243 31.9519 20.0996 20.2084 38.8236 
115 8.037 8.0743 8.77341 16.8174 16.8968 19.2213 22.1209 22.217 22.9562 
116 0.382601 0.384911 5.93363 1.07106 1.07726 9.09427 1.58626 1.59659 10.4971 
117 3.61575 3.63428 9.16097 7.80128 7.84569 18.1211 9.41081 9.46125 21.5873 
118 4.24359 4.26875 9.8509 11.1134 11.1704 21.7617 12.2987 12.3623 26.0272 
119 0.0190476 0.0195627 2.09521 0.190842 0.192605 2.20498 0.0190476 0.0195634 2.24169 
120 9.15916 9.20846 11.3651 20.565 20.662 24.3606 21.8372 21.9507 29.3699 
121 0.171978 0.173367 4.78383 0.401832 0.404076 7.45297 0.668498 0.673247 8.56416 
122 1.68205 1.69217 8.20237 3.7707 3.7877 14.5227 4.437 4.46064 17.1924 
123 0.363187 0.365659 5.4786 1.31868 1.32713 8.59547 0.841941 0.846509 9.89143 
124 8.31447 8.3646 15.5279 18.1725 18.2677 32.4055 21.0956 21.2113 39.1618 
125 2.27601 2.28823 6.4969 4.91685 4.9412 12.747 6.42711 6.45969 15.1455 
126 1.91337 1.9229 5.59192 4.20714 4.22988 10.4423 4.55256 4.57588 12.3518 
127 0.401099 0.404102 6.82177 0.897985 0.904038 10.9184 1.1859 1.19246 12.7803 
128 2.23864 2.24982 6.53845 5.33626 5.3642 13.3112 5.20092 5.22988 15.7205 
129 1.85568 1.86543 6.02842 3.88388 3.90378 12.0906 4.44066 4.46135 14.4662 
130 1.58828 1.59622 6.03606 3.71282 3.73055 12.7164 4.23205 4.2497 15.2103 
131 0.306044 0.307962 4.16533 0.630952 0.634831 6.61563 0.879853 0.884803 7.87598 
132 2.27546 2.28831 7.12468 4.24579 4.26885 13.6341 6.13718 6.17235 16.0438 
133 0.21044 0.21182 4.21024 0.709158 0.711743 5.72803 0.420147 0.42335 6.42122 
134 0.306227 0.307981 4.67854 0.784249 0.788698 7.71901 0.745604 0.750286 8.93263 
135 0.400916 0.404108 3.43914 0.95696 0.961703 5.47502 0.726923 0.731006 6.26031 
136 12.8881 12.9575 15.8677 24.0229 24.1422 33.4943 29.0013 29.1387 40.4748 
137 2.37161 2.38453 7.43853 5.85201 5.88422 15.0433 6.50092 6.538 17.8376 
138 0.764652 0.769408 4.40943 1.43535 1.4424 7.0717 1.54945 1.5578 8.04163 
139 0.497253 0.500223 4.15196 0.995604 1.0001 6.894 1.07106 1.07706 7.89408 
140 1.75934 1.7692 6.17071 3.8826 3.90335 12.0057 4.59505 4.6146 14.2118 
141 0 0.000336 2.33078 0 0.000336 2.56375 0 0.000336 2.68155 
142 3.27015 3.28851 13.8924 7.76758 7.80796 28.9557 8.0337 8.07739 35.0276 
143 24.4231 24.5438 12.3505 49.7288 49.939 25.3056 61.8505 62.0983 30.6932 
144 8.15073 8.19169 9.93146 14.6725 14.7512 19.8416 21.7421 21.8657 24.1977 
145 0 0.000336 4.81655 0 0.000336 7.39387 0 0.000336 9.01044 
146 0.305678 0.308005 4.64354 0.382784 0.384976 7.48824 0.573993 0.577357 9.1441 
147 3.02271 3.03852 5.15596 6.25293 6.28854 9.7968 7.66832 7.71219 12.0515 
148 12.0897 12.1497 13.7254 22.3207 22.4319 29.0296 30.0744 30.2125 34.999 
149 0 0.000336 4.78624 0 0.000336 6.4082 0 0.000336 7.19664 
150 17.2465 17.3362 14.9007 36.2614 36.422 31.1345 45.5031 45.6974 37.6785 
151 2.65806 2.67268 6.41402 4.83864 4.8645 13.1627 5.67912 5.7105 15.5397 
152 3.46007 3.48093 9.31199 6.75421 6.78873 18.7265 9.27564 9.32743 22.6437 
153 7.9381 7.97966 13.6957 16.4088 16.4977 28.0391 20.4297 20.5338 33.9979 
154 1.79725 1.80755 5.86406 4.34267 4.36454 10.267 4.49524 4.51851 12.03 
155 11.2251 11.2856 14.6425 23.3755 23.4918 29.7261 29.1681 29.3157 35.9024 
156 3.78608 3.80761 14.3544 7.70842 7.74993 28.0406 8.41868 8.4625 34.2413 
157 0.669231 0.673223 4.64339 2.3141 2.32659 7.92837 1.64322 1.65361 9.05493 
158 1.85513 1.86548 4.67489 3.08168 3.09618 8.22179 3.72821 3.75011 9.86115 
159 1.05256 1.05778 5.20479 2.19908 2.21139 9.36945 2.7533 2.76903 10.9603 
160 0.28663 0.288727 5.30349 0.420696 0.423376 8.86603 0.72619 0.731029 10.5013 
161 0.459707 0.461778 6.27007 1.31868 1.32701 10.5287 1.73993 1.75008 12.2925 
162 0.0761905 0.077238 3.44659 0.15293 0.154144 3.96373 0.152747 0.154141 4.18352 
163 5.02949 5.0562 7.33737 9.96758 10.0154 15.5737 12.2828 12.3396 18.5177 
164 0 0.000336 5.07372 0.0190476 0.0195627 7.34826 0 0.000336 8.47958 
165 0.974542 0.980893 3.88609 2.52546 2.53831 7.1396 2.94487 2.96132 8.73217 
166 2.52418 2.53836 7.1792 7.07491 7.11498 12.8663 6.44451 6.48095 15.3374 
167 5.39432 5.42189 11.0198 13.0804 13.1491 23.4096 15.6465 15.7245 28.1198 
168 7.25183 7.28672 8.20873 14.6674 14.7452 17.7522 17.5736 17.6667 21.1352 
169 5.83205 5.86392 9.34075 11.6278 11.6887 18.6671 13.2143 13.2843 22.2362 
170 8.1696 8.20946 12.5705 18.3551 18.4539 26.3999 22.5897 22.7013 31.76 
171 0.0190476 0.0195623 3.88519 0 0.000336 4.70219 0 0.000336 5.092 
172 1.60659 1.61543 9.2513 2.75385 2.7692 16.3558 3.76685 3.78846 19.4459 
173 1.35769 1.36534 5.6281 3.44322 3.46093 10.0199 4.09377 4.11441 11.7457 
174 8.89524 8.9404 14.8426 17.3438 17.4363 31.2437 22.7974 22.9135 37.7634 
175 9.86429 9.92088 12.357 18.7057 18.803 25.7705 26.0163 26.146 31.026 
176 7.41886 7.45913 9.62806 11.8758 11.9382 20.0004 15.985 16.0696 23.9333 
177 2.58278 2.59574 6.79837 6.52198 6.5555 13.1887 6.25586 6.28671 15.892 
178 0.803297 0.807876 4.90067 2.67711 2.69226 9.012 2.21996 2.23082 10.5294 
179 0.611722 0.615596 4.32245 1.64414 1.65412 7.29474 1.74212 1.75033 8.65533 
180 0.363004 0.365649 4.78626 0.439377 0.442574 7.03656 0.593773 0.596399 8.00021 
181 3.52179 3.53812 6.54694 7.45861 7.49927 12.2442 9.42729 9.47977 14.7383 
182 0.114286 0.11569 3.67967 0.0956044 0.0964666 4.62506 0.152747 0.154144 4.99633 
183 0 0.000336 2.90816 0 0.000336 4.20913 0 0.000336 4.86545 
184 12.8147 12.8795 14.9664 25.3198 25.4481 30.786 30.8736 31.0186 37.1786 
185 4.80037 4.826 8.66428 10.3658 10.4205 19.1462 12.0084 12.0734 22.8287 
186 0.0575092 0.0580135 3.3196 0.49707 0.500205 3.74004 0.153114 0.15415 3.9032 
187 3.15586 3.17277 7.91655 8.41648 8.45973 16.9444 8.81886 8.86352 20.1651 
188 6.79048 6.82523 8.82588 15.1121 15.1854 19.2949 17.0469 17.1266 23.0292 
189 0.344322 0.346406 4.1838 0.650549 0.654047 6.21911 0.611172 0.615597 7.02864 
190 0.401832 0.404078 4.81856 0.841392 0.846276 8.5633 0.879853 0.884724 9.86761 
191 9.313 9.3633 14.1638 20.2355 20.3391 29.8474 24.1755 24.2989 36.0787 
192 10.7864 10.8421 11.8599 23.9262 24.0425 25.2723 28.4619 28.5962 30.4485 
193 1.22399 1.23073 4.1726 2.37106 2.38427 6.17099 2.00751 2.01903 6.87741 
194 0 0.000336 3.44804 0 0.000336 3.83477 0 0.000336 4.03647 
195 0 0.000336 5.97 0 0.000336 8.51403 0 0.000336 9.79748 
196 0.114835 0.115701 4.29635 0.286447 0.288763 6.09496 0.363919 0.365686 6.83044 
197 5.37454 5.40253 8.34487 11.6639 11.7265 16.2241 14.778 14.8592 19.4471 
198 2.50403 2.51889 7.09689 5.85366 5.88352 14.1499 6.71319 6.74873 16.7084 
199 6.63443 6.6721 11.357 12.909 12.9792 22.7027 16.9652 17.0551 27.2093 
200 1.91062 1.92301 7.70505 4.99176 5.01852 16.1837 5.45073 5.48039 19.3656 
201 0.650549 0.654009 5.96196 1.56868 1.57687 11.4042 1.60641 1.61539 13.4916 
202 5.56667 5.59504 10.4738 13.3126 13.3815 20.8242 14.9187 14.9981 25.1665 
203 0 0.000336 4.04567 0 0.000336 4.92944 0 0.000336 5.37447 
204 8.09048 8.1325 12.8515 15.8751 15.9576 25.6838 20.063 20.166 31.3003 
205 0 0.000336 2.34605 0 0.000336 3.04632 0 0.000336 3.39033 
206 0 0.000336 3.04634 0 0.000336 3.37134 0 0.000336 3.53925 
207 2.46538 2.48054 6.97119 5.96722 5.9988 13.7279 7.93535 7.97874 16.42 
208 0 0.000336 3.39978 0.0380952 0.0387872 3.80648 0 0.000336 3.98836 
209 0.114469 0.115696 2.10799 0.15293 0.154149 2.40227 0.0957875 0.0964697 2.50845 
210 1.91355 1.9231 7.50176 4.28278 4.30758 13.8928 5.26099 5.28819 16.8332 
211 2.18022 2.1924 7.95332 4.7989 4.82718 15.4441 5.33571 5.36592 18.8428 
212 0.362821 0.365636 4.58401 0.802381 0.807923 6.8091 0.860989 0.865634 7.84407 
213 1.26136 1.26921 5.01537 3.57582 3.59523 9.3941 2.94505 2.96098 10.9295 
214 1.72198 1.73069 5.6416 3.53663 3.55718 11.1577 4.61044 4.63385 13.0849 
215 0.765751 0.769385 6.09762 1.45366 1.46166 9.55014 1.45256 1.46166 11.0682 
216 0.631502 0.634914 6.98176 1.53059 1.5388 11.2162 1.30073 1.30812 13.1393 
217 2.79029 2.80715 5.79953 7.01996 7.05534 10.2636 7.32473 7.36341 11.9485 
218 9.2956 9.34474 14.7457 17.4029 17.4978 30.2113 21.6905 21.8043 36.5213 
219 0.133516 0.134932 2.64272 0.286447 0.288758 4.02502 0.343223 0.346435 4.50176 
220 5.72051 5.74822 9.47189 13.6782 13.7432 20.3662 14.4921 14.5696 24.3164 
221 8.9119 8.9587 14.8006 19.5286 19.6248 29.2523 24.0985 24.2163 35.3108 
222 0.0382784 0.0387902 3.96162 0.057326 0.058017 5.70084 0.0763736 0.0772439 6.74191 
223 2.21996 2.23054 7.01009 4.62692 4.65305 14.2902 6.04158 6.07547 16.956 
224 6.54121 6.57532 9.5843 13.5804 13.6499 18.9488 16.0062 16.0901 22.5646 
225 0.191575 0.192617 4.93863 0.612088 0.615656 8.08777 0.440659 0.442596 9.5187 
