0 1.40952 1.42299 1.67323 4.66667 4.71044 4.57488 4.24762 4.28756 4.36495 
1 1.1619 1.17304 1.46128 3.98095 4.01803 4.03399 4.51429 4.55642 4.40153 
2 1.33333 1.34611 1.58116 4.01905 4.05657 4.22999 4.41905 4.46032 4.59546 
3 1.18095 1.19226 1.4202 3.67619 3.71067 3.75731 3.46667 3.49911 3.41503 
4 1.10476 1.11532 1.42688 3.6 3.63395 3.54985 3.33333 3.36475 3.44064 
5 0.742857 0.750049 1.37972 3.6 3.63383 3.5285 3.02857 3.05689 3.05748 
6 1.06667 1.07685 1.38237 3.00952 3.03785 2.99058 2.47619 2.49951 2.57839 
7 0.952381 0.961543 1.3802 2.66667 2.69185 2.73522 2.55238 2.57653 2.66897 
8 0.87619 0.884626 1.37977 2.59048 2.61499 2.74304 2.70476 2.73028 2.77098 
9 0.609524 0.615443 1.37962 2.17143 2.19203 2.35874 2.3619 2.38432 2.45307 
10 0.742857 0.750051 1.37962 1.80952 1.8267 1.95459 2.22857 2.24969 2.39935 
11 0.609524 0.615477 1.37962 1.94286 1.96127 2.13971 2.15238 2.17279 2.33659 
12 0.571429 0.577019 1.37962 1.71429 1.73063 1.97679 1.90476 1.92259 2.10563 
13 0.552381 0.557777 1.37962 1.54286 1.55757 1.81865 1.92381 1.94201 2.09401 
14 0.514286 0.519338 1.37961 1.42857 1.44214 1.71619 1.54286 1.55757 1.78699 
15 0.438095 0.442416 1.37961 1.08571 1.09613 1.4449 1.46667 1.4806 1.72186 
16 0.72381 0.730839 1.37977 1.80952 1.82666 2.11225 2.57143 2.59543 2.71934 
17 0.914286 0.923094 1.37989 2.19048 2.21125 2.34684 2.89524 2.92231 2.98073 
18 1.44762 1.4614 1.68967 3.21905 3.2495 3.17992 3.69524 3.72966 3.62098 
19 1.54286 1.55745 1.78612 3.71429 3.74923 3.77536 4.68571 4.7294 4.87847 
20 2.28571 2.30734 2.47154 4.32381 4.36435 4.46274 5.27619 5.32546 5.35136 
21 2.66667 2.69186 2.76166 5.52381 5.57487 5.31006 6.66667 6.72841 6.29251 
22 3.54286 3.57615 3.66856 6.26667 6.32451 5.87322 7.58095 7.65091 7.15097 
23 3.69524 3.72975 3.65226 6 6.05572 5.68624 8 8.07357 7.52214 
24 3.86667 3.90294 3.90869 6.78095 6.84373 6.67789 8.11429 8.18752 7.59931 
25 3.88571 3.92226 3.93673 7.50476 7.5744 7.13633 9.00952 9.09168 8.59889 
26 4.70476 4.74849 4.58104 8.15238 8.22315 7.72598 8.24762 8.32437 7.71323 
27 4.53333 4.57556 4.3759 8.11429 8.18759 7.70211 9.6381 9.72641 9.40712 
28 4.32381 4.36434 4.47965 7.67619 7.74728 7.37904 9.2381 9.32201 9.04802 
29 4.17143 4.21066 4.03912 7.6 7.67032 7.58643 8.59048 8.66807 8.03079 
30 3.67619 3.71075 3.68328 8.34286 8.41975 7.80934 8.8 8.87959 8.96336 
31 3.79048 3.8259 3.90481 6.99048 7.05522 6.60821 8.8 8.88008 8.13356 
32 3.14286 3.17245 3.37213 7.18095 7.24785 6.72468 7.90476 7.97764 7.37024 
33 3.10476 3.13402 3.15957 7.65714 7.72865 7.14519 7.98095 8.05512 7.50983 
34 2.8381 2.86482 2.8467 5.98095 6.03709 5.93052 6.66667 6.72853 6.26653 
35 3.18095 3.21102 3.26553 5.35238 5.40219 5.24262 7.2 7.26729 6.80274 
36 3.00952 3.03788 3.02879 5.65714 5.71004 5.39608 6.59048 6.65167 6.37217 
37 2.91429 2.94181 2.90268 5.12381 5.17166 4.87985 6.41905 6.47851 6.17701 
38 3.2 3.23002 3.19257 5.42857 5.47927 5.27429 6.32381 6.3829 5.94217 
39 2.38095 2.40331 2.45445 5.29524 5.34438 5.13688 6.74286 6.80405 6.45687 
40 2.47619 2.49964 2.79611 5.84762 5.90217 5.53077 5.67619 5.72927 5.60547 
41 2.95238 2.97992 2.96976 5.50476 5.55603 5.48634 6.34286 6.40194 6.11013 
42 2.57143 2.5957 2.68823 4.32381 4.36444 4.38886 5.69524 5.74826 5.48461 
43 2.41905 2.44188 2.51715 4.74286 4.78705 4.59372 6.4381 6.49692 6.14961 
44 1.9619 1.98051 2.19635 4.8 4.84517 4.55374 5.29524 5.3449 5.31134 
45 2.22857 2.24957 2.41159 4.78095 4.82591 4.67783 5.54286 5.59442 5.30566 
46 1.98095 1.99976 2.17158 3.73333 3.76826 3.69477 4.97143 5.01785 4.73644 
47 2.0381 2.0575 2.21327 3.77143 3.80691 3.87686 5.29524 5.3447 5.20042 
48 1.73333 1.74975 2.05947 3.75238 3.78754 3.89368 4.62857 4.67197 4.67906 
49 1.65714 1.6729 1.91553 3.6381 3.67208 3.76755 4.74286 4.78696 4.82346 
50 1.65714 1.67285 2.05419 3.10476 3.13404 3.22588 4.11429 4.15295 4.21559 
51 1.31429 1.3268 1.5889 3.40952 3.44159 3.51241 4.15238 4.19114 4.28314 
52 1.48571 1.4999 1.74375 3.14286 3.17235 3.31357 3.58095 3.61439 3.5064 
53 1.44762 1.4614 1.68876 3.14286 3.17242 3.1417 3.50476 3.53779 3.65378 
54 1.58095 1.59598 1.81 2.68571 2.71109 2.72792 3.37143 3.40311 3.36015 
55 1.29524 1.30758 1.55141 2.57143 2.59569 2.68929 3.50476 3.53765 3.62883 
56 1.37143 1.38443 1.65695 2.89524 2.92243 2.95187 2.7619 2.78794 2.79217 
57 0.914286 0.923102 1.37989 2.20952 2.23037 2.38024 3.18095 3.21085 3.20496 
58 1.08571 1.09611 1.38016 2.28571 2.30731 2.39155 2.17143 2.19199 2.39836 
59 1.00952 1.01923 1.37989 2.0381 2.0574 2.25934 2.26667 2.28817 2.39312 
60 1.25714 1.26916 1.55647 2.28571 2.30698 2.43404 2.60952 2.63413 2.70725 
61 0.838095 0.846149 1.37977 2.05714 2.07666 2.24161 2.55238 2.57632 2.66442 
62 1.04762 1.05762 1.38016 1.65714 1.67287 2.00959 2.78095 2.80715 2.87358 
63 0.704762 0.711581 1.37972 1.6 1.61513 1.85337 2.4381 2.46119 2.48295 
64 1.12381 1.13457 1.42812 2.0381 2.05738 2.24508 2.64762 2.6723 2.82723 
65 1.04762 1.05762 1.37999 2.32381 2.34563 2.42672 3.04762 3.07633 3.06278 
66 1.84762 1.86513 2.04895 2.97143 2.99955 2.99406 3.61905 3.65245 3.5635 
67 1.5619 1.5767 1.75813 3.27619 3.30699 3.35946 4.51429 4.55655 4.46093 
68 2.22857 2.24968 2.41655 4.30476 4.34493 4.50434 5.31429 5.36404 5.10323 
69 2 2.01899 2.16067 4.30476 4.34469 4.35482 4.85714 4.90257 4.84735 
70 3.02857 3.05708 3.0958 5.25714 5.30625 5.01391 6.3619 6.42129 6.08109 
71 3.1619 3.19165 3.18102 6.32381 6.38273 6.13944 6.87619 6.94 6.48612 
72 3.77143 3.80676 3.83684 6.78095 6.84427 6.40278 8.13333 8.20846 7.78504 
73 3.6381 3.67232 3.78685 7.35238 7.42089 6.92092 8.3619 8.43906 7.96391 
74 3.86667 3.90289 4.04724 8.17143 8.24686 8.0199 8.34286 8.42006 7.86448 
75 3.46667 3.49939 3.42048 9.00952 9.09184 8.3012 8.91429 8.99583 8.37973 
76 3.52381 3.55657 3.62435 7.79048 7.86306 7.44299 9.12381 9.20785 9.14488 
77 4.4 4.44128 4.485 7.86667 7.93949 7.70763 8.0381 8.11317 7.51438 
78 3.29524 3.32633 3.90917 7.67619 7.7476 7.24842 8.26667 8.34314 7.76633 
79 3.25714 3.28769 3.23505 7.25714 7.32398 6.7876 8.24762 8.32418 7.73046 
80 3.1619 3.19175 3.16979 7.31429 7.38195 6.90354 8.3619 8.43779 7.83092 
81 3.6381 3.67206 3.54269 6.49524 6.55567 6.16114 7.33333 7.40117 6.83969 
82 3.14286 3.17237 3.11396 6.47619 6.53645 6.10218 6.59048 6.65164 6.18194 
83 3.14286 3.17252 3.15226 5.6 5.65209 5.32054 5.88571 5.94006 5.61765 
84 3.18095 3.21095 3.30483 6.34286 6.40162 6.02241 6.34286 6.40199 6.02624 
85 2.99048 3.01859 3.0063 5.79048 5.84494 5.47737 6.64762 6.70934 6.28269 
86 2.47619 2.49961 2.57085 5.6381 5.69076 5.41077 6.72381 6.78652 6.41953 
87 2.47619 2.49951 2.56296 6.11429 6.17103 5.81214 6.22857 6.28611 5.87502 
88 2.07619 2.09576 2.31789 5.29524 5.34444 5.22493 6.09524 6.15221 5.86138 
89 2.68571 2.71112 2.73959 6.13333 6.19063 5.80993 5.54286 5.5946 5.31544 
90 2.07619 2.09587 2.2898 4.81905 4.86413 4.64384 5.82857 5.88296 5.59153 
91 2.3619 2.38427 2.45506 4.8381 4.88322 4.82332 5.98095 6.0361 5.68781 
92 1.98095 1.99977 2.12945 4.17143 4.21051 4.16489 6.93333 6.99731 6.82353 
93 1.71429 1.73058 1.94416 4.34286 4.38341 4.46517 5.69524 5.7484 5.4367 
94 2.15238 2.17271 2.38514 4.0381 4.07608 4.14629 5.88571 5.9408 5.55121 
95 1.80952 1.82661 2.06273 4.09524 4.13356 3.92114 6 6.05571 5.65996 
96 2.07619 2.09586 2.24617 4.0381 4.07535 3.8723 4.64762 4.691 4.49501 
97 1.73333 1.74983 2.01826 3.9619 3.99906 4.08662 5.35238 5.40247 5.08103 
98 1.48571 1.49985 1.77856 3.6381 3.67237 3.7749 4.74286 4.78709 4.89466 
99 1.71429 1.73058 1.98247 3.90476 3.94108 4.11879 4.60952 4.65271 4.48435 
100 1.40952 1.42286 1.64163 3.25714 3.28768 3.19411 4.0381 4.07572 3.97514 
101 1.6 1.61522 1.84969 3.67619 3.71075 3.59477 4.30476 4.34509 4.49938 
102 1.39048 1.40376 1.65313 3.39048 3.42217 3.43291 3.67619 3.71089 3.65148 
103 1.6 1.6152 1.84967 2.62857 2.6532 2.72721 4.11429 4.1528 4.19983 
104 1.12381 1.13458 1.43344 3.18095 3.21096 3.24208 3.46667 3.49922 3.47324 
105 1.42857 1.44219 1.68908 3.18095 3.2101 3.34003 3.12381 3.15329 3.07405 
106 1.29524 1.30764 1.60706 3.18095 3.21076 3.13838 3.1619 3.19159 3.15474 
107 1.08571 1.09613 1.43782 2.60952 2.63374 2.74443 3.42857 3.46061 3.33106 
108 1.31429 1.32686 1.60708 1.90476 1.92278 2.10022 2.99048 3.0185 3.00579 
109 0.933333 0.942263 1.37989 2.28571 2.30744 2.38974 2.97143 2.99953 3.00815 
110 0.971429 0.980786 1.37996 1.94286 1.96129 2.08204 2.93333 2.96103 2.9297 
111 0.72381 0.73084 1.37962 1.44762 1.46128 1.76183 3.04762 3.07641 3.06697 
112 1.04762 1.05763 1.41477 1.67619 1.69216 1.89854 2.97143 2.99942 3.11575 
113 1.25714 1.26913 1.53964 2.30476 2.32669 2.4499 3.46667 3.4993 3.5243 
114 1.37143 1.38448 1.60686 2.57143 2.59546 2.61106 3.98095 4.01839 3.87551 
115 1.88571 1.90365 2.04902 3.2 3.23008 3.27737 4.51429 4.55669 4.6729 
116 1.79048 1.80749 2.092 3.82857 3.86438 3.86799 5.44762 5.49808 5.4429 
117 2.01905 2.0382 2.22528 4.41905 4.46049 4.16295 5.14286 5.19126 4.97933 
118 2.57143 2.59555 2.63914 5.08571 5.13331 4.91408 6.01905 6.07443 5.71288 
119 2.53333 2.55731 2.61936 4.97143 5.01775 5.11378 6.93333 6.99823 6.72097 
120 2.89524 2.92267 2.93421 5.9619 6.01757 5.76353 7.50476 7.57469 7.05102 
121 3.52381 3.55704 3.45832 5.42857 5.47939 5.16246 8.15238 8.22776 7.67599 
122 3.46667 3.49927 3.46977 6.53333 6.59418 6.19156 7.77143 7.84298 7.30946 
123 3.6381 3.67191 3.62377 7.06667 7.13249 6.66475 9.48571 9.57343 9.08321 
124 3.50476 3.5376 3.59371 5.84762 5.90216 5.58233 8.59048 8.66859 8.37773 
125 3.5619 3.59534 3.66126 6.13333 6.19033 5.83888 8.91429 8.99534 8.53531 
126 3.02857 3.05687 3.16904 5.84762 5.90187 5.75845 7.84762 7.92045 7.44701 
127 3.40952 3.44164 3.40201 5.6381 5.69065 5.35071 8 8.0744 7.46939 
128 3.2 3.2301 3.16366 5.50476 5.55573 5.29751 7.80952 7.8817 7.40899 
129 2.74286 2.7685 2.80861 5.42857 5.47945 5.33258 7.6 7.67061 7.12117 
130 2.66667 2.69167 2.67232 4.91429 4.96013 4.95033 6.41905 6.47922 6.01576 
131 2.45714 2.48031 2.56575 4.78095 4.82577 4.56516 6.4 6.4597 6.07229 
132 2.87619 2.9033 2.94371 4.60952 4.65273 4.38503 6.4381 6.49739 6.24198 
133 2.38095 2.40341 2.50754 5.10476 5.15287 4.93751 6.53333 6.59348 6.21254 
134 2.17143 2.19192 2.36416 4.89524 4.94083 4.70847 6.22857 6.287 5.86121 
135 2.4381 2.46117 2.45813 4.8 4.84493 4.57852 6.22857 6.28604 5.85688 
136 2.26667 2.28807 2.41987 4.70476 4.749 4.48953 6.01905 6.07501 5.72424 
137 2.17143 2.192 2.34212 4.64762 4.69111 4.77605 5.92381 5.97939 5.61138 
138 1.94286 1.96127 2.19881 4.34286 4.38359 4.16667 5.65714 5.71022 5.3938 
139 2.05714 2.07654 2.30758 4.26667 4.30682 4.36956 6.87619 6.94013 6.54299 
140 1.69524 1.71133 1.99477 3.92381 3.96076 3.78619 5.94286 5.99831 5.71269 
141 1.40952 1.42297 1.70379 4.22857 4.26829 4.40356 6.30476 6.36313 6.02799 
142 1.37143 1.38447 1.6214 4.38095 4.42196 4.51348 5.33333 5.3827 5.338 
143 0.990476 1.00002 1.37994 3.98095 4.01834 4.08224 5.12381 5.17186 5.26149 
144 1.61905 1.63444 1.88148 4 4.03764 4.0739 5.02857 5.0756 4.78975 
145 1.00952 1.01923 1.37998 3.77143 3.80682 3.98205 4.70476 4.7488 4.91946 
146 1.1619 1.17307 1.48826 3.86667 3.90285 4.06845 5.18095 5.22948 5.05724 
147 1.21905 1.23066 1.51248 3.31429 3.34537 3.41284 5.00952 5.05631 5.03629 
148 1.1619 1.17303 1.48758 3.27619 3.30675 3.3759 4.3619 4.4027 4.19575 
149 1.12381 1.13458 1.38071 3.04762 3.07635 3.08184 3.98095 4.01838 4.02346 
150 1.21905 1.23067 1.5308 3.27619 3.30697 3.43041 4.53333 4.57589 4.31983 
151 0.895238 0.903834 1.37989 2.41905 2.44194 2.55468 3.04762 3.076 3.29756 
152 0.895238 0.903868 1.37989 2.4 2.4227 2.51963 3.27619 3.30699 3.34175 
153 0.933333 0.942252 1.37989 2.34286 2.36494 2.53004 2.68571 2.71108 2.72683 
154 0.780952 0.788508 1.37977 1.71429 1.73058 1.94793 2.57143 2.59573 2.74164 
155 0.761905 0.769278 1.37972 1.58095 1.59597 1.8972 2.53333 2.55703 2.59947 
156 0.857143 0.86539 1.37972 2.20952 2.23046 2.37185 2.55238 2.57625 2.7676 
157 0.571429 0.577012 1.37962 1.67619 1.69214 1.90925 1.90476 1.92273 2.0996 
158 0.704762 0.711597 1.37962 1.77143 1.78827 2.05538 1.75238 1.76896 1.9918 
159 0.628571 0.634695 1.37962 1.67619 1.69208 1.87807 2.24762 2.26894 2.37915 
160 1.02857 1.0384 1.37989 1.79048 1.80741 1.98483 2.64762 2.67257 2.72513 
161 1.06667 1.07687 1.3799 2.19048 2.21124 2.33718 3.14286 3.17242 3.34026 
162 1.5619 1.5768 1.78787 3.40952 3.44146 3.53059 4.20952 4.24903 4.1037 
163 1.77143 1.78823 1.94307 4.85714 4.90254 4.83781 4.64762 4.69125 4.43623 
164 2.68571 2.71094 2.77762 5.00952 5.05642 4.79562 6.45714 6.51727 6.2596 
165 2.95238 2.9803 2.96924 5.88571 5.94066 5.83655 7.12381 7.18976 6.68425 
166 3.6 3.63394 3.58468 7.2 7.26566 6.94247 6.97143 7.03518 6.73629 
167 4.38095 4.42202 4.30486 7.92381 7.99739 7.47 8.57143 8.65105 8.15015 
168 4.15238 4.19165 4.03102 8.4381 8.51583 7.85339 9.39048 9.4761 8.97875 
169 4.47619 4.51814 4.27181 8.32381 8.40118 7.81053 9.80952 9.9001 9.04517 
170 4.81905 4.86422 4.59496 8.28571 8.36217 7.70569 10.3429 10.4322 9.63665 
171 5.18095 5.2296 4.88587 10.1143 10.2074 9.61617 10.0571 10.1491 10.0122 
172 4.55238 4.5949 4.41034 9.00952 9.08837 8.35652 9.73333 9.82165 9.52543 
173 4.81905 4.86375 4.7634 9.35238 9.43884 8.9512 8.07619 8.1506 7.67708 
174 3.82857 3.86467 3.91896 7.86667 7.93958 7.76935 8.59048 8.66965 8.10199 
175 4.13333 4.17202 4.03901 7.52381 7.59329 7.07458 8.74286 8.82387 8.6914 
176 3.88571 3.92174 4.00082 7.69524 7.76604 7.20821 8.49524 8.57352 7.99348 
177 4.09524 4.1336 4.33233 8.01905 8.09281 7.7226 7.88571 7.95906 7.39318 
178 3.73333 3.76845 3.90879 6.45714 6.51738 6.05758 8.26667 8.34279 8.00948 
179 3.58095 3.61436 3.71164 6.11429 6.17109 5.80331 7.61905 7.68955 7.74455 
180 3.48571 3.51848 3.52506 5.92381 5.97848 5.7387 7.69524 7.7666 7.22203 
181 3.00952 3.03791 3.06027 6.51429 6.57459 6.17282 6.38095 6.44059 6.07848 
182 2.85714 2.88407 2.84732 6.85714 6.91922 6.76388 6.32381 6.38229 5.96423 
183 3.29524 3.32599 3.42673 6.20952 6.26745 5.88135 6.07619 6.13278 5.8724 
184 2.95238 2.9803 3.01147 6.0381 6.09436 5.71618 5.80952 5.86408 5.53151 
185 3.14286 3.17216 3.36172 6.24762 6.30571 5.99401 5.9619 6.01752 5.72445 
186 2.72381 2.74956 2.80828 5.46667 5.51771 5.20676 5.73333 5.78653 5.50938 
187 2.89524 2.92253 2.93765 5.69524 5.74806 5.48504 6.01905 6.07517 5.98352 
188 2.19048 2.21103 2.36961 4.91429 4.96023 4.74175 6.47619 6.53618 6.19256 
189 1.73333 1.74975 2.04477 4.70476 4.74868 4.63584 6.17143 6.22927 5.96105 
190 2.09524 2.11511 2.26368 4.72381 4.76792 4.64378 4.85714 4.90233 5.08864 
191 1.82857 1.84581 2.06362 3.90476 3.94137 4.1327 5.37143 5.42167 5.14027 
192 2.11538 2.11514 2.34674 4.69231 4.68964 4.51504 4.78846 4.78725 4.6368 
193 1.82692 1.82662 2.04918 3.82692 3.82614 4.02766 5.09615 5.09482 4.88877 
194 1.57692 1.5768 1.7956 4.07692 4.07628 4.28207 4.03846 4.03752 4.13012 
195 1.26923 1.26913 1.52605 3.78846 3.78732 3.99159 4.13462 4.13366 4.34866 
196 1.38462 1.38446 1.68947 2.98077 2.98015 2.96944 3.19231 3.19179 3.24417 
197 1.03846 1.03849 1.38017 3.13462 3.13396 3.12248 3.61538 3.61474 3.63177 
198 0.865385 0.865409 1.37999 2.28846 2.28795 2.44018 2.69231 2.69178 2.78734 
199 0.961538 0.961491 1.37998 2.59615 2.59556 2.72717 2.46154 2.46113 2.53129 
200 1.01923 1.01916 1.38015 1.90385 1.90357 2.10184 2.30769 2.30722 2.47482 
201 0.673077 0.673128 1.37962 2.07692 2.07652 2.29472 2.07692 2.07661 2.34435 
202 0.596154 0.596245 1.37962 1.38462 1.38447 1.63125 1.96154 1.96127 2.20514 
203 0.615385 0.615444 1.37962 1.59615 1.59595 1.83759 1.96154 1.9613 2.24671 
204 0.75 0.750022 1.37962 1.48077 1.4806 1.68514 1.88462 1.8843 2.05028 
205 0.788462 0.78845 1.37977 1.44231 1.44214 1.70954 1.53846 1.53837 1.79514 
206 0.653846 0.653898 1.37962 1.34615 1.34605 1.62717 1.94231 1.94209 2.12597 
207 0.634615 0.634678 1.37962 1.05769 1.05763 1.38016 1.61538 1.61523 1.89225 
208 0.769231 0.769244 1.37977 1.76923 1.7689 1.96579 2.23077 2.23051 2.42774 
209 1.13462 1.13456 1.46729 1.96154 1.96132 2.22167 2.86538 2.86502 2.92615 
210 1.5 1.49988 1.72855 3.01923 3.01881 3.00301 3.48077 3.48012 3.55972 
211 1.73077 1.73057 2.01691 3.90385 3.90277 3.76707 5.01923 5.01807 4.87535 
212 2.32692 2.3266 2.50896 4.32692 4.32597 4.11916 6.05769 6.0556 5.78362 
213 2.86538 2.86496 2.83871 5.09615 5.09498 4.92927 6.48077 6.4791 6.15226 
214 2.82692 2.82648 2.89454 6 5.9985 5.78262 6.96154 6.95953 6.61145 
215 3.28846 3.28776 3.26881 6.98077 6.97833 6.94712 9.67308 9.66907 9.83411 
216 4.44231 4.44114 4.5294 7.55769 7.55474 7.03258 9.09615 9.09261 8.95153 
217 4.61538 4.61429 4.72379 7.96154 7.95875 7.4653 10.2115 10.2074 9.4775 
218 4.28846 4.28748 4.4234 7.98077 7.97846 7.54704 10.6923 10.6874 16.1778 
219 4.48077 4.47975 4.30477 8.34615 8.34282 7.98653 10.7692 10.7642 10.5425 
220 4.36538 4.36464 4.26693 8.03846 8.03494 7.7279 10.1923 10.1865 9.46663 
221 3.84615 3.84537 4.02323 8.15385 8.15127 7.58197 10.4231 10.419 9.66956 
222 3.38462 3.38389 3.3243 7.28846 7.28572 6.78677 9.44231 9.43747 8.86603 
223 3.63462 3.6337 3.54976 7.05769 7.05533 6.85545 9.67308 9.6684 9.24621 
224 3.46154 3.4606 3.59444 6.94231 6.94016 6.69501 8.46154 8.45822 8.01058 
225 3.44231 3.44141 3.44147 7.25 7.24723 6.79377 8.48077 8.47628 8.13101 
226 2.67308 2.67262 2.79208 6.21154 6.20948 6.11672 7.55769 7.55511 7.07438 
227 3.34615 3.34563 3.34809 6.11538 6.11376 5.80385 7.55769 7.55434 7.06031 
228 2.88462 2.88414 2.94022 5.65385 5.65215 5.39152 6.75 6.74783 6.39086 
229 2.98077 2.98017 2.97202 4.86538 4.86352 4.83631 7.51923 7.51294 7.05386 
230 2.82692 2.82636 2.85245 5.67308 5.67157 5.37902 7.5 7.49678 7.04861 
231 3.17308 3.17247 3.22191 5.69231 5.69075 5.62659 7.01923 7.01542 6.84956 
232 2.28846 2.28801 2.41453 5.67308 5.6717 5.39558 6.82692 6.82482 6.5116 
233 2.55769 2.55729 2.63941 4.94231 4.9411 4.74565 7.17308 7.17116 6.67323 
234 2.30769 2.30726 2.46129 5.23077 5.22933 5.15073 6.63462 6.63244 6.43961 
235 2.19231 2.192 2.37111 5.32692 5.32474 5.25707 6.67308 6.67115 6.31179 
236 2.05769 2.05753 2.24714 5.69231 5.69084 5.62556 5.80769 5.80601 5.66413 
237 2.01923 2.01891 2.24573 5.92308 5.92078 5.72003 5.46154 5.45958 5.26922 
238 2.07692 2.07664 2.31416 4.86538 4.86411 5.08395 5.05769 5.05656 4.99944 
239 1.59615 1.59601 1.88354 4.92308 4.9214 5.11779 4.80769 4.8064 4.85835 
240 1.63462 1.63445 1.96152 5.05769 5.05627 4.93372 4.07692 4.07594 4.00469 
241 1.57692 1.57683 1.80805 4.90385 4.90273 4.89933 4.32692 4.326 4.42612 
242 1.55769 1.55751 1.69568 4.23077 4.22964 4.07357 3.46154 3.46072 3.45248 
243 1.21154 1.21148 1.46705 3.71154 3.71043 3.86996 3.71154 3.71084 3.67923 
244 1.38462 1.38442 1.63128 4.05769 4.05668 3.90611 3.26923 3.2685 3.98452 
245 1.15385 1.15376 1.4415 3.30769 3.3071 3.29182 2.61538 2.61486 2.65683 
246 1.07692 1.07693 1.38016 3.36538 3.36471 3.34883 2.36538 2.36499 2.51345 
247 1.05769 1.05768 1.3802 2.88462 2.88407 3.10252 1.88462 1.88438 2.08572 
248 1 1.00001 1.38017 2.59615 2.59569 2.67758 2.03846 2.03814 2.23718 
249 0.807692 0.807709 1.37989 2.11538 2.11516 2.2911 1.90385 1.90369 2.13982 
250 0.615385 0.615477 1.37962 1.67308 1.67298 1.98824 1.46154 1.46146 1.72855 
251 0.673077 0.67314 1.37962 1.69231 1.69208 1.89576 1.61538 1.6152 1.90632 
252 0.576923 0.57701 1.37962 1.48077 1.48066 1.73213 1.69231 1.69219 2.03756 
253 0.365385 0.365523 1.37961 1.46154 1.46141 1.7803 1.53846 1.53835 1.82562 
254 0.615385 0.615462 1.37962 1.65385 1.6537 1.88999 1.38462 1.38443 1.63844 
255 0.576923 0.576979 1.37962 1.42308 1.423 1.69963 1.55769 1.55749 1.81354 
256 0.673077 0.673118 1.37962 1.78846 1.78828 1.99204 2.01923 2.01896 2.27505 
257 0.730769 0.730809 1.37962 2.32692 2.32644 2.43653 2.51923 2.51883 2.6952 
258 1.05769 1.05768 1.37998 3.09615 3.09563 3.1651 3.65385 3.65306 3.72434 
259 1.36538 1.36529 1.62742 4.15385 4.1528 4.50261 4.5 4.499 4.39545 
260 1.94231 1.94202 2.1563 4.44231 4.44115 4.23222 5.17308 5.17157 5.14243 
261 2.94231 2.94179 3.03016 4.61538 4.61425 4.54178 6.15385 6.15214 5.83128 
262 2.98077 2.9804 3.25449 6.30769 6.3048 5.99151 6.73077 6.72855 6.46435 
263 3.53846 3.53799 3.53591 7.38462 7.38226 6.91886 8.42308 8.41974 8.41473 
264 4.05769 4.05665 4.16381 8.30769 8.30443 7.92853 8.34615 8.34304 7.83902 
265 3.90385 3.90309 3.97682 7.98077 7.97815 7.45449 9.88462 9.88137 11.7891 
266 4.25 4.24892 4.32611 8.80769 8.80497 8.23232 9.28846 9.28531 8.70548 
267 3.76923 3.76854 3.68989 9.5 9.49656 8.83164 9.61538 9.61181 9.4428 
268 3.96154 3.9608 3.91259 7.98077 7.97799 7.59982 9.59615 9.59143 8.92905 
269 4.32692 4.32574 4.23019 7.73077 7.72763 7.20246 9.82692 9.81953 9.24221 
270 3.53846 3.53768 4.13819 7.61538 7.61264 7.16352 9.63462 9.63093 8.89544 
271 3.55769 3.55702 3.53975 7.11538 7.11339 6.65432 8.07692 8.07394 7.80554 
272 3.07692 3.07594 3.10348 6.46154 6.45859 6.17886 9.25 9.24517 8.64985 
273 3.34615 3.34565 3.32736 6.71154 6.70937 6.66595 8.25 8.24645 7.89493 
274 3.25 3.24913 3.26075 5.90385 5.90217 5.63568 7.63462 7.63219 7.43959 
275 2.63462 2.6341 2.73115 5.78846 5.78622 5.5777 6.88462 6.88164 6.61111 
276 2.61538 2.61493 2.74536 5.67308 5.67143 5.41937 6.71154 6.70966 6.35491 
277 2.88462 2.88389 2.95971 5.96154 5.9598 5.68528 6.21154 6.20979 5.86198 
278 2.92308 2.92256 2.98394 6.13462 6.13265 5.79249 6.25 6.24824 5.9512 
279 2.57692 2.57647 2.65994 6.15385 6.15186 5.83853 6.67308 6.67101 6.30413 
280 2.51923 2.51862 2.69504 5.94231 5.94058 5.63658 5.51923 5.51783 5.40098 
281 2.07692 2.07666 2.24114 5.63462 5.63325 5.40923 6.53846 6.53649 6.34062 
282 2.78846 2.78789 2.80649 5.13462 5.1333 5.16763 6.32692 6.32496 5.95559 
283 2.09615 2.09578 2.29878 5.11538 5.11418 5.21747 5.5 5.49836 5.24836 
284 2.36538 2.365 2.50066 5.13462 5.13355 5.51823 5.57692 5.57521 5.36443 
285 2.09615 2.09572 2.31411 4.15385 4.15282 4.27815 5.28846 5.28689 5.31093 
286 2.05769 2.05735 2.2478 4.42308 4.42209 4.59182 5.13462 5.13324 5.19298 
287 2.26923 2.26889 2.37924 4.21154 4.21052 4.37537 4.48077 4.47962 4.64756 
288 2.13462 2.13435 2.34174 3.92308 3.92221 4.153 4.5 4.49902 4.29931 
289 2.05769 2.05742 2.29338 4.5 4.49896 4.42536 4 3.99874 4.15348 
290 1.61538 1.61518 1.90004 3.51923 3.51829 3.58574 3.69231 3.69121 3.65072 
291 1.65385 1.65361 1.93573 3.40385 3.40331 3.45908 3.76923 3.76829 3.96163 
292 1.15385 1.1538 1.4415 3.44231 3.4416 3.56452 2.71154 2.71076 2.76228 
293 1.34615 1.34606 1.58199 3.46154 3.46069 3.55173 2.80769 2.80706 2.86861 
294 1.34615 1.34602 1.58137 2.48077 2.48014 2.60681 2.61538 2.6148 2.73987 
295 0.865385 0.865378 1.37978 2.94231 2.94172 3.22468 2.21154 2.21129 2.38913 
296 1.21154 1.21143 1.49852 2.01923 2.01895 2.17626 2.34615 2.34571 2.46264 
297 0.884615 0.88458 1.37977 2.34615 2.34561 2.49637 1.80769 1.80747 2.01856 
298 1.05769 1.05764 1.37999 1.90385 1.90353 2.0972 1.94231 1.94194 2.21688 
299 0.75 0.750042 1.37962 1.48077 1.48062 1.78243 1.71154 1.71135 1.99064 
300 0.615385 0.615469 1.37962 1.86538 1.86518 2.08076 1.69231 1.69199 2.05997 
301 0.596154 0.596229 1.37962 1.44231 1.4422 1.75203 1.67308 1.67291 1.96251 
302 0.653846 0.65385 1.37962 1.25 1.24988 1.58116 1.65385 1.65362 1.99381 
303 0.538462 0.538564 1.37962 1.38462 1.38451 1.66117 1.80769 1.80748 1.95102 
304 0.865385 0.865387 1.37977 1.48077 1.48061 1.73769 2.26923 2.26881 2.42416 
305 1.15385 1.15381 1.42625 1.75 1.74976 2.04214 2.51923 2.51899 2.64053 
306 1.28846 1.28836 1.56857 2.65385 2.65318 2.71185 3.76923 3.76854 3.71429 
307 1.80769 1.8075 2.01809 3.36538 3.36445 3.64195 4.78846 4.78736 4.76421 
308 2.28846 2.28813 2.41645 4.84615 4.8449 4.56222 5.82692 5.82512 5.76532 
309 2.69231 2.69162 2.78687 4.63462 4.63325 4.44667 7.13462 7.13228 6.75732 
310 2.78846 2.78795 2.84016 6.28846 6.28653 6.28109 8.26923 8.26653 7.70736 
311 3.26923 3.26857 3.23857 5.23077 5.22959 5.06688 8.28846 8.28575 8.309 
312 4.01923 4.01827 4.13725 7.30769 7.30525 6.9634 9.40385 9.39946 9.34785 
313 4.26923 4.26824 4.37793 6.94231 6.94013 6.75094 10.2692 10.2649 9.61697 
314 3.82692 3.82594 3.92528 7.80769 7.80514 7.2391 10.75 10.7451 10.6416 
315 4.07692 4.07562 3.99963 8.23077 8.2267 7.71236 9.88462 9.88059 9.15131 
316 3.88462 3.88376 4.01361 6.98077 6.9785 6.60591 10.5385 10.5334 9.74654 
317 4.30769 4.30671 4.45932 7.55769 7.55564 7.05484 10.6923 10.6861 9.98062 
318 3.21154 3.21088 3.28677 6.38462 6.38227 6.10892 9.86538 9.85916 9.65202 
319 3.30769 3.30717 3.27466 6.71154 6.70927 6.47827 9.73077 9.72564 9.5358 
320 3.32692 3.32623 3.30962 6.21154 6.20939 5.94683 8.69231 8.68891 8.28973 
321 2.96154 2.96091 2.95669 6.65385 6.65163 6.25671 8.46154 8.45733 8.46634 
322 2.80769 2.80723 2.83523 5.69231 5.69098 5.43198 7.38462 7.38198 6.94382 
323 2.59615 2.59571 2.67741 5.65385 5.65167 5.35913 7.11538 7.11257 6.78244 
324 2.5 2.49935 2.60886 6.07692 6.07487 5.75299 8.13462 8.1315 7.56899 
325 2.40385 2.40338 2.48297 5.03846 5.03714 4.86602 7.63462 7.63202 7.38226 
326 1.76923 1.769 2.06004 5.63462 5.63298 5.34575 7.42308 7.41982 7.05469 
327 2.32692 2.32648 2.49719 4.69231 4.69131 4.49397 7.09615 7.09408 6.70982 
328 2.71154 2.71083 2.83937 5.25 5.24859 5.28407 6.48077 6.47878 6.11954 
329 2.46154 2.46115 2.69167 4.40385 4.40298 4.48586 6.57692 6.57403 6.75426 
330 2.44231 2.44197 2.57876 4.75 4.74867 4.58313 6.67308 6.67022 6.28968 
331 2.05769 2.05735 2.26257 5 4.99891 4.90751 6.01923 6.01757 5.7668 
332 1.88462 1.88444 2.14197 4.5 4.49882 4.68156 6.05769 6.05608 5.83579 
333 1.80769 1.80749 2.12925 5 4.9989 5.17589 5.90385 5.90182 5.66345 
334 1.5 1.4999 1.7473 4.63462 4.63357 4.87502 5.19231 5.19032 5.03142 
335 1.5 1.49986 1.72574 4.57692 4.57586 5.1957 5.28846 5.28722 5.34848 
