0 0 0.000336 0.241013 0 0.000336 0.26525 0 0.000336 0.277954 
1 0 0.000336 1.27832 0 0.000336 1.40279 0 0.000336 1.46743 
2 0.190659 0.192625 6.18178 0.363004 0.365653 7.55148 0.400733 0.404102 7.94679 
3 0 0.000336 0.146989 0 0.000336 0.144271 0 0.000336 0.141783 
4 0 0.000336 1.13649 0 0.000336 1.91558 0 0.000336 2.36438 
5 0 0.000336 0.617554 0 0.000336 1.0312 0 0.000336 1.26895 
6 0 0.000336 0.643205 0 0.000336 0.719251 0 0.000336 0.759803 
7 0 0.000336 12.9346 0 0.000336 14.5705 0 0.000336 15.4442 
8 0.515751 0.519606 20.9162 2.21575 2.23079 25.8503 1.31758 1.32704 27.7644 
9 7.32179 7.36444 14.8689 18.7231 18.8212 27.7017 18.4755 18.5716 31.8403 
10 0.0575092 0.0580079 1.55032 0.172344 0.173326 2.11259 0.228938 0.23101 2.41702 
11 0 0.000336 0.0518272 0 0.000336 0.057985 0 0.000336 0.0612703 
12 0 0.000336 0.226636 0 0.000336 0.298909 0 0.000336 0.326932 
13 0 0.000336 0.844839 0 0.000336 1.38291 0 0.000336 1.69249 
14 1.31886 1.32704 2.41353 3.11868 3.13435 5.04835 3.71026 3.73043 5.81101 
15 4.47253 4.49979 19.0374 9.23553 9.28721 30.6003 11.0498 11.1134 33.9683 
16 1.64487 1.65403 20.8005 5.18315 5.2111 29.1799 4.64597 4.6727 31.863 
17 6.25495 6.28779 23.6956 15.5141 15.5922 39.6683 16.6042 16.6877 45.1243 
18 5.87161 5.90327 27.5457 11.9559 12.0179 50.2803 13.8335 13.9023 58.6277 
19 9.33278 9.38293 27.9135 22.6251 22.7421 52.1869 24.4458 24.5692 61.122 
20 5.00824 5.03806 29.9707 10.5319 10.5958 53.4562 11.6462 11.7109 64.0934 
21 10.2837 10.3454 12.3172 26.1165 26.2679 24.9621 27.9738 28.1338 30.8184 
22 0 0.000336 1.1902 0 0.000336 1.46435 0 0.000336 1.61707 
23 8.31978 8.36445 26.5328 20.1597 20.2637 48.7619 21.9168 22.0325 56.5948 
24 8.5859 8.63348 21.996 20.7432 20.8607 37.3842 20.8839 20.996 41.4514 
25 1.30073 1.30782 20.9398 3.28828 3.30729 27.6669 3.67289 3.6921 29.9296 
26 1.20366 1.21165 20.5703 2.69744 2.71126 26.1856 2.90586 2.92261 28.0667 
27 9.54084 9.59498 27.0065 22.5852 22.7084 44.7615 24.2068 24.3437 51.9061 
28 12.9855 13.0561 32.4392 28.3445 28.4959 57.7158 34.457 34.6491 68.2507 
29 1.77802 1.78801 21.2912 5.2207 5.25075 26.6619 3.57582 3.59662 28.729 
30 36.0685 36.2476 58.2567 84.8145 85.1618 110.927 95.6833 96.0565 136.491 
31 0.171795 0.173331 2.62043 0.401465 0.403974 4.23287 0.726557 0.73054 5.11222 
32 0 0.000336 18.1984 0 0.000336 25.0737 0 0.000336 28.7697 
33 12.869 12.9393 26.6771 27.587 27.7199 50.9935 31.8811 32.0434 58.4449 
34 10.8485 10.9026 32.2003 25.8392 25.9782 59.1313 29.4308 29.5936 69.075 
35 9.65769 9.71042 29.0603 20.1749 20.2875 53.0554 24.7425 24.884 61.2503 
36 0.21044 0.211796 27.2529 0.555128 0.557709 37.0601 0.478205 0.480796 42.3137 
37 12.8921 12.9601 31.1794 28.3639 28.5173 53.8753 35.2641 35.4587 62.837 
38 25.8013 25.9364 38.1794 58.7053 59.014 74.8164 70.3819 70.7362 88.4467 
39 18.0544 18.1561 55.1926 38.9747 39.2081 101.549 50.0648 50.3717 123.674 
40 43.4841 43.7047 69.6546 93.9584 94.3035 137.288 113.2 113.595 169.135 
41 0.15293 0.154109 0.975048 0.28663 0.288733 1.7156 0.43956 0.442513 2.04124 
42 0.152747 0.154166 18.0804 0.496703 0.50023 27.4683 0.421245 0.423333 32.2859 
43 6.63535 6.67246 25.1415 16.126 16.2081 42.6149 17.0625 17.1497 48.6894 
44 18.7242 18.8214 38.4342 44.6315 44.8597 75.4237 50.9901 51.2354 89.5253 
45 28.7302 28.8708 34.1634 59.38 59.6425 71.3941 70.5659 70.8449 83.6084 
46 14.9357 15.0174 42.6987 30.2559 30.4205 76.7432 36.8907 37.0928 91.8841 
47 19.046 19.1523 39.156 39.3929 39.6142 72.4457 45.228 45.4832 86.0619 
48 30.4603 30.6315 52.632 62.0306 62.3627 103.128 80.1022 80.5295 124.695 
49 55.3734 55.6402 84.0571 109.782 110.175 173.288 142.49 142.664 213.95 
50 57.7057 57.9693 40.1358 110.149 110.41 80.9064 148.484 148.299 99.8519 
51 0 0.000336 1.25526 0 0.000336 2.3826 0 0.000336 2.99443 
52 0 0.000336 1.0359 0 0.000336 1.5323 0.0576923 0.0580063 1.74804 
53 0.343956 0.346403 10.3415 1.09121 1.09625 14.3366 1.03223 1.03851 16.2411 
54 2.02784 2.03838 19.3243 4.93278 4.96128 31.8487 6.063 6.09594 37.5682 
55 8.83388 8.88385 31.0026 21.0987 21.2095 58.6084 23.7894 23.9219 68.7721 
56 27.2755 27.4106 46.4311 53.1866 53.4433 95.3914 67.6245 67.9135 114.387 
57 15.7216 15.808 38.7877 32.9985 33.1787 74.0205 39.7535 39.9906 89.112 
58 52.5251 52.7973 71.8999 107.614 108.04 150.363 139.062 139.231 183.998 
59 41.4256 41.6427 82.1978 82.4654 82.8584 167.801 105.998 106.431 207.372 
60 1.7022 1.71117 8.92671 4.05403 4.07828 17.0393 4.36062 4.38785 20.799 
61 0 0.000336 0.32268 0 0.000336 0.434904 0 0.000336 0.498578 
62 0.458608 0.461754 16.2387 1.01282 1.01925 23.8056 1.08974 1.0961 27.6462 
63 0.841758 0.84621 18.6935 2.23773 2.24966 30.2245 2.08352 2.09578 36.3694 
64 14.7661 14.8453 35.6275 32.3612 32.5379 71.6407 35.1648 35.3684 86.8126 
65 39.7412 39.9376 72.1815 83.9313 84.282 149.835 96.7253 97.1038 184.362 
66 34.5945 34.7727 56.1369 72.6414 72.9709 114.784 82.8504 83.2118 141.359 
67 4.45458 4.48053 12.0039 9.14524 9.19301 23.6582 11.3623 11.4247 28.3774 
68 0 0.000336 0.169362 0 0.000336 0.313818 0 0.000336 0.389461 
69 0.0954212 0.096436 0.482479 0.114652 0.115625 1.01874 0.133516 0.134853 1.24534 
70 9.00824 9.05796 20.4451 18.8971 19.0055 42.3472 24.5749 24.7198 52.068 
71 0.994689 0.999884 11.3378 2.00714 2.01886 20.2668 2.50586 2.51921 24.7531 
72 16.5648 16.648 38.5337 32.365 32.5172 76.8125 41.3339 41.5256 93.7424 
73 0.191209 0.192628 3.90026 0.172344 0.173383 7.1676 0.515568 0.519483 8.94251 
74 0 0.000336 0.394642 0 0.000336 0.705749 0 0.000336 0.882502 
75 0 0.000336 2.91312 0.0190476 0.0195616 5.32179 0.0192308 0.0195616 6.35235 
