0 1.50476 1.51897 1.87344 4.81905 4.86271 4.7401 4.49524 4.53675 4.48788 
1 1.18095 1.19208 1.5646 4.17143 4.2101 4.136 4.78095 4.82479 4.66367 
2 1.37143 1.38444 1.75927 4.13333 4.17145 3.96222 4.74286 4.78589 4.72177 
3 1.2 1.21133 1.5646 3.90476 3.94129 3.89631 3.73333 3.76784 4.30774 
4 1.18095 1.19204 1.59397 3.69524 3.72922 3.75479 3.50476 3.53703 3.61505 
5 0.8 0.807619 1.5646 3.75238 3.78694 3.82106 3.25714 3.28703 3.41659 
6 1.06667 1.07676 1.5646 3.2 3.22946 3.10779 2.72381 2.74916 2.75906 
7 0.914286 0.922912 1.5646 2.81905 2.84504 2.9618 2.8 2.82605 2.93973 
8 0.952381 0.961465 1.5646 2.78095 2.80696 2.98004 2.81905 2.84518 2.99406 
9 0.647619 0.6538 1.5646 2.28571 2.30692 2.42027 2.55238 2.57627 2.76447 
10 0.87619 0.884493 1.5646 1.94286 1.96105 2.19833 2.32381 2.34539 2.57044 
11 0.647619 0.653857 1.5646 2.09524 2.11479 2.37644 2.30476 2.32606 2.56917 
12 0.685714 0.692285 1.5646 1.77143 1.78814 1.91185 1.9619 1.9803 2.34091 
13 0.609524 0.615353 1.5646 1.58095 1.59582 2.01639 2.0381 2.05727 2.31481 
14 0.552381 0.55764 1.5646 1.48571 1.49971 1.73323 1.6381 1.6536 2.09233 
15 0.438095 0.442354 1.5646 1.10476 1.11507 1.75927 1.54286 1.55731 1.99337 
16 0.8 0.807632 1.5646 2 2.01864 2.31757 2.60952 2.6335 2.90099 
17 0.971429 0.980557 1.5646 2.22857 2.24933 2.51242 3.06667 3.09504 3.20531 
18 1.48571 1.49967 1.9364 3.44762 3.47968 3.51784 3.75238 3.78696 3.79363 
19 1.69524 1.711 2.10235 3.86667 3.90216 3.85843 4.99048 5.03569 4.92354 
20 2.34286 2.36466 2.42292 4.3619 4.40207 4.25017 5.75238 5.80315 5.56964 
21 2.87619 2.90262 3.04845 5.86667 5.9193 5.61373 6.99048 7.05214 6.93265 
22 3.5619 3.59479 3.67644 6.49524 6.5535 6.12972 8.01905 8.07898 7.63988 
23 3.69524 3.72923 3.71411 6.49524 6.55089 6.25104 8.41905 8.48836 7.91566 
24 4.07619 4.11349 4.14105 7.37143 7.43132 7.05006 8.45714 8.51849 7.88283 
25 3.9619 3.99786 4.06373 7.98095 8.0468 7.52437 9.46667 9.5305 8.79407 
26 4.85714 4.90096 4.83941 8.78095 8.85058 8.26282 8.49524 8.56237 7.9322 
27 4.78095 4.82422 7.47313 8.55238 8.61978 8.88103 10.2286 10.299 9.49796 
28 4.55238 4.59421 4.54298 8.0381 8.09447 8.59211 9.6381 9.71271 9.0629 
29 4.13333 4.17123 4.15942 8.05714 8.12647 7.58657 9.12381 9.17944 12.7534 
30 3.75238 3.78697 3.79473 8.85714 8.92188 8.23223 9.02857 9.0998 8.37403 
31 3.79048 3.82546 3.70912 7.40952 7.47084 6.98393 9.37143 9.4295 8.70855 
32 3.25714 3.28714 3.30564 7.46667 7.5314 7.06991 8.3619 8.41867 7.98918 
33 3.18095 3.21033 3.24032 8.15238 8.21628 7.76134 8.4381 8.50422 7.92489 
34 3.00952 3.03735 3.13864 6.3619 6.41785 6.13813 7.00952 7.07036 6.97208 
35 3.27619 3.30637 3.35494 5.67619 5.72443 5.45312 7.71429 7.77611 7.32843 
36 3.02857 3.05637 3.19928 6 6.0521 5.78318 7.02857 7.09023 6.71217 
37 2.87619 2.90309 3.02757 5.40952 5.45875 5.22727 6.85714 6.91795 6.51404 
38 3.39048 3.42159 3.49241 5.84762 5.90016 5.65526 6.57143 6.62976 6.36892 
39 2.55238 2.57607 2.77391 5.52381 5.57378 5.35857 7.06667 7.12731 6.73755 
40 2.85714 2.88326 3.06606 6.01905 6.07366 5.74238 5.86667 5.91994 5.70491 
41 2.99048 3.01764 3.15733 5.6381 5.68905 5.42031 6.66667 6.72614 6.37958 
42 2.70476 2.72993 2.89542 4.55238 4.5933 4.55272 6.20952 6.26577 5.97815 
43 2.49524 2.51864 2.72645 4.97143 5.01693 4.91294 6.74286 6.80133 6.53085 
44 2.09524 2.11482 2.20948 5.04762 5.09305 4.96367 5.39048 5.4388 6.2026 
45 2.26667 2.28776 2.41934 5.10476 5.15128 4.95062 5.80952 5.86186 5.65816 
46 2.0381 2.05731 2.31218 3.94286 3.97925 3.96797 5.1619 5.20897 4.99362 
47 2.0381 2.05715 2.17568 3.86667 3.9024 3.92478 5.58095 5.63199 5.5033 
48 1.86667 1.88418 2.20707 3.98095 4.01762 3.94636 4.81905 4.86358 4.68518 
49 1.75238 1.76876 2.09233 3.98095 4.01715 4.04994 5.08571 5.1325 5.0268 
50 1.71429 1.73034 2.18678 3.2381 3.26797 3.24957 4.3619 4.40187 4.28354 
51 1.40952 1.42284 1.67886 3.54286 3.57499 3.57638 4.3619 4.40211 4.22545 
52 1.54286 1.55726 1.79871 3.25714 3.2874 3.34139 3.71429 3.74821 5.0833 
53 1.50476 1.5189 1.7711 3.27619 3.30641 3.38869 3.82857 3.864 3.67328 
54 1.65714 1.67273 2.01385 2.8381 2.86448 3.00592 3.48571 3.51772 3.51905 
55 1.37143 1.38441 1.75927 2.66667 2.69161 2.68984 3.73333 3.76757 3.76134 
56 1.40952 1.42277 1.63044 2.93333 2.9604 3.11497 2.97143 2.99909 3.13061 
57 0.990476 0.99994 1.5646 2.28571 2.30705 2.35832 3.31429 3.3449 4.37235 
58 1.10476 1.11522 1.5646 2.41905 2.44144 2.66453 2.34286 2.36466 2.45554 
59 1.08571 1.09597 1.5646 2.20952 2.23015 2.33165 2.34286 2.3647 2.58486 
60 1.25714 1.26878 1.78099 2.45714 2.47982 2.56946 2.8381 2.86417 2.9909 
61 0.87619 0.884498 1.5646 2.26667 2.28769 2.36059 2.85714 2.88357 3.0646 
62 1.04762 1.05753 1.5673 1.75238 1.76874 2.10916 2.91429 2.94094 3.109 
63 0.742857 0.74989 1.5646 1.67619 1.69187 1.81174 2.57143 2.59521 2.65838 
64 1.12381 1.13435 1.56841 2.09524 2.11482 2.18816 2.74286 2.76767 2.84681 
65 1.12381 1.13443 1.5646 2.47619 2.49916 2.70721 3.21905 3.24884 3.28738 
66 1.9619 1.98023 2.24392 3.18095 3.21028 3.24823 3.86667 3.90194 3.94896 
67 1.65714 1.67256 1.89879 3.52381 3.55615 3.54879 4.81905 4.86264 4.74084 
68 2.45714 2.48003 2.73307 4.45714 4.4977 4.42688 5.61905 5.6697 5.42275 
69 2.05714 2.07653 2.18332 4.45714 4.49741 4.41807 5.18095 5.22856 5.04647 
70 2.99048 3.01816 3.19313 5.65714 5.70806 5.44195 6.8381 6.89999 6.49349 
71 3.27619 3.3064 3.59399 6.53333 6.59165 6.19859 7.42857 7.49403 6.95656 
72 3.94286 3.97937 3.98522 6.81905 6.87605 6.55421 8.55238 8.62382 8.12852 
73 3.6 3.63334 3.54941 7.94286 8.01158 7.6802 8.68571 8.75198 8.5107 
74 3.90476 3.94083 3.94479 8.49524 8.56619 8.30048 8.78095 8.84686 8.19026 
75 3.5619 3.59481 3.6547 9.5619 9.63126 8.93299 9.27619 9.35129 8.5902 
76 3.44762 3.47938 3.5873 8.57143 8.64262 8.10862 9.48571 9.56161 9.03712 
77 4.64762 4.69001 4.59306 8.28571 8.35203 7.7051 8.3619 8.43546 7.79244 
78 3.39048 3.42181 3.44301 7.9619 8.03067 7.5232 8.8381 8.90565 12.5544 
79 3.35238 3.38344 3.47224 7.69524 7.75369 7.47293 8.8381 8.90119 8.31766 
80 3.2 3.22976 3.37665 7.52381 7.59043 7.08818 8.87619 8.93434 8.26681 
81 3.75238 3.78629 3.81599 6.78095 6.84214 6.43413 7.65714 7.72057 7.26428 
82 3.2 3.22976 3.25785 6.68571 6.74389 6.31477 7.14286 7.20351 6.7489 
83 3.29524 3.32541 3.42495 5.88571 5.93848 5.76973 6.17143 6.22615 5.92815 
84 3.08571 3.11435 3.14604 6.55238 6.61046 6.18676 6.87619 6.93771 6.49876 
85 3.02857 3.0565 3.22225 6.38095 6.43857 6.07691 6.70476 6.76446 6.64958 
86 2.62857 2.65279 3.93486 5.92381 5.97775 5.63798 7.04762 7.1098 6.75349 
87 2.66667 2.69147 2.90177 6.3619 6.41644 6.09767 6.81905 6.88034 6.45355 
88 2.07619 2.09557 2.36148 5.71429 5.76559 5.49008 6.57143 6.62749 6.3619 
89 2.8381 2.86449 2.97679 6.30476 6.36034 5.96113 6.0381 6.09324 5.83468 
90 2.15238 2.17248 2.40511 5.10476 5.15158 4.92683 6.17143 6.22778 5.94831 
91 2.38095 2.4033 2.6651 5.21905 5.2661 5.07773 6.11429 6.16839 5.85323 
92 2.01905 2.03798 2.2828 4.47619 4.51752 4.42476 7.29524 7.36012 6.92408 
93 1.88571 1.90321 2.32635 4.53333 4.57492 4.38486 6.22857 6.28459 5.9467 
94 2.20952 2.23004 2.50177 4.07619 4.11366 4.08522 6.41905 6.47733 6.13082 
95 1.86667 1.88417 2.20707 4.30476 4.3445 4.25135 6.30476 6.36043 6.05314 
96 2.11429 2.13414 2.23275 4.3619 4.40207 4.23975 4.91429 4.95928 4.8395 
97 1.82857 1.84563 2.07799 4.01905 4.05609 4.0066 5.65714 5.708 5.45196 
98 1.48571 1.49965 1.7711 3.94286 3.97901 3.90104 4.93333 4.97828 4.85927 
99 1.80952 1.82634 2.18781 4.0381 4.07544 3.92829 4.93333 4.9786 4.92086 
100 1.37143 1.38437 1.77404 3.58095 3.61406 3.62159 4.26667 4.30554 4.2614 
101 1.61905 1.63429 2.00431 3.86667 3.90241 3.85511 4.62857 4.67124 4.55243 
102 1.44762 1.46128 1.86481 3.65714 3.69085 3.70106 3.94286 3.9786 3.97567 
103 1.65714 1.67271 1.88265 2.87619 2.90291 3.01482 4.32381 4.36366 4.27585 
104 1.12381 1.13439 1.5646 3.39048 3.42217 3.33777 3.65714 3.69102 3.69435 
105 1.52381 1.53812 1.78922 3.29524 3.32543 3.21261 3.25714 3.28712 3.3603 
106 1.37143 1.38439 1.67456 3.31429 3.34499 3.2755 3.35238 3.3832 3.47829 
107 1.12381 1.13441 1.5673 2.78095 2.80635 3.17871 3.6 3.63277 3.6562 
108 1.35238 1.36507 1.68909 2.09524 2.1146 2.20076 3.14286 3.17194 3.21551 
109 0.952381 0.96139 1.5673 2.30476 2.32632 2.53977 3.08571 3.11418 3.24321 
110 0.990476 0.999841 1.56602 2.05714 2.07635 2.3191 3.06667 3.09435 3.18255 
111 0.742857 0.749958 1.5646 1.42857 1.44204 1.57946 3.2381 3.26806 3.36943 
112 1.04762 1.05742 1.56841 1.73333 1.74956 1.85486 3.18095 3.2101 3.38235 
113 1.27619 1.28816 1.56664 2.4 2.42237 2.60056 3.75238 3.78648 3.83514 
114 1.37143 1.3843 1.77917 2.68571 2.71058 2.85326 4.17143 4.20929 4.16683 
115 1.98095 1.9996 2.24129 3.35238 3.38338 3.46551 4.8 4.84423 4.6829 
116 1.86667 1.8842 2.26059 4.05714 4.09401 4.06896 5.77143 5.82213 5.50399 
117 2.01905 2.03792 2.20433 4.57143 4.61332 4.53943 5.46667 5.5164 6.67593 
118 2.62857 2.65322 2.82102 5.37143 5.41986 5.18718 6.17143 6.22672 5.84532 
119 2.51429 2.53747 2.82506 5.48571 5.53473 5.32128 7.25714 7.3206 6.81085 
120 2.85714 2.88385 2.84723 6.11429 6.16868 5.93566 8.09524 8.15914 7.58133 
121 3.73333 3.76748 3.79064 5.5619 5.6124 5.37066 8.85714 8.93039 8.29345 
122 3.65714 3.69037 3.74635 7.02857 7.08951 6.61298 8.28571 8.35707 7.81074 
123 3.73333 3.76751 3.83715 7.21905 7.28184 6.78523 10.2095 10.2794 9.37757 
124 3.58095 3.61393 3.64527 6.24762 6.30342 5.95952 9.18095 9.24989 9.15001 
125 3.69524 3.72956 3.60458 6.53333 6.58986 6.2179 9.2381 9.29657 8.56587 
126 3.2 3.2296 3.3213 5.94286 5.99561 5.63371 8.51429 8.58342 9.10352 
127 3.67619 3.71001 4.89133 6.07619 6.13067 5.85239 8.59048 8.65809 9.06318 
128 3.42857 3.4603 3.5095 5.84762 5.90061 5.60416 8.07619 8.14446 7.53736 
129 2.93333 2.96056 3.08006 5.67619 5.72738 5.38296 7.90476 7.96699 7.56341 
130 2.74286 2.76842 2.92952 5.33333 5.38173 6.33295 6.51429 6.5725 6.14195 
131 2.60952 2.63368 2.79631 5.1619 5.20848 5.04563 6.81905 6.87906 6.47279 
132 2.99048 3.01807 3.20907 4.8381 4.88275 5.60275 6.81905 6.87997 6.39374 
133 2.59048 2.61462 2.8098 5.40952 5.45857 5.33491 6.89524 6.95264 6.51952 
134 2.30476 2.32637 2.41946 5.12381 5.17014 4.97921 6.4381 6.49556 6.11566 
135 2.59048 2.61476 2.61063 5.00952 5.05539 4.71202 6.62857 6.68722 6.21437 
136 2.24762 2.26864 2.39311 4.99048 5.03585 4.92379 6.3619 6.41752 6.26787 
137 2.34286 2.36481 2.62097 4.87619 4.92043 4.62709 6.24762 6.30396 5.96377 
138 1.94286 1.96081 2.34125 4.55238 4.59421 4.46452 5.98095 6.03561 5.70246 
139 2.09524 2.11452 2.44942 4.62857 4.67067 4.56008 7.12381 7.18781 6.7723 
140 1.86667 1.88411 2.25895 4.11429 4.15233 4.09356 6.4 6.45758 6.14076 
141 1.6381 1.65359 1.92367 4.55238 4.59411 4.51435 6.59048 6.64709 6.46726 
142 1.44762 1.46129 1.74174 4.59048 4.63234 4.5024 5.58095 5.63191 5.35174 
143 1.04762 1.05756 1.5646 4.0381 4.0755 4.04009 5.73333 5.78567 5.58911 
144 1.6381 1.6535 2.05103 4.24762 4.28679 4.12014 5.37143 5.41691 5.2271 
145 1.00952 1.01908 1.5646 4 4.03694 4.03733 4.99048 5.03591 4.96423 
146 1.27619 1.28826 1.82502 4.07619 4.11384 4.06428 5.46667 5.51691 5.28407 
147 1.21905 1.2305 1.5646 3.48571 3.51812 3.49932 5.1619 5.20847 5.07165 
148 1.2381 1.24983 1.59397 3.48571 3.51793 3.4245 4.57143 4.61336 4.54951 
149 1.2 1.21123 1.59397 3.2 3.23004 3.15414 4.20952 4.24813 4.14668 
150 1.29524 1.30753 1.5646 3.52381 3.55678 4.53567 4.8 4.84299 4.76381 
151 0.895238 0.903786 1.5646 2.51429 2.5377 2.57914 3.27619 3.30632 3.27665 
152 0.914286 0.923008 1.5646 2.53333 2.55688 2.60158 3.48571 3.51794 3.60504 
153 1.00952 1.01903 1.5646 2.49524 2.5184 2.59924 2.87619 2.90295 2.88522 
154 0.761905 0.769217 1.5646 1.80952 1.82663 2.21116 2.62857 2.65305 2.65042 
155 0.780952 0.788416 1.5646 1.6381 1.65353 1.80277 2.60952 2.63376 2.8142 
156 0.87619 0.884519 1.5646 2.22857 2.24943 2.45372 2.70476 2.72989 2.73057 
157 0.571429 0.576917 1.56559 1.75238 1.76887 1.91354 2 2.01878 2.30331 
158 0.761905 0.769186 1.5646 1.79048 1.80726 1.91085 1.86667 1.88393 2.20707 
159 0.628571 0.634629 1.5646 1.75238 1.76883 2.08897 2.32381 2.34563 2.52301 
160 1.00952 1.01908 1.5646 1.80952 1.82646 1.9404 2.8381 2.8644 3.01523 
161 1.08571 1.09596 1.5673 2.30476 2.32637 2.37534 3.37143 3.40237 3.49989 
162 1.71429 1.73033 2.11425 3.54286 3.57563 3.63953 4.38095 4.42133 5.96098 
163 1.80952 1.82658 2.17086 5.04762 5.09328 5.01799 5.06667 5.11223 4.98684 
164 2.7619 2.78761 2.99205 5.25714 5.3045 5.17047 6.78095 6.84005 6.69428 
165 3.2 3.22955 3.34025 5.9619 6.01629 5.7895 7.44762 7.51293 7.11177 
166 3.77143 3.80593 3.84568 7.54286 7.6056 7.08128 7.50476 7.5603 7.1128 
167 4.49524 4.53598 4.46326 8.41905 8.48324 7.90721 9.21905 9.2851 8.50951 
168 4.30476 4.34418 4.25011 9.10476 9.17192 8.48801 9.6381 9.71334 8.89319 
169 4.74286 4.78632 4.71178 8.8 8.87393 8.57493 10.4 10.4583 10.793 
170 4.95238 4.99786 4.84735 8.7619 8.83481 8.18411 10.7048 10.7296 10.0439 
171 5.48571 5.53532 5.27596 10.3619 10.4302 9.557 10.4 10.4492 9.58879 
172 4.7619 4.80551 4.73075 9.46667 9.52094 8.82628 10.5714 10.6261 11.4178 
173 4.99048 5.03619 4.93106 9.61905 9.69035 8.95172 8.60952 8.67752 8.24954 
174 3.92381 3.96022 3.84621 8.47619 8.54571 8.10973 8.91429 8.98551 8.39883 
175 4.19048 4.22873 4.15933 8.01905 8.08565 7.55006 9.10476 9.16319 8.45859 
176 4.13333 4.17074 4.16276 8.05714 8.12602 7.54613 8.95238 9.01947 8.37331 
177 4.20952 4.24789 4.21746 8.60952 8.68199 8.13612 8.26667 8.33582 7.73737 
178 4 4.03628 4.07619 6.8381 6.89721 6.56514 8.74286 8.80503 8.1584 
179 3.75238 3.78692 3.73223 6.32381 6.38012 6.10081 8.07619 8.14058 7.62508 
180 3.69524 3.72909 3.75913 6.34286 6.40023 6.02451 8.05714 8.12451 7.56246 
181 3.12381 3.15234 3.31077 6.97143 7.03151 6.5532 6.64762 6.70546 6.44541 
182 2.8381 2.86438 3.00705 7.1619 7.22269 6.74391 6.89524 6.95232 6.59408 
183 3.40952 3.44116 4.0246 6.28571 6.3424 5.97371 6.51429 6.56687 6.20949 
184 3.06667 3.09491 3.28291 6.38095 6.43808 6.23211 6.32381 6.3808 6.11383 
185 3.14286 3.17205 3.44111 6.66667 6.72319 6.37518 6.38095 6.43781 6.07868 
186 2.81905 2.84496 2.97533 5.92381 5.97585 5.76914 5.98095 6.0339 5.77054 
187 3.04762 3.07566 3.28026 6.15238 6.20762 5.90328 6.26667 6.32241 6.17511 
188 2.20952 2.23001 2.53434 5.08571 5.13182 5.01457 6.95238 7.01364 6.71295 
189 1.82857 1.84573 2.2317 4.93333 4.97816 4.847 6.45714 6.51347 6.2217 
190 2.22857 2.24944 2.48026 4.87619 4.92107 4.777 5.12381 5.17026 4.97524 
191 1.90476 1.92248 2.26059 4.09524 4.13288 4.12507 5.52381 5.57361 5.41181 
192 2.15385 2.15338 2.45205 4.84615 4.84289 4.71303 5.03846 5.03605 4.91332 
193 1.84615 1.84571 2.16512 4.13462 4.13272 4.15007 5.38462 5.38223 5.44846 
194 1.67308 1.67278 2.02342 4.17308 4.17161 4.15604 4.30769 4.30585 4.22959 
195 1.17308 1.17294 1.5646 3.94231 3.94088 3.83427 4.38462 4.38272 4.26593 
196 1.36538 1.36513 1.62788 3.40385 3.40266 3.44284 3.44231 3.44117 3.54538 
197 1.13462 1.1345 1.5646 3.32692 3.32568 3.37614 3.67308 3.6711 3.73699 
198 0.884615 0.884524 1.5646 2.44231 2.44146 2.58656 2.86538 2.86471 2.86842 
199 1 0.999854 1.5646 2.73077 2.72982 2.73906 2.63462 2.63397 2.80806 
200 1.09615 1.09603 1.5646 1.98077 1.98031 2.12667 2.36538 2.36478 2.43397 
201 0.730769 0.730714 1.5646 2.15385 2.15332 2.44189 2.13462 2.13402 2.46409 
202 0.653846 0.653818 1.5646 1.48077 1.48056 1.74174 2.09615 2.09575 2.18533 
203 0.615385 0.615406 1.5646 1.71154 1.71121 2.10343 2.03846 2.03792 2.39338 
204 0.807692 0.807649 1.5646 1.57692 1.57659 1.96669 2 1.99942 2.15268 
205 0.846154 0.84612 1.5646 1.48077 1.48056 1.87344 1.59615 1.59583 1.8732 
206 0.673077 0.673025 1.5646 1.38462 1.3844 1.61304 2.11538 2.11479 2.40287 
207 0.653846 0.653806 1.5646 1.13462 1.13447 1.5646 1.69231 1.69201 1.92367 
208 0.826923 0.826855 1.5646 1.82692 1.82649 1.95159 2.26923 2.26851 2.54717 
209 1.21154 1.21134 1.5646 2.09615 2.09551 2.43832 2.90385 2.90293 3.10983 
210 1.53846 1.53813 1.79871 3.21154 3.21058 3.29737 3.67308 3.67164 3.76952 
211 1.78846 1.7881 2.18326 4.09615 4.09386 4.1111 5.34615 5.34228 5.21803 
212 2.34615 2.34548 2.48225 4.57692 4.57464 4.47273 6.38462 6.3698 6.3823 
213 2.96154 2.96067 3.05553 5.30769 5.3047 5.11072 6.88462 6.88003 6.47402 
214 3 2.99916 3.16821 6.34615 6.34091 6.11805 7.38462 7.37884 7.10718 
215 3.46154 3.46012 3.56338 7.36538 7.36087 6.95887 10.1731 10.1447 9.4248 
216 4.57692 4.57475 4.49307 7.80769 7.79622 9.34702 9.61538 9.59197 8.92718 
217 4.69231 4.68997 4.65389 8.28846 8.27965 7.93078 10.8846 10.8422 10.1492 
218 4.32692 4.32456 4.30664 8.15385 8.14646 7.74434 11.6538 11.5995 10.7126 
219 4.67308 4.67065 4.60041 8.57692 8.55841 8.00833 11.7308 11.6516 10.8171 
220 4.44231 4.4406 4.3848 8.48077 8.46728 7.99651 10.7115 10.6614 10.0635 
221 3.88462 3.88296 3.93408 8.48077 8.46501 7.9078 10.75 10.7083 10.0089 
222 3.48077 3.47888 3.54634 7.65385 7.63886 7.16322 10.1538 10.1008 9.41834 
223 3.69231 3.69103 3.7659 7.59615 7.58785 7.10008 10.1346 10.1064 9.39947 
224 3.34615 3.3447 3.46005 7.55769 7.54831 7.2668 8.90385 8.88621 8.3295 
225 3.69231 3.69089 3.79198 7.51923 7.51109 7.06484 9.03846 9.02031 8.53418 
226 2.76923 2.76822 3.01363 6.51923 6.51437 6.30593 7.98077 7.96967 9.92788 
227 3.34615 3.34491 3.46914 6.51923 6.51491 6.19784 8.03846 8.02207 7.62752 
228 3.11538 3.11371 3.25271 6.03846 6.03312 5.77707 7.01923 7.0124 6.65999 
229 2.92308 2.92198 3.08819 5.01923 5.01684 4.89283 7.96154 7.93803 7.7856 
230 2.96154 2.96049 3.11734 5.76923 5.76554 5.584 7.88462 7.86113 7.4936 
231 3.11538 3.11406 3.30777 6.23077 6.22732 6.0663 7.26923 7.26074 6.88905 
232 2.30769 2.30692 2.56962 5.88462 5.88017 5.68369 7.38462 7.3765 7.03791 
233 2.78846 2.78769 2.95696 5.30769 5.30302 5.13436 7.34615 7.33477 7.06265 
234 2.26923 2.26873 2.36059 5.73077 5.72733 5.53231 6.98077 6.97567 6.61958 
235 2.34615 2.34546 2.61783 5.63462 5.6304 5.47007 6.96154 6.95555 6.53639 
236 2.09615 2.09562 2.44205 6.03846 6.03551 5.78327 6.17308 6.16862 5.91329 
237 1.96154 1.96114 2.2828 6.23077 6.22729 5.96327 5.75 5.74619 5.67862 
238 2.07692 2.0763 2.39226 5.25 5.24753 5.07269 5.30769 5.30495 5.66756 
239 1.63462 1.6342 2.08897 5.38462 5.38022 5.23232 5.03846 5.03528 4.98565 
240 1.69231 1.69186 2.09233 5.5 5.49706 5.46281 4.34615 4.34401 4.35592 
241 1.71154 1.71117 2.08573 5.21154 5.20792 5.16939 4.40385 4.40182 4.36964 
242 1.57692 1.57658 1.7711 4.53846 4.5362 4.43518 3.59615 3.59507 3.68168 
243 1.26923 1.26906 1.5646 3.90385 3.90229 3.93543 3.86538 3.86378 3.94625 
244 1.42308 1.42283 1.87344 4.30769 4.30621 4.23725 3.34615 3.34502 3.39362 
245 1.23077 1.23053 1.5646 3.63462 3.63357 3.67484 2.67308 2.67242 2.65555 
246 1.07692 1.07679 1.5646 3.53846 3.53707 3.58514 2.63462 2.63392 2.86608 
247 1.11538 1.11518 1.5646 3.05769 3.05679 3.04054 1.92308 1.92262 2.09026 
248 1.01923 1.01902 1.5646 2.80769 2.80709 2.96864 2.13462 2.13411 2.40287 
249 0.846154 0.84606 1.5646 2.25 2.24955 2.36193 2 1.9995 2.26059 
250 0.711538 0.711483 1.5646 1.73077 1.73033 2.13429 1.57692 1.57669 2.01639 
251 0.653846 0.653826 1.5646 1.78846 1.78811 1.88131 1.75 1.74954 1.99133 
252 0.576923 0.576903 1.5646 1.55769 1.55749 1.77457 1.78846 1.78805 2.19098 
253 0.365385 0.365447 1.5646 1.55769 1.5574 1.93144 1.61538 1.61491 2.09233 
254 0.615385 0.615363 1.5646 1.80769 1.80734 2.13429 1.46154 1.46115 1.72106 
255 0.634615 0.634574 1.5646 1.51923 1.51887 1.81151 1.65385 1.65341 2.10007 
256 0.634615 0.634596 1.5646 1.92308 1.92258 2.2828 2.19231 2.19149 2.58965 
257 0.730769 0.73075 1.5646 2.44231 2.44128 2.66699 2.71154 2.71084 2.88017 
258 1.07692 1.07667 1.5646 3.21154 3.21022 3.32559 3.76923 3.76751 3.9098 
259 1.40385 1.40351 1.67886 4.38462 4.38288 4.36011 4.71154 4.70871 4.65586 
260 1.98077 1.98041 2.17931 4.69231 4.69029 4.64855 5.51923 5.51595 5.48301 
261 3 2.99894 3.15847 4.92308 4.92033 4.80752 6.55769 6.55301 6.23356 
262 3.15385 3.15256 3.29269 6.67308 6.65966 9.52684 7.19231 7.18656 6.86411 
263 3.57692 3.57558 3.62575 7.73077 7.7236 7.23547 8.86538 8.84084 8.27287 
264 4.17308 4.17119 4.14147 8.59615 8.57941 10.1395 8.78846 8.77205 8.28992 
265 4.05769 4.05595 4.14611 8.15385 8.14088 8.06364 10.5385 10.5069 9.92825 
266 4.40385 4.40128 4.9544 9.19231 9.17368 8.52263 9.71154 9.68897 10.6175 
267 3.88462 3.8829 4.70759 10.0577 10.0315 9.30626 10.3077 10.2763 10.0425 
268 4.05769 4.05576 4.05652 8.15385 8.13856 7.65424 10.1538 10.1207 9.42036 
269 4.46154 4.45926 4.42479 8.13462 8.11984 7.67755 10.1923 10.1452 9.53624 
270 3.46154 3.46036 3.54933 7.90385 7.88632 7.43454 10.2115 10.1721 9.43483 
271 3.67308 3.6719 3.74598 7.61538 7.60272 7.17309 8.57692 8.56533 8.02103 
272 3.21154 3.20981 3.41523 6.78846 6.77966 9.07629 9.71154 9.68382 9.02264 
273 3.48077 3.479 3.58423 7.03846 7.03376 6.62269 8.63462 8.61688 8.12726 
274 3.5 3.49771 3.71321 6.09615 6.09058 5.84155 8.11538 8.10474 8.50504 
275 2.59615 2.59505 2.88239 5.98077 5.97654 5.82314 7.51923 7.5043 7.04211 
276 2.61538 2.61452 2.76006 5.94231 5.93825 5.67764 7.25 7.24107 6.88282 
277 3 2.99882 3.12436 6.13462 6.13078 5.97756 6.57692 6.57101 6.24133 
278 3.07692 3.07572 3.29179 6.44231 6.43573 6.54854 6.51923 6.51445 6.23703 
279 2.63462 2.63377 2.71315 6.36538 6.35837 6.09935 7.15385 7.14699 6.84944 
280 2.71154 2.71073 2.72314 6.21154 6.20723 5.92358 6 5.99523 5.83592 
281 2.13462 2.13398 2.35566 5.94231 5.93776 5.68023 6.90385 6.8977 6.57074 
282 2.78846 2.78779 2.94828 5.48077 5.4784 5.24661 6.51923 6.5155 6.2378 
283 2.17308 2.17242 2.48956 5.28846 5.28502 5.2318 5.90385 5.8994 5.72939 
284 2.44231 2.44155 2.73088 5.30769 5.30506 5.17279 6.09615 6.09177 5.96844 
285 2.15385 2.15325 2.45846 4.42308 4.42123 4.458 5.61538 5.6108 5.48103 
286 2.13462 2.13398 2.42188 4.53846 4.53677 4.47613 5.51923 5.51268 5.32919 
287 2.40385 2.403 2.64309 4.48077 4.47916 4.47088 4.63462 4.63277 4.5291 
288 2.19231 2.19181 2.52975 4.25 4.2484 4.30996 4.67308 4.67116 4.54137 
289 2.13462 2.13391 2.42705 4.65385 4.65192 4.59648 4.36538 4.36345 4.3106 
290 1.71154 1.71124 2.09536 3.55769 3.5566 3.6019 4 3.99789 4.0642 
291 1.75 1.7496 1.96328 3.51923 3.5184 3.45716 4.03846 4.03659 3.97917 
292 1.23077 1.2306 1.5646 3.53846 3.53718 3.60121 2.94231 2.94122 3.05627 
293 1.38462 1.3844 1.83979 3.61538 3.61448 3.463 2.88462 2.88352 2.89064 
294 1.48077 1.48038 1.77179 2.53846 2.53789 3.30083 2.73077 2.72985 2.93353 
295 0.923077 0.922899 1.5646 3.13462 3.13373 3.12906 2.28846 2.28773 2.44164 
296 1.21154 1.21131 1.59378 2.19231 2.19179 2.30699 2.51923 2.51851 2.69039 
297 0.903846 0.903738 1.5646 2.51923 2.51854 2.75895 1.92308 1.92278 2.15566 
298 1.11538 1.11527 1.5646 2.09615 2.09546 2.35225 2.01923 2.01863 2.35288 
299 0.807692 0.807645 1.5646 1.59615 1.59587 2.52359 1.78846 1.78806 2.11938 
300 0.653846 0.653718 1.56497 1.90385 1.90349 2.20707 1.76923 1.76882 2.18781 
301 0.634615 0.634571 1.5646 1.48077 1.48043 1.90654 1.78846 1.78808 2.18781 
302 0.673077 0.673053 1.5646 1.30769 1.30747 1.65979 1.80769 1.80721 2.25319 
303 0.596154 0.596157 1.5646 1.51923 1.51882 1.80721 1.86538 1.86496 2.18398 
304 0.846154 0.845989 1.56841 1.61538 1.61503 2.09233 2.40385 2.40313 2.67053 
305 1.17308 1.17291 1.5646 1.84615 1.84566 2.18781 2.69231 2.69145 2.93248 
306 1.34615 1.34572 1.64258 2.69231 2.69146 2.75751 3.90385 3.90266 3.89051 
307 1.84615 1.84579 2.1693 3.55769 3.55608 3.46067 5.11538 5.11218 4.98385 
308 2.38462 2.3839 2.47682 4.96154 4.95946 4.75174 6.07692 6.07144 7.93922 
309 2.86538 2.86436 3.08786 4.78846 4.78626 4.73334 7.42308 7.40797 7.02448 
310 2.82692 2.82591 3.06085 6.51923 6.51534 6.22568 8.71154 8.69867 8.13339 
311 3.48077 3.47854 3.63104 5.46154 5.45864 5.26029 8.69231 8.68329 8.17015 
312 4.21154 4.20932 4.15718 7.61538 7.60974 7.18712 9.96154 9.91607 9.25785 
313 4.28846 4.28644 4.73494 7.30769 7.30079 7.00153 10.9231 10.8712 10.0612 
314 3.82692 3.82517 3.87123 8.23077 8.22073 7.8043 11.5962 11.539 10.6506 
315 4.21154 4.2088 4.2897 8.90385 8.88202 8.36513 10.4231 10.3917 13.1714 
316 3.92308 3.92137 3.9382 7.11538 7.10724 6.78657 11.2692 11.2026 10.3573 
317 4.36538 4.36328 4.30324 7.65385 7.64788 7.26567 11.4038 11.3352 10.5517 
318 3.30769 3.30624 3.47956 6.65385 6.64769 6.3012 10.4615 10.4218 9.70905 
319 3.42308 3.42159 3.5523 6.78846 6.78256 6.47432 10.4615 10.4124 9.64956 
320 3.32692 3.32586 3.41885 6.65385 6.64881 6.446 9.53846 9.51309 8.92524 
321 2.98077 2.97933 3.02299 7.13462 7.12817 6.78004 9.05769 9.02133 8.72514 
322 2.98077 2.97967 3.12965 5.86538 5.86237 5.71964 7.65385 7.64275 7.36115 
323 2.71154 2.71061 2.90621 5.96154 5.95712 5.70285 7.38462 7.37551 7.06767 
324 2.55769 2.55694 2.76245 6.28846 6.28374 5.96446 8.82692 8.79909 8.3567 
325 2.51923 2.5185 2.77574 5.21154 5.20915 5.04958 8.01923 7.98892 7.77527 
326 1.75 1.7497 2.13429 5.78846 5.78441 5.56446 7.94231 7.93188 7.43986 
327 2.40385 2.40312 2.68591 4.84615 4.84416 4.67047 7.44231 7.43506 7.03291 
328 2.76923 2.76839 2.97019 5.48077 5.47632 8.09324 7.03846 7.03301 6.60637 
329 2.59615 2.59437 3.0005 4.55769 4.55594 4.45599 7.13462 7.12738 6.79981 
330 2.51923 2.51832 2.72514 4.84615 4.84371 4.70324 7.05769 7.04917 6.74051 
331 2.25 2.24919 2.5321 5.25 5.24708 5.14442 6.17308 6.16864 5.89472 
332 2.01923 2.01871 2.33977 4.61538 4.6133 4.56643 6.42308 6.41895 6.13244 
333 1.98077 1.98034 2.26059 5.19231 5.18982 5.04393 6.30769 6.30162 6.09676 
334 1.61538 1.61515 1.92367 4.96154 4.95907 4.83039 5.46154 5.45818 5.29575 
335 1.55769 1.55738 2.01182 4.76923 4.76731 5.52148 5.55769 5.55449 5.41687 
