0 -23.010723604624584 -43.47492977158265 0 4.321869366217472 0.074521345462107 0.0 5397.5075990258265 51.56385338112558 70 0.028272680871503076 249 0.014169529879614406 201 0.03178448614340933 261 0.016824496632410913 214 0.032687487061620946 204 0.01776075577223723
1 -22.911029661362196 -43.68692967206421 3 1.489539936231052 0.615408603083731 0.0 56811.647067823505 7102.746934109211 206 0.033796803391229334 94 0.02161021825139971 156 0.028700100029501668 96 0.020410526289325402 294 0.020329694886321945 15 0.027834096777121703
2 -22.988397325095452 -43.35737494958718 0 4.417049900193077 0.123445832940316 0.0 5791.2324394756915 2241.488079395089 273 0.015357076193329131 65 0.03035236599053029 284 0.020821546519923902 66 0.009617491343949054 197 0.025866141775985643 229 0.030110930327114798
3 -23.05979708358757 -43.146659111742295 0 0.166797796552663 0.007516340981292 0.0 0.0 0.0
4 -22.823925517638585 -43.24163589456825 1 0.537612669228417 2.390820057514727 0.0 3952.5532028725456 1018.2039113824906 100 0.018220458650037376 168 0.02005604308922696 104 0.020836411260535037 209 0.03486979163592155 170 0.025126504619362774 51 0.025667903639399855
5 -22.92033947047388 -43.755354949610236 2 1.922789849577358 0.110206185145165 3.266093733694875 0.0 0.0 219 0.020961969534366357 141 0.017721132009305512 101 0.020592300258551247 144 0.02447962670898136 107 0.014095203858540524 198 0.014396675554392621
6 -22.800646634771752 -43.3063366016999 0 0.022272936157376 0.000406186654445 0.0 0.2290449268779028 0.004414869436832597 171 0.011812944527645171 257 0.01901185536317229 46 0.028350588084136766
7 -23.035123471166102 -43.19757014848865 0 0.140000782441326 0.0 0.0 0.0 0.0 258 0.019726517895872438 112 0.03801250704035804 36 0.00960113223285479
8 -22.87425606317762 -43.713623061489415 0 4.604807386305167 0.087071457342926 0.0 115.21862025284858 0.0 122 0.020166816918243836 206 0.03010827541510162 96 0.03832012143098578 216 0.0219970108245807
9 -22.834140259943435 -43.301773356155095 3 0.062947114592164 0.293369925616216 0.058603891878861 366088.6342826829 20533.873077896133 171 0.022173879714749736 189 0.023338951445319958 136 0.019538487022342652 193 0.023184712925857116 173 0.018910116485982693 287 0.028052903251957532
10 -22.86512791784064 -43.36557573383365 3 0.095149503600746 0.672262388160828 0.030397770301941 296034.885238324 2904.8880349112555 246 0.022079507795722056 48 0.019408360874499164 157 0.01969364406750991 13 0.021419850351224474 133 0.02501456939366748 166 0.02242992935481152
11 -22.927719178903487 -43.60340864886002 0 4.51231532203508 0.046735026384686 0.0 5189.3990297750615 586.739666092973 121 0.029039897391548396 218 0.029542905758994854 130 0.020913193067621606 210 0.014637346069498448 285 0.024375320491078954 268 0.02776132866829513
12 -22.81794061942194 -43.15745853191771 4 0.0 0.0 0.0 0.0 0.0 135 0.02127847927859506 137 0.02362225126430218 42 0.016822141747849823 207 0.03608268270173192
13 -22.876532482947347 -43.34744438297952 3 0.139526893625022 0.761495656820251 0.061984171250658 1240504.1683920277 55863.01319144734 10 0.021419850351224474 123 0.017673862680177115 44 0.026141305468634485 157 0.02176724767034855 266 0.021722045324821002 166 0.026110821251743334
14 -22.932606801673366 -43.65612196478067 0 2.359781516746028 0.22022652254234 0.046453586231066 33325.344655755514 11950.036177489896 59 0.020054423078191545 218 0.02464001199477608 220 0.02329976843355117 162 0.028840502878384286 268 0.026929024136914295 15 0.01367053776798647
15 -22.919643470514707 -43.66046197032639 3 1.535998716314071 0.315764122252402 0.0 61946.45487173512 6160.413902244465 59 0.00897111432147825 1 0.027834096777121703 94 0.030110346785720995 156 0.019069539430266343 162 0.032897999832935385 14 0.01367053776798647
16 -22.812400962553426 -43.33820598350249 1 0.810777326848868 1.63821184177613 0.547972581780723 150339.82265554063 33353.084000638475 257 0.015007449188860131 193 0.019256474563294147 233 0.02198576397977374 177 0.026077292112750273 111 0.028998912915442408
17 -22.969814006460126 -43.4287434358303 0 5.212036884476394 0.0 0.0 76.05515553282142 97.62967411565445 255 0.033180523962956884 205 0.02333734443170529 75 0.04012768408548771 76 0.02480130788939041 234 0.03563067958623367 179 0.015381127781595567
18 -22.858452905537234 -43.59873949281932 0 0.05783310135411 0.0 0.0 0.0 0.0 119 0.024388645079042013 191 0.013587432002186237 55 0.032795793848751274 296 0.017290000183837223
19 -22.983870406036502 -43.223270904107636 3 0.419812186130138 0.416024523757233 0.0 105095.58938957457 0.0 25 0.03318330049639976 40 0.0165164244824627 275 0.018060500693229172 253 0.01592278684137911 270 0.03194490399686486
20 -22.910555188344865 -43.28138733697159 3 1.01947989763759 0.461807666500715 0.002367412961604 1174597.1984443497 230599.4232080805 126 0.017988726187230807 256 0.019977099111265613 120 0.022597343336613902 202 0.02685240119397308 163 0.013551926313284 187 0.022444222609236213
21 -23.03021095631565 -43.278387977814376 0 0.002107744359597 0.0 0.0 0.0 0.0 54 0.02088214742837784 176 0.002530957085904739 33 0.028591783684238606 108 0.03608152144616728
22 -22.86065980167615 -43.42726951826833 0 4.793366727846205 0.034068818153128 0.005139020629395 6091.043527130693 1621.2517027099 223 0.036742426925515756 62 0.019444329277448175 63 0.03051367468925153 186 0.03105996744252767 67 0.01439718477642702 203 0.022755917113385295
23 -22.81915762524433 -43.190493507680884 3 0.770943105438377 0.191593129985011 0.018862502169125 8245.565009300417 339.8328316281169 135 0.01242322153176323 42 0.022671597643202934 209 0.019742280793616923 149 0.015275528284125504 51 0.039339005422658106
24 -22.99965312656695 -43.26660938949661 3 0.047380722414775 0.149586994010136 0.0 404.05833790997383 0.0 245 0.011045535073793666 54 0.02635367540436733 251 0.005517262937323097 275 0.02935162156568625 176 0.031377704508109006
25 -22.990294320177746 -43.19071533992975 0 0.011493381405265 0.009262699145014 0.0 0.0 0.0 148 0.003608648411189883 19 0.03318330049639976 118 0.0317946331239572 36 0.03770829577138325 270 0.012472122209422353
26 -23.054757130651588 -43.57815091800849 0 2.330323997107494 0.138163164340743 0.0 0.0 0.0 271 0.024264395970289017 272 0.015117768951907988 71 0.02156296788636772 169 0.02569157677741061
27 -22.953637070865454 -43.56284148331608 0 4.063848927744074 0.04282880003529 0.239478162115719 6885.453463597854 3038.4057855193732 188 0.011559494650558357 127 0.025939952088142895 60 0.016643593240580224 56 0.013973717062155673 130 0.03215120046740925 289 0.033259725385000743
28 -22.924096366488204 -43.17268523446073 3 0.513039456837123 1.007148833915599 0.0 158789.61809822224 7401.110289461344 74 0.018285595297278433 102 0.0158471267215597 64 0.025270947328530195 195 0.02509058914472619 35 0.029533156288910716 132 0.022417840684586295
29 -22.776819792967153 -43.13825013832489 0 0.001287696571406 0.0 0.0 0.0 0.0 283 0.027411823527706682 140 0.019555808091036783 61 0.03234595307915243 184 0.04000895469623802 31 0.023023853095314017 254 0.03393305085884062
30 -22.98972992637528 -43.593739991105636 0 3.948101159315846 0.280314226803133 0.0 10925.097347641695 1221.3904836701777 60 0.032003358611089223 293 0.02391655065556475 41 0.016238542129783807 155 0.021671509913138678 146 0.03656105410777495 289 0.01425536074834496
31 -22.78254345352132 -43.16055120379754 0 0.40527895101674 0.344773377390008 0.0 10.108156918536599 0.0 113 0.009945261096964482 109 0.020639003137407984 29 0.023023853095314017 137 0.0128260912423384 140 0.012967819309614182 61 0.04409785412335272
32 -23.02746437692159 -43.6069729104473 0 3.508209734425759 0.0 0.0 0.0 0.0 271 0.026269823855859697 71 0.021261969613783696 41 0.0353074982891956 155 0.031092746656835753 175 0.035127657395901485 208 0.02057310725777745
33 -23.037510048326016 -43.306032386834474 0 0.087833086750114 0.0 0.0 0.0 0.0 182 0.0323720533139909 54 0.029873100986750462 276 0.010238241166027333 21 0.028591783684238606 108 0.010302516839791916 69 0.03261339019198636
34 -22.926410755632133 -43.51046624402921 0 5.229899304983182 0.0 0.0 28.395544209422898 0.0 147 0.01750231384068334 250 0.013104667438605479 230 0.03738574434167854 232 0.03596028976045706 117 0.033521827244370486 58 0.04576964820171739
35 -22.91290609068467 -43.20001626166108 3 0.319944218804103 1.804201173330723 0.0 197617.00800753178 34281.88535012752 28 0.029533156288910716 74 0.02465522798199235 142 0.026287666544634675 211 0.016102760497127003 132 0.022446304849270692 164 0.016237856190068126
36 -23.026402043349364 -43.20158492581625 0 0.127349077146747 0.0 0.0 0.0 0.0 25 0.03770829577138325 258 0.019348638648447863 7 0.00960113223285479 118 0.019137641685011076
37 -22.950352005344218 -43.3722213702491 3 1.547184453026019 0.312267248442995 0.846810460494756 279812.22537338414 40406.263908819936 145 0.024991480534800898 284 0.026298134681763462 264 0.012847234595386342 72 0.03458905593308925 197 0.02422239954394614 178 0.020122891159470375
38 -22.99763369639401 -43.43165398105728 3 1.928048775365191 1.111972013841595 0.0 43563.567663227754 1457.2619148405272 90 0.020778348416833282 70 0.02626395333431153 114 0.020226107506873595 205 0.005322992837611218 261 0.03197720790203445 57 0.025635434725718883
39 -22.909282109153168 -43.37128292006321 0 2.634996479172708 0.253907090646513 0.0 56856.09581100976 29086.193086070038 91 0.02062839908112369 217 0.017801465826642233 266 0.02377332296832125 49 0.016517723217285583 178 0.02096346601419279 166 0.02251169060907193
40 -22.974089971522446 -43.23658012566268 0 3.701620963287717 0.216681798211717 0.0 49979.786076616474 9245.563083953151 245 0.028403250830545793 275 0.02071663763961747 19 0.0165164244824627 128 0.031988559523635864 174 0.029523399169930773 253 0.014790860415384665
41 -23.001729804207784 -43.5827995531571 0 5.211944228657602 0.073297319988152 0.0 5.059365261433634 0.0 271 0.028981328877764306 30 0.016238542129783807 155 0.03161211425935303 32 0.0353074982891956 146 0.026664416801874168 280 0.02066064855491055
42 -22.82904746191869 -43.17009271185695 0 0.211902544619824 0.062854731294034 0.160311417436165 28.81670066889849 0.0 135 0.015949700064039438 12 0.016822141747849823 23 0.022671597643202934
43 -23.00284320451575 -43.51322715364917 0 4.920568141801653 0.050227577366731 0.0 372.0860794239158 53.42677408308845 143 0.03185048142868417 225 0.026100323759483485 295 0.022917516387679658 214 0.019478315920166668 89 0.03011587304392385 204 0.027178527256985534
44 -22.887793971505385 -43.323853140386944 3 0.689004310477596 0.573989720020994 0.0 271451.41262568574 30917.970802718315 256 0.02840118613732167 73 0.02986648653863441 123 0.023515221530020745 266 0.02839237954459014 13 0.026141305468634485 215 0.012823551755097922
45 -22.989114825357518 -43.30846435762341 0 3.142399328322508 0.546486398144138 0.028434079030529 25247.389222980186 8916.270646488643 53 0.02396555796836386 115 0.028921382837029972 182 0.018261157003361613 251 0.03769806312735376 65 0.02897276042258954 229 0.025451099598220932
46 -22.808997852786344 -43.2792439273692 1 0.240747549448545 0.733924849431825 0.050531106743841 218.45541044550453 0.0 171 0.02739820343400291 100 0.02333153537241926 136 0.015957772222014496 6 0.028350588084136766 265 0.028566576783772116
47 -22.985987157648573 -43.70558498144466 0 0.010270712778741 0.0 0.0 0.04008918825691805 0.0 286 0.012998071876292037 196 0.016008844679345723 88 0.020280216238189503
48 -22.875418146408606 -43.38203160414955 1 1.633118610425052 3.449624057730498 0.0 1052.2399120463015 0.0 10 0.019408360874499164 62 0.02817055732492055 241 0.032730607215780604 49 0.03239552084649771 133 0.022280492269463076 166 0.015510115493609688
49 -22.90731685998501 -43.387683315667886 0 3.757636861854834 0.125530306542784 0.0 12029.079167950345 93.63202699852624 217 0.011668922965127334 39 0.016517723217285583 241 0.03349495440887106 212 0.020067052709887935 48 0.03239552084649771 166 0.026176146819940762
50 -22.9738077740988 -43.66855130900999 0 4.305986616466877 0.125177024309161 0.0 6033.094504768599 276.064998742129 199 0.010633968057732448 281 0.02047565202397374 220 0.025092067481168656 286 0.028853500048042463 162 0.03302539949755884 180 0.02829483621845834
51 -22.841465557537763 -43.2228958764899 0 0.173467011398486 0.0 0.0 0.678785231437051 0.0 4 0.025667903639399855 209 0.03265757482104719 97 0.020792644216399193 170 0.02383402769435834 23 0.039339005422658106
52 -22.946826476469106 -43.72627811309454 0 2.930417554354664 0.052583553702366 0.0 0.0 0.0 219 0.0344342344958571 107 0.030215635026058996 242 0.005072331006453647 88 0.030280817414463954
53 -22.968110877183605 -43.29692390140008 0 5.049701854949887 0.0 0.0 894.5449356439656 49.05882189969245 181 0.0399235613949117 115 0.014391397165154918 192 0.02202189836567426 45 0.02396555796836386 65 0.035128404656821856 68 0.0160326904252538
54 -23.01257859034907 -43.28957563850109 3 0.247634554824599 0.005401581697514 0.0 263.0077581679304 0.0 24 0.02635367540436733 182 0.025833274282652523 251 0.022129299383249312 176 0.02182881190731924 21 0.02088214742837784 33 0.029873100986750462
55 -22.84162871666689 -43.57058792513607 0 2.688271990526234 0.0 0.0 5.728200401912387 7.126766624731536 119 0.022862160522738414 291 0.017730804974158812 18 0.032795793848751274
56 -22.944426616068498 -43.55233280637907 0 5.243180752375012 0.0 0.0 23.54600848332984 0.0 188 0.0143107005996093 27 0.013973717062155673 250 0.03388056293349745 127 0.029881019667750273 226 0.020243206055652038 278 0.03549891013807952
57 -23.007831276805025 -43.4081340986737 0 1.949989914649109 0.403105764371358 0.0 2629.233052647226 0.0 90 0.008301801804408019 114 0.03201845343288297 38 0.025635434725718883 282 0.020332712070917483
58 -22.9405447160772 -43.46693359124252 0 5.298249326305529 0.0 0.0 0.016442333846138177 0.0 255 0.014936524561883789 230 0.03056237039921506 232 0.02553060652344441 103 0.03192446305196215 34 0.04576964820171739 279 0.0256685855245151
59 -22.912588395045077 -43.6549205984487 0 2.764445361181581 0.478324786107811 0.196856819007969 25095.50213634797 10247.720728252154 14 0.020054423078191545 156 0.013122094169144147 159 0.029319775530513324 83 0.027539480140052724 268 0.026395474032987247 15 0.00897111432147825
60 -22.968924309114207 -43.56942248192448 0 4.37634388047984 0.18569092174605 0.103440556815312 4903.541489107522 0.0 27 0.016643593240580224 30 0.032003358611089223 127 0.023497223079551783 143 0.03591861651037037 146 0.02749627969769643 289 0.018122480193037766
61 -22.80518945201033 -43.122712341622254 0 0.008789777239756 0.006931126486731 0.0 0.0 0.0 29 0.03234595307915243 137 0.034646848151180826 31 0.04409785412335272 184 0.028010083762315167 207 0.0015621639639756802 82 0.00514370166599337
62 -22.86588915699341 -43.40854157700359 1 1.684982825264373 2.414132480625589 0.032281332602622 30639.495666399245 1931.7428152081518 63 0.02688510641221581 241 0.02020475759989348 67 0.024751516783932583 22 0.019444329277448175 48 0.02817055732492055 133 0.023810801723485604
63 -22.839164062863368 -43.40561270511556 0 2.655303975305097 0.395013378620249 0.0 83098.82760634387 925.0228507581418 290 0.015236257445118034 62 0.02688510641221581 186 0.01570101911611214 131 0.011915633544837071 22 0.03051367468925153 133 0.023028403612909733
64 -22.944681713761245 -43.15802698570688 0 0.202771417535325 0.079995011611636 0.0 76.43865880275142 0.0 28 0.025270947328530195 102 0.03395000428693068 195 0.02731954200560473 152 0.014448548300267405
65 -22.97199357849828 -43.33183707146861 0 3.631804568334345 0.155741481553357 0.0 60071.911489818965 32198.603015940545 181 0.019247261640303093 53 0.035128404656821856 2 0.03035236599053029 45 0.02897276042258954 197 0.021705501855356673 229 0.029946924924354083
66 -22.995351649115083 -43.36401825578071 1 1.482594997337046 2.073140343075749 0.0 36930.406038291745 0.0 282 0.025519187117527424 273 0.016139644619479847 2 0.009617491343949054 284 0.021523990816266186 160 0.03441102717858176 86 0.014087969805112309
67 -22.87432144877769 -43.43181246092256 3 0.204989138328867 0.970675571946585 0.024438277825195 619537.3292645285 87399.1314707196 93 0.019465655256814082 62 0.024751516783932583 241 0.021784918989382205 22 0.01439718477642702 228 0.02407689644637998 203 0.021394141557708996
68 -22.96418769253379 -43.28137861965688 0 5.187112652184554 0.008838182320291 0.0 59.52266794986281 1.9354269046279151 53 0.0160326904252538 115 0.010119428958401488 247 0.03654921903038519 192 0.033148807131269664 128 0.018093757010142177 163 0.04035821449087353
69 -23.010776912321802 -43.32471319675254 3 0.129558143652324 0.038589697611212 0.0 4699.027828933305 0.0 182 0.011027236348509406 273 0.026083918906210705 276 0.027846482880751065 33 0.03261339019198636 229 0.010570293412291591
70 -22.989246582633566 -43.4565427650275 0 3.610136509110173 0.273851953838808 0.009076625590696 14775.060227336206 2604.428220109666 205 0.028033042908491537 38 0.02626395333431153 201 0.02621145325408064 261 0.025666730386371635 234 0.013443565251798644
71 -23.046834668695027 -43.59820574736741 0 4.657821856108269 0.037410719409527 0.0 0.0 0.0 271 0.023697867841662477 26 0.02156296788636772 208 0.03132621019384031 32 0.021261969613783696 85 0.035244582717945845
72 -22.941621130771978 -43.33875236041095 3 1.133894526997197 0.434172851500897 0.030059903310297 37863.69425494221 1125.789899060016 181 0.01226483528376665 91 0.02549923188760397 197 0.025121731583271127 235 0.009723830286842613 178 0.035244400446632046 37 0.03458905593308925
73 -22.877621678650325 -43.29577233775893 3 0.242396204839857 0.185268319718165 0.095624748993111 371089.93561550946 34860.097410075505 256 0.02175958530481005 189 0.025840369010872083 123 0.03905963229873673 77 0.0218696874469991 44 0.02986648653863441 187 0.02321873687340637
74 -22.934340282464095 -43.187832022267216 3 2.077917263085261 0.160346650695967 0.0 190846.47787861564 35141.66540442863 28 0.018285595297278433 139 0.024451398178456613 142 0.038105292832136727 195 0.011702204353779135 129 0.022807699373561585 35 0.02465522798199235
75 -22.92974363201428 -43.42659957906402 0 5.06419114417064 0.045832813240182 0.0 1768.2120311818799 354.7364356129896 255 0.03485293691571129 76 0.03472059801900747 17 0.04012768408548771 78 0.022361887116340507 279 0.016494899074800066 237 0.013345605781451279
76 -22.958262917735297 -43.40679628972208 0 4.903145021964868 0.367308259029176 0.00013134258703 257.0464641115736 233.39154945953294 75 0.03472059801900747 17 0.02480130788939041 78 0.03779033770372816 145 0.013200474732012421 264 0.03169525628755786 179 0.015834117821296005
77 -22.867349461293536 -43.276465220428676 3 0.546960664682774 0.424614449184364 0.485351186485569 471744.4656888023 298749.1550427486 189 0.035337261554537626 73 0.0218696874469991 116 0.01721949323018017 173 0.02408760594260304 224 0.020088119791642416 187 0.021575899589516938
78 -22.920476553629484 -43.4062482829477 0 4.138561812860644 0.165053563329556 0.032635735689749 50120.615451367674 1399.838480616225 217 0.020047310650850542 76 0.03779033770372816 75 0.022361887116340507 212 0.006612701482378524 264 0.03263000815797316 237 0.02761732065030445
79 -23.06354604180914 -43.5494913975086 0 3.240669956417112 0.020992051647815 0.0 43.08484204396943 0.0 200 0.007429644265916218 272 0.01727075378482899 169 0.022435939384578562 252 0.038055548823296134 98 0.0358384989993195 227 0.02406864575621505
80 -22.88704250692971 -43.58262902493594 3 0.926449375038213 0.208918401620726 0.028882067831997 98081.03866890236 2681.201129290424 119 0.024214061109512703 191 0.03197469812879347 231 0.01814857154080817 244 0.017250388377771823 134 0.022048330803172415 151 0.02669338072421219
81 -22.966748458657197 -43.61778508387278 0 4.048462190866937 0.17288903843695 0.018812567174222 9655.09217676229 1493.6759752866146 281 0.0322813831222934 121 0.015621963758540107 218 0.03365847615918008 220 0.03552537838536034 293 0.009852347719283892 125 0.03126226683903211
82 -22.80327431810742 -43.11793846175755 0 0.043281216638414 0.022716696192419 0.0 0.0 0.0 61 0.00514370166599337 184 0.023056644677724072 207 0.006249255433613713
83 -22.889931692283213 -43.639265031185104 0 3.46604790104986 0.230532507126293 0.243425261687207 17956.755112637707 1722.737331766166 59 0.027539480140052724 248 0.0177361058421541 156 0.02348656528594673 158 0.03787366063714172 159 0.007341128169967939 106 0.013200292008906133
84 -22.86395816787344 -43.66037925606037 0 0.538436197994921 0.0 0.0 15.967557133280419 0.0 248 0.020115226348588318 122 0.03540656421988678 158 0.02321845223745342
85 -23.049007102315162 -43.63338331327422 0 1.74657234068349 0.031024940873132 0.0 0.0 0.0 71 0.035244582717945845 208 0.016819348453961516 185 0.023103368713714427
86 -23.008935212796466 -43.36775425510399 0 0.812829050475548 0.049170451752964 0.0 654.5809395804228 0.0 282 0.022035314477548577 273 0.02025591751665742 66 0.014087969805112309
87 -22.788307578479547 -43.185170715322656 3 0.197957374515385 0.043174594828879 0.099305828808366 2635.8395523185654 785.317632654683 113 0.03076134629111862 109 0.009004146061138208 149 0.017923699694845988 150 0.037341264665124774
88 -22.96590425666598 -43.702762879605416 0 2.79955309821732 0.031891377759203 0.0 9694.643881304257 578.2307974964035 52 0.030280817414463954 286 0.01142395523303504 47 0.020280216238189503 242 0.030998359464535993 180 0.017848163770972616
89 -22.97855719678975 -43.53103601767612 0 5.232932368347016 0.002534326362723 0.0 24.317208072922064 0.0 172 0.03754873801310605 127 0.016126747436391687 43 0.03011587304392385 143 0.020215221963744374 278 0.022586669587592402 214 0.03331107806873633
90 -23.000045783451114 -43.41101611297552 0 2.800251296919501 0.551201635102912 0.0 23983.967508302405 55.82847984700333 205 0.019057700426934752 282 0.02243715306291088 38 0.020778348416833282 160 0.027349030360330383 179 0.027611189665916438 57 0.008301801804408019
91 -22.922008144971045 -43.35504780808293 0 2.551755969181434 0.153053816053394 0.0 69517.550972411 10282.810255851438 39 0.02062839908112369 72 0.02549923188760397 266 0.024406865009468537 235 0.024379175330482186 178 0.018935074934567944 215 0.034643785922306644
92 -22.814539460612302 -43.3800147757841 3 0.03110101293527 0.150989477231525 0.128872128327694 94399.51611063126 16927.45787574104 290 0.028503973266233208 177 0.01815794973879515 131 0.023730491555203907 111 0.015809015705788694
93 -22.89349762061252 -43.43515703389053 3 2.314034105695809 0.053127794769606 0.0 289352.23590245855 17160.321126039722 239 0.011879508189259338 241 0.023393512898468707 67 0.019465655256814082 212 0.035043301092937414 228 0.020442890320832248 237 0.025043404885465505
94 -22.932628577574704 -43.687628493442105 3 0.821365869986878 0.274922618928011 0.023723704298198 93008.32320478326 5173.683378001427 1 0.02161021825139971 294 0.017338902820446755 242 0.03708840381255484 162 0.012361091347199007 15 0.030110346785720995 180 0.021809638827491002
95 -22.96662682272477 -43.18262939947409 3 1.247397200082225 0.082219502468453 0.0 216923.35989376376 19528.47665247759 148 0.021538365435009726 195 0.021029531728836454 129 0.01479435936282222 270 0.014574066487320203 152 0.01927955027530232
96 -22.891965132760255 -43.6796404106069 0 4.6827680878611 0.348819581307304 0.0 881.7757959377373 0.0 1 0.020410526289325402 122 0.03153555068472845 206 0.0419552631235348 156 0.021260871588085917 158 0.011471210032873089 8 0.03832012143098578
97 -22.86224307639678 -43.223688822624865 0 0.715140545297718 0.339248992152854 0.280855942346802 60.51800606531334 0.0 288 0.02004723969942387 170 0.025732748753478495 51 0.020792644216399193 165 0.017734503292669346 269 0.019812753716606922
98 -23.02783363628489 -43.55249507894905 0 5.177509571967136 0.0 0.0 33.47808053192209 0.0 169 0.014580009195264273 79 0.0358384989993195 225 0.02920399471293249 295 0.025234212580082252 227 0.024950356781881452 280 0.019603445512235005
99 -22.88045314830889 -43.53888365448286 3 2.473863137937152 0.148409995891893 0.000559539341588 50603.23381318522 2706.7005034069875 222 0.014328210530151871 194 0.023282668485043487 240 0.025796975432746977 244 0.02998371384790145 267 0.021893813177293903 151 0.02425313803599839
100 -22.813071752826154 -43.25627081523131 1 0.720592290654038 2.563069600499829 0.003620988662352 477.68989883982164 0.0 136 0.030848625441466684 168 0.022508742308641392 104 0.012765702788078748 4 0.018220458650037376 46 0.02333153537241926 265 0.012721636738382522
101 -22.926880771110643 -43.7748806817583 0 3.297355733466769 0.0 0.109444282152864 0.0 0.0 219 0.020211298653735804 5 0.020592300258551247 198 0.012988749017136312
102 -22.911177057163826 -43.16350793246558 1 0.0 0.49631205905769 0.0 0.0 0.0 28 0.0158471267215597 64 0.03395000428693068 132 0.018400214726708764
103 -22.968673572076902 -43.482031233485735 0 5.171793948975407 0.006654673130712 0.0 46.791921200868664 0.0 255 0.032883474175476234 172 0.013840444134332415 201 0.01088806319874323 230 0.013817531612569772 234 0.020642456514152065 58 0.03192446305196215
104 -22.803899853584994 -43.24739165806503 0 3.027776895735001 1.900454218996251 0.0 804.9389539430535 1063.603063493398 100 0.012765702788078748 259 0.026973257258934714 4 0.020836411260535037 209 0.03934753664968209 265 0.005158056960137894 150 0.02706935504409589
105 -22.857858702565853 -43.49210015186563 0 2.037558242458266 0.232548138583247 0.133625096220173 195063.65655978373 88605.7525575179 167 0.03724549184207144 238 0.02025071073673899 262 0.013218957653083114 277 0.025793152250830537 161 0.021356878683976864 267 0.03016060241297724
106 -22.880083356500457 -43.63047537866464 0 2.18075990404229 0.348059752789607 0.741275602887608 40682.0389645076 8149.339302633286 191 0.02518041836991074 248 0.01394723721155934 159 0.013484032112158867 83 0.013200292008906133 296 0.022418880458721212 134 0.028713285339406258
107 -22.92058776949942 -43.741261932920835 0 5.297137287145919 0.0 0.00115149524825 0.0 0.0 52 0.030215635026058996 219 0.027634649264896012 144 0.013525780733654043 5 0.014095203858540524 294 0.03877359781833139 242 0.028478031617161885
108 -23.04683563387269 -43.31041134874866 0 0.001365941390017 0.0 0.0 0.0 0.0 276 0.011180609175322553 21 0.03608152144616728 33 0.010302516839791916
109 -22.793667591478595 -43.177935737303315 3 0.800812795717197 0.370512940111224 0.0 100899.44145299838 18650.023480769058 135 0.021900621299728085 113 0.028449341382803195 137 0.02231462697076577 31 0.020639003137407984 149 0.018779059745670675 87 0.009004146061138208
110 -22.997354449822872 -43.6486072999334 0 1.753791996785264 0.046929322558175 0.0 6241.266820672078 0.0 199 0.02147798258193731 281 0.020216957023169606 175 0.017298878922046804 125 0.012842831841768694
111 -22.821401605801285 -43.36577272744156 3 0.389915827822414 0.294744992105665 0.490009387122735 354737.33373900776 224029.924491958 246 0.022372426095799532 16 0.028998912915442408 92 0.015809015705788694 233 0.02325895812163326 177 0.014877171565189206 131 0.0321242440869149
112 -23.073130917558004 -43.19819039864786 0 0.409657810386066 0.0 0.0 0.0 0.0 7 0.03801250704035804
113 -22.77278938749563 -43.158610478610065 0 0.439238703241202 0.235590202399032 0.0 0.0 0.0 109 0.028449341382803195 140 0.0032689221423148965 31 0.009945261096964482 87 0.03076134629111862
114 -23.01649488028619 -43.438958169380776 0 1.019469072698196 0.056546337130901 0.0 13.688111263777087 0.0 38 0.020226107506873595 274 0.026753997271107017 261 0.019726245591420177 57 0.03201845343288297
115 -22.974013483652627 -43.283798675716795 0 4.512996718626952 0.007280871395361 0.0 2412.1638647681534 895.1559429303004 245 0.03114057957265058 53 0.014391397165154918 251 0.027608272378545535 128 0.02511664718610632 45 0.028921382837029972 68 0.010119428958401488
116 -22.878653297059465 -43.263475445831666 3 0.117339631367906 0.997554252208428 0.465361573505344 348867.84834786836 81964.39038006416 202 0.022639266516646845 77 0.01721949323018017 224 0.022128232233922338 263 0.02960836926338404 187 0.015783575161845833 269 0.023342668825344824
117 -22.898927138805625 -43.49127344048374 0 4.57757681090673 0.017413360687157 0.0 7677.009371283945 0.0 147 0.03626160751033325 138 0.015221199740059145 222 0.03737945256946329 232 0.02346823505459926 277 0.015544212183038428 34 0.033521827244370486
118 -23.02118143134227 -43.18317312146319 0 0.002803523599417 0.0 0.0 0.0 0.0 25 0.0317946331239572 36 0.019137641685011076 258 0.0010749854945758784 148 0.03434792065175808
119 -22.86406027412619 -43.57500421472322 0 3.471337814815919 0.646643310849725 0.684262698802178 2814.1825868840715 0.0 191 0.03358845221884979 291 0.015340954477553653 18 0.024388645079042013 55 0.022862160522738414 80 0.024214061109512703 151 0.015438641872181708
120 -22.922055980148567 -43.26193555777891 3 1.19255375293146 0.343368173828076 0.0 305521.71741921944 55957.312325925166 154 0.023328526881753967 247 0.013463393846057803 221 0.029340892184239 202 0.0224741384190129 20 0.022597343336613902 163 0.021893716026331392
121 -22.95665530891479 -43.605861406589725 3 2.139322866294482 0.073889111159859 0.0 74244.11767992661 8161.2151218362515 218 0.0330334298161232 293 0.015091433145431458 11 0.029039897391548396 130 0.015478851726644233 81 0.015621963758540107 289 0.030624888985448805
122 -22.8648690995389 -43.69577410022386 0 3.244649399024375 0.0 0.0 51.826645284069954 0.0 8 0.020166816918243836 158 0.025490834065765428 96 0.03153555068472845 84 0.03540656421988678
123 -22.866181245116877 -43.33311897557118 3 1.656282131611446 0.067388526901324 0.024928136449905 490451.50351867394 173461.63880258787 73 0.03905963229873673 189 0.025320662648764914 44 0.023515221530020745 157 0.019373697038388163 287 0.02234856486868797 13 0.017673862680177115
124 -23.028112275557767 -43.497034854227444 0 2.841373832344323 0.109872972972936 0.0 3395.0349682432866 143.78839290420862 227 0.04085392038478524 190 0.027641075200795607 249 0.017745158575007934 225 0.02629762415928077 236 0.03757609066413384 204 0.011460805304744578
125 -22.991098721417274 -43.63739105315334 0 3.08256711284109 0.074018040858999 0.0 33293.284143317345 0.0 281 0.017746404395987823 110 0.012842831841768694 293 0.0344779481155736 155 0.024090559568949368 175 0.013056649621590602 81 0.03126226683903211
126 -22.9152821965679 -43.29874388222399 0 4.747950381223172 0.023901307667175 0.0 3109.8616388231494 2383.3653313729837 256 0.01602645407029088 192 0.03954565673003314 20 0.017988726187230807 235 0.03921861091747035 163 0.017292334434775097 215 0.0335737852034028
127 -22.9737166143372 -43.54641914948981 0 5.026014468540747 0.0 0.0 621.3247412855026 0.0 27 0.025939952088142895 60 0.023497223079551783 143 0.020613172598988375 56 0.029881019667750273 278 0.03036420679441368 89 0.016126747436391687
128 -22.958158214858948 -43.26431903461765 0 5.111042863617335 0.033774564971177 0.0 150.7447976092402 0.0 245 0.03449877658456152 115 0.02511664718610632 247 0.023528746080306133 40 0.031988559523635864 174 0.025884553456933756 68 0.018093757010142177
129 -22.956462988501837 -43.193379727043286 3 2.14794976249586 0.313267488553457 0.0 635350.4300820358 51455.1628738233 74 0.022807699373561585 139 0.02772597962322207 195 0.013386773093576634 95 0.01479435936282222 253 0.03188532186856951 270 0.021466481411879818
130 -22.94649005864559 -43.594188252014376 0 2.709955474648745 0.099719208328602 0.20301086161763 42993.351954702644 4786.481293720992 188 0.027911895613286778 27 0.03215120046740925 121 0.015478851726644233 11 0.020913193067621606 285 0.03196081183984289 289 0.03363708235106516
131 -22.831982494467482 -43.396104424611174 3 1.038169314414688 0.218412290885873 0.051003035193081 321579.4589407215 80343.20084886375 246 0.028805752223667935 290 0.013443527766597928 92 0.023730491555203907 63 0.011915633544837071 111 0.0321242440869149 133 0.023421201871430652
132 -22.902882277958128 -43.17993244280585 1 0.025623462546786 3.00571740554307 0.0 18796.707404859182 0.0 28 0.022417840684586295 102 0.018400214726708764 211 0.016548621134322674 35 0.022446304849270692 243 0.01994650451387086
133 -22.853937434964198 -43.38794763082391 1 1.724310086458029 2.040282101428596 0.0 24177.223632160643 4386.193340905639 246 0.021080328875749597 10 0.02501456939366748 62 0.023810801723485604 63 0.023028403612909733 131 0.023421201871430652 48 0.022280492269463076
134 -22.89164341947895 -43.60419196756723 3 1.164391287262996 0.143695412413364 0.0 156852.29926070914 4875.371919759388 191 0.02395437495588148 231 0.017079543635761862 210 0.021598387463264514 80 0.022048330803172415 106 0.028713285339406258 159 0.0286385577644591
135 -22.815558039320777 -43.178603200098394 3 0.294242379996124 0.150886601327438 0.221931156775539 32147.85038821258 5307.849404485983 109 0.021900621299728085 137 0.031237275229361372 42 0.015949700064039438 12 0.02127847927859506 149 0.018742114677275358 23 0.01242322153176323
136 -22.823805765197832 -43.285191718917616 3 0.177253222126279 1.755605647434109 0.671451262612207 246947.3797599862 27183.72965129919 9 0.019538487022342652 171 0.024072666835686148 100 0.030848625441466684 168 0.029600097619754406 173 0.021781695919347244 46 0.015957772222014496
137 -22.79438902991206 -43.15563277553966 3 0.0 0.0 0.0 0.2142244856661305 0.0 135 0.031237275229361372 109 0.02231462697076577 61 0.034646848151180826 31 0.0128260912423384 207 0.03470468613085841 12 0.02362225126430218
138 -22.891883759691233 -43.47777989639118 3 2.153735571135954 0.172717057797463 0.0 230926.2095520909 41030.798115007485 239 0.03388562521401547 232 0.02481684987042688 117 0.015221199740059145 277 0.014277633872381202 161 0.018567814538152646 228 0.025271370457393014
139 -22.93612020858184 -43.21221855002122 0 5.018898223618204 0.032823477902405 0.0 769.3875495795056 392.8072236957176 154 0.029428249460925808 74 0.024451398178456613 142 0.017718679214259844 174 0.031085949519035077 129 0.02772597962322207 253 0.03364476553700278
140 -22.770178368526746 -43.15664364564394 0 0.004111388842729 1.180826751e-06 0.0 0.0 0.0 113 0.0032689221423148965 283 0.03917701160026942 29 0.019555808091036783 31 0.012967819309614182
141 -22.903086968181288 -43.75130653210023 0 2.969762755207433 0.0 1.814320754387317 313.59543537702865 0.0 144 0.01911018620531636 5 0.017721132009305512 198 0.02142839642053508 216 0.02610347000615427
142 -22.923107089385823 -43.22424395321147 3 1.019812530903755 0.475754021027623 0.0 546551.8693949798 68222.80455094033 154 0.020071854880806175 74 0.038105292832136727 221 0.015293555814180895 139 0.017718679214259844 35 0.026287666544634675 164 0.025189533806495325
143 -22.994172130094764 -43.54387459458026 0 3.717181485982643 0.022393408924584 0.107701629693529 19075.66701113814 249.9763924340965 127 0.020613172598988375 60 0.03591861651037037 43 0.03185048142868417 146 0.013525036229581677 295 0.017632935669299264 89 0.020215221963744374
144 -22.909619273942873 -43.73334746201743 2 1.144917970040439 0.074106717662573 4.001279121300936 1305.305012219236 438.64566124317264 206 0.01467349560059752 141 0.01911018620531636 5 0.02447962670898136 294 0.03388859390243709 107 0.013525780733654043 216 0.025337867465466547
145 -22.962234314941867 -43.394207384393255 3 1.638273747510531 0.656395150054499 0.214171987383291 299074.54128112405 38591.49593648205 76 0.013200474732012421 284 0.024360314387059167 160 0.0163485098135344 264 0.025650500451669733 37 0.024991480534800898 179 0.021976444471284638
146 -22.993647817812857 -43.55738946422974 0 4.665627938138596 0.18866160541977 0.029295370297921 2180.3868638263907 0.0 30 0.03656105410777495 60 0.02749627969769643 41 0.026664416801874168 143 0.013525036229581677 295 0.027304926027269073 280 0.02142050971706102
147 -22.915030190215106 -43.52376337607212 0 3.069850751091488 0.046469521575458 0.0 25803.459942597336 1320.3679592850528 250 0.011492197645699103 222 0.026424197091433527 240 0.027675758531976808 117 0.03626160751033325 34 0.01750231384068334 226 0.027602979017489045
148 -22.98728497808421 -43.18872380697254 1 0.007654526040913 0.057843330225129 0.0 58.97508626362248 0.0 25 0.003608648411189883 95 0.021538365435009726 118 0.03434792065175808 270 0.009926575903485597
149 -22.804180188887276 -43.193496533576464 3 0.081030858284002 0.481386574088472 0.0 301930.47773372143 31445.669366375783 135 0.018742114677275358 109 0.018779059745670675 209 0.01724286285379561 150 0.030069179410673094 87 0.017923699694845988 23 0.015275528284125504
150 -22.794559106042065 -43.22198495781012 0 1.777099974588019 1.040530344565191 0.0 9388.439367716966 1589.9003262885 259 0.00925069731476209 104 0.02706935504409589 209 0.02179030769614211 149 0.030069179410673094 87 0.037341264665124774
151 -22.87106450222076 -43.561245855385835 3 1.23216029486259 0.389511626253509 0.705974811530094 66875.72398339825 560.8069349518481 119 0.015438641872181708 291 0.014230353681987636 194 0.03187026018133449 80 0.02669338072421219 244 0.02211805658352433 99 0.02425313803599839
152 -22.95663790519236 -43.166139324114994 0 1.342929262853636 0.12686555798501 0.0 154.7300794252846 0.0 64 0.014448548300267405 195 0.02204944776192045 95 0.01927955027530232
153 -22.822814028574214 -43.48677578171488 0 2.308154192554939 0.0 0.0 0.0 0.0 292 0.02761513747114641 262 0.022312485816866966 213 0.016951460410986472
154 -22.933334598283743 -43.24151466310131 3 1.725471563670371 0.327074903315296 0.0 506132.7089256843 65584.53341763854 120 0.023328526881753967 247 0.017681743039872237 221 0.0227194087059791 139 0.029428249460925808 142 0.020071854880806175 174 0.01174134670277633
155 -22.99719592415377 -43.61408484841865 0 4.401361132832282 0.109993652327155 0.0 2700.910484168677 3201.876298332811 30 0.021671509913138678 293 0.02627785180107535 41 0.03161211425935303 32 0.031092746656835753 175 0.01915255230037138 125 0.024090559568949368
156 -22.900575714020526 -43.66020120920753 0 3.678871503276259 0.152864589887131 0.018583381097548 11341.394363913 1076.7926897993593 59 0.013122094169144147 1 0.028700100029501668 158 0.0251632809465526 96 0.021260871588085917 83 0.02348656528594673 15 0.019069539430266343
157 -22.854807662445513 -43.34880278104539 3 0.358766078105997 0.37663480896816 0.065981899154495 387208.7423990333 24987.86454208232 246 0.023768171262179706 10 0.01969364406750991 123 0.019373697038388163 233 0.021949409643479398 287 0.023360392556890916 13 0.02176724767034855
158 -22.88105891525091 -43.67608469981197 0 3.553824272196764 0.165154413708755 0.054086739815901 13382.524524618291 1285.5980304943423 248 0.035029566415252296 122 0.025490834065765428 156 0.0251632809465526 83 0.03787366063714172 96 0.011471210032873089 84 0.02321845223745342
159 -22.893369246034304 -43.63277847685971 0 3.920060369525128 0.0807321704377 0.0 16443.535695048868 1493.9921842625981 59 0.029319775530513324 210 0.03385453281049277 83 0.007341128169967939 106 0.013484032112158867 268 0.03006310669069157 134 0.0286385577644591
160 -22.978582218853177 -43.39406663344367 0 2.811161880723755 1.29402222204898 0.0 16487.858674095114 0.0 90 0.027349030360330383 282 0.024011356689693605 145 0.0163485098135344 284 0.01967339578191427 66 0.03441102717858176 179 0.020450044441372515
161 -22.873320523426507 -43.477367590554195 3 0.268336018863832 0.685344611398978 0.009918893551371 619757.751507702 93672.03343360338 138 0.018567814538152646 238 0.022264985186036167 105 0.021356878683976864 277 0.015717016513195396 228 0.026342391626439816 203 0.02935953783855127
162 -22.943939521080736 -43.68264259971107 3 2.295118882500361 0.177991278836952 0.040754530457804 42703.37452705909 1166.5863163081847 220 0.033233235830054816 94 0.012361091347199007 50 0.03302539949755884 14 0.028840502878384286 15 0.032897999832935385 180 0.012296591718654765
163 -22.92389929796725 -43.28375153772163 0 5.242996494818287 0.008008525703253 0.0 131.78866676847346 15.840673196240466 126 0.017292334434775097 247 0.027128884392521892 120 0.021893716026331392 192 0.040391056390023945 20 0.013551926313284 68 0.04035821449087353
164 -22.90139651053171 -43.21147041105559 3 0.088981198670835 2.107834432557593 0.488497361131176 89746.74338949738 446.04128335694014 35 0.016237856190068126 221 0.025216233323301487 142 0.025189533806495325 211 0.01639860171919512 263 0.027162239952284263 165 0.026144929739469094
165 -22.879798330486956 -43.22620390927686 1 0.114816226904213 1.91885559197302 0.7062558403492 8222.948810283755 3597.8801233828776 97 0.017734503292669346 211 0.03535734798087523 263 0.014261974935795174 288 0.02167201621597761 164 0.026144929739469094 269 0.019981006677960798
166 -22.88677114730124 -43.37146405697166 3 1.201196938907147 0.164677432552023 0.0 156332.93145739025 9867.047453452053 10 0.02242992935481152 48 0.015510115493609688 39 0.02251169060907193 266 0.023967252894678943 49 0.026176146819940762 13 0.026110821251743334
167 -22.85040134163105 -43.52859144439475 0 4.286502397813074 0.058771158184148 0.027164961321932 7524.080498756077 1782.4189587812084 183 0.011831590052770069 292 0.03194147600012555 194 0.008533268990075634 105 0.03724549184207144 262 0.03773667157392904 267 0.024186548443817738
168 -22.83551355611528 -43.258005446445424 3 0.26828621260736 1.159999957019485 0.557489698618886 164419.8312487098 7439.744735849066 100 0.022508742308641392 136 0.029600097619754406 173 0.03037850583675367 4 0.02005604308922696 224 0.021448850417610195 170 0.018137335831138253
169 -23.04202578433842 -43.5558356779613 0 5.01250338770866 0.0 0.0 498.8884473401396 0.0 271 0.02752270552630914 26 0.02569157677741061 272 0.025116122264090615 79 0.022435939384578562 98 0.014580009195264273 280 0.03031149164185874
170 -22.848738445882503 -43.245593144414926 1 0.533918459261267 1.404115274201541 0.126136685769408 58529.72522855566 59220.25753528801 168 0.018137335831138253 4 0.025126504619362774 224 0.015960063184620784 97 0.025732748753478495 51 0.02383402769435834 269 0.019804593619207184
171 -22.812459266271635 -43.30642259856731 3 0.574769519350422 0.579325984211026 0.184123782654593 149575.3248578221 26125.479783475548 9 0.022173879714749736 257 0.019057753777126103 136 0.024072666835686148 193 0.01864759310080573 6 0.011812944527645171 46 0.02739820343400291
172 -22.97634267153255 -43.49355263996997 0 3.815686389445089 0.168821586923809 0.0 5977.15912098186 0.0 201 0.013065145239659364 230 0.01779785257814129 103 0.013840444134332415 278 0.03161383894948493 214 0.014038603704359493 89 0.03754873801310605
173 -22.845536356946038 -43.28668291286735 3 0.719209546412525 0.371266115306307 0.007434582270178 517977.4135404177 183261.7113001123 9 0.018910116485982693 189 0.0254984187848413 136 0.021781695919347244 168 0.03037850583675367 77 0.02408760594260304 224 0.029661374357615903
174 -22.945066343962345 -43.24198939010432 0 5.219036802861355 0.024003667830393 0.0 24.35891384518283 136.5632470583903 154 0.01174134670277633 247 0.019739661484103752 139 0.031085949519035077 40 0.029523399169930773 128 0.025884553456933756 253 0.029655710789163077
175 -23.0031210104222 -43.63229785509877 0 1.733777032906124 0.014351846509944 0.0 3951.144088218779 0.0 110 0.017298878922046804 32 0.035127657395901485 155 0.01915255230037138 208 0.031019662252397565 125 0.013056649621590602
176 -23.029615117810238 -43.27592815663263 0 0.017220282493723 0.0 0.0 0.0 0.0 24 0.031377704508109006 54 0.02182881190731924 21 0.002530957085904739
177 -22.806677037972275 -43.36364732488464 3 0.020075141904914 0.187043764059619 0.0 49626.967364779004 774.2268449866374 16 0.026077292112750273 92 0.01815794973879515 111 0.014877171565189206
178 -22.93022945077302 -43.372104982341526 3 0.361903110696816 0.207789540352684 0.45856152225525 234345.82987310033 5027.952392247952 91 0.018935074934567944 217 0.018133713257087927 39 0.02096346601419279 72 0.035244400446632046 264 0.013308986680553882 37 0.020122891159470375
179 -22.97255658937653 -43.41360879573612 0 2.548208215009556 1.045075388031104 0.093358227477015 126737.43860394825 3766.034061583868 90 0.027611189665916438 205 0.025581229497209333 17 0.015381127781595567 76 0.015834117821296005 145 0.021976444471284638 160 0.020450044441372515
180 -22.954386581732038 -43.68912836039455 0 2.803382717779146 0.141216220278297 0.0 38577.10998419498 67.6844680567289 162 0.012296591718654765 94 0.021809638827491002 286 0.023069702761881656 242 0.03613405254221965 50 0.02829483621845834 88 0.017848163770972616
181 -22.952848200281544 -43.33381484132083 0 3.071559658928113 0.07126368635036 0.0 106870.10887233322 6030.352567570151 53 0.0399235613949117 192 0.021455396246977513 65 0.019247261640303093 72 0.01226483528376665 197 0.02062120481574426 235 0.01941939683891605
182 -23.00630190130843 -43.31463479321249 3 1.718764549037695 0.593026962488784 0.0 46350.755788052025 121.24792166136592 54 0.025833274282652523 251 0.04316445342953047 45 0.018261157003361613 33 0.0323720533139909 69 0.011027236348509406 229 0.01642920468080458
183 -22.847419289123103 -43.54004106823209 0 4.818622495446793 0.042150056154308 0.0 1168.734568119785 52.794765490495706 291 0.023407389334062195 292 0.03626661790586758 167 0.011831590052770069 194 0.013378093945312258
184 -22.78872364176108 -43.100053085561925 0 0.013708260540349 0.0 0.0 0.0 0.0 29 0.04000895469623802 61 0.028010083762315167 82 0.023056644677724072 254 0.029238207822683875
185 -23.038805700655043 -43.65411244856952 0 3.504474139322031 0.0 0.0 0.0 0.0 208 0.027992685018404875 85 0.023103368713714427
186 -22.83075632584194 -43.418872869498514 0 0.849430630247702 0.019749567331345 0.0 440.87312379908656 19.790495478916416 290 0.013748212074525853 223 0.04574172170691268 63 0.01570101911611214 22 0.03105996744252767
187 -22.88890277894295 -43.27547833573409 3 0.064611577057934 0.752448424074997 0.164942516874029 816323.1283505715 38617.365370010586 256 0.024686144774143114 73 0.02321873687340637 202 0.022011052294945963 116 0.015783575161845833 77 0.021575899589516938 20 0.022444222609236213
188 -22.942684227284033 -43.56653703930364 3 2.079725419026331 0.172576569922984 0.27232125760426 48279.8565676997 4744.9311976846975 27 0.011559494650558357 260 0.029677755197743117 56 0.0143107005996093 130 0.027911895613286778 285 0.029525061791045578 226 0.024861964956701985
189 -22.85600654982865 -43.309932524079755 3 2.003096427933896 0.223709735670911 0.024612903769429 150175.55974707386 33737.12741764644 9 0.023338951445319958 73 0.025840369010872083 123 0.025320662648764914 77 0.035337261554537626 173 0.0254984187848413 287 0.021322935619096386
190 -23.037518842191865 -43.47104359526574 0 0.009435818499902 0.0 0.0 0.0 0.0 274 0.012804928982853587 249 0.016049983302182255 124 0.027641075200795607 236 0.0467871484606231
191 -22.86805346867893 -43.6083544548981 0 3.555555715161072 0.030898898386474 1.214586780550081 3218.9536733978975 0.0 119 0.03358845221884979 18 0.013587432002186237 80 0.03197469812879347 106 0.02518041836991074 296 0.00816911303595246 134 0.02395437495588148
192 -22.95240836815504 -43.31236395379105 0 5.30177080621939 0.0 0.0 0.003125270572011351 0.0 181 0.021455396246977513 53 0.02202189836567426 126 0.03954565673003314 235 0.028413151385654725 163 0.040391056390023945 68 0.033148807131269664
193 -22.82275518618706 -43.32197016305659 3 0.554025448473275 0.913009022923319 0.317594013019711 512147.0122747905 19624.77222158331 9 0.023184712925857116 16 0.019256474563294147 171 0.01864759310080573 257 0.01659781595962905 233 0.025844391412242956 287 0.022489969685594767
194 -22.85818208021174 -43.53209526899023 0 2.592160463164553 0.349367941018477 0.218511423723412 34576.94789247229 562.2442325849598 291 0.029406345424994207 183 0.013378093945312258 167 0.008533268990075634 151 0.03187026018133449 267 0.019649166010495687 99 0.023282668485043487
195 -22.945770745680512 -43.18532481318225 3 0.543711793529108 0.770068477627782 0.0 398397.05990820704 6354.776345228727 74 0.011702204353779135 28 0.02509058914472619 64 0.02731954200560473 95 0.021029531728836454 129 0.013386773093576634 152 0.02204944776192045
196 -22.98935159833655 -43.689933666904835 3 0.005162525122807 0.0 0.0 88.40590905223864 0.0 199 0.025117957954382646 286 0.015303887717017427 47 0.016008844679345723
197 -22.963168698889376 -43.35166761131707 0 2.304026973898933 0.583972353297684 0.159045590373072 128637.3284133653 22571.055328170638 181 0.02062120481574426 2 0.025866141775985643 65 0.021705501855356673 284 0.026463904777460908 72 0.025121731583271127 37 0.02422239954394614
198 -22.915368458123872 -43.76886617839353 0 4.852514257484232 0.0 0.186675919498567 0.0 0.0 141 0.02142839642053508 101 0.012988749017136312 5 0.014396675554392621
199 -22.98396416398861 -43.66540027409127 3 0.428058293561848 0.068317029109383 0.0 13107.135561607358 232.78998144318558 281 0.018366939657697527 110 0.02147798258193731 286 0.032915118915407514 196 0.025117957954382646 50 0.010633968057732448
200 -23.070285875251663 -43.55261777865701 0 0.194266260174234 0.0 0.0 0.0 0.0 272 0.015189632814080194 79 0.007429644265916218 252 0.0418154598234931
201 -22.979500042123522 -43.48087474459713 0 3.961746326602204 0.165915185064059 0.0 8962.415954481197 1185.5446389918075 70 0.02621145325408064 172 0.013065145239659364 103 0.01088806319874323 234 0.017481314659090804 214 0.02089044082266753
202 -22.900223907919088 -43.256601936134686 3 0.791894437133926 0.346181416731574 0.276438488163243 358766.4701251409 40230.80211360258 120 0.0224741384190129 221 0.02494664791159315 116 0.022639266516646845 20 0.02685240119397308 263 0.022860844897629122 187 0.022011052294945963
203 -22.862916595399362 -43.44991325130337 3 0.584945583815996 0.451534570332801 0.11740279145804 540950.039005637 26191.253339111834 223 0.01942838789262034 238 0.02563117531525719 67 0.021394141557708996 22 0.022755917113385295 161 0.02935953783855127 228 0.02201401582816632
204 -23.018403917939494 -43.490944053739085 0 4.082411457186467 0.126283200158531 0.0 6726.167010809055 603.2555514374524 249 0.012523328617306557 43 0.027178527256985534 124 0.011460805304744578 225 0.03346293065007578 214 0.03051866626910665
205 -22.99315131735453 -43.4287830002326 0 4.411532049107568 0.211800274080829 0.068358334151232 3153.3884421395655 133.5405465254133 90 0.019057700426934752 70 0.028033042908491537 17 0.02333734443170529 38 0.005322992837611218 234 0.03797121171511654 179 0.025581229497209333
206 -22.90369813581077 -43.71992168098386 0 3.13166301689519 0.224901416207182 0.499544313108451 13814.841049272942 2642.9888759476808 1 0.033796803391229334 144 0.01467349560059752 96 0.0419552631235348 294 0.026620016818515457 8 0.03010827541510162 216 0.023523865070801227
207 -22.80668068526108 -43.12317772280172 1 0.0 0.007570497311526 0.0 0.0 0.0 137 0.03470468613085841 61 0.0015621639639756802 12 0.03608268270173192 82 0.006249255433613713
208 -23.033613892414404 -43.62660543961304 0 2.039262878864137 0.0 0.0 0.0 0.0 71 0.03132621019384031 32 0.02057310725777745 175 0.031019662252397565 185 0.027992685018404875 85 0.016819348453961516
209 -22.811968437052343 -43.208880275316176 3 1.159859097773388 0.673035825892241 0.0 33943.44140548708 2453.3798620525467 104 0.03934753664968209 4 0.03486979163592155 149 0.01724286285379561 51 0.03265757482104719 150 0.02179030769614211 23 0.019742280793616923
210 -22.913210855658022 -43.6053478385267 3 0.750865329703832 0.454345753502212 0.0 171413.23104626106 33929.31002167014 231 0.01733527281697943 11 0.014637346069498448 159 0.03385453281049277 285 0.024250505494312763 268 0.02742946153759719 134 0.021598387463264514
211 -22.897432780956578 -43.195558057797825 1 0.086866972464155 0.931721997672872 0.0 12990.5177248102 1735.2109721037173 35 0.016102760497127003 288 0.027706412262765347 132 0.016548621134322674 243 0.0249926155562682 164 0.01639860171919512 165 0.03535734798087523
212 -22.91387595304704 -43.40664814898287 0 4.077592342486644 0.084705639687894 0.009756125234612 22817.349254459918 7205.752563293135 217 0.020994764819040546 78 0.006612701482378524 93 0.035043301092937414 241 0.029051955573329846 49 0.020067052709887935 237 0.02753858406662338
213 -22.838463626503163 -43.480261021955116 0 0.751901180080399 0.180186527907219 0.0 60.35406528367071 63.99255191652504 153 0.016951460410986472 223 0.02074252829957676 238 0.01499927114137346 262 0.012655548039818594
214 -22.98908992181677 -43.4994339667046 0 3.174198076062624 0.248435338221206 0.0 12572.906793416525 838.4408298061066 172 0.014038603704359493 201 0.02089044082266753 43 0.019478315920166668 89 0.03331107806873633 204 0.03051866626910665
215 -22.899743803418225 -43.3285055587764 0 4.852069609735598 0.040641303012959 0.015570147879486 1023.9011667354702 1569.8681972183945 126 0.0335737852034028 256 0.03063127319829049 91 0.034643785922306644 44 0.012823551755097922 266 0.02188253363883221 235 0.03405714025597237
216 -22.88428182141282 -43.733202455173235 0 3.452472488144579 0.159277917265903 1.105422496765542 3358.292319979967 1089.811502863235 206 0.023523865070801227 141 0.02610347000615427 144 0.025337867465466547 8 0.0219970108245807
217 -22.918899038195725 -43.38626313572813 3 0.97862970813416 0.18226038464387 0.030555386210246 292098.02110466664 9416.510192854055 39 0.017801465826642233 78 0.020047310650850542 212 0.020994764819040546 264 0.02239313700154883 49 0.011668922965127334 178 0.018133713257087927
218 -22.9361160390537 -43.63173312626566 0 4.701955806820912 0.2542671879578 0.0 1282.6370493806169 62.79609049887028 121 0.0330334298161232 220 0.02761228853967636 268 0.012779254167429572 11 0.029542905758994854 81 0.03365847615918008 14 0.02464001199477608
219 -22.940740852184405 -43.760170319903494 0 2.846568778967661 0.0 0.0 0.0 0.0 52 0.0344342344958571 101 0.020211298653735804 5 0.020961969534366357 107 0.027634649264896012
220 -22.95543562807441 -43.651461074929145 0 3.613758087328707 0.324180199398301 0.080857379454318 13941.126554146522 292.4217010764782 50 0.025092067481168656 281 0.021925580657826637 218 0.02761228853967636 81 0.03552537838536034 162 0.033233235830054816 14 0.02329976843355117
221 -22.911735014824348 -43.23446984043996 3 0.796288575815878 1.078392087566227 0.032310120316673 330905.60851355 50258.71339708126 154 0.0227194087059791 120 0.029340892184239 202 0.02494664791159315 142 0.015293555814180895 263 0.02176948708594533 164 0.025216233323301487
222 -22.888839149089556 -43.52726588327221 0 4.091039773238072 0.177962564180171 0.083273582839643 10429.675370721743 901.5136345243418 147 0.026424197091433527 240 0.026713698725967575 117 0.03737945256946329 277 0.038299797887256876 267 0.018622530469841303 99 0.014328210530151871
223 -22.847327037382225 -43.46150755753257 0 1.051696280334446 0.004067769633916 0.0 1824.0690886121997 0.0 238 0.012108443792200841 186 0.04574172170691268 213 0.02074252829957676 22 0.036742426925515756 203 0.01942838789262034
224 -22.856923638081057 -43.259294467180624 3 0.147825357260298 0.390659382644187 0.54044883078935 804687.2585311303 87862.99456857197 168 0.021448850417610195 116 0.022128232233922338 77 0.020088119791642416 173 0.029661374357615903 170 0.015960063184620784 269 0.02024752441816528
225 -23.026919246467237 -43.52330540271833 0 4.243431891089879 0.179815620161003 0.0 5391.178165734627 168.62129752568367 98 0.02920399471293249 43 0.026100323759483485 124 0.02629762415928077 295 0.021069220670109152 227 0.02105905938949405 204 0.03346293065007578
226 -22.924349420076684 -43.54974560856717 3 2.421345444682564 0.213143551743333 0.0 41976.526376292895 706.3262882968758 188 0.024861964956701985 147 0.027602979017489045 250 0.026265066073921248 260 0.012719062462967438 56 0.020243206055652038 240 0.0202551932447377
227 -23.044889658391458 -43.5342848506846 0 3.522304946393983 0.0 0.0 1.357767092663299 0.0 124 0.04085392038478524 79 0.02406864575621505 252 0.029161243097887632 225 0.02105905938949405 98 0.024950356781881452 236 0.03047847638515233
228 -22.884624153034082 -43.453573693137095 3 0.690677039274455 0.364935241909201 0.006788563739782 427747.1381363268 25168.26252450646 138 0.025271370457393014 239 0.017840893708505157 93 0.020442890320832248 67 0.02407689644637998 161 0.026342391626439816 203 0.02201401582816632
229 -23.001909093427454 -43.33046583883066 0 2.821031561107446 0.600296133073983 0.0 27932.098034702874 2839.4273915415038 182 0.01642920468080458 273 0.018548863948827703 2 0.030110930327114798 45 0.025451099598220932 65 0.029946924924354083 69 0.010570293412291591
230 -22.95865783437049 -43.49155011882283 0 5.282667363404201 0.0 0.0 0.8583013742482745 0.0 172 0.01779785257814129 250 0.045366205486121886 103 0.013817531612569772 34 0.03738574434167854 278 0.028367920925991632 58 0.03056237039921506
231 -22.902940586668187 -43.59138240768782 3 0.716014333321255 0.433422046923842 0.081004096244512 123622.05866452398 33367.432904245645 260 0.035631095326164874 210 0.01733527281697943 285 0.017381747974912303 80 0.01814857154080817 244 0.02713328915742242 134 0.017079543635761862
232 -22.91662643853134 -43.47586263759105 0 5.302553288663053 0.0 0.0 0.0 0.0 138 0.02481684987042688 239 0.034997585368841615 117 0.02346823505459926 34 0.03596028976045706 279 0.03591584340062491 58 0.02553060652344441
233 -22.83308431247681 -43.3456607037334 3 0.229655680437019 1.194681128549417 0.446400667936855 239663.9338831769 76965.44718454481 246 0.02614567734205447 16 0.02198576397977374 193 0.025844391412242956 157 0.021949409643479398 287 0.02112629886173422 111 0.02325895812163326
234 -22.9777329813096 -43.46348296900376 0 4.918445794217604 0.105355488160763 0.0 735.3008894492648 58.3094867621239 255 0.029217158688069685 205 0.03797121171511654 70 0.013443565251798644 17 0.03563067958623367 201 0.017481314659090804 103 0.020642456514152065
235 -22.933431189360654 -43.33351043947236 0 3.248614526664396 0.102345496326518 0.0 34544.92836272067 3702.0393628858956 181 0.01941939683891605 126 0.03921861091747035 91 0.024379175330482186 192 0.028413151385654725 72 0.009723830286842613 215 0.03405714025597237
236 -23.06336455315725 -43.51004406302922 0 0.047766948948473 0.0 0.0 0.002366162555954105 0.0 190 0.0467871484606231 124 0.03757609066413384 252 0.0014390049816547146 227 0.03047847638515233
237 -22.9185039632727 -43.43379506655643 0 4.826586093069991 0.106689282488962 0.016626022204042 5159.83008026521 2738.342806924546 75 0.013345605781451279 239 0.021398510840170942 78 0.02761732065030445 93 0.025043404885465505 212 0.02753858406662338 279 0.015690427649325548
238 -22.851514785908495 -43.47286877108349 3 1.106725246307255 1.154849553042507 0.06358296512962 309577.3020402121 28008.10823182166 223 0.012108443792200841 105 0.02025071073673899 262 0.019656936002408996 213 0.01499927114137346 161 0.022264985186036167 203 0.02563117531525719
239 -22.900236843258174 -43.444939957428566 0 5.178987030695637 0.008422956537277 0.0 307.2442230100382 150.58032167559728 138 0.03388562521401547 93 0.011879508189259338 232 0.034997585368841615 279 0.031009965450206293 228 0.017840893708505157 237 0.021398510840170942
240 -22.90410184548692 -43.54919011184025 3 0.817274257759389 0.37720479203498 0.012290329312546 124429.5441331338 8934.886525811045 147 0.027675758531976808 222 0.026713698725967575 260 0.01329720519861298 244 0.020615742032126096 226 0.0202551932447377 99 0.025796975432746977
241 -22.885561117868356 -43.41315093541937 3 1.319010897539073 0.632183161933041 0.0 269759.65270552016 23716.180745888287 93 0.023393512898468707 62 0.02020475759989348 212 0.029051955573329846 67 0.021784918989382205 49 0.03349495440887106 48 0.032730607215780604
242 -22.942704626158488 -43.72332195141833 0 4.604566889985584 0.664555044527838 0.0 103.14304126818236 0.0 52 0.005072331006453647 94 0.03708840381255484 294 0.027930443799247525 107 0.028478031617161885 88 0.030998359464535993 180 0.03613405254221965
243 -22.883627755636248 -43.17472414054138 1 0.0 0.030942788201547 0.0 0.0 0.0 211 0.0249926155562682 288 0.033498839937486924 132 0.01994650451387086
244 -22.89259791043795 -43.56629766274399 3 0.734935319432197 0.549492376954329 0.011297205146581 100668.99290957805 1122.8960010171577 99 0.02998371384790145 260 0.023434859656314627 231 0.02713328915742242 240 0.020615742032126096 80 0.017250388377771823 151 0.02211805658352433
245 -22.99216146093783 -43.25849281440807 0 4.048157623530525 0.291839625264316 0.0 35413.45255475541 21956.728147408416 24 0.011045535073793666 115 0.03114057957265058 40 0.028403250830545793 275 0.020991111825756296 128 0.03449877658456152 251 0.015226890394000036
246 -22.843431660689525 -43.369671718469135 3 0.233555183378667 0.899075731846748 0.532310368443938 183511.5359940123 55715.91077751874 10 0.022079507795722056 233 0.02614567734205447 157 0.023768171262179706 131 0.028805752223667935 111 0.022372426095799532 133 0.021080328875749597
247 -22.93521651683809 -43.259095971911606 0 3.843026758556401 0.103662867918841 0.0 37713.15427307459 30416.599522567816 154 0.017681743039872237 120 0.013463393846057803 128 0.023528746080306133 174 0.019739661484103752 163 0.027128884392521892 68 0.03654921903038519
248 -22.87242928552623 -43.64213473642384 0 3.959881253224274 0.628116143704554 0.074506806617336 5515.73108011004 145.47535710123913 158 0.035029566415252296 106 0.01394723721155934 83 0.0177361058421541 84 0.020115226348588318 296 0.028301027507444537
249 -23.02404354594273 -43.479762445820626 3 1.306495315273034 0.309524109573161 0.0 59092.45831016577 4341.563200543643 190 0.016049983302182255 274 0.016578088941636867 261 0.02306845299401286 124 0.017745158575007934 204 0.012523328617306557
250 -22.926520768361442 -43.52357044968525 0 4.930479553682814 0.021526779879929 0.0 715.5501754474882 0.0 147 0.011492197645699103 230 0.045366205486121886 56 0.03388056293349745 34 0.013104667438605479 226 0.026265066073921248 278 0.03258164785486018
251 -22.999015825382934 -43.27208972137711 0 4.593441752871805 0.004160054310115 0.0 1192.2448773269323 20.97807285022857 24 0.005517262937323097 245 0.015226890394000036 115 0.027608272378545535 54 0.022129299383249312 182 0.04316445342953047 45 0.03769806312735376
252 -23.063013441543667 -43.51143957582817 0 0.124026788772364 0.0 0.0 0.0 0.0 236 0.0014390049816547146 200 0.0418154598234931 79 0.038055548823296134 227 0.029161243097887632
253 -22.967948290720177 -43.223124669195116 0 2.81494032061959 1.209849367388309 0.0 157142.92963574055 2.204840372075322 139 0.03364476553700278 40 0.014790860415384665 19 0.01592278684137911 174 0.029655710789163077 129 0.03188532186856951 270 0.03277207949242149
254 -22.760699422678478 -43.10839070761457 3 0.326173293745553 0.084250889289947 0.0 2312.408669729344 134.49064997302472 283 0.012357885000651976 29 0.03393305085884062 184 0.029238207822683875
255 -22.94972820587204 -43.45515380851211 0 5.299752152511798 0.0 0.0 0.0 0.0 75 0.03485293691571129 17 0.033180523962956884 103 0.032883474175476234 234 0.029217158688069685 279 0.022151720810997064 58 0.014936524561883789
256 -22.899279160959413 -43.297877809836365 3 0.347203626519434 0.370519520742887 0.0 387785.463820841 5268.639838554712 126 0.01602645407029088 215 0.03063127319829049 73 0.02175958530481005 44 0.02840118613732167 20 0.019977099111265613 187 0.024686144774143114
257 -22.80634726382069 -43.324473676237886 3 0.260495265082292 0.195482393831309 0.028519633540074 48508.2580116424 21471.539280623965 16 0.015007449188860131 171 0.019057753777126103 193 0.01659781595962905 6 0.01901185536317229
258 -23.022151080998718 -43.18270903811152 0 0.013397298671832 0.0 0.0 0.0 0.0 36 0.019348638648447863 7 0.019726517895872438 118 0.0010749854945758784
259 -22.786598935731757 -43.22669782206026 0 0.255121364968627 0.021448326849691 0.0 76.47756202627185 0.0 104 0.026973257258934714 265 0.029000212983428843 150 0.00925069731476209
260 -22.914372990498542 -43.557635184145695 3 0.702415791395875 0.534873509196046 0.0 99214.81447164294 4700.427940750585 188 0.029677755197743117 231 0.035631095326164874 240 0.01329720519861298 285 0.02395646771224182 244 0.023434859656314627 226 0.012719062462967438
261 -23.01482960513009 -43.45861399863796 3 1.408330989003774 0.396722315015156 0.0 79283.17569095962 840.6400764372038 114 0.019726245591420177 70 0.025666730386371635 38 0.03197720790203445 274 0.013279048170852514 249 0.02306845299401286
262 -22.844664385550665 -43.49129340535232 0 4.584608673173723 0.197202644437195 0.0 10359.99529320815 0.0 153 0.022312485816866966 292 0.03248758560053911 167 0.03773667157392904 238 0.019656936002408996 105 0.013218957653083114 213 0.012655548039818594
263 -22.890029680160346 -43.236139874903316 3 0.465413712034352 1.20079246715089 0.945556399119474 140670.2667526403 37495.25786685643 221 0.02176948708594533 202 0.022860844897629122 116 0.02960836926338404 164 0.027162239952284263 165 0.014261974935795174 269 0.022647981485604412
264 -22.94054251051684 -43.380517468608 3 1.862324193157099 0.318443683209957 0.355210415372941 224261.39285639013 68287.76409516523 217 0.02239313700154883 76 0.03169525628755786 78 0.03263000815797316 145 0.025650500451669733 178 0.013308986680553882 37 0.012847234595386342
265 -22.80117292088915 -43.25176994422246 0 0.644858279165341 0.148985739762657 0.0 0.0 0.0 100 0.012721636738382522 259 0.029000212983428843 104 0.005158056960137894 46 0.028566576783772116
266 -22.898062887090063 -43.350323436738115 3 1.986952457064016 0.184299407515739 0.0 125197.65224966242 26392.454148098164 91 0.024406865009468537 39 0.02377332296832125 44 0.02839237954459014 13 0.021722045324821002 215 0.02188253363883221 166 0.023967252894678943
267 -22.87239440685427 -43.51852694203684 3 2.003480746736126 0.118199679568019 0.002095202610357 101645.04261149235 14287.269761749349 167 0.024186548443817738 222 0.018622530469841303 194 0.019649166010495687 105 0.03016060241297724 277 0.031230125267719473 99 0.021893813177293903
268 -22.92336894912252 -43.630827016249086 3 1.121663850223006 0.231141841991001 0.0 122176.34072868689 22574.623785608983 59 0.026395474032987247 218 0.012779254167429572 11 0.02776132866829513 210 0.02742946153759719 159 0.03006310669069157 14 0.026929024136914295
269 -22.868307918236358 -43.242550500792404 3 0.532230717036534 1.815036345151638 0.223262678333807 308779.60831529216 68138.52340818637 116 0.023342668825344824 224 0.02024752441816528 263 0.022647981485604412 97 0.019812753716606922 170 0.019804593619207184 165 0.019981006677960798
270 -22.977877930453474 -43.19189309144079 3 2.040545317872517 0.243577538006039 0.0 471076.170143864 28293.49609826839 25 0.012472122209422353 148 0.009926575903485597 19 0.03194490399686486 95 0.014574066487320203 129 0.021466481411879818 253 0.03277207949242149
271 -23.030648602494338 -43.58089678433701 0 5.226202108996699 0.064453609368263 0.0 0.0 0.0 26 0.024264395970289017 71 0.023697867841662477 169 0.02752270552630914 41 0.028981328877764306 32 0.026269823855859697 280 0.02298357895614938
272 -23.064657917253022 -43.56672632336552 0 2.734544044403452 0.031736560259092 0.0 958.2621223671757 0.0 200 0.015189632814080194 26 0.015117768951907988 169 0.025116122264090615 79 0.01727075378482899
273 -23.001272226228103 -43.349003766275835 3 0.671820142274332 0.792886619198085 0.0 46050.18189510855 0.0 2 0.015357076193329131 66 0.016139644619479847 86 0.02025591751665742 69 0.026083918906210705 229 0.018548863948827703
274 -23.027183247126594 -43.46348438360693 0 0.137484684859443 0.026798375681756 0.0 135.0655693765867 0.0 114 0.026753997271107017 190 0.012804928982853587 249 0.016578088941636867 261 0.013279048170852514
275 -22.994778160781166 -43.23766543681003 0 1.530986021105812 0.060572258347189 0.0 16406.337887716432 53150.792229905746 245 0.020991111825756296 24 0.02935162156568625 40 0.02071663763961747 19 0.018060500693229172
276 -23.03731212158941 -43.31626871465165 4 0.0 0.0 0.0 0.0 0.0 33 0.010238241166027333 108 0.011180609175322553 69 0.027846482880751065
277 -22.88350369678672 -43.48933954062058 3 1.6245176219805 0.23479598826115 0.0 128700.81015745243 64364.93338960833 138 0.014277633872381202 222 0.038299797887256876 105 0.025793152250830537 117 0.015544212183038428 161 0.015717016513195396 267 0.031230125267719473
278 -22.95889693732414 -43.51991703207473 0 5.29819819136871 0.0 0.0 0.0 0.0 172 0.03161383894948493 250 0.03258164785486018 230 0.028367920925991632 127 0.03036420679441368 56 0.03549891013807952 89 0.022586669587592402
279 -22.931188003028435 -43.44303111848859 0 5.239256501017906 0.0 0.0 2.939442557731327 180.46907679064606 255 0.022151720810997064 75 0.016494899074800066 239 0.031009965450206293 232 0.03591584340062491 237 0.015690427649325548 58 0.0256685855245151
280 -23.013376069745558 -43.5657341818534 0 4.735516684975702 0.214548786767168 0.0 969.272586874361 0.0 271 0.02298357895614938 169 0.03031149164185874 41 0.02066064855491055 146 0.02142050971706102 98 0.019603445512235005 295 0.030822162239652978
281 -22.977139149578008 -43.64834848091036 3 1.398752455106668 0.184757700298965 0.0 114880.39874733635 7465.858860483204 199 0.018366939657697527 220 0.021925580657826637 110 0.020216957023169606 125 0.017746404395987823 81 0.0322813831222934 50 0.02047565202397374
282 -23.001977476508763 -43.38866226767992 3 2.077240372787118 0.575718234942679 0.0 32176.997007458333 0.0 90 0.02243715306291088 66 0.025519187117527424 160 0.024011356689693605 86 0.022035314477548577 57 0.020332712070917483
283 -22.75639050244874 -43.119973044517934 0 0.141268590074151 0.019950776002607 0.0 0.0 0.0 29 0.027411823527706682 140 0.03917701160026942 254 0.012357885000651976
284 -22.97655138142982 -43.374498337632545 0 3.598590361170042 1.054375669667247 0.0 36199.82215310165 199.81279169915382 2 0.020821546519923902 145 0.024360314387059167 66 0.021523990816266186 160 0.01967339578191427 197 0.026463904777460908 37 0.026298134681763462
285 -22.91718800344207 -43.58142568744797 0 3.823572587905245 0.236458575171008 0.0 11541.759508563686 486.3875102054862 188 0.029525061791045578 260 0.02395646771224182 231 0.017381747974912303 11 0.024375320491078954 130 0.03196081183984289 210 0.024250505494312763
286 -22.975951012173805 -43.697325099090136 3 0.587612005452352 0.09114723289023 0.0 139097.70853939594 3601.3494252251435 199 0.032915118915407514 47 0.012998071876292037 196 0.015303887717017427 50 0.028853500048042463 88 0.01142395523303504 180 0.023069702761881656
287 -22.844460508199937 -43.32785894330179 3 0.131994015539522 0.33410224336521 0.127463539197304 798599.363257758 25848.792470366127 9 0.028052903251957532 189 0.021322935619096386 123 0.02234856486868797 193 0.022489969685594767 233 0.02112629886173422 157 0.023360392556890916
288 -22.871795363606974 -43.20606368067877 2 0.0 0.030102617017022 0.087860786621304 4.882256064432819 0.0 211 0.027706412262765347 97 0.02004723969942387 243 0.033498839937486924 165 0.02167201621597761
289 -22.978747044900928 -43.58465199767552 0 3.631937566739811 0.103073763855319 0.0 17110.78734025704 4882.629805128744 27 0.033259725385000743 121 0.030624888985448805 30 0.01425536074834496 60 0.018122480193037766 293 0.025527059410898688 130 0.03363708235106516
290 -22.823983043264136 -43.4069089245652 3 0.007937922577307 0.091173079794055 0.0 274403.56013779546 14123.081359291991 92 0.028503973266233208 63 0.015236257445118034 186 0.013748212074525853 131 0.013443527766597928
291 -22.856835926326823 -43.56147078636393 0 4.65444767684498 0.05900293455236 0.077423566393081 1788.2612285731132 88.879259210531 119 0.015340954477553653 183 0.023407389334062195 55 0.017730804974158812 194 0.029406345424994207 151 0.014230353681987636
292 -22.821799365722338 -43.51437227201433 0 4.270163862748411 0.003638366538324 0.0 180.48558140858063 0.0 153 0.02761513747114641 183 0.03626661790586758 167 0.03194147600012555 262 0.03248758560053911
293 -22.971395672717044 -43.60909761260298 0 4.331792523390167 0.0 0.0 7717.795754168097 138.67583546885112 121 0.015091433145431458 30 0.02391655065556475 155 0.02627785180107535 81 0.009852347719283892 125 0.0344779481155736 289 0.025527059410898688
294 -22.923940310820562 -43.702633544985694 0 3.971407946573412 0.876818846399823 0.000717157023492 2815.6167181006117 324.3436845512878 1 0.020329694886321945 206 0.026620016818515457 94 0.017338902820446755 144 0.03388859390243709 107 0.03877359781833139 242 0.027930443799247525
295 -23.009499248986064 -43.535156805479254 0 3.87721477361112 0.012049951377817 0.0 12562.587613726286 1063.359706717558 143 0.017632935669299264 43 0.022917516387679658 146 0.027304926027269073 225 0.021069220670109152 98 0.025234212580082252 280 0.030822162239652978
296 -22.863644537641335 -43.615231644360364 0 1.602696219611262 0.0 0.090609841220543 0.0 1.3682249881924817 191 0.00816911303595246 248 0.028301027507444537 18 0.017290000183837223 106 0.022418880458721212
END