0 -22.803274317966647 -43.117938461674925 0 0.577004414312747 0.147867134648235 0.0 0.562090754177889 0.029963404044457
1 -22.786172718683176 -43.162020771975214 0 1.735188998442268 0.895564239329735 0.0 0.891714806709745 0.18430088852737 2 0.019458390850910265
2 -22.792165206600213 -43.18053344501481 3 0.038521900985127 0.061320128040183 0.099305838992482 0.608061154926796 0.124652250070925 1 0.019458390850910265 4 0.0074107009923569354 9 0.013047457379049728
3 -22.808821970151882 -43.25835780052475 1 8.145905776022765 8.434658113691256 0.0 1.554632506060166 0.517749346163572 5 0.05297090066226404 14 0.06109721876636631
4 -22.79739582303786 -43.1857831250889 3 0.041364992625869 0.105583782410676 0.0 1.180849976486039 0.332868826384071 2 0.0074107009923569354 6 0.01193401679192931 9 0.00934554800998635 11 0.01067921329619105
5 -22.799089599783414 -43.206288641860695 3 0.015789303854669 0.219268669360664 0.0 0.821543324135277 0.073971687738662 3 0.05297090066226404 6 0.008888882694811154 11 0.01569280386501616 14 0.01571586984960961
6 -22.7967919295304 -43.1977018527652 3 0.022811574591508 0.0899050753718 0.0 0.340660441136737 0.0 4 0.01193401679192931 5 0.008888882694811154 11 0.010697086192875757
7 -22.819312157792222 -43.53786459683866 0 60.05176068208542 4.025770637393347 3.168094478930284 35.493491855257105 1.285952162176105 19 0.08429703281649094 49 0.13947295755363304 59 0.056656980281829486 64 0.08407490854288172 80 0.0776665248744325 81 0.11465979772126801 89 0.11363857316569491 125 0.1916463400044277 126 0.1700235323272908 135 0.19383067340433421
8 -22.809921667240054 -43.30960681416542 3 0.322220922264059 0.291375380190477 0.158825358340945 1.96198653455459 0.513895443212645 10 0.014436472564611474 15 0.012113350843526619 21 0.027740633927465612
9 -22.805212049685807 -43.180660052905644 3 0.045164439330046 0.104047619659753 0.0 0.306806309001727 0.003850975804219 2 0.013047457379049728 4 0.00934554800998635 11 0.011538834490599057 17 0.004936148365460375 20 0.0248082799937311
10 -22.81065665559573 -43.324024564760634 3 0.039404102172632 0.149519601669145 0.122833103454926 1.513571297809395 0.112395119569587 8 0.014436472564611474 12 0.042166363841101694 16 0.017723227613269322 21 0.023620372549386794
11 -22.805950748261512 -43.19217521794205 3 0.013008517503149 0.08849366618468 0.0 1.334627857147063 0.184996137381472 4 0.01067921329619105 5 0.01569280386501616 6 0.010697086192875757 9 0.011538834490599057 14 0.007965563042945243 20 0.025720146254684984
12 -22.813778759540615 -43.36607518552344 3 0.529616958766632 1.440372105753946 0.535334734624574 4.436473297311346 1.064828821062425 10 0.042166363841101694 16 0.02489718219954464 21 0.04775344652591399 22 0.038932860342617386 25 0.01064729711197544 30 0.0232110847973172 33 0.02261774295829553
13 -22.818424405457925 -43.29038037076396 3 0.325605649473897 0.875718750643659 0.241579628431372 2.157820877988353 0.158776048678391 15 0.009202030973874769 18 0.013321510696099497 26 0.011204534150824438 34 0.028138645232785458
14 -22.812011681014347 -43.197343901406605 3 0.115656429989802 0.228514011287742 0.0 2.846117667627355 0.013114655601269 3 0.06109721876636631 5 0.01571586984960961 11 0.007965563042945243 20 0.02303756086591289
15 -22.816364251349516 -43.29934882319979 3 0.489829329508055 0.352965857324799 0.096901958059219 0.949468961663677 0.222771365477163 8 0.012113350843526619 13 0.009202030973874769 21 0.029600311601601852 34 0.02144710655481829
16 -22.81499793981781 -43.341207872018984 3 0.142798882806919 0.517612254652835 0.186408646760241 0.534058345218975 0.136256353158639 10 0.017723227613269322 12 0.02489718219954464 21 0.026545830808339423 23 0.0072454515571697894 30 0.018966620960450396
17 -22.810147149201818 -43.18076180482407 3 0.013944271417227 0.001501703622191 0.0 0.326458439253242 0.0 9 0.004936148365460375 20 0.019886366942004415 24 0.007024000415822383
18 -22.818632878472055 -43.27706049140157 3 0.363987671688582 1.24711837979283 0.36452062011384 2.372025475773646 0.209251097420738 13 0.013321510696099497 26 0.01898423589300631 27 0.020747306831401028 38 0.029495785291655842 39 0.042012913976478265 46 0.0449347900056163 50 0.05193780630786553
19 -22.86671854632997 -43.46816076575691 0 19.6971970063873 1.9693995524443 0.300305417053193 13.611496619109994 1.54135421559618 7 0.08429703281649094 45 0.04182708669883199 53 0.020087796996348987 59 0.060114399215865186 64 0.025318052699155335 159 0.032371810491195134
20 -22.829922994824727 -43.18285549058151 0 0.989936287611403 0.357699824070432 0.021023381163332 0.543702561488187 0.104960368629598 9 0.0248082799937311 11 0.025720146254684984 14 0.02303756086591289 17 0.019886366942004415 24 0.013766594125916735 28 0.010940288331980207
21 -22.834251793379103 -43.32293301890479 3 0.68845739961918 1.406583577896377 0.094720387007135 5.099393960890122 0.188684429511521 8 0.027740633927465612 10 0.023620372549386794 12 0.04775344652591399 15 0.029600311601601852 16 0.026545830808339423 23 0.01988812447363687 26 0.030615866213694536 30 0.02809261183040574 34 0.008168115921981705 36 0.011552492850393847 39 0.014936439155751918 43 0.02653364282809724 48 0.022355209543562782 52 0.025046864052075228 55 0.0361974487274232
22 -22.8242740546994 -43.40356673649146 3 0.094156478688711 0.231653217318472 0.014203234825739 3.406625718538679 0.494079498280694 12 0.038932860342617386 25 0.03858993440612831 31 0.030256577422247282 32 0.008904335208099917 35 0.017237754522050966
23 -22.82163851505676 -43.33830971247142 4 0.428877276180586 0.205398016955058 0.010832155148743 0.300849030168286 0.659567838520878 16 0.0072454515571697894 21 0.01988812447363687 30 0.015858728761129422
24 -22.816830416951454 -43.17860066761692 3 0.105617991924649 0.010672255859995 0.0 0.340437335425222 0.113691355655241 17 0.007024000415822383 20 0.013766594125916735 28 0.005311037573168279
25 -22.82436926224832 -43.36497691953165 4 0.126790349636758 0.104064419767229 0.082892246589663 0.569373467723413 0.931711207767617 12 0.01064729711197544 22 0.03858993440612831 31 0.017752693787321434 33 0.01209676758229665
26 -22.829384826058796 -43.292706476047265 3 0.044210714559496 0.251929693952648 0.103865670447554 2.817912300076765 0.304303528684846 13 0.011204534150824438 18 0.01898423589300631 21 0.030615866213694536 34 0.02347499118950487 39 0.023040229138197876
27 -22.839377505820337 -43.27672705934373 3 0.493143939354401 1.62213020811085 0.139237526695468 2.759879396192183 0.636088606636854 18 0.020747306831401028 38 0.011132204012089319 40 0.03847785044896672 50 0.033983906372316845
28 -22.821434681435903 -43.17595342968639 3 0.008533327808208 0.028976908711679 0.0 0.102661525994686 0.0 20 0.010940288331980207 24 0.005311037573168279 29 0.015089717941646381
29 -22.81300243924018 -43.163439562214215 2 0.115275315389608 0.012412097820309 0.380081704662801 0.227927647674873 0.0 28 0.015089717941646381
30 -22.831317787132505 -43.35087199610151 3 0.100300187833418 0.310436948996833 0.516867345800823 1.49644603079885 0.087919894792194 12 0.0232110847973172 16 0.018966620960450396 21 0.02809261183040574 23 0.015858728761129422 33 0.016223768159552048 36 0.0201608837499542 37 0.015662323877400217 43 0.01854881884529178
31 -22.83785068484469 -43.37652721742757 3 0.318558298425869 0.633634348613906 0.255694674655127 2.183249456984356 0.42887091620713 22 0.030256577422247282 25 0.017752693787321434 33 0.010349366844693177 35 0.01503464587683513 37 0.02211083301287764 47 0.024945550929694058 158 0.014587417247079031
32 -22.83291881105908 -43.40143240451635 3 1.760364217741991 0.178447129527821 0.0 1.892710520053374 0.032139013176958 22 0.008904335208099917 35 0.010581588041847426 41 0.028920099168836567 45 0.0539403062328922
33 -22.836395569188305 -43.366280655442566 4 0.244185813348262 0.057863697041332 0.537159551895636 0.317460404415305 0.567194835758461 12 0.02261774295829553 25 0.01209676758229665 30 0.016223768159552048 31 0.010349366844693177 37 0.014132377568680136 47 0.026234200894863655
34 -22.82965686351278 -43.31617989094521 3 0.001507408710549 0.081695602554395 0.003455806474354 0.428550238936089 0.0 13 0.028138645232785458 15 0.02144710655481829 21 0.008168115921981705 26 0.02347499118950487
35 -22.83659294602988 -43.391509162218405 3 0.055452486262646 0.153330798062667 0.0 1.841995606891988 0.066090935430873 22 0.017237754522050966 31 0.01503464587683513 32 0.010581588041847426 41 0.026886139325767493 158 0.018002107973327162
36 -22.84025771244049 -43.33280160681221 3 0.136400592181321 0.511256017773496 0.200812716570414 1.141353712094103 0.271287228641553 21 0.011552492850393847 30 0.0201608837499542 43 0.014996933822359414
37 -22.84611085010337 -43.35601725383856 3 0.002871659220778 0.157425709917244 0.0 1.077805339048054 0.136744341344621 30 0.015662323877400217 31 0.02211083301287764 33 0.014132377568680136 43 0.011332703131566082 47 0.02202058073681789 54 0.021538695104441605
38 -22.846852293680676 -43.26847760405203 3 0.385734284627063 0.173460689536129 0.342214427796199 2.362953901997561 0.425469878925393 18 0.029495785291655842 27 0.011132204012089319 40 0.02776427910784104 44 0.013610742217448825 50 0.03479549975332942 51 0.016694395045008376
39 -22.843313753615018 -43.31105959937476 3 0.0 0.0215706097754 0.0 1.414145143727358 0.0 18 0.042012913976478265 21 0.014936439155751918 26 0.023040229138197876 46 0.010743554182650172 48 0.013756323024810174
40 -22.85794517990273 -43.24302562830077 3 0.216168751431674 1.048736239974942 0.104178970688663 1.583950179056245 1.038400258857616 27 0.03847785044896672 38 0.02776427910784104 44 0.014328111230153942 56 0.01315102748067239 68 0.02128091022320195 157 0.03177984452744568
41 -22.86183146879 -43.40077638708519 0 5.267808727932649 4.155096814325748 0.0 1.324986379688138 0.008817444289629 32 0.028920099168836567 35 0.026886139325767493 45 0.032853306469276325 63 0.01712325856544972 66 0.0233923333489881 77 0.031423902758785975 158 0.021834411521374268
42 -22.8660673951442 -43.21764811457682 1 1.511269354307842 1.838620612812447 0.296957718675761 0.556984971339357 0.0
43 -22.848925835246007 -43.34503973048787 3 0.047476587154214 0.144083876744586 0.004863056320014 2.562820699860278 0.127461298781368 21 0.02653364282809724 30 0.01854881884529178 36 0.014996933822359414 37 0.011332703131566082 52 0.019065344743464028 54 0.02371919909714372 55 0.013815628148012423 61 0.021981598642424844
44 -22.85082566620189 -43.25545974652794 3 0.00660650506313 0.145624763716511 0.449939078227143 2.080956199585767 0.110406427358814 38 0.013610742217448825 40 0.014328111230153942 51 0.023626816876824844 56 0.01602015773011647
45 -22.87964482927773 -43.42838116808592 0 13.924820475052844 1.220542946922696 0.068830387459439 9.772242649018253 0.968165790006327 19 0.04182708669883199 32 0.0539403062328922 41 0.032853306469276325 53 0.022364222526622422 63 0.01592076351134197 64 0.05742614462925443 77 0.03280389686150806 105 0.06443882860015634 135 0.0856704291836612
46 -22.852874086594007 -43.306158172051376 3 0.477074061774267 0.002330899133714 0.0 0.920276647240499 0.119572484189885 18 0.0449347900056163 39 0.010743554182650172 48 0.01111506283422757 50 0.01632506932800052 58 0.01435839775152822
47 -22.862190295399614 -43.37106243296517 3 0.048167582102576 0.645858610171573 0.048670466606079 2.776206714296509 0.367322248675223 31 0.024945550929694058 33 0.026234200894863655 37 0.02202058073681789 54 0.012091207525360184 66 0.019152794469901868 74 0.02791282647111055 158 0.01490252697152383
48 -22.855774239577563 -43.31688821093671 3 0.217694459956557 0.191385246081918 0.016712290061017 1.135349009888873 0.274569622240199 21 0.022355209543562782 39 0.013756323024810174 46 0.01111506283422757 52 0.012091832730023224 58 0.015705737231807997 65 0.017721121558905678
49 -22.924256353432767 -43.62973092195356 0 15.997591668519838 1.646236636874974 1.080675312839545 6.841201742131337 1.630019159535311 7 0.13947295755363304 62 0.09843101735424284 81 0.02493105193364462
50 -22.866512788485018 -43.297186343960504 0 1.114825197630754 0.068884466907224 0.040093870757534 0.904731024789485 0.097110378789151 18 0.05193780630786553 27 0.033983906372316845 38 0.03479549975332942 46 0.01632506932800052 51 0.02123842248702826 57 0.012750280005299085 58 0.008989265293912274 70 0.014563575928057997
51 -22.86146116342326 -43.276557440112434 4 0.392772544713462 0.14193017186622 0.080163473904509 0.744117531006707 1.601871426168528 38 0.016694395045008376 44 0.023626816876824844 50 0.02123842248702826 56 0.024224069700425482 57 0.01269239951521392 67 0.019709223104663994
52 -22.858640912786356 -43.328635321368 3 0.141942547041603 0.004488442570935 0.0 0.848854594403658 0.10593533435191 21 0.025046864052075228 43 0.019065344743464028 48 0.012091832730023224 55 0.017126922619749504 60 0.014419731346101451 65 0.021785962806861542
53 -22.87627059838499 -43.45048937957176 3 0.500778020809895 0.330027285453442 0.028394607428039 3.588811210629181 0.417780740001014 19 0.020087796996348987 45 0.022364222526622422
54 -22.867261717039142 -43.36008618670447 3 6.285941397e-06 0.132070238063073 0.0 2.877582006375875 0.028188082914604 37 0.021538695104441605 43 0.02371919909714372 47 0.012091207525360184 61 0.013295743892711633 74 0.022383861938144393 78 0.021187334825062302
55 -22.862739633694318 -43.34526457166203 3 0.198001662624384 0.201744143683023 0.043034723979333 0.765010110596857 0.048018990273399 21 0.0361974487274232 43 0.013815628148012423 52 0.017126922619749504 60 0.01316590695074325 61 0.00830002921806135
56 -22.866638896490457 -43.25289319211813 3 0.150488276940361 0.451850338411093 0.523575115148904 1.03323355606394 0.040568924558541 40 0.01315102748067239 44 0.01602015773011647 51 0.024224069700425482 67 0.011885870532427824 68 0.013802431225103433
57 -22.870782309345614 -43.285172151027375 3 0.166773801699837 0.425924695281484 0.407188180427112 2.163007463715239 0.322380187123387 50 0.012750280005299085 51 0.01269239951521392 67 0.02367570172111002 70 0.013107734251474911 71 0.016611644807740644 83 0.02312335778802072 86 0.03284204291228893
58 -22.867232479805033 -43.30614675326635 3 0.424659134913982 0.058918157998948 0.089997179951404 0.921865922038638 0.252086094259785 46 0.01435839775152822 48 0.015705737231807997 50 0.008989265293912274 65 0.008186593213545035 70 0.018266034505364816 72 0.023145539803607628
59 -22.875049004061992 -43.52769516310046 0 3.866009370036336 0.240021688874107 0.116162242719266 3.731363347826932 0.366057369297983 7 0.056656980281829486 19 0.060114399215865186 64 0.04333741410900901 80 0.02628977710874479
60 -22.871402008417036 -43.33534971563691 3 0.382130051835955 0.559909381497293 0.072415646067797 2.339436392818866 0.433721905080383 52 0.014419731346101451 55 0.01316590695074325 61 0.011934060601417993 65 0.02328236602866502 69 0.011245152769770674 73 0.01695459484908024 78 0.017872937550975163
61 -22.870794173444054 -43.347268286821574 3 0.015397123314997 0.077724692915529 0.0 1.94054134952403 0.037463598966806 43 0.021981598642424844 54 0.013295743892711633 55 0.00830002921806135 60 0.011934060601417993 78 0.01360565215808273
62 -22.90544234875616 -43.72634716492243 0 83.6302198699747 5.175791965876605 11.41367804774505 21.789923320759424 2.38886533030254 49 0.09843101735424284 81 0.11463657200506333 125 0.10574829836005088 133 0.06927472739889
63 -22.872554414149647 -43.41412645924654 3 0.02913519477564 0.487747805643297 0.011877491836143 1.313373463582249 0.13381539755053 41 0.01712325856544972 45 0.01592076351134197
64 -22.885124602950388 -43.48554526667478 0 10.461051177741501 0.360266928920277 0.0 4.416705324625698 1.997908686864872 7 0.08407490854288172 19 0.025318052699155335 45 0.05742614462925443 59 0.04333741410900901 80 0.05804342073033062 126 0.09449093763742537 135 0.11008088229255229
65 -22.872839518901095 -43.31211176969711 3 0.680474980514724 0.043354440531579 0.010317741831559 0.942507337349651 0.24749479311867 48 0.017721121558905678 52 0.021785962806861542 58 0.008186593213545035 60 0.02328236602866502 69 0.013022487926615013 72 0.01792248781755044 73 0.0190220796220263 76 0.018756855858925503
66 -22.87711436805597 -43.38306666519193 1 0.404764871834794 2.437688653012624 0.0 0.409839435123934 0.0 41 0.0233923333489881 47 0.019152794469901868 74 0.022402135449596846 77 0.0222697906790253 158 0.025600458901529684
67 -22.874517279383834 -43.2617929112878 3 1.0819283e-08 0.082018187641998 0.003680850735372 1.040449353569919 0.031324394652173 51 0.019709223104663994 56 0.011885870532427824 57 0.02367570172111002 68 0.015818118813484102 71 0.01059743232222687 75 0.008601111469377743
68 -22.87892361057962 -43.246600902592746 1 0.196853425882431 0.967747188584572 0.588686270944169 0.578174638020402 0.286889717117876 40 0.02128091022320195 56 0.013802431225103433 67 0.015818118813484102 75 0.017020965856189008 82 0.015708394127695865 85 0.013097360595746285 157 0.023497309275141282
69 -22.87546942262334 -43.324865937573165 0 0.304625046343749 0.030704275297761 0.0 0.289857768150074 0.083087224679112 60 0.011245152769770674 65 0.013022487926615013 73 0.01026902710112185
70 -22.88067134445749 -43.29377562019762 3 0.031664869885086 0.07785699155924 0.028953911393099 1.557834478043094 0.140109799365693 50 0.014563575928057997 57 0.013107734251474911 58 0.018266034505364816 72 0.01722789422855402 79 0.007578626802990651 86 0.021133049985830564
71 -22.87959824686471 -43.27109287587281 3 0.010081062696521 0.280335182103366 0.114439222108515 0.939431364623946 0.096627647247636 57 0.016611644807740644 67 0.01059743232222687 75 0.008671530324292204 83 0.011292231387966126
72 -22.890298596431798 -43.30806254985285 3 1.032392920903091 0.098017683234407 0.0 2.43729535874784 0.319394352222446 58 0.023145539803607628 65 0.01792248781755044 70 0.01722789422855402 76 0.011971668948666083 79 0.009773650968308751 92 0.006869185958140437 106 0.017305404498840583 108 0.05470295255683487
73 -22.885655512098232 -43.32616843471829 3 0.470207751783673 0.255870636701749 0.0 1.842365187525594 0.270527136541801 60 0.01695459484908024 65 0.0190220796220263 69 0.01026902710112185 76 0.007435516661767694 78 0.0214909365336873 84 0.0271638302011589
74 -22.88925667095933 -43.36424061534325 3 1.191429570841395 0.113749958391188 0.0 2.730346613502588 0.196688570454464 47 0.02791282647111055 54 0.022383861938144393 66 0.022402135449596846 77 0.034478926560480114 78 0.01731471322785686 84 0.016493588744168286 104 0.02796327433311805
75 -22.88301495109851 -43.26312283381873 3 0.0 0.0568636805978 0.064593913249388 0.697874045737409 0.005658087535282 67 0.008601111469377743 68 0.017020965856189008 71 0.008671530324292204 82 0.006286830684155565 83 0.01277673297502089
76 -22.889845120994863 -43.32002562710933 0 1.922958378152628 0.32763243882946 0.0 1.844716604602719 0.228487227854572 65 0.018756855858925503 72 0.011971668948666083 73 0.007435516661767694 84 0.03139398311667162 104 0.055778730239779806 106 0.02083019962219887 108 0.05026151723027223
77 -22.893172552912304 -43.39849645054389 0 5.48236284533115 0.498771250573508 0.0 1.878296323384159 0.009773824920363 41 0.031423902758785975 45 0.03280389686150806 66 0.0222697906790253 74 0.034478926560480114 104 0.03794470889116334 105 0.03652601941719509
78 -22.884395216958737 -43.34762238561915 3 0.074400278080136 0.090974765508879 0.0 0.697788015364154 0.121347397299275 54 0.021187334825062302 60 0.017872937550975163 61 0.01360565215808273 73 0.0214909365336873 74 0.01731471322785686 84 0.013963389357673286
79 -22.88572017181491 -43.2994276044982 3 0.0 0.002647068370511 0.0 0.605386425623858 0.008299163604894 70 0.007578626802990651 72 0.009773650968308751 86 0.016199895504290403 92 0.012136094568823207
80 -22.896846570080978 -43.542392730792955 0 3.405580240833415 0.368575400323043 0.01235647108469 2.378837830942844 0.276419021789996 7 0.0776665248744325 59 0.02628977710874479 64 0.05804342073033062
81 -22.90701644368719 -43.611721400513986 3 3.843349943096081 0.426530973619003 0.0 6.370095675201183 0.62134223965868 7 0.11465979772126801 49 0.02493105193364462 62 0.11463657200506333 89 0.011385159298241274 125 0.07810293319968459
82 -22.8880635924627 -43.25937644082986 4 0.016594684932339 0.081689394421242 0.299707358966681 0.139439098709532 0.40644358505554 68 0.015708394127695865 75 0.006286830684155565 83 0.014222122320453391 85 0.016726665984978063 91 0.005814621956330901 93 0.014477910440375564
83 -22.890660671037786 -43.27335942857114 3 0.047643283525827 0.242256657833431 0.089989318383133 1.826996200528476 0.04327427114235 57 0.02312335778802072 71 0.011292231387966126 75 0.01277673297502089 82 0.014222122320453391 86 0.025539769540502272 90 0.010937915223537008 91 0.016916871650013186 94 0.012218392918644546 102 0.0167248113583135
84 -22.89809636102474 -43.35031587659492 3 2.138385257838556 0.230491156880586 0.0 3.046844210847988 1.084256845123413 73 0.0271638302011589 74 0.016493588744168286 76 0.03139398311667162 78 0.013963389357673286 104 0.02635044841512383
85 -22.891519277880978 -43.2430106352199 3 0.030915182342742 0.255091670295889 0.239550566842576 0.995865930194596 0.214989432091658 68 0.013097360595746285 82 0.016726665984978063 87 0.025700486898310136 88 0.017472470195032227 93 0.00894468330641064 101 0.01065589581652007 103 0.013605110341422186 157 0.02133410729200468
86 -22.901638349461198 -43.29641957611217 3 0.620564721187602 0.46362043081763 0.024181388179914 2.531236597607476 0.280837451144398 57 0.03284204291228893 70 0.021133049985830564 79 0.016199895504290403 83 0.025539769540502272 90 0.014652724009952246 92 0.010060659633509328 94 0.017131370542155192 106 0.0139910733107917 107 0.012879465059307958 135 0.12673913805608517
87 -22.898441489810207 -43.21825991788046 3 0.152638897690679 1.618194418373448 0.403183104437181 1.801941353069176 0.129686144106936 85 0.025700486898310136 88 0.009859268055091446 96 0.013739175591914902 103 0.020414625629093883 110 0.013984374590634499 112 0.017956993172065616 157 0.016305992339138545
88 -22.891793103152963 -43.22554031082576 3 0.037902448380484 0.120881718753614 0.18211174683724 0.409032793462792 0.113145834508526 85 0.017472470195032227 87 0.009859268055091446 157 0.009050023907156441
89 -22.913068901895592 -43.60207828888537 3 2.74362845464794 0.507074493143549 0.079910062516697 3.857892267187006 1.099377822500848 7 0.11363857316569491 81 0.011385159298241274 125 0.0780234041159554
90 -22.894629212095673 -43.283552007798654 3 0.010092662558194 0.047935866740325 0.0 0.954607426692126 0.0 83 0.010937915223537008 86 0.014652724009952246 94 0.007951787767762602
91 -22.893190183305364 -43.256632739893725 3 0.095443405523228 0.019233448193057 0.223045258830187 0.446662245545169 0.058181281122269 82 0.005814621956330901 83 0.016916871650013186 93 0.009107796808663741 98 0.009435591854622508 99 0.008122994222097564 102 0.016877274062751718
92 -22.896473580221006 -43.30505334880763 3 0.023667330893572 0.024488975938826 0.0 0.994376457177159 0.017613410942791 72 0.006869185958140437 79 0.012136094568823207 86 0.010060659633509328 106 0.011810927637365529
93 -22.898161474979517 -43.24900134278714 3 0.183389612708071 0.309360382724378 0.016247743547687 0.800285460692418 0.002342350866312 82 0.014477910440375564 85 0.00894468330641064 91 0.009107796808663741 99 0.007542001782085612 101 0.0068839285845490586 111 0.017828564987510898
94 -22.901342828886655 -43.27929075466285 3 0.006929671758603 0.366130628701795 0.0 2.091849770950013 0.006023068597114 83 0.012218392918644546 86 0.017131370542155192 90 0.007951787767762602 102 0.012943030223396768 107 0.013981784808480753
95 -22.897833688708246 -43.192497664694784 1 0.094963488725501 0.429113700765254 0.0 0.419639590386105 0.1057385498346 96 0.012573957062643514 97 0.014750558513481744 100 0.008146954305692278
96 -22.90078082236215 -43.20472136296655 1 0.032076749958688 0.859407281388845 0.014981565771362 0.696158119737358 0.028373939106482 87 0.013739175591914902 95 0.012573957062643514 97 0.025325608181451728 109 0.008834665405343499 110 0.013982110341369907 157 0.02583979252611952
97 -22.905363606288752 -43.179813843595035 1 0.038974641036658 4.471217073171486 0.0 0.890209222509445 0.004545828375032 95 0.014750558513481744 96 0.025325608181451728 100 0.009369533011131964 109 0.025956704989360917 113 0.013701012510802326 115 0.017443174516317966
98 -22.90121095471578 -43.26160240986555 3 0.149256580810897 0.141906328246601 0.000400315481381 0.516493244708817 0.076352024358586 91 0.009435591854622508 99 0.005733138941649218 102 0.007622110422045944 111 0.019224666888007426
99 -22.9012772554278 -43.25586965430301 3 0.216283647846292 0.012201082196334 0.0 0.698710725219065 0.000913028383734 91 0.008122994222097564 93 0.007542001782085612 98 0.005733138941649218 111 0.016108806260365222
100 -22.897180319090545 -43.18437695212742 1 0.002653208004005 0.234327349583111 0.0 0.090740789954005 0.0 95 0.008146954305692278 97 0.009369533011131964
101 -22.902167932169455 -43.243403416962124 3 0.113862760729023 0.132452776395597 0.001392147236985 0.372672262417685 0.028527659895281 85 0.01065589581652007 93 0.0068839285845490586 103 0.005866191194839261 111 0.015026655160929946 112 0.020161112317767873
102 -22.90625554408376 -43.26731631268187 3 0.578666015766566 0.117168472898487 0.003573466760347 1.655037870597516 0.290401276077312 83 0.0167248113583135 91 0.016877274062751718 94 0.012943030223396768 98 0.007622110422045944 107 0.02194393752820764 111 0.020472945534719466 119 0.018702013183997442
103 -22.904115854300123 -43.237870081755645 4 0.162882918847355 0.086936306265789 0.015809317635985 0.19592479848522 0.336575587335517 85 0.013605110341422186 87 0.020414625629093883 101 0.005866191194839261 112 0.014641726584789044
104 -22.916839572010815 -43.36883716633429 0 2.89133079427056 0.295813470602057 0.0 1.960775960832797 0.420069873804719 74 0.02796327433311805 76 0.055778730239779806 77 0.03794470889116334 84 0.02635044841512383 105 0.01877963238756834 108 0.03947568458822957 120 0.018541852154537315
105 -22.926971890920186 -43.384648893189095 3 3.345368454509049 0.430755964547506 0.919277869339106 8.154046334664246 0.357181533880997 45 0.06443882860015634 77 0.03652601941719509 104 0.01877963238756834 120 0.027808584370762668 129 0.023125827904381013 132 0.029159458170827282 135 0.04241229746160345
106 -22.90757351000468 -43.309089382808054 0 1.814581204299356 0.05242232652843 0.015570147879486 0.488323479844379 0.055334686230021 72 0.017305404498840583 76 0.02083019962219887 86 0.0139910733107917 92 0.011810927637365529 108 0.03996919927234401 135 0.11278108308316573
107 -22.911827122350374 -43.2885411544919 3 0.924959134279307 0.108475058012341 0.002367412961604 1.076900800013148 0.556495173553375 86 0.012879465059307958 94 0.013981784808480753 102 0.02194393752820764 119 0.02934877888908451 135 0.12935873844600154
108 -22.93771836966164 -43.33533484578234 3 4.472509557222909 0.461478578765403 0.033789742296992 5.135893136393821 0.29197664301301 72 0.05470295255683487 76 0.05026151723027223 104 0.03947568458822957 106 0.03996919927234401 120 0.022774131269908734 132 0.0304182381973962 134 0.017990737709406922 135 0.07634290266952347 138 0.025377804963139565
109 -22.90958745645222 -43.20542457618318 1 0.003836112392899 0.478160509833345 0.0 0.450763623587722 0.002092636017679 96 0.008834665405343499 97 0.025956704989360917 110 0.0083859101317147 115 0.020643812894473607 116 0.007777889607573827 118 0.013280176930317583
110 -22.91161318649452 -43.21356213764426 3 0.007352089791527 0.077646851709809 0.106181304379516 0.528729465280942 0.0 87 0.013984374590634499 96 0.013982110341369907 109 0.0083859101317147 112 0.013779109246060857 114 0.019607194812399656 116 0.010670616702622537 117 0.03295372222630931
111 -22.915987465080747 -43.24930433853754 3 0.407485078481191 0.273488681961588 0.0 2.176740240797618 0.359411959556721 93 0.017828564987510898 98 0.019224666888007426 99 0.016108806260365222 101 0.015026655160929946 102 0.020472945534719466 112 0.0222655768754646 117 0.017017707481781948 119 0.01502138721024152 121 0.012173972916247526
112 -22.914059094500363 -43.22712242472241 3 0.034008676682301 0.618479755739299 0.000788790990557 1.004729673699171 0.009295326152849 87 0.017956993172065616 101 0.020161112317767873 103 0.014641726584789044 110 0.013779109246060857 111 0.0222655768754646 117 0.02125906147277478
113 -22.918180632114648 -43.174972191728216 1 0.040125379908024 0.57638092875554 0.0 0.451244675809313 0.0 97 0.013701012510802326 115 0.01332748311330751 122 0.010368744447228866 123 0.01620328810419996
114 -22.92706882540119 -43.201497092497306 3 1.226384726290584 0.136960203233016 0.0 1.450722897166798 0.528442785892862 110 0.019607194812399656 115 0.014860782412585188 116 0.010218090502040915 117 0.03918088038626124 118 0.008398991321655919 127 0.09474888674163319
115 -22.920738906391357 -43.1880518338816 0 2.791203707221481 0.088034883599685 0.0 2.005148041509106 0.272741978537978 97 0.017443174516317966 109 0.020643812894473607 113 0.01332748311330751 114 0.014860782412585188 118 0.00906963636644514 122 0.010379511076017143 124 0.016931419304822913 127 0.1095702436968204 128 0.021558106682123452 130 0.03028077333904649 137 0.03686756267954513
116 -22.917315196757357 -43.204542761846746 3 0.083774533492053 0.153472995592484 0.0 0.575070014794175 0.16808310773567 109 0.007777889607573827 110 0.010670616702622537 114 0.010218090502040915 118 0.007900668628226245
117 -22.930563785764157 -43.24052178519185 3 3.672991467133238 0.745424632750954 0.0 4.714941509590772 0.932200926316301 110 0.03295372222630931 111 0.017017707481781948 112 0.02125906147277478 114 0.03918088038626124 119 0.022325527461149807 121 0.011886281571324576 127 0.06132508051447787
118 -22.919922271501115 -43.197084630307714 3 0.057902266402941 0.07746116142302 0.0 0.277623941174862 0.12647107355442 109 0.013280176930317583 114 0.008398991321655919 115 0.00906963636644514 116 0.007900668628226245
119 -22.924158731429188 -43.26190880123862 0 3.866304937804656 0.096671692033393 0.0 1.587368065023039 0.188759855836997 102 0.018702013183997442 107 0.02934877888908451 111 0.01502138721024152 117 0.022325527461149807 121 0.010484303102394144 127 0.054448718294656175 135 0.15057990259250217
120 -22.931251932336703 -43.357171655151426 3 0.508141891505746 0.227706431611942 0.0 2.042807591532041 0.052259715189272 104 0.018541852154537315 105 0.027808584370762668 108 0.022774131269908734 132 0.017794230320434524
121 -22.927838130257943 -43.25209133538424 3 0.54632828933074 0.151617976000945 0.0 1.254601737486496 0.308752445532168 111 0.012173972916247526 117 0.011886281571324576 119 0.010484303102394144
122 -22.927261217526468 -43.17997757183272 3 0.09929448778248 0.027061595452604 0.0 0.477278791437921 0.077391882282513 113 0.010368744447228866 115 0.010379511076017143 123 0.00837337074744007 124 0.010263171005107988
123 -22.934373321853933 -43.17555814769497 3 0.161762258078688 0.494016756368402 0.0 0.905673360077858 0.015217233013604 113 0.01620328810419996 122 0.00837337074744007 124 0.008142302883017701 130 0.019501445786021157
124 -22.936981464005605 -43.18327142785036 3 0.898970344619392 0.157550960566127 0.0 1.360831185899222 0.076154825850179 115 0.016931419304822913 122 0.010263171005107988 123 0.008142302883017701 128 0.014532677605241243 130 0.014193634796001438
125 -22.976273606821294 -43.64782560427214 0 111.94111763077973 2.499934285492861 0.97406040531855 21.54081950073065 2.25636799399494 7 0.1916463400044277 62 0.10574829836005088 81 0.07810293319968459 89 0.0780234041159554 126 0.16698203325802752 133 0.056313955794655916 151 0.026887148241021865 155 0.11320443084398478
126 -22.979500042123522 -43.48087474459713 0 34.811317124057815 0.555425810891239 0.0 3.702512836574926 0.31112669918913 7 0.1700235323272908 64 0.09449093763742537 125 0.16698203325802752 135 0.07530079499458144 136 0.06752142152021846 140 0.017315816303531916 152 0.03966573509144835 155 0.075006726610803
127 -22.974013483652627 -43.283798675716795 0 29.669829041894285 0.120864394878348 0.0 1.465794144935716 0.239188407337874 114 0.09474888674163319 115 0.1095702436968204 117 0.06132508051447787 119 0.054448718294656175 135 0.12418230411861594 137 0.08650057009775836 139 0.05923672540920748 144 0.026183773731278056 145 0.05409302171639881 149 0.0292861429455041
128 -22.94013704571166 -43.197457372389735 3 0.35690151565107 0.031541082170594 0.0 0.43466181332675 0.069435656940333 115 0.021558106682123452 124 0.014532677605241243 130 0.01585799978885323
129 -22.950089386727534 -43.3852696216807 3 0.526862169844104 0.382163790083325 0.167821443269072 2.056118811570665 0.206599412636262 105 0.023125827904381013 135 0.025540570905466277
130 -22.9509393477894 -43.18584761670219 3 1.306592229197183 0.646733383237328 0.0 2.725523555924183 0.10276370113923 115 0.03028077333904649 123 0.019501445786021157 124 0.014193634796001438 128 0.01585799978885323 131 0.035092524915866605 137 0.014255138700495188 141 0.022756343886628422 142 0.02185594311701561 143 0.03889988367665906
131 -22.939042996559575 -43.15283304215719 0 1.392926055129739 0.328789886764343 0.0 0.310263229315269 0.000499722055713 130 0.035092524915866605 141 0.05042485895845246 142 0.02736586135553819
132 -22.947647469677563 -43.36408692723582 3 0.034641750932572 0.052563737340464 0.0 1.052887373269267 0.065684627681082 105 0.029159458170827282 108 0.0304182381973962 120 0.017794230320434524 135 0.04592469954679223 138 0.017291025761709707
133 -22.97097597120306 -43.703889823468515 3 3.803355049202487 0.204665311460624 0.0 7.324323136255702 0.240158716819443 62 0.06927472739889 125 0.056313955794655916
134 -22.955332980577744 -43.33899437110715 3 1.038736426058615 0.080961653707525 0.007994776602918 2.274001413757401 0.098716382208624 108 0.017990737709406922 135 0.06886995169906206 138 0.011717677722409572
135 -22.962723143027993 -43.40746667022139 0 60.256500274848236 3.166241206300927 0.962062463255674 9.119825505287857 2.291852896660948 7 0.19383067340433421 45 0.0856704291836612 64 0.11008088229255229 86 0.12673913805608517 105 0.04241229746160345 106 0.11278108308316573 107 0.12935873844600154 108 0.07634290266952347 119 0.15057990259250217 126 0.07530079499458144 127 0.12418230411861594 129 0.025540570905466277 132 0.04592469954679223 134 0.06886995169906206 136 0.0198915032742426 138 0.05728400757884895 144 0.11044187371734158 146 0.03565062550684308
136 -22.981712379061946 -43.41338957637935 0 7.501190466208088 0.417373368714099 0.063971924988734 0.833095896894289 0.044274067182405 126 0.06752142152021846 135 0.0198915032742426 140 0.050385369816210314 146 0.021623262108759252 152 0.05654894174692545
137 -22.95587372718868 -43.19922150466771 3 0.505429578125098 0.02031274764312 0.0 0.523582073126539 0.005150930805538 115 0.03686756267954513 127 0.08650057009775836 130 0.014255138700495188 139 0.02780127670481296 141 0.019862583787514702 143 0.02494647408730998
138 -22.95816717794838 -43.350364124687175 3 0.104311463535259 0.099229342383404 0.140988743095934 0.722458243271713 0.169309553787651 108 0.025377804963139565 132 0.017291025761709707 134 0.011717677722409572 135 0.05728400757884895
139 -22.96602553264767 -43.225103000612506 3 1.042671068464869 0.373173960351364 0.0 1.210818575289826 0.062540117723602 127 0.05923672540920748 137 0.02780127670481296 143 0.006869113029632109 145 0.014070006872918817
140 -22.977914890430185 -43.46363163616603 0 10.870155373805925 0.537385501141774 0.018694590251224 2.839850138099362 0.172209060778152 126 0.017315816303531916 136 0.050385369816210314 152 0.03562381622101145
141 -22.973352248946497 -43.189786277490924 3 1.355821483359918 0.094480141440158 0.0 2.361273811286625 0.22429633373345 130 0.022756343886628422 131 0.05042485895845246 137 0.019862583787514702 142 0.025131692125596967 143 0.030025843119212577 148 0.019626679350918396
142 -22.96233548431485 -43.16719794319761 0 0.582681466510759 0.059149372810928 0.0 0.191307251226079 0.095915449259819 130 0.02185594311701561 131 0.02736586135553819 141 0.025131692125596967
143 -22.970197468900103 -43.21964592614724 0 3.116769272155186 1.070364163327832 0.0 0.91432558842136 0.008434269834391 130 0.03889988367665906 137 0.02494647408730998 139 0.006869113029632109 141 0.030025843119212577 145 0.013709445528990031 147 0.013371895029861804 148 0.01895697762274455
144 -22.99341989672633 -43.30137653504106 0 9.366825376570128 0.800291774143338 0.028434079030529 2.250257681113644 0.751917305907015 127 0.026183773731278056 135 0.11044187371734158 146 0.09696064101836303 149 0.036511990956870716
145 -22.979231401545192 -43.22995790741547 0 1.471643723363853 0.185729038884289 0.0 0.908698308720968 0.01356552675841 127 0.05409302171639881 139 0.014070006872918817 143 0.013709445528990031 147 0.007401087046255629 149 0.039041989987782966 150 0.021001735157491208 153 0.017352456082913383
146 -22.99716574103074 -43.39826479313841 0 23.71509737080423 7.787188442243432 0.0 16.546368502584663 0.031798371382189 135 0.03565062550684308 136 0.021623262108759252 144 0.09696064101836303 149 0.133275086816479 152 0.06406212829003723 154 0.10968053018831965
147 -22.982978877917812 -43.22357570479389 3 0.282028482248255 0.346842910893962 0.0 1.52391317712923 0.0 143 0.013371895029861804 145 0.007401087046255629 148 0.01717751100166101 153 0.018377802490402387
148 -22.98377515311771 -43.20641665965675 3 1.068130398476449 0.14232540363902 0.0 1.494403272334216 0.056058937963969 141 0.019626679350918396 143 0.01895697762274455 147 0.01717751100166101
149 -22.996462772658816 -43.264991560261706 0 4.808428243632221 0.447801967074416 0.0 1.152908676321869 0.062674321483935 127 0.0292861429455041 144 0.036511990956870716 145 0.039041989987782966 146 0.133275086816479 150 0.018055712486071136 153 0.027378001024076965 154 0.02927857895776071
150 -22.988989028313995 -43.24855526205171 4 0.586786631443897 0.0112235982749 0.0 0.041289400867731 0.797895097979214 145 0.021001735157491208 149 0.018055712486071136 153 0.012332978087903719
151 -22.997727000158328 -43.63161848685845 3 1.138892377251195 0.08320323095495 0.0 2.414466500237613 0.0 125 0.026887148241021865
152 -23.013377057585068 -43.46024180094473 0 17.426478912197815 2.231173339677729 0.0 10.417773327053235 0.535208331513158 126 0.03966573509144835 136 0.05654894174692545 140 0.03562381622101145 146 0.06406212829003723 155 0.08371096929759929 156 0.07077856874681193
153 -22.994778160781166 -43.23766543681003 0 1.042162177659518 0.068326422434564 0.0 0.166623661669061 0.317603009272873 145 0.017352456082913383 147 0.018377802490402387 149 0.027378001024076965 150 0.012332978087903719
154 -23.012279115302384 -43.28963052312882 0 1.140615444432179 0.005401582137725 0.0 0.503169588318326 0.0 146 0.10968053018831965 149 0.02927857895776071
155 -23.020561483354086 -43.54364390168034 0 7.926803180553575 0.0 0.0 1.42454681309229 0.0272546514211 125 0.11320443084398478 126 0.075006726610803 152 0.08371096929759929 156 0.05422909387308318
156 -23.06336602783066 -43.51034877299087 0 9.319759513298983 0.020992051647815 0.0 0.094212551777933 0.0 152 0.07077856874681193 155 0.05422909387308318
157 -22.882986029697662 -43.223457430638845 1 0.531989114504968 2.797218314084485 0.712243832888597 0.637706707495262 0.30868398560732 40 0.03177984452744568 68 0.023497309275141282 85 0.02133410729200468 87 0.016305992339138545 88 0.009050023907156441 96 0.02583979252611952
158 -22.851561396609423 -43.38150809333897 0 2.301022400104663 1.336425722187672 0.0 0.919517318377828 0.083545655325659 31 0.014587417247079031 35 0.018002107973327162 41 0.021834411521374268 47 0.01490252697152383 66 0.025600458901529684
159 -22.83438765873536 -43.46978797865708 0 1.021698611395335 1.004005889344924 0.001777566089324 0.286549847042988 0.037088019491764 19 0.032371810491195134
END