0 0 0 3.75
0 1 0 3.75
0 2 0 3.75
0 3 0 3.75
0 4 0 3.75
0 5 0 3
0 6 0 3
0 7 0 3
0 8 0 3
0 9 0 3
0 10 0 3.75
0 11 0 3.75
0 12 0 3.75
0 13 0 3.75
0 14 0 3.75
0 15 0 3
0 16 0 3
0 17 0 3
0 18 0 3
0 19 0 3
0 20 0 3.75
0 21 0 3.75
0 22 0 3.75
0 23 0 3.75
0 24 0 3.75
0 25 0 3
0 26 0 3
0 27 0 3
0 28 0 3
0 29 0 3
0 30 0 3.75
0 31 0 3.75
0 32 0 3.75
0 33 0 3.75
0 34 0 3.75
0 35 0 3
0 36 0 3
0 37 0 3
0 38 0 3
0 39 0 3
0 40 0 3.75
0 41 0 3.75
0 42 0 3.75
0 43 0 3.75
0 44 0 3.75
0 45 0 3
0 46 0 3
0 47 0 3
0 48 0 3
0 49 0 3
0 50 0 3
0 51 0 3
0 52 0 3
0 53 0 3
0 54 0 3
0 55 0 3.75
0 56 0 3.75
0 57 0 3.75
0 58 0 3.75
0 59 0 3.75
0 60 0 3
0 61 0 3
0 62 0 3
0 63 0 3
0 64 0 3
0 65 0 3.75
0 66 0 3.75
0 67 0 3.75
0 68 0 3.75
0 69 0 3.75
0 70 0 3
0 71 0 3
0 72 0 3
0 73 0 3
0 74 0 3
0 75 0 3.75
0 76 0 3.75
0 77 0 3.75
0 78 0 3.75
0 79 0 3.75
0 80 0 3
0 81 0 3
0 82 0 3
0 83 0 3
0 84 0 3
0 85 0 3.75
0 86 0 3.75
0 87 0 3.75
0 88 0 3.75
0 89 0 3.75
0 90 0 3
0 91 0 3
0 92 0 3
0 93 0 3
0 94 0 3
0 95 0 3.75
0 96 0 3.75
0 97 0 3.75
0 98 0 3.75
0 99 0 3.75
1 0 0 10.5694
1 1 0 10.59
1 2 0 10.5894
1 3 0 10.59
1 4 0 10.5694
1 5 0 7.52161
1 6 0 7.52857
1 7 0 7.52409
1 8 0 7.52857
1 9 0 7.52161
1 10 0 10.5947
1 11 0 10.6152
1 12 0 10.6146
1 13 0 10.6152
1 14 0 10.5947
1 15 0 7.52951
1 16 0 7.53648
1 17 0 7.53199
1 18 0 7.53648
1 19 0 7.52951
1 20 0 10.5926
1 21 0 10.6131
1 22 0 10.6125
1 23 0 10.6131
1 24 0 10.5926
1 25 0 7.52998
1 26 0 7.53694
1 27 0 7.53245
1 28 0 7.53694
1 29 0 7.52998
1 30 0 10.5947
1 31 0 10.6152
1 32 0 10.6146
1 33 0 10.6152
1 34 0 10.5947
1 35 0 7.52951
1 36 0 7.53648
1 37 0 7.53199
1 38 0 7.53648
1 39 0 7.52951
1 40 0 10.5694
1 41 0 10.59
1 42 0 10.5894
1 43 0 10.59
1 44 0 10.5694
1 45 0 7.52161
1 46 0 7.52857
1 47 0 7.52409
1 48 0 7.52857
1 49 0 7.52161
1 50 0 7.52161
1 51 0 7.52857
1 52 0 7.52409
1 53 0 7.52857
1 54 0 7.52161
1 55 0 10.5694
1 56 0 10.59
1 57 0 10.5894
1 58 0 10.59
1 59 0 10.5694
1 60 0 7.52951
1 61 0 7.53648
1 62 0 7.53199
1 63 0 7.53648
1 64 0 7.52951
1 65 0 10.5947
1 66 0 10.6152
1 67 0 10.6146
1 68 0 10.6152
1 69 0 10.5947
1 70 0 7.52998
1 71 0 7.53694
1 72 0 7.53245
1 73 0 7.53694
1 74 0 7.52998
1 75 0 10.5926
1 76 0 10.6131
1 77 0 10.6125
1 78 0 10.6131
1 79 0 10.5926
1 80 0 7.52951
1 81 0 7.53648
1 82 0 7.53199
1 83 0 7.53648
1 84 0 7.52951
1 85 0 10.5947
1 86 0 10.6152
1 87 0 10.6146
1 88 0 10.6152
1 89 0 10.5947
1 90 0 7.52161
1 91 0 7.52857
1 92 0 7.52409
1 93 0 7.52857
1 94 0 7.52161
1 95 0 10.5694
1 96 0 10.59
1 97 0 10.5894
1 98 0 10.59
1 99 0 10.5694
2 0 0 3.75
2 1 0 3.75
2 2 0 3.75
2 3 0 3.75
2 4 0 3.75
2 5 0 3
2 6 0 3
2 7 0 3
2 8 0 3
2 9 0 3
2 10 0 3.75
2 11 0 3.75
2 12 0 3.75
2 13 0 3.75
2 14 0 3.75
2 15 0 3
2 16 0 3
2 17 0 3
2 18 0 3
2 19 0 3
2 20 0 3.75
2 21 0 3.75
2 22 0 3.75
2 23 0 3.75
2 24 0 3.75
2 25 0 3
2 26 0 3
2 27 0 3
2 28 0 3
2 29 0 3
2 30 0 3.75
2 31 0 3.75
2 32 0 3.75
2 33 0 3.75
2 34 0 3.75
2 35 0 3
2 36 0 3
2 37 0 3
2 38 0 3
2 39 0 3
2 40 0 3.75
2 41 0 3.75
2 42 0 3.75
2 43 0 3.75
2 44 0 3.75
2 45 0 3
2 46 0 3
2 47 0 3
2 48 0 3
2 49 0 3
2 50 0 3
2 51 0 3
2 52 0 3
2 53 0 3
2 54 0 3
2 55 0 3.75
2 56 0 3.75
2 57 0 3.75
2 58 0 3.75
2 59 0 3.75
2 60 0 3
2 61 0 3
2 62 0 3
2 63 0 3
2 64 0 3
2 65 0 3.75
2 66 0 3.75
2 67 0 3.75
2 68 0 3.75
2 69 0 3.75
2 70 0 3
2 71 0 3
2 72 0 3
2 73 0 3
2 74 0 3
2 75 0 3.75
2 76 0 3.75
2 77 0 3.75
2 78 0 3.75
2 79 0 3.75
2 80 0 3
2 81 0 3
2 82 0 3
2 83 0 3
2 84 0 3
2 85 0 3.75
2 86 0 3.75
2 87 0 3.75
2 88 0 3.75
2 89 0 3.75
2 90 0 3
2 91 0 3
2 92 0 3
2 93 0 3
2 94 0 3
2 95 0 3.75
2 96 0 3.75
2 97 0 3.75
2 98 0 3.75
2 99 0 3.75
3 0 0 10.5694
3 1 0 10.59
3 2 0 10.5894
3 3 0 10.59
3 4 0 10.5694
3 5 0 7.52161
3 6 0 7.52857
3 7 0 7.52409
3 8 0 7.52857
3 9 0 7.52161
3 10 0 10.5947
3 11 0 10.6152
3 12 0 10.6146
3 13 0 10.6152
3 14 0 10.5947
3 15 0 7.52951
3 16 0 7.53648
3 17 0 7.53199
3 18 0 7.53648
3 19 0 7.52951
3 20 0 10.5926
3 21 0 10.6131
3 22 0 10.6125
3 23 0 10.6131
3 24 0 10.5926
3 25 0 7.52998
3 26 0 7.53694
3 27 0 7.53245
3 28 0 7.53694
3 29 0 7.52998
3 30 0 10.5947
3 31 0 10.6152
3 32 0 10.6146
3 33 0 10.6152
3 34 0 10.5947
3 35 0 7.52951
3 36 0 7.53648
3 37 0 7.53199
3 38 0 7.53648
3 39 0 7.52951
3 40 0 10.5694
3 41 0 10.59
3 42 0 10.5894
3 43 0 10.59
3 44 0 10.5694
3 45 0 7.52161
3 46 0 7.52857
3 47 0 7.52409
3 48 0 7.52857
3 49 0 7.52161
3 50 0 7.52161
3 51 0 7.52857
3 52 0 7.52409
3 53 0 7.52857
3 54 0 7.52161
3 55 0 10.5694
3 56 0 10.59
3 57 0 10.5894
3 58 0 10.59
3 59 0 10.5694
3 60 0 7.52951
3 61 0 7.53648
3 62 0 7.53199
3 63 0 7.53648
3 64 0 7.52951
3 65 0 10.5947
3 66 0 10.6152
3 67 0 10.6146
3 68 0 10.6152
3 69 0 10.5947
3 70 0 7.52998
3 71 0 7.53694
3 72 0 7.53245
3 73 0 7.53694
3 74 0 7.52998
3 75 0 10.5926
3 76 0 10.6131
3 77 0 10.6125
3 78 0 10.6131
3 79 0 10.5926
3 80 0 7.52951
3 81 0 7.53648
3 82 0 7.53199
3 83 0 7.53648
3 84 0 7.52951
3 85 0 10.5947
3 86 0 10.6152
3 87 0 10.6146
3 88 0 10.6152
3 89 0 10.5947
3 90 0 7.52161
3 91 0 7.52857
3 92 0 7.52409
3 93 0 7.52857
3 94 0 7.52161
3 95 0 10.5694
3 96 0 10.59
3 97 0 10.5894
3 98 0 10.59
3 99 0 10.5694
4 0 0 3.75
4 1 0 3.75
4 2 0 3.75
4 3 0 3.75
4 4 0 3.75
4 5 0 3
4 6 0 3
4 7 0 3
4 8 0 3
4 9 0 3
4 10 0 3.75
4 11 0 3.75
4 12 0 3.75
4 13 0 3.75
4 14 0 3.75
4 15 0 3
4 16 0 3
4 17 0 3
4 18 0 3
4 19 0 3
4 20 0 3.75
4 21 0 3.75
4 22 0 3.75
4 23 0 3.75
4 24 0 3.75
4 25 0 3
4 26 0 3
4 27 0 3
4 28 0 3
4 29 0 3
4 30 0 3.75
4 31 0 3.75
4 32 0 3.75
4 33 0 3.75
4 34 0 3.75
4 35 0 3
4 36 0 3
4 37 0 3
4 38 0 3
4 39 0 3
4 40 0 3.75
4 41 0 3.75
4 42 0 3.75
4 43 0 3.75
4 44 0 3.75
4 45 0 3
4 46 0 3
4 47 0 3
4 48 0 3
4 49 0 3
4 50 0 3
4 51 0 3
4 52 0 3
4 53 0 3
4 54 0 3
4 55 0 3.75
4 56 0 3.75
4 57 0 3.75
4 58 0 3.75
4 59 0 3.75
4 60 0 3
4 61 0 3
4 62 0 3
4 63 0 3
4 64 0 3
4 65 0 3.75
4 66 0 3.75
4 67 0 3.75
4 68 0 3.75
4 69 0 3.75
4 70 0 3
4 71 0 3
4 72 0 3
4 73 0 3
4 74 0 3
4 75 0 3.75
4 76 0 3.75
4 77 0 3.75
4 78 0 3.75
4 79 0 3.75
4 80 0 3
4 81 0 3
4 82 0 3
4 83 0 3
4 84 0 3
4 85 0 3.75
4 86 0 3.75
4 87 0 3.75
4 88 0 3.75
4 89 0 3.75
4 90 0 3
4 91 0 3
4 92 0 3
4 93 0 3
4 94 0 3
4 95 0 3.75
4 96 0 3.75
4 97 0 3.75
4 98 0 3.75
4 99 0 3.75
5 0 0 10.5694
5 1 0 10.59
5 2 0 10.5894
5 3 0 10.59
5 4 0 10.5694
5 5 0 7.52161
5 6 0 7.52857
5 7 0 7.52409
5 8 0 7.52857
5 9 0 7.52161
5 10 0 10.5947
5 11 0 10.6152
5 12 0 10.6146
5 13 0 10.6152
5 14 0 10.5947
5 15 0 7.52951
5 16 0 7.53648
5 17 0 7.53199
5 18 0 7.53648
5 19 0 7.52951
5 20 0 10.5926
5 21 0 10.6131
5 22 0 10.6125
5 23 0 10.6131
5 24 0 10.5926
5 25 0 7.52998
5 26 0 7.53694
5 27 0 7.53245
5 28 0 7.53694
5 29 0 7.52998
5 30 0 10.5947
5 31 0 10.6152
5 32 0 10.6146
5 33 0 10.6152
5 34 0 10.5947
5 35 0 7.52951
5 36 0 7.53648
5 37 0 7.53199
5 38 0 7.53648
5 39 0 7.52951
5 40 0 10.5694
5 41 0 10.59
5 42 0 10.5894
5 43 0 10.59
5 44 0 10.5694
5 45 0 7.52161
5 46 0 7.52857
5 47 0 7.52409
5 48 0 7.52857
5 49 0 7.52161
5 50 0 7.52161
5 51 0 7.52857
5 52 0 7.52409
5 53 0 7.52857
5 54 0 7.52161
5 55 0 10.5694
5 56 0 10.59
5 57 0 10.5894
5 58 0 10.59
5 59 0 10.5694
5 60 0 7.52951
5 61 0 7.53648
5 62 0 7.53199
5 63 0 7.53648
5 64 0 7.52951
5 65 0 10.5947
5 66 0 10.6152
5 67 0 10.6146
5 68 0 10.6152
5 69 0 10.5947
5 70 0 7.52998
5 71 0 7.53694
5 72 0 7.53245
5 73 0 7.53694
5 74 0 7.52998
5 75 0 10.5926
5 76 0 10.6131
5 77 0 10.6125
5 78 0 10.6131
5 79 0 10.5926
5 80 0 7.52951
5 81 0 7.53648
5 82 0 7.53199
5 83 0 7.53648
5 84 0 7.52951
5 85 0 10.5947
5 86 0 10.6152
5 87 0 10.6146
5 88 0 10.6152
5 89 0 10.5947
5 90 0 7.52161
5 91 0 7.52857
5 92 0 7.52409
5 93 0 7.52857
5 94 0 7.52161
5 95 0 10.5694
5 96 0 10.59
5 97 0 10.5894
5 98 0 10.59
5 99 0 10.5694
6 0 0 3.75
6 1 0 3.75
6 2 0 3.75
6 3 0 3.75
6 4 0 3.75
6 5 0 3
6 6 0 3
6 7 0 3
6 8 0 3
6 9 0 3
6 10 0 3.75
6 11 0 3.75
6 12 0 3.75
6 13 0 3.75
6 14 0 3.75
6 15 0 3
6 16 0 3
6 17 0 3
6 18 0 3
6 19 0 3
6 20 0 3.75
6 21 0 3.75
6 22 0 3.75
6 23 0 3.75
6 24 0 3.75
6 25 0 3
6 26 0 3
6 27 0 3
6 28 0 3
6 29 0 3
6 30 0 3.75
6 31 0 3.75
6 32 0 3.75
6 33 0 3.75
6 34 0 3.75
6 35 0 3
6 36 0 3
6 37 0 3
6 38 0 3
6 39 0 3
6 40 0 3.75
6 41 0 3.75
6 42 0 3.75
6 43 0 3.75
6 44 0 3.75
6 45 0 3
6 46 0 3
6 47 0 3
6 48 0 3
6 49 0 3
6 50 0 3
6 51 0 3
6 52 0 3
6 53 0 3
6 54 0 3
6 55 0 3.75
6 56 0 3.75
6 57 0 3.75
6 58 0 3.75
6 59 0 3.75
6 60 0 3
6 61 0 3
6 62 0 3
6 63 0 3
6 64 0 3
6 65 0 3.75
6 66 0 3.75
6 67 0 3.75
6 68 0 3.75
6 69 0 3.75
6 70 0 3
6 71 0 3
6 72 0 3
6 73 0 3
6 74 0 3
6 75 0 3.75
6 76 0 3.75
6 77 0 3.75
6 78 0 3.75
6 79 0 3.75
6 80 0 3
6 81 0 3
6 82 0 3
6 83 0 3
6 84 0 3
6 85 0 3.75
6 86 0 3.75
6 87 0 3.75
6 88 0 3.75
6 89 0 3.75
6 90 0 3
6 91 0 3
6 92 0 3
6 93 0 3
6 94 0 3
6 95 0 3.75
6 96 0 3.75
6 97 0 3.75
6 98 0 3.75
6 99 0 3.75
7 0 0 10.5694
7 1 0 10.59
7 2 0 10.5894
7 3 0 10.59
7 4 0 10.5694
7 5 0 7.52161
7 6 0 7.52857
7 7 0 7.52409
7 8 0 7.52857
7 9 0 7.52161
7 10 0 10.5947
7 11 0 10.6152
7 12 0 10.6146
7 13 0 10.6152
7 14 0 10.5947
7 15 0 7.52951
7 16 0 7.53648
7 17 0 7.53199
7 18 0 7.53648
7 19 0 7.52951
7 20 0 10.5926
7 21 0 10.6131
7 22 0 10.6125
7 23 0 10.6131
7 24 0 10.5926
7 25 0 7.52998
7 26 0 7.53694
7 27 0 7.53245
7 28 0 7.53694
7 29 0 7.52998
7 30 0 10.5947
7 31 0 10.6152
7 32 0 10.6146
7 33 0 10.6152
7 34 0 10.5947
7 35 0 7.52951
7 36 0 7.53648
7 37 0 7.53199
7 38 0 7.53648
7 39 0 7.52951
7 40 0 10.5694
7 41 0 10.59
7 42 0 10.5894
7 43 0 10.59
7 44 0 10.5694
7 45 0 7.52161
7 46 0 7.52857
7 47 0 7.52409
7 48 0 7.52857
7 49 0 7.52161
7 50 0 7.52161
7 51 0 7.52857
7 52 0 7.52409
7 53 0 7.52857
7 54 0 7.52161
7 55 0 10.5694
7 56 0 10.59
7 57 0 10.5894
7 58 0 10.59
7 59 0 10.5694
7 60 0 7.52951
7 61 0 7.53648
7 62 0 7.53199
7 63 0 7.53648
7 64 0 7.52951
7 65 0 10.5947
7 66 0 10.6152
7 67 0 10.6146
7 68 0 10.6152
7 69 0 10.5947
7 70 0 7.52998
7 71 0 7.53694
7 72 0 7.53245
7 73 0 7.53694
7 74 0 7.52998
7 75 0 10.5926
7 76 0 10.6131
7 77 0 10.6125
7 78 0 10.6131
7 79 0 10.5926
7 80 0 7.52951
7 81 0 7.53648
7 82 0 7.53199
7 83 0 7.53648
7 84 0 7.52951
7 85 0 10.5947
7 86 0 10.6152
7 87 0 10.6146
7 88 0 10.6152
7 89 0 10.5947
7 90 0 7.52161
7 91 0 7.52857
7 92 0 7.52409
7 93 0 7.52857
7 94 0 7.52161
7 95 0 10.5694
7 96 0 10.59
7 97 0 10.5894
7 98 0 10.59
7 99 0 10.5694
8 0 0 3.75
8 1 0 3.75
8 2 0 3.75
8 3 0 3.75
8 4 0 3.75
8 5 0 3
8 6 0 3
8 7 0 3
8 8 0 3
8 9 0 3
8 10 0 3.75
8 11 0 3.75
8 12 0 3.75
8 13 0 3.75
8 14 0 3.75
8 15 0 3
8 16 0 3
8 17 0 3
8 18 0 3
8 19 0 3
8 20 0 3.75
8 21 0 3.75
8 22 0 3.75
8 23 0 3.75
8 24 0 3.75
8 25 0 3
8 26 0 3
8 27 0 3
8 28 0 3
8 29 0 3
8 30 0 3.75
8 31 0 3.75
8 32 0 3.75
8 33 0 3.75
8 34 0 3.75
8 35 0 3
8 36 0 3
8 37 0 3
8 38 0 3
8 39 0 3
8 40 0 3.75
8 41 0 3.75
8 42 0 3.75
8 43 0 3.75
8 44 0 3.75
8 45 0 3
8 46 0 3
8 47 0 3
8 48 0 3
8 49 0 3
8 50 0 3
8 51 0 3
8 52 0 3
8 53 0 3
8 54 0 3
8 55 0 3.75
8 56 0 3.75
8 57 0 3.75
8 58 0 3.75
8 59 0 3.75
8 60 0 3
8 61 0 3
8 62 0 3
8 63 0 3
8 64 0 3
8 65 0 3.75
8 66 0 3.75
8 67 0 3.75
8 68 0 3.75
8 69 0 3.75
8 70 0 3
8 71 0 3
8 72 0 3
8 73 0 3
8 74 0 3
8 75 0 3.75
8 76 0 3.75
8 77 0 3.75
8 78 0 3.75
8 79 0 3.75
8 80 0 3
8 81 0 3
8 82 0 3
8 83 0 3
8 84 0 3
8 85 0 3.75
8 86 0 3.75
8 87 0 3.75
8 88 0 3.75
8 89 0 3.75
8 90 0 3
8 91 0 3
8 92 0 3
8 93 0 3
8 94 0 3
8 95 0 3.75
8 96 0 3.75
8 97 0 3.75
8 98 0 3.75
8 99 0 3.75
9 0 0 10.5694
9 1 0 10.59
9 2 0 10.5894
9 3 0 10.59
9 4 0 10.5694
9 5 0 7.52161
9 6 0 7.52857
9 7 0 7.52409
9 8 0 7.52857
9 9 0 7.52161
9 10 0 10.5947
9 11 0 10.6152
9 12 0 10.6146
9 13 0 10.6152
9 14 0 10.5947
9 15 0 7.52951
9 16 0 7.53648
9 17 0 7.53199
9 18 0 7.53648
9 19 0 7.52951
9 20 0 10.5926
9 21 0 10.6131
9 22 0 10.6125
9 23 0 10.6131
9 24 0 10.5926
9 25 0 7.52998
9 26 0 7.53694
9 27 0 7.53245
9 28 0 7.53694
9 29 0 7.52998
9 30 0 10.5947
9 31 0 10.6152
9 32 0 10.6146
9 33 0 10.6152
9 34 0 10.5947
9 35 0 7.52951
9 36 0 7.53648
9 37 0 7.53199
9 38 0 7.53648
9 39 0 7.52951
9 40 0 10.5694
9 41 0 10.59
9 42 0 10.5894
9 43 0 10.59
9 44 0 10.5694
9 45 0 7.52161
9 46 0 7.52857
9 47 0 7.52409
9 48 0 7.52857
9 49 0 7.52161
9 50 0 7.52161
9 51 0 7.52857
9 52 0 7.52409
9 53 0 7.52857
9 54 0 7.52161
9 55 0 10.5694
9 56 0 10.59
9 57 0 10.5894
9 58 0 10.59
9 59 0 10.5694
9 60 0 7.52951
9 61 0 7.53648
9 62 0 7.53199
9 63 0 7.53648
9 64 0 7.52951
9 65 0 10.5947
9 66 0 10.6152
9 67 0 10.6146
9 68 0 10.6152
9 69 0 10.5947
9 70 0 7.52998
9 71 0 7.53694
9 72 0 7.53245
9 73 0 7.53694
9 74 0 7.52998
9 75 0 10.5926
9 76 0 10.6131
9 77 0 10.6125
9 78 0 10.6131
9 79 0 10.5926
9 80 0 7.52951
9 81 0 7.53648
9 82 0 7.53199
9 83 0 7.53648
9 84 0 7.52951
9 85 0 10.5947
9 86 0 10.6152
9 87 0 10.6146
9 88 0 10.6152
9 89 0 10.5947
9 90 0 7.52161
9 91 0 7.52857
9 92 0 7.52409
9 93 0 7.52857
9 94 0 7.52161
9 95 0 10.5694
9 96 0 10.59
9 97 0 10.5894
9 98 0 10.59
9 99 0 10.5694
10 0 0 3.75
10 1 0 3.75
10 2 0 3.75
10 3 0 3.75
10 4 0 3.75
10 5 0 3
10 6 0 3
10 7 0 3
10 8 0 3
10 9 0 3
10 10 0 3.75
10 11 0 3.75
10 12 0 3.75
10 13 0 3.75
10 14 0 3.75
10 15 0 3
10 16 0 3
10 17 0 3
10 18 0 3
10 19 0 3
10 20 0 3.75
10 21 0 3.75
10 22 0 3.75
10 23 0 3.75
10 24 0 3.75
10 25 0 3
10 26 0 3
10 27 0 3
10 28 0 3
10 29 0 3
10 30 0 3.75
10 31 0 3.75
10 32 0 3.75
10 33 0 3.75
10 34 0 3.75
10 35 0 3
10 36 0 3
10 37 0 3
10 38 0 3
10 39 0 3
10 40 0 3.75
10 41 0 3.75
10 42 0 3.75
10 43 0 3.75
10 44 0 3.75
10 45 0 3
10 46 0 3
10 47 0 3
10 48 0 3
10 49 0 3
10 50 0 3
10 51 0 3
10 52 0 3
10 53 0 3
10 54 0 3
10 55 0 3.75
10 56 0 3.75
10 57 0 3.75
10 58 0 3.75
10 59 0 3.75
10 60 0 3
10 61 0 3
10 62 0 3
10 63 0 3
10 64 0 3
10 65 0 3.75
10 66 0 3.75
10 67 0 3.75
10 68 0 3.75
10 69 0 3.75
10 70 0 3
10 71 0 3
10 72 0 3
10 73 0 3
10 74 0 3
10 75 0 3.75
10 76 0 3.75
10 77 0 3.75
10 78 0 3.75
10 79 0 3.75
10 80 0 3
10 81 0 3
10 82 0 3
10 83 0 3
10 84 0 3
10 85 0 3.75
10 86 0 3.75
10 87 0 3.75
10 88 0 3.75
10 89 0 3.75
10 90 0 3
10 91 0 3
10 92 0 3
10 93 0 3
10 94 0 3
10 95 0 3.75
10 96 0 3.75
10 97 0 3.75
10 98 0 3.75
10 99 0 3.75
11 0 0 10.5694
11 1 0 10.59
11 2 0 10.5894
11 3 0 10.59
11 4 0 10.5694
11 5 0 7.52161
11 6 0 7.52857
11 7 0 7.52409
11 8 0 7.52857
11 9 0 7.52161
11 10 0 10.5947
11 11 0 10.6152
11 12 0 10.6146
11 13 0 10.6152
11 14 0 10.5947
11 15 0 7.52951
11 16 0 7.53648
11 17 0 7.53199
11 18 0 7.53648
11 19 0 7.52951
11 20 0 10.5926
11 21 0 10.6131
11 22 0 10.6125
11 23 0 10.6131
11 24 0 10.5926
11 25 0 7.52998
11 26 0 7.53694
11 27 0 7.53245
11 28 0 7.53694
11 29 0 7.52998
11 30 0 10.5947
11 31 0 10.6152
11 32 0 10.6146
11 33 0 10.6152
11 34 0 10.5947
11 35 0 7.52951
11 36 0 7.53648
11 37 0 7.53199
11 38 0 7.53648
11 39 0 7.52951
11 40 0 10.5694
11 41 0 10.59
11 42 0 10.5894
11 43 0 10.59
11 44 0 10.5694
11 45 0 7.52161
11 46 0 7.52857
11 47 0 7.52409
11 48 0 7.52857
11 49 0 7.52161
11 50 0 7.52161
11 51 0 7.52857
11 52 0 7.52409
11 53 0 7.52857
11 54 0 7.52161
11 55 0 10.5694
11 56 0 10.59
11 57 0 10.5894
11 58 0 10.59
11 59 0 10.5694
11 60 0 7.52951
11 61 0 7.53648
11 62 0 7.53199
11 63 0 7.53648
11 64 0 7.52951
11 65 0 10.5947
11 66 0 10.6152
11 67 0 10.6146
11 68 0 10.6152
11 69 0 10.5947
11 70 0 7.52998
11 71 0 7.53694
11 72 0 7.53245
11 73 0 7.53694
11 74 0 7.52998
11 75 0 10.5926
11 76 0 10.6131
11 77 0 10.6125
11 78 0 10.6131
11 79 0 10.5926
11 80 0 7.52951
11 81 0 7.53648
11 82 0 7.53199
11 83 0 7.53648
11 84 0 7.52951
11 85 0 10.5947
11 86 0 10.6152
11 87 0 10.6146
11 88 0 10.6152
11 89 0 10.5947
11 90 0 7.52161
11 91 0 7.52857
11 92 0 7.52409
11 93 0 7.52857
11 94 0 7.52161
11 95 0 10.5694
11 96 0 10.59
11 97 0 10.5894
11 98 0 10.59
11 99 0 10.5694
12 0 0 3.75
12 1 0 3.75
12 2 0 3.75
12 3 0 3.75
12 4 0 3.75
12 5 0 3
12 6 0 3
12 7 0 3
12 8 0 3
12 9 0 3
12 10 0 3.75
12 11 0 3.75
12 12 0 3.75
12 13 0 3.75
12 14 0 3.75
12 15 0 3
12 16 0 3
12 17 0 3
12 18 0 3
12 19 0 3
12 20 0 3.75
12 21 0 3.75
12 22 0 3.75
12 23 0 3.75
12 24 0 3.75
12 25 0 3
12 26 0 3
12 27 0 3
12 28 0 3
12 29 0 3
12 30 0 3.75
12 31 0 3.75
12 32 0 3.75
12 33 0 3.75
12 34 0 3.75
12 35 0 3
12 36 0 3
12 37 0 3
12 38 0 3
12 39 0 3
12 40 0 3.75
12 41 0 3.75
12 42 0 3.75
12 43 0 3.75
12 44 0 3.75
12 45 0 3
12 46 0 3
12 47 0 3
12 48 0 3
12 49 0 3
12 50 0 3
12 51 0 3
12 52 0 3
12 53 0 3
12 54 0 3
12 55 0 3.75
12 56 0 3.75
12 57 0 3.75
12 58 0 3.75
12 59 0 3.75
12 60 0 3
12 61 0 3
12 62 0 3
12 63 0 3
12 64 0 3
12 65 0 3.75
12 66 0 3.75
12 67 0 3.75
12 68 0 3.75
12 69 0 3.75
12 70 0 3
12 71 0 3
12 72 0 3
12 73 0 3
12 74 0 3
12 75 0 3.75
12 76 0 3.75
12 77 0 3.75
12 78 0 3.75
12 79 0 3.75
12 80 0 3
12 81 0 3
12 82 0 3
12 83 0 3
12 84 0 3
12 85 0 3.75
12 86 0 3.75
12 87 0 3.75
12 88 0 3.75
12 89 0 3.75
12 90 0 3
12 91 0 3
12 92 0 3
12 93 0 3
12 94 0 3
12 95 0 3.75
12 96 0 3.75
12 97 0 3.75
12 98 0 3.75
12 99 0 3.75
13 0 0 10.5694
13 1 0 10.59
13 2 0 10.5894
13 3 0 10.59
13 4 0 10.5694
13 5 0 7.52161
13 6 0 7.52857
13 7 0 7.52409
13 8 0 7.52857
13 9 0 7.52161
13 10 0 10.5947
13 11 0 10.6152
13 12 0 10.6146
13 13 0 10.6152
13 14 0 10.5947
13 15 0 7.52951
13 16 0 7.53648
13 17 0 7.53199
13 18 0 7.53648
13 19 0 7.52951
13 20 0 10.5926
13 21 0 10.6131
13 22 0 10.6125
13 23 0 10.6131
13 24 0 10.5926
13 25 0 7.52998
13 26 0 7.53694
13 27 0 7.53245
13 28 0 7.53694
13 29 0 7.52998
13 30 0 10.5947
13 31 0 10.6152
13 32 0 10.6146
13 33 0 10.6152
13 34 0 10.5947
13 35 0 7.52951
13 36 0 7.53648
13 37 0 7.53199
13 38 0 7.53648
13 39 0 7.52951
13 40 0 10.5694
13 41 0 10.59
13 42 0 10.5894
13 43 0 10.59
13 44 0 10.5694
13 45 0 7.52161
13 46 0 7.52857
13 47 0 7.52409
13 48 0 7.52857
13 49 0 7.52161
13 50 0 7.52161
13 51 0 7.52857
13 52 0 7.52409
13 53 0 7.52857
13 54 0 7.52161
13 55 0 10.5694
13 56 0 10.59
13 57 0 10.5894
13 58 0 10.59
13 59 0 10.5694
13 60 0 7.52951
13 61 0 7.53648
13 62 0 7.53199
13 63 0 7.53648
13 64 0 7.52951
13 65 0 10.5947
13 66 0 10.6152
13 67 0 10.6146
13 68 0 10.6152
13 69 0 10.5947
13 70 0 7.52998
13 71 0 7.53694
13 72 0 7.53245
13 73 0 7.53694
13 74 0 7.52998
13 75 0 10.5926
13 76 0 10.6131
13 77 0 10.6125
13 78 0 10.6131
13 79 0 10.5926
13 80 0 7.52951
13 81 0 7.53648
13 82 0 7.53199
13 83 0 7.53648
13 84 0 7.52951
13 85 0 10.5947
13 86 0 10.6152
13 87 0 10.6146
13 88 0 10.6152
13 89 0 10.5947
13 90 0 7.52161
13 91 0 7.52857
13 92 0 7.52409
13 93 0 7.52857
13 94 0 7.52161
13 95 0 10.5694
13 96 0 10.59
13 97 0 10.5894
13 98 0 10.59
13 99 0 10.5694
14 0 0 3.75
14 1 0 3.75
14 2 0 3.75
14 3 0 3.75
14 4 0 3.75
14 5 0 3
14 6 0 3
14 7 0 3
14 8 0 3
14 9 0 3
14 10 0 3.75
14 11 0 3.75
14 12 0 3.75
14 13 0 3.75
14 14 0 3.75
14 15 0 3
14 16 0 3
14 17 0 3
14 18 0 3
14 19 0 3
14 20 0 3.75
14 21 0 3.75
14 22 0 3.75
14 23 0 3.75
14 24 0 3.75
14 25 0 3
14 26 0 3
14 27 0 3
14 28 0 3
14 29 0 3
14 30 0 3.75
14 31 0 3.75
14 32 0 3.75
14 33 0 3.75
14 34 0 3.75
14 35 0 3
14 36 0 3
14 37 0 3
14 38 0 3
14 39 0 3
14 40 0 3.75
14 41 0 3.75
14 42 0 3.75
14 43 0 3.75
14 44 0 3.75
14 45 0 3
14 46 0 3
14 47 0 3
14 48 0 3
14 49 0 3
14 50 0 3
14 51 0 3
14 52 0 3
14 53 0 3
14 54 0 3
14 55 0 3.75
14 56 0 3.75
14 57 0 3.75
14 58 0 3.75
14 59 0 3.75
14 60 0 3
14 61 0 3
14 62 0 3
14 63 0 3
14 64 0 3
14 65 0 3.75
14 66 0 3.75
14 67 0 3.75
14 68 0 3.75
14 69 0 3.75
14 70 0 3
14 71 0 3
14 72 0 3
14 73 0 3
14 74 0 3
14 75 0 3.75
14 76 0 3.75
14 77 0 3.75
14 78 0 3.75
14 79 0 3.75
14 80 0 3
14 81 0 3
14 82 0 3
14 83 0 3
14 84 0 3
14 85 0 3.75
14 86 0 3.75
14 87 0 3.75
14 88 0 3.75
14 89 0 3.75
14 90 0 3
14 91 0 3
14 92 0 3
14 93 0 3
14 94 0 3
14 95 0 3.75
14 96 0 3.75
14 97 0 3.75
14 98 0 3.75
14 99 0 3.75
15 0 0 10.5694
15 1 0 10.59
15 2 0 10.5894
15 3 0 10.59
15 4 0 10.5694
15 5 0 7.52161
15 6 0 7.52857
15 7 0 7.52409
15 8 0 7.52857
15 9 0 7.52161
15 10 0 10.5947
15 11 0 10.6152
15 12 0 10.6146
15 13 0 10.6152
15 14 0 10.5947
15 15 0 7.52951
15 16 0 7.53648
15 17 0 7.53199
15 18 0 7.53648
15 19 0 7.52951
15 20 0 10.5926
15 21 0 10.6131
15 22 0 10.6125
15 23 0 10.6131
15 24 0 10.5926
15 25 0 7.52998
15 26 0 7.53694
15 27 0 7.53245
15 28 0 7.53694
15 29 0 7.52998
15 30 0 10.5947
15 31 0 10.6152
15 32 0 10.6146
15 33 0 10.6152
15 34 0 10.5947
15 35 0 7.52951
15 36 0 7.53648
15 37 0 7.53199
15 38 0 7.53648
15 39 0 7.52951
15 40 0 10.5694
15 41 0 10.59
15 42 0 10.5894
15 43 0 10.59
15 44 0 10.5694
15 45 0 7.52161
15 46 0 7.52857
15 47 0 7.52409
15 48 0 7.52857
15 49 0 7.52161
15 50 0 7.52161
15 51 0 7.52857
15 52 0 7.52409
15 53 0 7.52857
15 54 0 7.52161
15 55 0 10.5694
15 56 0 10.59
15 57 0 10.5894
15 58 0 10.59
15 59 0 10.5694
15 60 0 7.52951
15 61 0 7.53648
15 62 0 7.53199
15 63 0 7.53648
15 64 0 7.52951
15 65 0 10.5947
15 66 0 10.6152
15 67 0 10.6146
15 68 0 10.6152
15 69 0 10.5947
15 70 0 7.52998
15 71 0 7.53694
15 72 0 7.53245
15 73 0 7.53694
15 74 0 7.52998
15 75 0 10.5926
15 76 0 10.6131
15 77 0 10.6125
15 78 0 10.6131
15 79 0 10.5926
15 80 0 7.52951
15 81 0 7.53648
15 82 0 7.53199
15 83 0 7.53648
15 84 0 7.52951
15 85 0 10.5947
15 86 0 10.6152
15 87 0 10.6146
15 88 0 10.6152
15 89 0 10.5947
15 90 0 7.52161
15 91 0 7.52857
15 92 0 7.52409
15 93 0 7.52857
15 94 0 7.52161
15 95 0 10.5694
15 96 0 10.59
15 97 0 10.5894
15 98 0 10.59
15 99 0 10.5694
16 0 0 3.75
16 1 0 3.75
16 2 0 3.75
16 3 0 3.75
16 4 0 3.75
16 5 0 3
16 6 0 3
16 7 0 3
16 8 0 3
16 9 0 3
16 10 0 3.75
16 11 0 3.75
16 12 0 3.75
16 13 0 3.75
16 14 0 3.75
16 15 0 3
16 16 0 3
16 17 0 3
16 18 0 3
16 19 0 3
16 20 0 3.75
16 21 0 3.75
16 22 0 3.75
16 23 0 3.75
16 24 0 3.75
16 25 0 3
16 26 0 3
16 27 0 3
16 28 0 3
16 29 0 3
16 30 0 3.75
16 31 0 3.75
16 32 0 3.75
16 33 0 3.75
16 34 0 3.75
16 35 0 3
16 36 0 3
16 37 0 3
16 38 0 3
16 39 0 3
16 40 0 3.75
16 41 0 3.75
16 42 0 3.75
16 43 0 3.75
16 44 0 3.75
16 45 0 3
16 46 0 3
16 47 0 3
16 48 0 3
16 49 0 3
16 50 0 3
16 51 0 3
16 52 0 3
16 53 0 3
16 54 0 3
16 55 0 3.75
16 56 0 3.75
16 57 0 3.75
16 58 0 3.75
16 59 0 3.75
16 60 0 3
16 61 0 3
16 62 0 3
16 63 0 3
16 64 0 3
16 65 0 3.75
16 66 0 3.75
16 67 0 3.75
16 68 0 3.75
16 69 0 3.75
16 70 0 3
16 71 0 3
16 72 0 3
16 73 0 3
16 74 0 3
16 75 0 3.75
16 76 0 3.75
16 77 0 3.75
16 78 0 3.75
16 79 0 3.75
16 80 0 3
16 81 0 3
16 82 0 3
16 83 0 3
16 84 0 3
16 85 0 3.75
16 86 0 3.75
16 87 0 3.75
16 88 0 3.75
16 89 0 3.75
16 90 0 3
16 91 0 3
16 92 0 3
16 93 0 3
16 94 0 3
16 95 0 3.75
16 96 0 3.75
16 97 0 3.75
16 98 0 3.75
16 99 0 3.75
17 0 0 10.5694
17 1 0 10.59
17 2 0 10.5894
17 3 0 10.59
17 4 0 10.5694
17 5 0 7.52161
17 6 0 7.52857
17 7 0 7.52409
17 8 0 7.52857
17 9 0 7.52161
17 10 0 10.5947
17 11 0 10.6152
17 12 0 10.6146
17 13 0 10.6152
17 14 0 10.5947
17 15 0 7.52951
17 16 0 7.53648
17 17 0 7.53199
17 18 0 7.53648
17 19 0 7.52951
17 20 0 10.5926
17 21 0 10.6131
17 22 0 10.6125
17 23 0 10.6131
17 24 0 10.5926
17 25 0 7.52998
17 26 0 7.53694
17 27 0 7.53245
17 28 0 7.53694
17 29 0 7.52998
17 30 0 10.5947
17 31 0 10.6152
17 32 0 10.6146
17 33 0 10.6152
17 34 0 10.5947
17 35 0 7.52951
17 36 0 7.53648
17 37 0 7.53199
17 38 0 7.53648
17 39 0 7.52951
17 40 0 10.5694
17 41 0 10.59
17 42 0 10.5894
17 43 0 10.59
17 44 0 10.5694
17 45 0 7.52161
17 46 0 7.52857
17 47 0 7.52409
17 48 0 7.52857
17 49 0 7.52161
17 50 0 7.52161
17 51 0 7.52857
17 52 0 7.52409
17 53 0 7.52857
17 54 0 7.52161
17 55 0 10.5694
17 56 0 10.59
17 57 0 10.5894
17 58 0 10.59
17 59 0 10.5694
17 60 0 7.52951
17 61 0 7.53648
17 62 0 7.53199
17 63 0 7.53648
17 64 0 7.52951
17 65 0 10.5947
17 66 0 10.6152
17 67 0 10.6146
17 68 0 10.6152
17 69 0 10.5947
17 70 0 7.52998
17 71 0 7.53694
17 72 0 7.53245
17 73 0 7.53694
17 74 0 7.52998
17 75 0 10.5926
17 76 0 10.6131
17 77 0 10.6125
17 78 0 10.6131
17 79 0 10.5926
17 80 0 7.52951
17 81 0 7.53648
17 82 0 7.53199
17 83 0 7.53648
17 84 0 7.52951
17 85 0 10.5947
17 86 0 10.6152
17 87 0 10.6146
17 88 0 10.6152
17 89 0 10.5947
17 90 0 7.52161
17 91 0 7.52857
17 92 0 7.52409
17 93 0 7.52857
17 94 0 7.52161
17 95 0 10.5694
17 96 0 10.59
17 97 0 10.5894
17 98 0 10.59
17 99 0 10.5694
18 0 0 3.75
18 1 0 3.75
18 2 0 3.75
18 3 0 3.75
18 4 0 3.75
18 5 0 3
18 6 0 3
18 7 0 3
18 8 0 3
18 9 0 3
18 10 0 3.75
18 11 0 3.75
18 12 0 3.75
18 13 0 3.75
18 14 0 3.75
18 15 0 3
18 16 0 3
18 17 0 3
18 18 0 3
18 19 0 3
18 20 0 3.75
18 21 0 3.75
18 22 0 3.75
18 23 0 3.75
18 24 0 3.75
18 25 0 3
18 26 0 3
18 27 0 3
18 28 0 3
18 29 0 3
18 30 0 3.75
18 31 0 3.75
18 32 0 3.75
18 33 0 3.75
18 34 0 3.75
18 35 0 3
18 36 0 3
18 37 0 3
18 38 0 3
18 39 0 3
18 40 0 3.75
18 41 0 3.75
18 42 0 3.75
18 43 0 3.75
18 44 0 3.75
18 45 0 3
18 46 0 3
18 47 0 3
18 48 0 3
18 49 0 3
18 50 0 3
18 51 0 3
18 52 0 3
18 53 0 3
18 54 0 3
18 55 0 3.75
18 56 0 3.75
18 57 0 3.75
18 58 0 3.75
18 59 0 3.75
18 60 0 3
18 61 0 3
18 62 0 3
18 63 0 3
18 64 0 3
18 65 0 3.75
18 66 0 3.75
18 67 0 3.75
18 68 0 3.75
18 69 0 3.75
18 70 0 3
18 71 0 3
18 72 0 3
18 73 0 3
18 74 0 3
18 75 0 3.75
18 76 0 3.75
18 77 0 3.75
18 78 0 3.75
18 79 0 3.75
18 80 0 3
18 81 0 3
18 82 0 3
18 83 0 3
18 84 0 3
18 85 0 3.75
18 86 0 3.75
18 87 0 3.75
18 88 0 3.75
18 89 0 3.75
18 90 0 3
18 91 0 3
18 92 0 3
18 93 0 3
18 94 0 3
18 95 0 3.75
18 96 0 3.75
18 97 0 3.75
18 98 0 3.75
18 99 0 3.75
19 0 0 10.5694
19 1 0 10.59
19 2 0 10.5894
19 3 0 10.59
19 4 0 10.5694
19 5 0 7.52161
19 6 0 7.52857
19 7 0 7.52409
19 8 0 7.52857
19 9 0 7.52161
19 10 0 10.5947
19 11 0 10.6152
19 12 0 10.6146
19 13 0 10.6152
19 14 0 10.5947
19 15 0 7.52951
19 16 0 7.53648
19 17 0 7.53199
19 18 0 7.53648
19 19 0 7.52951
19 20 0 10.5926
19 21 0 10.6131
19 22 0 10.6125
19 23 0 10.6131
19 24 0 10.5926
19 25 0 7.52998
19 26 0 7.53694
19 27 0 7.53245
19 28 0 7.53694
19 29 0 7.52998
19 30 0 10.5947
19 31 0 10.6152
19 32 0 10.6146
19 33 0 10.6152
19 34 0 10.5947
19 35 0 7.52951
19 36 0 7.53648
19 37 0 7.53199
19 38 0 7.53648
19 39 0 7.52951
19 40 0 10.5694
19 41 0 10.59
19 42 0 10.5894
19 43 0 10.59
19 44 0 10.5694
19 45 0 7.52161
19 46 0 7.52857
19 47 0 7.52409
19 48 0 7.52857
19 49 0 7.52161
19 50 0 7.52161
19 51 0 7.52857
19 52 0 7.52409
19 53 0 7.52857
19 54 0 7.52161
19 55 0 10.5694
19 56 0 10.59
19 57 0 10.5894
19 58 0 10.59
19 59 0 10.5694
19 60 0 7.52951
19 61 0 7.53648
19 62 0 7.53199
19 63 0 7.53648
19 64 0 7.52951
19 65 0 10.5947
19 66 0 10.6152
19 67 0 10.6146
19 68 0 10.6152
19 69 0 10.5947
19 70 0 7.52998
19 71 0 7.53694
19 72 0 7.53245
19 73 0 7.53694
19 74 0 7.52998
19 75 0 10.5926
19 76 0 10.6131
19 77 0 10.6125
19 78 0 10.6131
19 79 0 10.5926
19 80 0 7.52951
19 81 0 7.53648
19 82 0 7.53199
19 83 0 7.53648
19 84 0 7.52951
19 85 0 10.5947
19 86 0 10.6152
19 87 0 10.6146
19 88 0 10.6152
19 89 0 10.5947
19 90 0 7.52161
19 91 0 7.52857
19 92 0 7.52409
19 93 0 7.52857
19 94 0 7.52161
19 95 0 10.5694
19 96 0 10.59
19 97 0 10.5894
19 98 0 10.59
19 99 0 10.5694
20 0 0 3.75
20 1 0 3.75
20 2 0 3.75
20 3 0 3.75
20 4 0 3.75
20 5 0 3
20 6 0 3
20 7 0 3
20 8 0 3
20 9 0 3
20 10 0 3.75
20 11 0 3.75
20 12 0 3.75
20 13 0 3.75
20 14 0 3.75
20 15 0 3
20 16 0 3
20 17 0 3
20 18 0 3
20 19 0 3
20 20 0 3.75
20 21 0 3.75
20 22 0 3.75
20 23 0 3.75
20 24 0 3.75
20 25 0 3
20 26 0 3
20 27 0 3
20 28 0 3
20 29 0 3
20 30 0 3.75
20 31 0 3.75
20 32 0 3.75
20 33 0 3.75
20 34 0 3.75
20 35 0 3
20 36 0 3
20 37 0 3
20 38 0 3
20 39 0 3
20 40 0 3.75
20 41 0 3.75
20 42 0 3.75
20 43 0 3.75
20 44 0 3.75
20 45 0 3
20 46 0 3
20 47 0 3
20 48 0 3
20 49 0 3
20 50 0 3
20 51 0 3
20 52 0 3
20 53 0 3
20 54 0 3
20 55 0 3.75
20 56 0 3.75
20 57 0 3.75
20 58 0 3.75
20 59 0 3.75
20 60 0 3
20 61 0 3
20 62 0 3
20 63 0 3
20 64 0 3
20 65 0 3.75
20 66 0 3.75
20 67 0 3.75
20 68 0 3.75
20 69 0 3.75
20 70 0 3
20 71 0 3
20 72 0 3
20 73 0 3
20 74 0 3
20 75 0 3.75
20 76 0 3.75
20 77 0 3.75
20 78 0 3.75
20 79 0 3.75
20 80 0 3
20 81 0 3
20 82 0 3
20 83 0 3
20 84 0 3
20 85 0 3.75
20 86 0 3.75
20 87 0 3.75
20 88 0 3.75
20 89 0 3.75
20 90 0 3
20 91 0 3
20 92 0 3
20 93 0 3
20 94 0 3
20 95 0 3.75
20 96 0 3.75
20 97 0 3.75
20 98 0 3.75
20 99 0 3.75
21 0 0 10.5694
21 1 0 10.59
21 2 0 10.5894
21 3 0 10.59
21 4 0 10.5694
21 5 0 7.52161
21 6 0 7.52857
21 7 0 7.52409
21 8 0 7.52857
21 9 0 7.52161
21 10 0 10.5947
21 11 0 10.6152
21 12 0 10.6146
21 13 0 10.6152
21 14 0 10.5947
21 15 0 7.52951
21 16 0 7.53648
21 17 0 7.53199
21 18 0 7.53648
21 19 0 7.52951
21 20 0 10.5926
21 21 0 10.6131
21 22 0 10.6125
21 23 0 10.6131
21 24 0 10.5926
21 25 0 7.52998
21 26 0 7.53694
21 27 0 7.53245
21 28 0 7.53694
21 29 0 7.52998
21 30 0 10.5947
21 31 0 10.6152
21 32 0 10.6146
21 33 0 10.6152
21 34 0 10.5947
21 35 0 7.52951
21 36 0 7.53648
21 37 0 7.53199
21 38 0 7.53648
21 39 0 7.52951
21 40 0 10.5694
21 41 0 10.59
21 42 0 10.5894
21 43 0 10.59
21 44 0 10.5694
21 45 0 7.52161
21 46 0 7.52857
21 47 0 7.52409
21 48 0 7.52857
21 49 0 7.52161
21 50 0 7.52161
21 51 0 7.52857
21 52 0 7.52409
21 53 0 7.52857
21 54 0 7.52161
21 55 0 10.5694
21 56 0 10.59
21 57 0 10.5894
21 58 0 10.59
21 59 0 10.5694
21 60 0 7.52951
21 61 0 7.53648
21 62 0 7.53199
21 63 0 7.53648
21 64 0 7.52951
21 65 0 10.5947
21 66 0 10.6152
21 67 0 10.6146
21 68 0 10.6152
21 69 0 10.5947
21 70 0 7.52998
21 71 0 7.53694
21 72 0 7.53245
21 73 0 7.53694
21 74 0 7.52998
21 75 0 10.5926
21 76 0 10.6131
21 77 0 10.6125
21 78 0 10.6131
21 79 0 10.5926
21 80 0 7.52951
21 81 0 7.53648
21 82 0 7.53199
21 83 0 7.53648
21 84 0 7.52951
21 85 0 10.5947
21 86 0 10.6152
21 87 0 10.6146
21 88 0 10.6152
21 89 0 10.5947
21 90 0 7.52161
21 91 0 7.52857
21 92 0 7.52409
21 93 0 7.52857
21 94 0 7.52161
21 95 0 10.5694
21 96 0 10.59
21 97 0 10.5894
21 98 0 10.59
21 99 0 10.5694
22 0 0 3.75
22 1 0 3.75
22 2 0 3.75
22 3 0 3.75
22 4 0 3.75
22 5 0 3
22 6 0 3
22 7 0 3
22 8 0 3
22 9 0 3
22 10 0 3.75
22 11 0 3.75
22 12 0 3.75
22 13 0 3.75
22 14 0 3.75
22 15 0 3
22 16 0 3
22 17 0 3
22 18 0 3
22 19 0 3
22 20 0 3.75
22 21 0 3.75
22 22 0 3.75
22 23 0 3.75
22 24 0 3.75
22 25 0 3
22 26 0 3
22 27 0 3
22 28 0 3
22 29 0 3
22 30 0 3.75
22 31 0 3.75
22 32 0 3.75
22 33 0 3.75
22 34 0 3.75
22 35 0 3
22 36 0 3
22 37 0 3
22 38 0 3
22 39 0 3
22 40 0 3.75
22 41 0 3.75
22 42 0 3.75
22 43 0 3.75
22 44 0 3.75
22 45 0 3
22 46 0 3
22 47 0 3
22 48 0 3
22 49 0 3
22 50 0 3
22 51 0 3
22 52 0 3
22 53 0 3
22 54 0 3
22 55 0 3.75
22 56 0 3.75
22 57 0 3.75
22 58 0 3.75
22 59 0 3.75
22 60 0 3
22 61 0 3
22 62 0 3
22 63 0 3
22 64 0 3
22 65 0 3.75
22 66 0 3.75
22 67 0 3.75
22 68 0 3.75
22 69 0 3.75
22 70 0 3
22 71 0 3
22 72 0 3
22 73 0 3
22 74 0 3
22 75 0 3.75
22 76 0 3.75
22 77 0 3.75
22 78 0 3.75
22 79 0 3.75
22 80 0 3
22 81 0 3
22 82 0 3
22 83 0 3
22 84 0 3
22 85 0 3.75
22 86 0 3.75
22 87 0 3.75
22 88 0 3.75
22 89 0 3.75
22 90 0 3
22 91 0 3
22 92 0 3
22 93 0 3
22 94 0 3
22 95 0 3.75
22 96 0 3.75
22 97 0 3.75
22 98 0 3.75
22 99 0 3.75
23 0 0 10.5694
23 1 0 10.59
23 2 0 10.5894
23 3 0 10.59
23 4 0 10.5694
23 5 0 7.52161
23 6 0 7.52857
23 7 0 7.52409
23 8 0 7.52857
23 9 0 7.52161
23 10 0 10.5947
23 11 0 10.6152
23 12 0 10.6146
23 13 0 10.6152
23 14 0 10.5947
23 15 0 7.52951
23 16 0 7.53648
23 17 0 7.53199
23 18 0 7.53648
23 19 0 7.52951
23 20 0 10.5926
23 21 0 10.6131
23 22 0 10.6125
23 23 0 10.6131
23 24 0 10.5926
23 25 0 7.52998
23 26 0 7.53694
23 27 0 7.53245
23 28 0 7.53694
23 29 0 7.52998
23 30 0 10.5947
23 31 0 10.6152
23 32 0 10.6146
23 33 0 10.6152
23 34 0 10.5947
23 35 0 7.52951
23 36 0 7.53648
23 37 0 7.53199
23 38 0 7.53648
23 39 0 7.52951
23 40 0 10.5694
23 41 0 10.59
23 42 0 10.5894
23 43 0 10.59
23 44 0 10.5694
23 45 0 7.52161
23 46 0 7.52857
23 47 0 7.52409
23 48 0 7.52857
23 49 0 7.52161
23 50 0 7.52161
23 51 0 7.52857
23 52 0 7.52409
23 53 0 7.52857
23 54 0 7.52161
23 55 0 10.5694
23 56 0 10.59
23 57 0 10.5894
23 58 0 10.59
23 59 0 10.5694
23 60 0 7.52951
23 61 0 7.53648
23 62 0 7.53199
23 63 0 7.53648
23 64 0 7.52951
23 65 0 10.5947
23 66 0 10.6152
23 67 0 10.6146
23 68 0 10.6152
23 69 0 10.5947
23 70 0 7.52998
23 71 0 7.53694
23 72 0 7.53245
23 73 0 7.53694
23 74 0 7.52998
23 75 0 10.5926
23 76 0 10.6131
23 77 0 10.6125
23 78 0 10.6131
23 79 0 10.5926
23 80 0 7.52951
23 81 0 7.53648
23 82 0 7.53199
23 83 0 7.53648
23 84 0 7.52951
23 85 0 10.5947
23 86 0 10.6152
23 87 0 10.6146
23 88 0 10.6152
23 89 0 10.5947
23 90 0 7.52161
23 91 0 7.52857
23 92 0 7.52409
23 93 0 7.52857
23 94 0 7.52161
23 95 0 10.5694
23 96 0 10.59
23 97 0 10.5894
23 98 0 10.59
23 99 0 10.5694
24 0 0 3.75
24 1 0 3.75
24 2 0 3.75
24 3 0 3.75
24 4 0 3.75
24 5 0 3
24 6 0 3
24 7 0 3
24 8 0 3
24 9 0 3
24 10 0 3.75
24 11 0 3.75
24 12 0 3.75
24 13 0 3.75
24 14 0 3.75
24 15 0 3
24 16 0 3
24 17 0 3
24 18 0 3
24 19 0 3
24 20 0 3.75
24 21 0 3.75
24 22 0 3.75
24 23 0 3.75
24 24 0 3.75
24 25 0 3
24 26 0 3
24 27 0 3
24 28 0 3
24 29 0 3
24 30 0 3.75
24 31 0 3.75
24 32 0 3.75
24 33 0 3.75
24 34 0 3.75
24 35 0 3
24 36 0 3
24 37 0 3
24 38 0 3
24 39 0 3
24 40 0 3.75
24 41 0 3.75
24 42 0 3.75
24 43 0 3.75
24 44 0 3.75
24 45 0 3
24 46 0 3
24 47 0 3
24 48 0 3
24 49 0 3
24 50 0 3
24 51 0 3
24 52 0 3
24 53 0 3
24 54 0 3
24 55 0 3.75
24 56 0 3.75
24 57 0 3.75
24 58 0 3.75
24 59 0 3.75
24 60 0 3
24 61 0 3
24 62 0 3
24 63 0 3
24 64 0 3
24 65 0 3.75
24 66 0 3.75
24 67 0 3.75
24 68 0 3.75
24 69 0 3.75
24 70 0 3
24 71 0 3
24 72 0 3
24 73 0 3
24 74 0 3
24 75 0 3.75
24 76 0 3.75
24 77 0 3.75
24 78 0 3.75
24 79 0 3.75
24 80 0 3
24 81 0 3
24 82 0 3
24 83 0 3
24 84 0 3
24 85 0 3.75
24 86 0 3.75
24 87 0 3.75
24 88 0 3.75
24 89 0 3.75
24 90 0 3
24 91 0 3
24 92 0 3
24 93 0 3
24 94 0 3
24 95 0 3.75
24 96 0 3.75
24 97 0 3.75
24 98 0 3.75
24 99 0 3.75
25 0 0 10.5694
25 1 0 10.59
25 2 0 10.5894
25 3 0 10.59
25 4 0 10.5694
25 5 0 7.52161
25 6 0 7.52857
25 7 0 7.52409
25 8 0 7.52857
25 9 0 7.52161
25 10 0 10.5947
25 11 0 10.6152
25 12 0 10.6146
25 13 0 10.6152
25 14 0 10.5947
25 15 0 7.52951
25 16 0 7.53648
25 17 0 7.53199
25 18 0 7.53648
25 19 0 7.52951
25 20 0 10.5926
25 21 0 10.6131
25 22 0 10.6125
25 23 0 10.6131
25 24 0 10.5926
25 25 0 7.52998
25 26 0 7.53694
25 27 0 7.53245
25 28 0 7.53694
25 29 0 7.52998
25 30 0 10.5947
25 31 0 10.6152
25 32 0 10.6146
25 33 0 10.6152
25 34 0 10.5947
25 35 0 7.52951
25 36 0 7.53648
25 37 0 7.53199
25 38 0 7.53648
25 39 0 7.52951
25 40 0 10.5694
25 41 0 10.59
25 42 0 10.5894
25 43 0 10.59
25 44 0 10.5694
25 45 0 7.52161
25 46 0 7.52857
25 47 0 7.52409
25 48 0 7.52857
25 49 0 7.52161
25 50 0 7.52161
25 51 0 7.52857
25 52 0 7.52409
25 53 0 7.52857
25 54 0 7.52161
25 55 0 10.5694
25 56 0 10.59
25 57 0 10.5894
25 58 0 10.59
25 59 0 10.5694
25 60 0 7.52951
25 61 0 7.53648
25 62 0 7.53199
25 63 0 7.53648
25 64 0 7.52951
25 65 0 10.5947
25 66 0 10.6152
25 67 0 10.6146
25 68 0 10.6152
25 69 0 10.5947
25 70 0 7.52998
25 71 0 7.53694
25 72 0 7.53245
25 73 0 7.53694
25 74 0 7.52998
25 75 0 10.5926
25 76 0 10.6131
25 77 0 10.6125
25 78 0 10.6131
25 79 0 10.5926
25 80 0 7.52951
25 81 0 7.53648
25 82 0 7.53199
25 83 0 7.53648
25 84 0 7.52951
25 85 0 10.5947
25 86 0 10.6152
25 87 0 10.6146
25 88 0 10.6152
25 89 0 10.5947
25 90 0 7.52161
25 91 0 7.52857
25 92 0 7.52409
25 93 0 7.52857
25 94 0 7.52161
25 95 0 10.5694
25 96 0 10.59
25 97 0 10.5894
25 98 0 10.59
25 99 0 10.5694
26 0 0 3.75
26 1 0 3.75
26 2 0 3.75
26 3 0 3.75
26 4 0 3.75
26 5 0 3
26 6 0 3
26 7 0 3
26 8 0 3
26 9 0 3
26 10 0 3.75
26 11 0 3.75
26 12 0 3.75
26 13 0 3.75
26 14 0 3.75
26 15 0 3
26 16 0 3
26 17 0 3
26 18 0 3
26 19 0 3
26 20 0 3.75
26 21 0 3.75
26 22 0 3.75
26 23 0 3.75
26 24 0 3.75
26 25 0 3
26 26 0 3
26 27 0 3
26 28 0 3
26 29 0 3
26 30 0 3.75
26 31 0 3.75
26 32 0 3.75
26 33 0 3.75
26 34 0 3.75
26 35 0 3
26 36 0 3
26 37 0 3
26 38 0 3
26 39 0 3
26 40 0 3.75
26 41 0 3.75
26 42 0 3.75
26 43 0 3.75
26 44 0 3.75
26 45 0 3
26 46 0 3
26 47 0 3
26 48 0 3
26 49 0 3
26 50 0 3
26 51 0 3
26 52 0 3
26 53 0 3
26 54 0 3
26 55 0 3.75
26 56 0 3.75
26 57 0 3.75
26 58 0 3.75
26 59 0 3.75
26 60 0 3
26 61 0 3
26 62 0 3
26 63 0 3
26 64 0 3
26 65 0 3.75
26 66 0 3.75
26 67 0 3.75
26 68 0 3.75
26 69 0 3.75
26 70 0 3
26 71 0 3
26 72 0 3
26 73 0 3
26 74 0 3
26 75 0 3.75
26 76 0 3.75
26 77 0 3.75
26 78 0 3.75
26 79 0 3.75
26 80 0 3
26 81 0 3
26 82 0 3
26 83 0 3
26 84 0 3
26 85 0 3.75
26 86 0 3.75
26 87 0 3.75
26 88 0 3.75
26 89 0 3.75
26 90 0 3
26 91 0 3
26 92 0 3
26 93 0 3
26 94 0 3
26 95 0 3.75
26 96 0 3.75
26 97 0 3.75
26 98 0 3.75
26 99 0 3.75
27 0 0 10.5694
27 1 0 10.59
27 2 0 10.5894
27 3 0 10.59
27 4 0 10.5694
27 5 0 7.52161
27 6 0 7.52857
27 7 0 7.52409
27 8 0 7.52857
27 9 0 7.52161
27 10 0 10.5947
27 11 0 10.6152
27 12 0 10.6146
27 13 0 10.6152
27 14 0 10.5947
27 15 0 7.52951
27 16 0 7.53648
27 17 0 7.53199
27 18 0 7.53648
27 19 0 7.52951
27 20 0 10.5926
27 21 0 10.6131
27 22 0 10.6125
27 23 0 10.6131
27 24 0 10.5926
27 25 0 7.52998
27 26 0 7.53694
27 27 0 7.53245
27 28 0 7.53694
27 29 0 7.52998
27 30 0 10.5947
27 31 0 10.6152
27 32 0 10.6146
27 33 0 10.6152
27 34 0 10.5947
27 35 0 7.52951
27 36 0 7.53648
27 37 0 7.53199
27 38 0 7.53648
27 39 0 7.52951
27 40 0 10.5694
27 41 0 10.59
27 42 0 10.5894
27 43 0 10.59
27 44 0 10.5694
27 45 0 7.52161
27 46 0 7.52857
27 47 0 7.52409
27 48 0 7.52857
27 49 0 7.52161
27 50 0 7.52161
27 51 0 7.52857
27 52 0 7.52409
27 53 0 7.52857
27 54 0 7.52161
27 55 0 10.5694
27 56 0 10.59
27 57 0 10.5894
27 58 0 10.59
27 59 0 10.5694
27 60 0 7.52951
27 61 0 7.53648
27 62 0 7.53199
27 63 0 7.53648
27 64 0 7.52951
27 65 0 10.5947
27 66 0 10.6152
27 67 0 10.6146
27 68 0 10.6152
27 69 0 10.5947
27 70 0 7.52998
27 71 0 7.53694
27 72 0 7.53245
27 73 0 7.53694
27 74 0 7.52998
27 75 0 10.5926
27 76 0 10.6131
27 77 0 10.6125
27 78 0 10.6131
27 79 0 10.5926
27 80 0 7.52951
27 81 0 7.53648
27 82 0 7.53199
27 83 0 7.53648
27 84 0 7.52951
27 85 0 10.5947
27 86 0 10.6152
27 87 0 10.6146
27 88 0 10.6152
27 89 0 10.5947
27 90 0 7.52161
27 91 0 7.52857
27 92 0 7.52409
27 93 0 7.52857
27 94 0 7.52161
27 95 0 10.5694
27 96 0 10.59
27 97 0 10.5894
27 98 0 10.59
27 99 0 10.5694
