0 0 0 3.75
0 1 0 3.75
0 2 0 3.75
0 3 0 3.75
0 4 0 3.75
0 5 0 3
0 6 0 3
0 7 0 3
0 8 0 3
0 9 0 3
0 10 0 3.75
0 11 0 3.75
0 12 0 3.75
0 13 0 3.75
0 14 0 3.75
0 15 0 3
0 16 0 3
0 17 0 3
0 18 0 3
0 19 0 3
0 20 0 3.75
0 21 0 3.75
0 22 0 3.75
0 23 0 3.75
0 24 0 3.75
0 25 0 3
0 26 0 3
0 27 0 3
0 28 0 3
0 29 0 3
0 30 0 3.75
0 31 0 3.75
0 32 0 3.75
0 33 0 3.75
0 34 0 3.75
0 35 0 3
0 36 0 3
0 37 0 3
0 38 0 3
0 39 0 3
0 40 0 3.75
0 41 0 3.75
0 42 0 3.75
0 43 0 3.75
0 44 0 3.75
0 45 0 3
0 46 0 3
0 47 0 3
0 48 0 3
0 49 0 3
0 50 0 3
0 51 0 3
0 52 0 3
0 53 0 3
0 54 0 3
0 55 0 3.75
0 56 0 3.75
0 57 0 3.75
0 58 0 3.75
0 59 0 3.75
0 60 0 3
0 61 0 3
0 62 0 3
0 63 0 3
0 64 0 3
0 65 0 3.75
0 66 0 3.75
0 67 0 3.75
0 68 0 3.75
0 69 0 3.75
0 70 0 3
0 71 0 3
0 72 0 3
0 73 0 3
0 74 0 3
0 75 0 3.75
0 76 0 3.75
0 77 0 3.75
0 78 0 3.75
0 79 0 3.75
0 80 0 3
0 81 0 3
0 82 0 3
0 83 0 3
0 84 0 3
0 85 0 3.75
0 86 0 3.75
0 87 0 3.75
0 88 0 3.75
0 89 0 3.75
0 90 0 3
0 91 0 3
0 92 0 3
0 93 0 3
0 94 0 3
0 95 0 3.75
0 96 0 3.75
0 97 0 3.75
0 98 0 3.75
0 99 0 3.75
1 0 0 10.5723
1 1 0 10.5994
1 2 0 10.5973
1 3 0 10.5994
1 4 0 10.5723
1 5 0 7.51957
1 6 0 7.52723
1 7 0 7.5256
1 8 0 7.52723
1 9 0 7.51957
1 10 0 10.5208
1 11 0 10.5285
1 12 0 10.5269
1 13 0 10.5285
1 14 0 10.5208
1 15 0 7.52084
1 16 0 7.52849
1 17 0 7.52687
1 18 0 7.52849
1 19 0 7.52084
1 20 0 10.5221
1 21 0 10.5298
1 22 0 10.5282
1 23 0 10.5298
1 24 0 10.5221
1 25 0 7.52213
1 26 0 7.52978
1 27 0 7.52816
1 28 0 7.52978
1 29 0 7.52213
1 30 0 10.5989
1 31 0 10.626
1 32 0 10.6238
1 33 0 10.626
1 34 0 10.5989
1 35 0 7.52084
1 36 0 7.52849
1 37 0 7.52687
1 38 0 7.52849
1 39 0 7.52084
1 40 0 10.5723
1 41 0 10.5994
1 42 0 10.5973
1 43 0 10.5994
1 44 0 10.5723
1 45 0 7.51957
1 46 0 7.52723
1 47 0 7.5256
1 48 0 7.52723
1 49 0 7.51957
1 50 0 7.57232
1 51 0 7.59944
1 52 0 7.59731
1 53 0 7.59944
1 54 0 7.57232
1 55 0 10.5196
1 56 0 10.5272
1 57 0 10.5256
1 58 0 10.5272
1 59 0 10.5196
1 60 0 7.59886
1 61 0 7.62598
1 62 0 7.62385
1 63 0 7.62598
1 64 0 7.59886
1 65 0 10.5208
1 66 0 10.5285
1 67 0 10.5269
1 68 0 10.5285
1 69 0 10.5208
1 70 0 7.6036
1 71 0 7.63072
1 72 0 7.62859
1 73 0 7.63072
1 74 0 7.6036
1 75 0 10.6036
1 76 0 10.6307
1 77 0 10.6286
1 78 0 10.6307
1 79 0 10.6036
1 80 0 7.59886
1 81 0 7.62598
1 82 0 7.62385
1 83 0 7.62598
1 84 0 7.59886
1 85 0 10.5989
1 86 0 10.626
1 87 0 10.6238
1 88 0 10.626
1 89 0 10.5989
1 90 0 7.57232
1 91 0 7.59944
1 92 0 7.59731
1 93 0 7.59944
1 94 0 7.57232
1 95 0 10.5723
1 96 0 10.5994
1 97 0 10.5973
1 98 0 10.5994
1 99 0 10.5723
2 0 0 3.75
2 1 0 3.75
2 2 0 3.75
2 3 0 3.75
2 4 0 3.75
2 5 0 3
2 6 0 3
2 7 0 3
2 8 0 3
2 9 0 3
2 10 0 3.75
2 11 0 3.75
2 12 0 3.75
2 13 0 3.75
2 14 0 3.75
2 15 0 3
2 16 0 3
2 17 0 3
2 18 0 3
2 19 0 3
2 20 0 3.75
2 21 0 3.75
2 22 0 3.75
2 23 0 3.75
2 24 0 3.75
2 25 0 3
2 26 0 3
2 27 0 3
2 28 0 3
2 29 0 3
2 30 0 3.75
2 31 0 3.75
2 32 0 3.75
2 33 0 3.75
2 34 0 3.75
2 35 0 3
2 36 0 3
2 37 0 3
2 38 0 3
2 39 0 3
2 40 0 3.75
2 41 0 3.75
2 42 0 3.75
2 43 0 3.75
2 44 0 3.75
2 45 0 3
2 46 0 3
2 47 0 3
2 48 0 3
2 49 0 3
2 50 0 3
2 51 0 3
2 52 0 3
2 53 0 3
2 54 0 3
2 55 0 3.75
2 56 0 3.75
2 57 0 3.75
2 58 0 3.75
2 59 0 3.75
2 60 0 3
2 61 0 3
2 62 0 3
2 63 0 3
2 64 0 3
2 65 0 3.75
2 66 0 3.75
2 67 0 3.75
2 68 0 3.75
2 69 0 3.75
2 70 0 3
2 71 0 3
2 72 0 3
2 73 0 3
2 74 0 3
2 75 0 3.75
2 76 0 3.75
2 77 0 3.75
2 78 0 3.75
2 79 0 3.75
2 80 0 3
2 81 0 3
2 82 0 3
2 83 0 3
2 84 0 3
2 85 0 3.75
2 86 0 3.75
2 87 0 3.75
2 88 0 3.75
2 89 0 3.75
2 90 0 3
2 91 0 3
2 92 0 3
2 93 0 3
2 94 0 3
2 95 0 3.75
2 96 0 3.75
2 97 0 3.75
2 98 0 3.75
2 99 0 3.75
3 0 0 10.5723
3 1 0 10.5994
3 2 0 10.5973
3 3 0 10.5994
3 4 0 10.5723
3 5 0 7.51957
3 6 0 7.52723
3 7 0 7.5256
3 8 0 7.52723
3 9 0 7.51957
3 10 0 10.5208
3 11 0 10.5285
3 12 0 10.5269
3 13 0 10.5285
3 14 0 10.5208
3 15 0 7.52084
3 16 0 7.52849
3 17 0 7.52687
3 18 0 7.52849
3 19 0 7.52084
3 20 0 10.5221
3 21 0 10.5298
3 22 0 10.5282
3 23 0 10.5298
3 24 0 10.5221
3 25 0 7.52213
3 26 0 7.52978
3 27 0 7.52816
3 28 0 7.52978
3 29 0 7.52213
3 30 0 10.5989
3 31 0 10.626
3 32 0 10.6238
3 33 0 10.626
3 34 0 10.5989
3 35 0 7.52084
3 36 0 7.52849
3 37 0 7.52687
3 38 0 7.52849
3 39 0 7.52084
3 40 0 10.5723
3 41 0 10.5994
3 42 0 10.5973
3 43 0 10.5994
3 44 0 10.5723
3 45 0 7.51957
3 46 0 7.52723
3 47 0 7.5256
3 48 0 7.52723
3 49 0 7.51957
3 50 0 7.57232
3 51 0 7.59944
3 52 0 7.59731
3 53 0 7.59944
3 54 0 7.57232
3 55 0 10.5196
3 56 0 10.5272
3 57 0 10.5256
3 58 0 10.5272
3 59 0 10.5196
3 60 0 7.59886
3 61 0 7.62598
3 62 0 7.62385
3 63 0 7.62598
3 64 0 7.59886
3 65 0 10.5208
3 66 0 10.5285
3 67 0 10.5269
3 68 0 10.5285
3 69 0 10.5208
3 70 0 7.6036
3 71 0 7.63072
3 72 0 7.62859
3 73 0 7.63072
3 74 0 7.6036
3 75 0 10.6036
3 76 0 10.6307
3 77 0 10.6286
3 78 0 10.6307
3 79 0 10.6036
3 80 0 7.59886
3 81 0 7.62598
3 82 0 7.62385
3 83 0 7.62598
3 84 0 7.59886
3 85 0 10.5989
3 86 0 10.626
3 87 0 10.6238
3 88 0 10.626
3 89 0 10.5989
3 90 0 7.57232
3 91 0 7.59944
3 92 0 7.59731
3 93 0 7.59944
3 94 0 7.57232
3 95 0 10.5723
3 96 0 10.5994
3 97 0 10.5973
3 98 0 10.5994
3 99 0 10.5723
4 0 0 3.75
4 1 0 3.75
4 2 0 3.75
4 3 0 3.75
4 4 0 3.75
4 5 0 3
4 6 0 3
4 7 0 3
4 8 0 3
4 9 0 3
4 10 0 3.75
4 11 0 3.75
4 12 0 3.75
4 13 0 3.75
4 14 0 3.75
4 15 0 3
4 16 0 3
4 17 0 3
4 18 0 3
4 19 0 3
4 20 0 3.75
4 21 0 3.75
4 22 0 3.75
4 23 0 3.75
4 24 0 3.75
4 25 0 3
4 26 0 3
4 27 0 3
4 28 0 3
4 29 0 3
4 30 0 3.75
4 31 0 3.75
4 32 0 3.75
4 33 0 3.75
4 34 0 3.75
4 35 0 3
4 36 0 3
4 37 0 3
4 38 0 3
4 39 0 3
4 40 0 3.75
4 41 0 3.75
4 42 0 3.75
4 43 0 3.75
4 44 0 3.75
4 45 0 3
4 46 0 3
4 47 0 3
4 48 0 3
4 49 0 3
4 50 0 3
4 51 0 3
4 52 0 3
4 53 0 3
4 54 0 3
4 55 0 3.75
4 56 0 3.75
4 57 0 3.75
4 58 0 3.75
4 59 0 3.75
4 60 0 3
4 61 0 3
4 62 0 3
4 63 0 3
4 64 0 3
4 65 0 3.75
4 66 0 3.75
4 67 0 3.75
4 68 0 3.75
4 69 0 3.75
4 70 0 3
4 71 0 3
4 72 0 3
4 73 0 3
4 74 0 3
4 75 0 3.75
4 76 0 3.75
4 77 0 3.75
4 78 0 3.75
4 79 0 3.75
4 80 0 3
4 81 0 3
4 82 0 3
4 83 0 3
4 84 0 3
4 85 0 3.75
4 86 0 3.75
4 87 0 3.75
4 88 0 3.75
4 89 0 3.75
4 90 0 3
4 91 0 3
4 92 0 3
4 93 0 3
4 94 0 3
4 95 0 3.75
4 96 0 3.75
4 97 0 3.75
4 98 0 3.75
4 99 0 3.75
5 0 0 10.5723
5 1 0 10.5994
5 2 0 10.5973
5 3 0 10.5994
5 4 0 10.5723
5 5 0 7.51957
5 6 0 7.52723
5 7 0 7.5256
5 8 0 7.52723
5 9 0 7.51957
5 10 0 10.5208
5 11 0 10.5285
5 12 0 10.5269
5 13 0 10.5285
5 14 0 10.5208
5 15 0 7.52084
5 16 0 7.52849
5 17 0 7.52687
5 18 0 7.52849
5 19 0 7.52084
5 20 0 10.5221
5 21 0 10.5298
5 22 0 10.5282
5 23 0 10.5298
5 24 0 10.5221
5 25 0 7.52213
5 26 0 7.52978
5 27 0 7.52816
5 28 0 7.52978
5 29 0 7.52213
5 30 0 10.5989
5 31 0 10.626
5 32 0 10.6238
5 33 0 10.626
5 34 0 10.5989
5 35 0 7.52084
5 36 0 7.52849
5 37 0 7.52687
5 38 0 7.52849
5 39 0 7.52084
5 40 0 10.5723
5 41 0 10.5994
5 42 0 10.5973
5 43 0 10.5994
5 44 0 10.5723
5 45 0 7.51957
5 46 0 7.52723
5 47 0 7.5256
5 48 0 7.52723
5 49 0 7.51957
5 50 0 7.57232
5 51 0 7.59944
5 52 0 7.59731
5 53 0 7.59944
5 54 0 7.57232
5 55 0 10.5196
5 56 0 10.5272
5 57 0 10.5256
5 58 0 10.5272
5 59 0 10.5196
5 60 0 7.59886
5 61 0 7.62598
5 62 0 7.62385
5 63 0 7.62598
5 64 0 7.59886
5 65 0 10.5208
5 66 0 10.5285
5 67 0 10.5269
5 68 0 10.5285
5 69 0 10.5208
5 70 0 7.6036
5 71 0 7.63072
5 72 0 7.62859
5 73 0 7.63072
5 74 0 7.6036
5 75 0 10.6036
5 76 0 10.6307
5 77 0 10.6286
5 78 0 10.6307
5 79 0 10.6036
5 80 0 7.59886
5 81 0 7.62598
5 82 0 7.62385
5 83 0 7.62598
5 84 0 7.59886
5 85 0 10.5989
5 86 0 10.626
5 87 0 10.6238
5 88 0 10.626
5 89 0 10.5989
5 90 0 7.57232
5 91 0 7.59944
5 92 0 7.59731
5 93 0 7.59944
5 94 0 7.57232
5 95 0 10.5723
5 96 0 10.5994
5 97 0 10.5973
5 98 0 10.5994
5 99 0 10.5723
6 0 0 3.75
6 1 0 3.75
6 2 0 3.75
6 3 0 3.75
6 4 0 3.75
6 5 0 3
6 6 0 3
6 7 0 3
6 8 0 3
6 9 0 3
6 10 0 3.75
6 11 0 3.75
6 12 0 3.75
6 13 0 3.75
6 14 0 3.75
6 15 0 3
6 16 0 3
6 17 0 3
6 18 0 3
6 19 0 3
6 20 0 3.75
6 21 0 3.75
6 22 0 3.75
6 23 0 3.75
6 24 0 3.75
6 25 0 3
6 26 0 3
6 27 0 3
6 28 0 3
6 29 0 3
6 30 0 3.75
6 31 0 3.75
6 32 0 3.75
6 33 0 3.75
6 34 0 3.75
6 35 0 3
6 36 0 3
6 37 0 3
6 38 0 3
6 39 0 3
6 40 0 3.75
6 41 0 3.75
6 42 0 3.75
6 43 0 3.75
6 44 0 3.75
6 45 0 3
6 46 0 3
6 47 0 3
6 48 0 3
6 49 0 3
6 50 0 3
6 51 0 3
6 52 0 3
6 53 0 3
6 54 0 3
6 55 0 3.75
6 56 0 3.75
6 57 0 3.75
6 58 0 3.75
6 59 0 3.75
6 60 0 3
6 61 0 3
6 62 0 3
6 63 0 3
6 64 0 3
6 65 0 3.75
6 66 0 3.75
6 67 0 3.75
6 68 0 3.75
6 69 0 3.75
6 70 0 3
6 71 0 3
6 72 0 3
6 73 0 3
6 74 0 3
6 75 0 3.75
6 76 0 3.75
6 77 0 3.75
6 78 0 3.75
6 79 0 3.75
6 80 0 3
6 81 0 3
6 82 0 3
6 83 0 3
6 84 0 3
6 85 0 3.75
6 86 0 3.75
6 87 0 3.75
6 88 0 3.75
6 89 0 3.75
6 90 0 3
6 91 0 3
6 92 0 3
6 93 0 3
6 94 0 3
6 95 0 3.75
6 96 0 3.75
6 97 0 3.75
6 98 0 3.75
6 99 0 3.75
7 0 0 10.5723
7 1 0 10.5994
7 2 0 10.5973
7 3 0 10.5994
7 4 0 10.5723
7 5 0 7.51957
7 6 0 7.52723
7 7 0 7.5256
7 8 0 7.52723
7 9 0 7.51957
7 10 0 10.5208
7 11 0 10.5285
7 12 0 10.5269
7 13 0 10.5285
7 14 0 10.5208
7 15 0 7.52084
7 16 0 7.52849
7 17 0 7.52687
7 18 0 7.52849
7 19 0 7.52084
7 20 0 10.5221
7 21 0 10.5298
7 22 0 10.5282
7 23 0 10.5298
7 24 0 10.5221
7 25 0 7.52213
7 26 0 7.52978
7 27 0 7.52816
7 28 0 7.52978
7 29 0 7.52213
7 30 0 10.5989
7 31 0 10.626
7 32 0 10.6238
7 33 0 10.626
7 34 0 10.5989
7 35 0 7.52084
7 36 0 7.52849
7 37 0 7.52687
7 38 0 7.52849
7 39 0 7.52084
7 40 0 10.5723
7 41 0 10.5994
7 42 0 10.5973
7 43 0 10.5994
7 44 0 10.5723
7 45 0 7.51957
7 46 0 7.52723
7 47 0 7.5256
7 48 0 7.52723
7 49 0 7.51957
7 50 0 7.57232
7 51 0 7.59944
7 52 0 7.59731
7 53 0 7.59944
7 54 0 7.57232
7 55 0 10.5196
7 56 0 10.5272
7 57 0 10.5256
7 58 0 10.5272
7 59 0 10.5196
7 60 0 7.59886
7 61 0 7.62598
7 62 0 7.62385
7 63 0 7.62598
7 64 0 7.59886
7 65 0 10.5208
7 66 0 10.5285
7 67 0 10.5269
7 68 0 10.5285
7 69 0 10.5208
7 70 0 7.6036
7 71 0 7.63072
7 72 0 7.62859
7 73 0 7.63072
7 74 0 7.6036
7 75 0 10.6036
7 76 0 10.6307
7 77 0 10.6286
7 78 0 10.6307
7 79 0 10.6036
7 80 0 7.59886
7 81 0 7.62598
7 82 0 7.62385
7 83 0 7.62598
7 84 0 7.59886
7 85 0 10.5989
7 86 0 10.626
7 87 0 10.6238
7 88 0 10.626
7 89 0 10.5989
7 90 0 7.57232
7 91 0 7.59944
7 92 0 7.59731
7 93 0 7.59944
7 94 0 7.57232
7 95 0 10.5723
7 96 0 10.5994
7 97 0 10.5973
7 98 0 10.5994
7 99 0 10.5723
8 0 0 3.75
8 1 0 3.75
8 2 0 3.75
8 3 0 3.75
8 4 0 3.75
8 5 0 3
8 6 0 3
8 7 0 3
8 8 0 3
8 9 0 3
8 10 0 3.75
8 11 0 3.75
8 12 0 3.75
8 13 0 3.75
8 14 0 3.75
8 15 0 3
8 16 0 3
8 17 0 3
8 18 0 3
8 19 0 3
8 20 0 3.75
8 21 0 3.75
8 22 0 3.75
8 23 0 3.75
8 24 0 3.75
8 25 0 3
8 26 0 3
8 27 0 3
8 28 0 3
8 29 0 3
8 30 0 3.75
8 31 0 3.75
8 32 0 3.75
8 33 0 3.75
8 34 0 3.75
8 35 0 3
8 36 0 3
8 37 0 3
8 38 0 3
8 39 0 3
8 40 0 3.75
8 41 0 3.75
8 42 0 3.75
8 43 0 3.75
8 44 0 3.75
8 45 0 3
8 46 0 3
8 47 0 3
8 48 0 3
8 49 0 3
8 50 0 3
8 51 0 3
8 52 0 3
8 53 0 3
8 54 0 3
8 55 0 3.75
8 56 0 3.75
8 57 0 3.75
8 58 0 3.75
8 59 0 3.75
8 60 0 3
8 61 0 3
8 62 0 3
8 63 0 3
8 64 0 3
8 65 0 3.75
8 66 0 3.75
8 67 0 3.75
8 68 0 3.75
8 69 0 3.75
8 70 0 3
8 71 0 3
8 72 0 3
8 73 0 3
8 74 0 3
8 75 0 3.75
8 76 0 3.75
8 77 0 3.75
8 78 0 3.75
8 79 0 3.75
8 80 0 3
8 81 0 3
8 82 0 3
8 83 0 3
8 84 0 3
8 85 0 3.75
8 86 0 3.75
8 87 0 3.75
8 88 0 3.75
8 89 0 3.75
8 90 0 3
8 91 0 3
8 92 0 3
8 93 0 3
8 94 0 3
8 95 0 3.75
8 96 0 3.75
8 97 0 3.75
8 98 0 3.75
8 99 0 3.75
9 0 0 10.5723
9 1 0 10.5994
9 2 0 10.5973
9 3 0 10.5994
9 4 0 10.5723
9 5 0 7.51957
9 6 0 7.52723
9 7 0 7.5256
9 8 0 7.52723
9 9 0 7.51957
9 10 0 10.5208
9 11 0 10.5285
9 12 0 10.5269
9 13 0 10.5285
9 14 0 10.5208
9 15 0 7.52084
9 16 0 7.52849
9 17 0 7.52687
9 18 0 7.52849
9 19 0 7.52084
9 20 0 10.5221
9 21 0 10.5298
9 22 0 10.5282
9 23 0 10.5298
9 24 0 10.5221
9 25 0 7.52213
9 26 0 7.52978
9 27 0 7.52816
9 28 0 7.52978
9 29 0 7.52213
9 30 0 10.5989
9 31 0 10.626
9 32 0 10.6238
9 33 0 10.626
9 34 0 10.5989
9 35 0 7.52084
9 36 0 7.52849
9 37 0 7.52687
9 38 0 7.52849
9 39 0 7.52084
9 40 0 10.5723
9 41 0 10.5994
9 42 0 10.5973
9 43 0 10.5994
9 44 0 10.5723
9 45 0 7.51957
9 46 0 7.52723
9 47 0 7.5256
9 48 0 7.52723
9 49 0 7.51957
9 50 0 7.57232
9 51 0 7.59944
9 52 0 7.59731
9 53 0 7.59944
9 54 0 7.57232
9 55 0 10.5196
9 56 0 10.5272
9 57 0 10.5256
9 58 0 10.5272
9 59 0 10.5196
9 60 0 7.59886
9 61 0 7.62598
9 62 0 7.62385
9 63 0 7.62598
9 64 0 7.59886
9 65 0 10.5208
9 66 0 10.5285
9 67 0 10.5269
9 68 0 10.5285
9 69 0 10.5208
9 70 0 7.6036
9 71 0 7.63072
9 72 0 7.62859
9 73 0 7.63072
9 74 0 7.6036
9 75 0 10.6036
9 76 0 10.6307
9 77 0 10.6286
9 78 0 10.6307
9 79 0 10.6036
9 80 0 7.59886
9 81 0 7.62598
9 82 0 7.62385
9 83 0 7.62598
9 84 0 7.59886
9 85 0 10.5989
9 86 0 10.626
9 87 0 10.6238
9 88 0 10.626
9 89 0 10.5989
9 90 0 7.57232
9 91 0 7.59944
9 92 0 7.59731
9 93 0 7.59944
9 94 0 7.57232
9 95 0 10.5723
9 96 0 10.5994
9 97 0 10.5973
9 98 0 10.5994
9 99 0 10.5723
10 0 0 3.75
10 1 0 3.75
10 2 0 3.75
10 3 0 3.75
10 4 0 3.75
10 5 0 3
10 6 0 3
10 7 0 3
10 8 0 3
10 9 0 3
10 10 0 3.75
10 11 0 3.75
10 12 0 3.75
10 13 0 3.75
10 14 0 3.75
10 15 0 3
10 16 0 3
10 17 0 3
10 18 0 3
10 19 0 3
10 20 0 3.75
10 21 0 3.75
10 22 0 3.75
10 23 0 3.75
10 24 0 3.75
10 25 0 3
10 26 0 3
10 27 0 3
10 28 0 3
10 29 0 3
10 30 0 3.75
10 31 0 3.75
10 32 0 3.75
10 33 0 3.75
10 34 0 3.75
10 35 0 3
10 36 0 3
10 37 0 3
10 38 0 3
10 39 0 3
10 40 0 3.75
10 41 0 3.75
10 42 0 3.75
10 43 0 3.75
10 44 0 3.75
10 45 0 3
10 46 0 3
10 47 0 3
10 48 0 3
10 49 0 3
10 50 0 3
10 51 0 3
10 52 0 3
10 53 0 3
10 54 0 3
10 55 0 3.75
10 56 0 3.75
10 57 0 3.75
10 58 0 3.75
10 59 0 3.75
10 60 0 3
10 61 0 3
10 62 0 3
10 63 0 3
10 64 0 3
10 65 0 3.75
10 66 0 3.75
10 67 0 3.75
10 68 0 3.75
10 69 0 3.75
10 70 0 3
10 71 0 3
10 72 0 3
10 73 0 3
10 74 0 3
10 75 0 3.75
10 76 0 3.75
10 77 0 3.75
10 78 0 3.75
10 79 0 3.75
10 80 0 3
10 81 0 3
10 82 0 3
10 83 0 3
10 84 0 3
10 85 0 3.75
10 86 0 3.75
10 87 0 3.75
10 88 0 3.75
10 89 0 3.75
10 90 0 3
10 91 0 3
10 92 0 3
10 93 0 3
10 94 0 3
10 95 0 3.75
10 96 0 3.75
10 97 0 3.75
10 98 0 3.75
10 99 0 3.75
11 0 0 10.5723
11 1 0 10.5994
11 2 0 10.5973
11 3 0 10.5994
11 4 0 10.5723
11 5 0 7.51957
11 6 0 7.52723
11 7 0 7.5256
11 8 0 7.52723
11 9 0 7.51957
11 10 0 10.5208
11 11 0 10.5285
11 12 0 10.5269
11 13 0 10.5285
11 14 0 10.5208
11 15 0 7.52084
11 16 0 7.52849
11 17 0 7.52687
11 18 0 7.52849
11 19 0 7.52084
11 20 0 10.5221
11 21 0 10.5298
11 22 0 10.5282
11 23 0 10.5298
11 24 0 10.5221
11 25 0 7.52213
11 26 0 7.52978
11 27 0 7.52816
11 28 0 7.52978
11 29 0 7.52213
11 30 0 10.5989
11 31 0 10.626
11 32 0 10.6238
11 33 0 10.626
11 34 0 10.5989
11 35 0 7.52084
11 36 0 7.52849
11 37 0 7.52687
11 38 0 7.52849
11 39 0 7.52084
11 40 0 10.5723
11 41 0 10.5994
11 42 0 10.5973
11 43 0 10.5994
11 44 0 10.5723
11 45 0 7.51957
11 46 0 7.52723
11 47 0 7.5256
11 48 0 7.52723
11 49 0 7.51957
11 50 0 7.57232
11 51 0 7.59944
11 52 0 7.59731
11 53 0 7.59944
11 54 0 7.57232
11 55 0 10.5196
11 56 0 10.5272
11 57 0 10.5256
11 58 0 10.5272
11 59 0 10.5196
11 60 0 7.59886
11 61 0 7.62598
11 62 0 7.62385
11 63 0 7.62598
11 64 0 7.59886
11 65 0 10.5208
11 66 0 10.5285
11 67 0 10.5269
11 68 0 10.5285
11 69 0 10.5208
11 70 0 7.6036
11 71 0 7.63072
11 72 0 7.62859
11 73 0 7.63072
11 74 0 7.6036
11 75 0 10.6036
11 76 0 10.6307
11 77 0 10.6286
11 78 0 10.6307
11 79 0 10.6036
11 80 0 7.59886
11 81 0 7.62598
11 82 0 7.62385
11 83 0 7.62598
11 84 0 7.59886
11 85 0 10.5989
11 86 0 10.626
11 87 0 10.6238
11 88 0 10.626
11 89 0 10.5989
11 90 0 7.57232
11 91 0 7.59944
11 92 0 7.59731
11 93 0 7.59944
11 94 0 7.57232
11 95 0 10.5723
11 96 0 10.5994
11 97 0 10.5973
11 98 0 10.5994
11 99 0 10.5723
12 0 0 3.75
12 1 0 3.75
12 2 0 3.75
12 3 0 3.75
12 4 0 3.75
12 5 0 3
12 6 0 3
12 7 0 3
12 8 0 3
12 9 0 3
12 10 0 3.75
12 11 0 3.75
12 12 0 3.75
12 13 0 3.75
12 14 0 3.75
12 15 0 3
12 16 0 3
12 17 0 3
12 18 0 3
12 19 0 3
12 20 0 3.75
12 21 0 3.75
12 22 0 3.75
12 23 0 3.75
12 24 0 3.75
12 25 0 3
12 26 0 3
12 27 0 3
12 28 0 3
12 29 0 3
12 30 0 3.75
12 31 0 3.75
12 32 0 3.75
12 33 0 3.75
12 34 0 3.75
12 35 0 3
12 36 0 3
12 37 0 3
12 38 0 3
12 39 0 3
12 40 0 3.75
12 41 0 3.75
12 42 0 3.75
12 43 0 3.75
12 44 0 3.75
12 45 0 3
12 46 0 3
12 47 0 3
12 48 0 3
12 49 0 3
12 50 0 3
12 51 0 3
12 52 0 3
12 53 0 3
12 54 0 3
12 55 0 3.75
12 56 0 3.75
12 57 0 3.75
12 58 0 3.75
12 59 0 3.75
12 60 0 3
12 61 0 3
12 62 0 3
12 63 0 3
12 64 0 3
12 65 0 3.75
12 66 0 3.75
12 67 0 3.75
12 68 0 3.75
12 69 0 3.75
12 70 0 3
12 71 0 3
12 72 0 3
12 73 0 3
12 74 0 3
12 75 0 3.75
12 76 0 3.75
12 77 0 3.75
12 78 0 3.75
12 79 0 3.75
12 80 0 3
12 81 0 3
12 82 0 3
12 83 0 3
12 84 0 3
12 85 0 3.75
12 86 0 3.75
12 87 0 3.75
12 88 0 3.75
12 89 0 3.75
12 90 0 3
12 91 0 3
12 92 0 3
12 93 0 3
12 94 0 3
12 95 0 3.75
12 96 0 3.75
12 97 0 3.75
12 98 0 3.75
12 99 0 3.75
13 0 0 10.5723
13 1 0 10.5994
13 2 0 10.5973
13 3 0 10.5994
13 4 0 10.5723
13 5 0 7.51957
13 6 0 7.52723
13 7 0 7.5256
13 8 0 7.52723
13 9 0 7.51957
13 10 0 10.5208
13 11 0 10.5285
13 12 0 10.5269
13 13 0 10.5285
13 14 0 10.5208
13 15 0 7.52084
13 16 0 7.52849
13 17 0 7.52687
13 18 0 7.52849
13 19 0 7.52084
13 20 0 10.5221
13 21 0 10.5298
13 22 0 10.5282
13 23 0 10.5298
13 24 0 10.5221
13 25 0 7.52213
13 26 0 7.52978
13 27 0 7.52816
13 28 0 7.52978
13 29 0 7.52213
13 30 0 10.5989
13 31 0 10.626
13 32 0 10.6238
13 33 0 10.626
13 34 0 10.5989
13 35 0 7.52084
13 36 0 7.52849
13 37 0 7.52687
13 38 0 7.52849
13 39 0 7.52084
13 40 0 10.5723
13 41 0 10.5994
13 42 0 10.5973
13 43 0 10.5994
13 44 0 10.5723
13 45 0 7.51957
13 46 0 7.52723
13 47 0 7.5256
13 48 0 7.52723
13 49 0 7.51957
13 50 0 7.57232
13 51 0 7.59944
13 52 0 7.59731
13 53 0 7.59944
13 54 0 7.57232
13 55 0 10.5196
13 56 0 10.5272
13 57 0 10.5256
13 58 0 10.5272
13 59 0 10.5196
13 60 0 7.59886
13 61 0 7.62598
13 62 0 7.62385
13 63 0 7.62598
13 64 0 7.59886
13 65 0 10.5208
13 66 0 10.5285
13 67 0 10.5269
13 68 0 10.5285
13 69 0 10.5208
13 70 0 7.6036
13 71 0 7.63072
13 72 0 7.62859
13 73 0 7.63072
13 74 0 7.6036
13 75 0 10.6036
13 76 0 10.6307
13 77 0 10.6286
13 78 0 10.6307
13 79 0 10.6036
13 80 0 7.59886
13 81 0 7.62598
13 82 0 7.62385
13 83 0 7.62598
13 84 0 7.59886
13 85 0 10.5989
13 86 0 10.626
13 87 0 10.6238
13 88 0 10.626
13 89 0 10.5989
13 90 0 7.57232
13 91 0 7.59944
13 92 0 7.59731
13 93 0 7.59944
13 94 0 7.57232
13 95 0 10.5723
13 96 0 10.5994
13 97 0 10.5973
13 98 0 10.5994
13 99 0 10.5723
14 0 0 3.75
14 1 0 3.75
14 2 0 3.75
14 3 0 3.75
14 4 0 3.75
14 5 0 3
14 6 0 3
14 7 0 3
14 8 0 3
14 9 0 3
14 10 0 3.75
14 11 0 3.75
14 12 0 3.75
14 13 0 3.75
14 14 0 3.75
14 15 0 3
14 16 0 3
14 17 0 3
14 18 0 3
14 19 0 3
14 20 0 3.75
14 21 0 3.75
14 22 0 3.75
14 23 0 3.75
14 24 0 3.75
14 25 0 3
14 26 0 3
14 27 0 3
14 28 0 3
14 29 0 3
14 30 0 3.75
14 31 0 3.75
14 32 0 3.75
14 33 0 3.75
14 34 0 3.75
14 35 0 3
14 36 0 3
14 37 0 3
14 38 0 3
14 39 0 3
14 40 0 3.75
14 41 0 3.75
14 42 0 3.75
14 43 0 3.75
14 44 0 3.75
14 45 0 3
14 46 0 3
14 47 0 3
14 48 0 3
14 49 0 3
14 50 0 3
14 51 0 3
14 52 0 3
14 53 0 3
14 54 0 3
14 55 0 3.75
14 56 0 3.75
14 57 0 3.75
14 58 0 3.75
14 59 0 3.75
14 60 0 3
14 61 0 3
14 62 0 3
14 63 0 3
14 64 0 3
14 65 0 3.75
14 66 0 3.75
14 67 0 3.75
14 68 0 3.75
14 69 0 3.75
14 70 0 3
14 71 0 3
14 72 0 3
14 73 0 3
14 74 0 3
14 75 0 3.75
14 76 0 3.75
14 77 0 3.75
14 78 0 3.75
14 79 0 3.75
14 80 0 3
14 81 0 3
14 82 0 3
14 83 0 3
14 84 0 3
14 85 0 3.75
14 86 0 3.75
14 87 0 3.75
14 88 0 3.75
14 89 0 3.75
14 90 0 3
14 91 0 3
14 92 0 3
14 93 0 3
14 94 0 3
14 95 0 3.75
14 96 0 3.75
14 97 0 3.75
14 98 0 3.75
14 99 0 3.75
15 0 0 10.5723
15 1 0 10.5994
15 2 0 10.5973
15 3 0 10.5994
15 4 0 10.5723
15 5 0 7.51957
15 6 0 7.52723
15 7 0 7.5256
15 8 0 7.52723
15 9 0 7.51957
15 10 0 10.5208
15 11 0 10.5285
15 12 0 10.5269
15 13 0 10.5285
15 14 0 10.5208
15 15 0 7.52084
15 16 0 7.52849
15 17 0 7.52687
15 18 0 7.52849
15 19 0 7.52084
15 20 0 10.5221
15 21 0 10.5298
15 22 0 10.5282
15 23 0 10.5298
15 24 0 10.5221
15 25 0 7.52213
15 26 0 7.52978
15 27 0 7.52816
15 28 0 7.52978
15 29 0 7.52213
15 30 0 10.5989
15 31 0 10.626
15 32 0 10.6238
15 33 0 10.626
15 34 0 10.5989
15 35 0 7.52084
15 36 0 7.52849
15 37 0 7.52687
15 38 0 7.52849
15 39 0 7.52084
15 40 0 10.5723
15 41 0 10.5994
15 42 0 10.5973
15 43 0 10.5994
15 44 0 10.5723
15 45 0 7.51957
15 46 0 7.52723
15 47 0 7.5256
15 48 0 7.52723
15 49 0 7.51957
15 50 0 7.57232
15 51 0 7.59944
15 52 0 7.59731
15 53 0 7.59944
15 54 0 7.57232
15 55 0 10.5196
15 56 0 10.5272
15 57 0 10.5256
15 58 0 10.5272
15 59 0 10.5196
15 60 0 7.59886
15 61 0 7.62598
15 62 0 7.62385
15 63 0 7.62598
15 64 0 7.59886
15 65 0 10.5208
15 66 0 10.5285
15 67 0 10.5269
15 68 0 10.5285
15 69 0 10.5208
15 70 0 7.6036
15 71 0 7.63072
15 72 0 7.62859
15 73 0 7.63072
15 74 0 7.6036
15 75 0 10.6036
15 76 0 10.6307
15 77 0 10.6286
15 78 0 10.6307
15 79 0 10.6036
15 80 0 7.59886
15 81 0 7.62598
15 82 0 7.62385
15 83 0 7.62598
15 84 0 7.59886
15 85 0 10.5989
15 86 0 10.626
15 87 0 10.6238
15 88 0 10.626
15 89 0 10.5989
15 90 0 7.57232
15 91 0 7.59944
15 92 0 7.59731
15 93 0 7.59944
15 94 0 7.57232
15 95 0 10.5723
15 96 0 10.5994
15 97 0 10.5973
15 98 0 10.5994
15 99 0 10.5723
16 0 0 3.75
16 1 0 3.75
16 2 0 3.75
16 3 0 3.75
16 4 0 3.75
16 5 0 3
16 6 0 3
16 7 0 3
16 8 0 3
16 9 0 3
16 10 0 3.75
16 11 0 3.75
16 12 0 3.75
16 13 0 3.75
16 14 0 3.75
16 15 0 3
16 16 0 3
16 17 0 3
16 18 0 3
16 19 0 3
16 20 0 3.75
16 21 0 3.75
16 22 0 3.75
16 23 0 3.75
16 24 0 3.75
16 25 0 3
16 26 0 3
16 27 0 3
16 28 0 3
16 29 0 3
16 30 0 3.75
16 31 0 3.75
16 32 0 3.75
16 33 0 3.75
16 34 0 3.75
16 35 0 3
16 36 0 3
16 37 0 3
16 38 0 3
16 39 0 3
16 40 0 3.75
16 41 0 3.75
16 42 0 3.75
16 43 0 3.75
16 44 0 3.75
16 45 0 3
16 46 0 3
16 47 0 3
16 48 0 3
16 49 0 3
16 50 0 3
16 51 0 3
16 52 0 3
16 53 0 3
16 54 0 3
16 55 0 3.75
16 56 0 3.75
16 57 0 3.75
16 58 0 3.75
16 59 0 3.75
16 60 0 3
16 61 0 3
16 62 0 3
16 63 0 3
16 64 0 3
16 65 0 3.75
16 66 0 3.75
16 67 0 3.75
16 68 0 3.75
16 69 0 3.75
16 70 0 3
16 71 0 3
16 72 0 3
16 73 0 3
16 74 0 3
16 75 0 3.75
16 76 0 3.75
16 77 0 3.75
16 78 0 3.75
16 79 0 3.75
16 80 0 3
16 81 0 3
16 82 0 3
16 83 0 3
16 84 0 3
16 85 0 3.75
16 86 0 3.75
16 87 0 3.75
16 88 0 3.75
16 89 0 3.75
16 90 0 3
16 91 0 3
16 92 0 3
16 93 0 3
16 94 0 3
16 95 0 3.75
16 96 0 3.75
16 97 0 3.75
16 98 0 3.75
16 99 0 3.75
17 0 0 10.5723
17 1 0 10.5994
17 2 0 10.5973
17 3 0 10.5994
17 4 0 10.5723
17 5 0 7.51957
17 6 0 7.52723
17 7 0 7.5256
17 8 0 7.52723
17 9 0 7.51957
17 10 0 10.5208
17 11 0 10.5285
17 12 0 10.5269
17 13 0 10.5285
17 14 0 10.5208
17 15 0 7.52084
17 16 0 7.52849
17 17 0 7.52687
17 18 0 7.52849
17 19 0 7.52084
17 20 0 10.5221
17 21 0 10.5298
17 22 0 10.5282
17 23 0 10.5298
17 24 0 10.5221
17 25 0 7.52213
17 26 0 7.52978
17 27 0 7.52816
17 28 0 7.52978
17 29 0 7.52213
17 30 0 10.5989
17 31 0 10.626
17 32 0 10.6238
17 33 0 10.626
17 34 0 10.5989
17 35 0 7.52084
17 36 0 7.52849
17 37 0 7.52687
17 38 0 7.52849
17 39 0 7.52084
17 40 0 10.5723
17 41 0 10.5994
17 42 0 10.5973
17 43 0 10.5994
17 44 0 10.5723
17 45 0 7.51957
17 46 0 7.52723
17 47 0 7.5256
17 48 0 7.52723
17 49 0 7.51957
17 50 0 7.57232
17 51 0 7.59944
17 52 0 7.59731
17 53 0 7.59944
17 54 0 7.57232
17 55 0 10.5196
17 56 0 10.5272
17 57 0 10.5256
17 58 0 10.5272
17 59 0 10.5196
17 60 0 7.59886
17 61 0 7.62598
17 62 0 7.62385
17 63 0 7.62598
17 64 0 7.59886
17 65 0 10.5208
17 66 0 10.5285
17 67 0 10.5269
17 68 0 10.5285
17 69 0 10.5208
17 70 0 7.6036
17 71 0 7.63072
17 72 0 7.62859
17 73 0 7.63072
17 74 0 7.6036
17 75 0 10.6036
17 76 0 10.6307
17 77 0 10.6286
17 78 0 10.6307
17 79 0 10.6036
17 80 0 7.59886
17 81 0 7.62598
17 82 0 7.62385
17 83 0 7.62598
17 84 0 7.59886
17 85 0 10.5989
17 86 0 10.626
17 87 0 10.6238
17 88 0 10.626
17 89 0 10.5989
17 90 0 7.57232
17 91 0 7.59944
17 92 0 7.59731
17 93 0 7.59944
17 94 0 7.57232
17 95 0 10.5723
17 96 0 10.5994
17 97 0 10.5973
17 98 0 10.5994
17 99 0 10.5723
18 0 0 3.75
18 1 0 3.75
18 2 0 3.75
18 3 0 3.75
18 4 0 3.75
18 5 0 3
18 6 0 3
18 7 0 3
18 8 0 3
18 9 0 3
18 10 0 3.75
18 11 0 3.75
18 12 0 3.75
18 13 0 3.75
18 14 0 3.75
18 15 0 3
18 16 0 3
18 17 0 3
18 18 0 3
18 19 0 3
18 20 0 3.75
18 21 0 3.75
18 22 0 3.75
18 23 0 3.75
18 24 0 3.75
18 25 0 3
18 26 0 3
18 27 0 3
18 28 0 3
18 29 0 3
18 30 0 3.75
18 31 0 3.75
18 32 0 3.75
18 33 0 3.75
18 34 0 3.75
18 35 0 3
18 36 0 3
18 37 0 3
18 38 0 3
18 39 0 3
18 40 0 3.75
18 41 0 3.75
18 42 0 3.75
18 43 0 3.75
18 44 0 3.75
18 45 0 3
18 46 0 3
18 47 0 3
18 48 0 3
18 49 0 3
18 50 0 3
18 51 0 3
18 52 0 3
18 53 0 3
18 54 0 3
18 55 0 3.75
18 56 0 3.75
18 57 0 3.75
18 58 0 3.75
18 59 0 3.75
18 60 0 3
18 61 0 3
18 62 0 3
18 63 0 3
18 64 0 3
18 65 0 3.75
18 66 0 3.75
18 67 0 3.75
18 68 0 3.75
18 69 0 3.75
18 70 0 3
18 71 0 3
18 72 0 3
18 73 0 3
18 74 0 3
18 75 0 3.75
18 76 0 3.75
18 77 0 3.75
18 78 0 3.75
18 79 0 3.75
18 80 0 3
18 81 0 3
18 82 0 3
18 83 0 3
18 84 0 3
18 85 0 3.75
18 86 0 3.75
18 87 0 3.75
18 88 0 3.75
18 89 0 3.75
18 90 0 3
18 91 0 3
18 92 0 3
18 93 0 3
18 94 0 3
18 95 0 3.75
18 96 0 3.75
18 97 0 3.75
18 98 0 3.75
18 99 0 3.75
19 0 0 10.5723
19 1 0 10.5994
19 2 0 10.5973
19 3 0 10.5994
19 4 0 10.5723
19 5 0 7.51957
19 6 0 7.52723
19 7 0 7.5256
19 8 0 7.52723
19 9 0 7.51957
19 10 0 10.5208
19 11 0 10.5285
19 12 0 10.5269
19 13 0 10.5285
19 14 0 10.5208
19 15 0 7.52084
19 16 0 7.52849
19 17 0 7.52687
19 18 0 7.52849
19 19 0 7.52084
19 20 0 10.5221
19 21 0 10.5298
19 22 0 10.5282
19 23 0 10.5298
19 24 0 10.5221
19 25 0 7.52213
19 26 0 7.52978
19 27 0 7.52816
19 28 0 7.52978
19 29 0 7.52213
19 30 0 10.5989
19 31 0 10.626
19 32 0 10.6238
19 33 0 10.626
19 34 0 10.5989
19 35 0 7.52084
19 36 0 7.52849
19 37 0 7.52687
19 38 0 7.52849
19 39 0 7.52084
19 40 0 10.5723
19 41 0 10.5994
19 42 0 10.5973
19 43 0 10.5994
19 44 0 10.5723
19 45 0 7.51957
19 46 0 7.52723
19 47 0 7.5256
19 48 0 7.52723
19 49 0 7.51957
19 50 0 7.57232
19 51 0 7.59944
19 52 0 7.59731
19 53 0 7.59944
19 54 0 7.57232
19 55 0 10.5196
19 56 0 10.5272
19 57 0 10.5256
19 58 0 10.5272
19 59 0 10.5196
19 60 0 7.59886
19 61 0 7.62598
19 62 0 7.62385
19 63 0 7.62598
19 64 0 7.59886
19 65 0 10.5208
19 66 0 10.5285
19 67 0 10.5269
19 68 0 10.5285
19 69 0 10.5208
19 70 0 7.6036
19 71 0 7.63072
19 72 0 7.62859
19 73 0 7.63072
19 74 0 7.6036
19 75 0 10.6036
19 76 0 10.6307
19 77 0 10.6286
19 78 0 10.6307
19 79 0 10.6036
19 80 0 7.59886
19 81 0 7.62598
19 82 0 7.62385
19 83 0 7.62598
19 84 0 7.59886
19 85 0 10.5989
19 86 0 10.626
19 87 0 10.6238
19 88 0 10.626
19 89 0 10.5989
19 90 0 7.57232
19 91 0 7.59944
19 92 0 7.59731
19 93 0 7.59944
19 94 0 7.57232
19 95 0 10.5723
19 96 0 10.5994
19 97 0 10.5973
19 98 0 10.5994
19 99 0 10.5723
20 0 0 3.75
20 1 0 3.75
20 2 0 3.75
20 3 0 3.75
20 4 0 3.75
20 5 0 3
20 6 0 3
20 7 0 3
20 8 0 3
20 9 0 3
20 10 0 3.75
20 11 0 3.75
20 12 0 3.75
20 13 0 3.75
20 14 0 3.75
20 15 0 3
20 16 0 3
20 17 0 3
20 18 0 3
20 19 0 3
20 20 0 3.75
20 21 0 3.75
20 22 0 3.75
20 23 0 3.75
20 24 0 3.75
20 25 0 3
20 26 0 3
20 27 0 3
20 28 0 3
20 29 0 3
20 30 0 3.75
20 31 0 3.75
20 32 0 3.75
20 33 0 3.75
20 34 0 3.75
20 35 0 3
20 36 0 3
20 37 0 3
20 38 0 3
20 39 0 3
20 40 0 3.75
20 41 0 3.75
20 42 0 3.75
20 43 0 3.75
20 44 0 3.75
20 45 0 3
20 46 0 3
20 47 0 3
20 48 0 3
20 49 0 3
20 50 0 3
20 51 0 3
20 52 0 3
20 53 0 3
20 54 0 3
20 55 0 3.75
20 56 0 3.75
20 57 0 3.75
20 58 0 3.75
20 59 0 3.75
20 60 0 3
20 61 0 3
20 62 0 3
20 63 0 3
20 64 0 3
20 65 0 3.75
20 66 0 3.75
20 67 0 3.75
20 68 0 3.75
20 69 0 3.75
20 70 0 3
20 71 0 3
20 72 0 3
20 73 0 3
20 74 0 3
20 75 0 3.75
20 76 0 3.75
20 77 0 3.75
20 78 0 3.75
20 79 0 3.75
20 80 0 3
20 81 0 3
20 82 0 3
20 83 0 3
20 84 0 3
20 85 0 3.75
20 86 0 3.75
20 87 0 3.75
20 88 0 3.75
20 89 0 3.75
20 90 0 3
20 91 0 3
20 92 0 3
20 93 0 3
20 94 0 3
20 95 0 3.75
20 96 0 3.75
20 97 0 3.75
20 98 0 3.75
20 99 0 3.75
21 0 0 10.5723
21 1 0 10.5994
21 2 0 10.5973
21 3 0 10.5994
21 4 0 10.5723
21 5 0 7.51957
21 6 0 7.52723
21 7 0 7.5256
21 8 0 7.52723
21 9 0 7.51957
21 10 0 10.5208
21 11 0 10.5285
21 12 0 10.5269
21 13 0 10.5285
21 14 0 10.5208
21 15 0 7.52084
21 16 0 7.52849
21 17 0 7.52687
21 18 0 7.52849
21 19 0 7.52084
21 20 0 10.5221
21 21 0 10.5298
21 22 0 10.5282
21 23 0 10.5298
21 24 0 10.5221
21 25 0 7.52213
21 26 0 7.52978
21 27 0 7.52816
21 28 0 7.52978
21 29 0 7.52213
21 30 0 10.5989
21 31 0 10.626
21 32 0 10.6238
21 33 0 10.626
21 34 0 10.5989
21 35 0 7.52084
21 36 0 7.52849
21 37 0 7.52687
21 38 0 7.52849
21 39 0 7.52084
21 40 0 10.5723
21 41 0 10.5994
21 42 0 10.5973
21 43 0 10.5994
21 44 0 10.5723
21 45 0 7.51957
21 46 0 7.52723
21 47 0 7.5256
21 48 0 7.52723
21 49 0 7.51957
21 50 0 7.57232
21 51 0 7.59944
21 52 0 7.59731
21 53 0 7.59944
21 54 0 7.57232
21 55 0 10.5196
21 56 0 10.5272
21 57 0 10.5256
21 58 0 10.5272
21 59 0 10.5196
21 60 0 7.59886
21 61 0 7.62598
21 62 0 7.62385
21 63 0 7.62598
21 64 0 7.59886
21 65 0 10.5208
21 66 0 10.5285
21 67 0 10.5269
21 68 0 10.5285
21 69 0 10.5208
21 70 0 7.6036
21 71 0 7.63072
21 72 0 7.62859
21 73 0 7.63072
21 74 0 7.6036
21 75 0 10.6036
21 76 0 10.6307
21 77 0 10.6286
21 78 0 10.6307
21 79 0 10.6036
21 80 0 7.59886
21 81 0 7.62598
21 82 0 7.62385
21 83 0 7.62598
21 84 0 7.59886
21 85 0 10.5989
21 86 0 10.626
21 87 0 10.6238
21 88 0 10.626
21 89 0 10.5989
21 90 0 7.57232
21 91 0 7.59944
21 92 0 7.59731
21 93 0 7.59944
21 94 0 7.57232
21 95 0 10.5723
21 96 0 10.5994
21 97 0 10.5973
21 98 0 10.5994
21 99 0 10.5723
22 0 0 3.75
22 1 0 3.75
22 2 0 3.75
22 3 0 3.75
22 4 0 3.75
22 5 0 3
22 6 0 3
22 7 0 3
22 8 0 3
22 9 0 3
22 10 0 3.75
22 11 0 3.75
22 12 0 3.75
22 13 0 3.75
22 14 0 3.75
22 15 0 3
22 16 0 3
22 17 0 3
22 18 0 3
22 19 0 3
22 20 0 3.75
22 21 0 3.75
22 22 0 3.75
22 23 0 3.75
22 24 0 3.75
22 25 0 3
22 26 0 3
22 27 0 3
22 28 0 3
22 29 0 3
22 30 0 3.75
22 31 0 3.75
22 32 0 3.75
22 33 0 3.75
22 34 0 3.75
22 35 0 3
22 36 0 3
22 37 0 3
22 38 0 3
22 39 0 3
22 40 0 3.75
22 41 0 3.75
22 42 0 3.75
22 43 0 3.75
22 44 0 3.75
22 45 0 3
22 46 0 3
22 47 0 3
22 48 0 3
22 49 0 3
22 50 0 3
22 51 0 3
22 52 0 3
22 53 0 3
22 54 0 3
22 55 0 3.75
22 56 0 3.75
22 57 0 3.75
22 58 0 3.75
22 59 0 3.75
22 60 0 3
22 61 0 3
22 62 0 3
22 63 0 3
22 64 0 3
22 65 0 3.75
22 66 0 3.75
22 67 0 3.75
22 68 0 3.75
22 69 0 3.75
22 70 0 3
22 71 0 3
22 72 0 3
22 73 0 3
22 74 0 3
22 75 0 3.75
22 76 0 3.75
22 77 0 3.75
22 78 0 3.75
22 79 0 3.75
22 80 0 3
22 81 0 3
22 82 0 3
22 83 0 3
22 84 0 3
22 85 0 3.75
22 86 0 3.75
22 87 0 3.75
22 88 0 3.75
22 89 0 3.75
22 90 0 3
22 91 0 3
22 92 0 3
22 93 0 3
22 94 0 3
22 95 0 3.75
22 96 0 3.75
22 97 0 3.75
22 98 0 3.75
22 99 0 3.75
23 0 0 10.5723
23 1 0 10.5994
23 2 0 10.5973
23 3 0 10.5994
23 4 0 10.5723
23 5 0 7.51957
23 6 0 7.52723
23 7 0 7.5256
23 8 0 7.52723
23 9 0 7.51957
23 10 0 10.5208
23 11 0 10.5285
23 12 0 10.5269
23 13 0 10.5285
23 14 0 10.5208
23 15 0 7.52084
23 16 0 7.52849
23 17 0 7.52687
23 18 0 7.52849
23 19 0 7.52084
23 20 0 10.5221
23 21 0 10.5298
23 22 0 10.5282
23 23 0 10.5298
23 24 0 10.5221
23 25 0 7.52213
23 26 0 7.52978
23 27 0 7.52816
23 28 0 7.52978
23 29 0 7.52213
23 30 0 10.5989
23 31 0 10.626
23 32 0 10.6238
23 33 0 10.626
23 34 0 10.5989
23 35 0 7.52084
23 36 0 7.52849
23 37 0 7.52687
23 38 0 7.52849
23 39 0 7.52084
23 40 0 10.5723
23 41 0 10.5994
23 42 0 10.5973
23 43 0 10.5994
23 44 0 10.5723
23 45 0 7.51957
23 46 0 7.52723
23 47 0 7.5256
23 48 0 7.52723
23 49 0 7.51957
23 50 0 7.57232
23 51 0 7.59944
23 52 0 7.59731
23 53 0 7.59944
23 54 0 7.57232
23 55 0 10.5196
23 56 0 10.5272
23 57 0 10.5256
23 58 0 10.5272
23 59 0 10.5196
23 60 0 7.59886
23 61 0 7.62598
23 62 0 7.62385
23 63 0 7.62598
23 64 0 7.59886
23 65 0 10.5208
23 66 0 10.5285
23 67 0 10.5269
23 68 0 10.5285
23 69 0 10.5208
23 70 0 7.6036
23 71 0 7.63072
23 72 0 7.62859
23 73 0 7.63072
23 74 0 7.6036
23 75 0 10.6036
23 76 0 10.6307
23 77 0 10.6286
23 78 0 10.6307
23 79 0 10.6036
23 80 0 7.59886
23 81 0 7.62598
23 82 0 7.62385
23 83 0 7.62598
23 84 0 7.59886
23 85 0 10.5989
23 86 0 10.626
23 87 0 10.6238
23 88 0 10.626
23 89 0 10.5989
23 90 0 7.57232
23 91 0 7.59944
23 92 0 7.59731
23 93 0 7.59944
23 94 0 7.57232
23 95 0 10.5723
23 96 0 10.5994
23 97 0 10.5973
23 98 0 10.5994
23 99 0 10.5723
24 0 0 3.75
24 1 0 3.75
24 2 0 3.75
24 3 0 3.75
24 4 0 3.75
24 5 0 3
24 6 0 3
24 7 0 3
24 8 0 3
24 9 0 3
24 10 0 3.75
24 11 0 3.75
24 12 0 3.75
24 13 0 3.75
24 14 0 3.75
24 15 0 3
24 16 0 3
24 17 0 3
24 18 0 3
24 19 0 3
24 20 0 3.75
24 21 0 3.75
24 22 0 3.75
24 23 0 3.75
24 24 0 3.75
24 25 0 3
24 26 0 3
24 27 0 3
24 28 0 3
24 29 0 3
24 30 0 3.75
24 31 0 3.75
24 32 0 3.75
24 33 0 3.75
24 34 0 3.75
24 35 0 3
24 36 0 3
24 37 0 3
24 38 0 3
24 39 0 3
24 40 0 3.75
24 41 0 3.75
24 42 0 3.75
24 43 0 3.75
24 44 0 3.75
24 45 0 3
24 46 0 3
24 47 0 3
24 48 0 3
24 49 0 3
24 50 0 3
24 51 0 3
24 52 0 3
24 53 0 3
24 54 0 3
24 55 0 3.75
24 56 0 3.75
24 57 0 3.75
24 58 0 3.75
24 59 0 3.75
24 60 0 3
24 61 0 3
24 62 0 3
24 63 0 3
24 64 0 3
24 65 0 3.75
24 66 0 3.75
24 67 0 3.75
24 68 0 3.75
24 69 0 3.75
24 70 0 3
24 71 0 3
24 72 0 3
24 73 0 3
24 74 0 3
24 75 0 3.75
24 76 0 3.75
24 77 0 3.75
24 78 0 3.75
24 79 0 3.75
24 80 0 3
24 81 0 3
24 82 0 3
24 83 0 3
24 84 0 3
24 85 0 3.75
24 86 0 3.75
24 87 0 3.75
24 88 0 3.75
24 89 0 3.75
24 90 0 3
24 91 0 3
24 92 0 3
24 93 0 3
24 94 0 3
24 95 0 3.75
24 96 0 3.75
24 97 0 3.75
24 98 0 3.75
24 99 0 3.75
25 0 0 10.5723
25 1 0 10.5994
25 2 0 10.5973
25 3 0 10.5994
25 4 0 10.5723
25 5 0 7.51957
25 6 0 7.52723
25 7 0 7.5256
25 8 0 7.52723
25 9 0 7.51957
25 10 0 10.5208
25 11 0 10.5285
25 12 0 10.5269
25 13 0 10.5285
25 14 0 10.5208
25 15 0 7.52084
25 16 0 7.52849
25 17 0 7.52687
25 18 0 7.52849
25 19 0 7.52084
25 20 0 10.5221
25 21 0 10.5298
25 22 0 10.5282
25 23 0 10.5298
25 24 0 10.5221
25 25 0 7.52213
25 26 0 7.52978
25 27 0 7.52816
25 28 0 7.52978
25 29 0 7.52213
25 30 0 10.5989
25 31 0 10.626
25 32 0 10.6238
25 33 0 10.626
25 34 0 10.5989
25 35 0 7.52084
25 36 0 7.52849
25 37 0 7.52687
25 38 0 7.52849
25 39 0 7.52084
25 40 0 10.5723
25 41 0 10.5994
25 42 0 10.5973
25 43 0 10.5994
25 44 0 10.5723
25 45 0 7.51957
25 46 0 7.52723
25 47 0 7.5256
25 48 0 7.52723
25 49 0 7.51957
25 50 0 7.57232
25 51 0 7.59944
25 52 0 7.59731
25 53 0 7.59944
25 54 0 7.57232
25 55 0 10.5196
25 56 0 10.5272
25 57 0 10.5256
25 58 0 10.5272
25 59 0 10.5196
25 60 0 7.59886
25 61 0 7.62598
25 62 0 7.62385
25 63 0 7.62598
25 64 0 7.59886
25 65 0 10.5208
25 66 0 10.5285
25 67 0 10.5269
25 68 0 10.5285
25 69 0 10.5208
25 70 0 7.6036
25 71 0 7.63072
25 72 0 7.62859
25 73 0 7.63072
25 74 0 7.6036
25 75 0 10.6036
25 76 0 10.6307
25 77 0 10.6286
25 78 0 10.6307
25 79 0 10.6036
25 80 0 7.59886
25 81 0 7.62598
25 82 0 7.62385
25 83 0 7.62598
25 84 0 7.59886
25 85 0 10.5989
25 86 0 10.626
25 87 0 10.6238
25 88 0 10.626
25 89 0 10.5989
25 90 0 7.57232
25 91 0 7.59944
25 92 0 7.59731
25 93 0 7.59944
25 94 0 7.57232
25 95 0 10.5723
25 96 0 10.5994
25 97 0 10.5973
25 98 0 10.5994
25 99 0 10.5723
26 0 0 3.75
26 1 0 3.75
26 2 0 3.75
26 3 0 3.75
26 4 0 3.75
26 5 0 3
26 6 0 3
26 7 0 3
26 8 0 3
26 9 0 3
26 10 0 3.75
26 11 0 3.75
26 12 0 3.75
26 13 0 3.75
26 14 0 3.75
26 15 0 3
26 16 0 3
26 17 0 3
26 18 0 3
26 19 0 3
26 20 0 3.75
26 21 0 3.75
26 22 0 3.75
26 23 0 3.75
26 24 0 3.75
26 25 0 3
26 26 0 3
26 27 0 3
26 28 0 3
26 29 0 3
26 30 0 3.75
26 31 0 3.75
26 32 0 3.75
26 33 0 3.75
26 34 0 3.75
26 35 0 3
26 36 0 3
26 37 0 3
26 38 0 3
26 39 0 3
26 40 0 3.75
26 41 0 3.75
26 42 0 3.75
26 43 0 3.75
26 44 0 3.75
26 45 0 3
26 46 0 3
26 47 0 3
26 48 0 3
26 49 0 3
26 50 0 3
26 51 0 3
26 52 0 3
26 53 0 3
26 54 0 3
26 55 0 3.75
26 56 0 3.75
26 57 0 3.75
26 58 0 3.75
26 59 0 3.75
26 60 0 3
26 61 0 3
26 62 0 3
26 63 0 3
26 64 0 3
26 65 0 3.75
26 66 0 3.75
26 67 0 3.75
26 68 0 3.75
26 69 0 3.75
26 70 0 3
26 71 0 3
26 72 0 3
26 73 0 3
26 74 0 3
26 75 0 3.75
26 76 0 3.75
26 77 0 3.75
26 78 0 3.75
26 79 0 3.75
26 80 0 3
26 81 0 3
26 82 0 3
26 83 0 3
26 84 0 3
26 85 0 3.75
26 86 0 3.75
26 87 0 3.75
26 88 0 3.75
26 89 0 3.75
26 90 0 3
26 91 0 3
26 92 0 3
26 93 0 3
26 94 0 3
26 95 0 3.75
26 96 0 3.75
26 97 0 3.75
26 98 0 3.75
26 99 0 3.75
27 0 0 10.5723
27 1 0 10.5994
27 2 0 10.5973
27 3 0 10.5994
27 4 0 10.5723
27 5 0 7.51957
27 6 0 7.52723
27 7 0 7.5256
27 8 0 7.52723
27 9 0 7.51957
27 10 0 10.5208
27 11 0 10.5285
27 12 0 10.5269
27 13 0 10.5285
27 14 0 10.5208
27 15 0 7.52084
27 16 0 7.52849
27 17 0 7.52687
27 18 0 7.52849
27 19 0 7.52084
27 20 0 10.5221
27 21 0 10.5298
27 22 0 10.5282
27 23 0 10.5298
27 24 0 10.5221
27 25 0 7.52213
27 26 0 7.52978
27 27 0 7.52816
27 28 0 7.52978
27 29 0 7.52213
27 30 0 10.5989
27 31 0 10.626
27 32 0 10.6238
27 33 0 10.626
27 34 0 10.5989
27 35 0 7.52084
27 36 0 7.52849
27 37 0 7.52687
27 38 0 7.52849
27 39 0 7.52084
27 40 0 10.5723
27 41 0 10.5994
27 42 0 10.5973
27 43 0 10.5994
27 44 0 10.5723
27 45 0 7.51957
27 46 0 7.52723
27 47 0 7.5256
27 48 0 7.52723
27 49 0 7.51957
27 50 0 7.57232
27 51 0 7.59944
27 52 0 7.59731
27 53 0 7.59944
27 54 0 7.57232
27 55 0 10.5196
27 56 0 10.5272
27 57 0 10.5256
27 58 0 10.5272
27 59 0 10.5196
27 60 0 7.59886
27 61 0 7.62598
27 62 0 7.62385
27 63 0 7.62598
27 64 0 7.59886
27 65 0 10.5208
27 66 0 10.5285
27 67 0 10.5269
27 68 0 10.5285
27 69 0 10.5208
27 70 0 7.6036
27 71 0 7.63072
27 72 0 7.62859
27 73 0 7.63072
27 74 0 7.6036
27 75 0 10.6036
27 76 0 10.6307
27 77 0 10.6286
27 78 0 10.6307
27 79 0 10.6036
27 80 0 7.59886
27 81 0 7.62598
27 82 0 7.62385
27 83 0 7.62598
27 84 0 7.59886
27 85 0 10.5989
27 86 0 10.626
27 87 0 10.6238
27 88 0 10.626
27 89 0 10.5989
27 90 0 7.57232
27 91 0 7.59944
27 92 0 7.59731
27 93 0 7.59944
27 94 0 7.57232
27 95 0 10.5723
27 96 0 10.5994
27 97 0 10.5973
27 98 0 10.5994
27 99 0 10.5723
28 0 0 7.5
28 1 0 7.5
28 2 0 7.5
28 3 0 7.5
28 4 0 7.5
28 5 0 6
28 6 0 6
28 7 0 6
28 8 0 6
28 9 0 6
28 10 0 7.5
28 11 0 7.5
28 12 0 7.5
28 13 0 7.5
28 14 0 7.5
28 15 0 6
28 16 0 6
28 17 0 6
28 18 0 6
28 19 0 6
28 20 0 7.5
28 21 0 7.5
28 22 0 7.5
28 23 0 7.5
28 24 0 7.5
28 25 0 6
28 26 0 6
28 27 0 6
28 28 0 6
28 29 0 6
28 30 0 7.5
28 31 0 7.5
28 32 0 7.5
28 33 0 7.5
28 34 0 7.5
28 35 0 6
28 36 0 6
28 37 0 6
28 38 0 6
28 39 0 6
28 40 0 7.5
28 41 0 7.5
28 42 0 7.5
28 43 0 7.5
28 44 0 7.5
28 45 0 6
28 46 0 6
28 47 0 6
28 48 0 6
28 49 0 6
28 50 0 6
28 51 0 6
28 52 0 6
28 53 0 6
28 54 0 6
28 55 0 7.5
28 56 0 7.5
28 57 0 7.5
28 58 0 7.5
28 59 0 7.5
28 60 0 6
28 61 0 6
28 62 0 6
28 63 0 6
28 64 0 6
28 65 0 7.5
28 66 0 7.5
28 67 0 7.5
28 68 0 7.5
28 69 0 7.5
28 70 0 6
28 71 0 6
28 72 0 6
28 73 0 6
28 74 0 6
28 75 0 7.5
28 76 0 7.5
28 77 0 7.5
28 78 0 7.5
28 79 0 7.5
28 80 0 6
28 81 0 6
28 82 0 6
28 83 0 6
28 84 0 6
28 85 0 7.5
28 86 0 7.5
28 87 0 7.5
28 88 0 7.5
28 89 0 7.5
28 90 0 6
28 91 0 6
28 92 0 6
28 93 0 6
28 94 0 6
28 95 0 7.5
28 96 0 7.5
28 97 0 7.5
28 98 0 7.5
28 99 0 7.5
29 0 0 21.1446
29 1 0 21.1989
29 2 0 21.1946
29 3 0 21.1989
29 4 0 21.1446
29 5 0 15.0391
29 6 0 15.0545
29 7 0 15.0512
29 8 0 15.0545
29 9 0 15.0391
29 10 0 21.0417
29 11 0 21.057
29 12 0 21.0537
29 13 0 21.057
29 14 0 21.0417
29 15 0 15.0417
29 16 0 15.057
29 17 0 15.0537
29 18 0 15.057
29 19 0 15.0417
29 20 0 21.0443
29 21 0 21.0596
29 22 0 21.0563
29 23 0 21.0596
29 24 0 21.0443
29 25 0 15.0443
29 26 0 15.0596
29 27 0 15.0563
29 28 0 15.0596
29 29 0 15.0443
29 30 0 21.1977
29 31 0 21.252
29 32 0 21.2477
29 33 0 21.252
29 34 0 21.1977
29 35 0 15.0417
29 36 0 15.057
29 37 0 15.0537
29 38 0 15.057
29 39 0 15.0417
29 40 0 21.1446
29 41 0 21.1989
29 42 0 21.1946
29 43 0 21.1989
29 44 0 21.1446
29 45 0 15.0391
29 46 0 15.0545
29 47 0 15.0512
29 48 0 15.0545
29 49 0 15.0391
29 50 0 15.1446
29 51 0 15.1989
29 52 0 15.1946
29 53 0 15.1989
29 54 0 15.1446
29 55 0 21.0391
29 56 0 21.0545
29 57 0 21.0512
29 58 0 21.0545
29 59 0 21.0391
29 60 0 15.1977
29 61 0 15.252
29 62 0 15.2477
29 63 0 15.252
29 64 0 15.1977
29 65 0 21.0417
29 66 0 21.057
29 67 0 21.0537
29 68 0 21.057
29 69 0 21.0417
29 70 0 15.2072
29 71 0 15.2614
29 72 0 15.2572
29 73 0 15.2614
29 74 0 15.2072
29 75 0 21.2072
29 76 0 21.2614
29 77 0 21.2572
29 78 0 21.2614
29 79 0 21.2072
29 80 0 15.1977
29 81 0 15.252
29 82 0 15.2477
29 83 0 15.252
29 84 0 15.1977
29 85 0 21.1977
29 86 0 21.252
29 87 0 21.2477
29 88 0 21.252
29 89 0 21.1977
29 90 0 15.1446
29 91 0 15.1989
29 92 0 15.1946
29 93 0 15.1989
29 94 0 15.1446
29 95 0 21.1446
29 96 0 21.1989
29 97 0 21.1946
29 98 0 21.1989
29 99 0 21.1446
30 0 0 7.5
30 1 0 7.5
30 2 0 7.5
30 3 0 7.5
30 4 0 7.5
30 5 0 6
30 6 0 6
30 7 0 6
30 8 0 6
30 9 0 6
30 10 0 7.5
30 11 0 7.5
30 12 0 7.5
30 13 0 7.5
30 14 0 7.5
30 15 0 6
30 16 0 6
30 17 0 6
30 18 0 6
30 19 0 6
30 20 0 7.5
30 21 0 7.5
30 22 0 7.5
30 23 0 7.5
30 24 0 7.5
30 25 0 6
30 26 0 6
30 27 0 6
30 28 0 6
30 29 0 6
30 30 0 7.5
30 31 0 7.5
30 32 0 7.5
30 33 0 7.5
30 34 0 7.5
30 35 0 6
30 36 0 6
30 37 0 6
30 38 0 6
30 39 0 6
30 40 0 7.5
30 41 0 7.5
30 42 0 7.5
30 43 0 7.5
30 44 0 7.5
30 45 0 6
30 46 0 6
30 47 0 6
30 48 0 6
30 49 0 6
30 50 0 6
30 51 0 6
30 52 0 6
30 53 0 6
30 54 0 6
30 55 0 7.5
30 56 0 7.5
30 57 0 7.5
30 58 0 7.5
30 59 0 7.5
30 60 0 6
30 61 0 6
30 62 0 6
30 63 0 6
30 64 0 6
30 65 0 7.5
30 66 0 7.5
30 67 0 7.5
30 68 0 7.5
30 69 0 7.5
30 70 0 6
30 71 0 6
30 72 0 6
30 73 0 6
30 74 0 6
30 75 0 7.5
30 76 0 7.5
30 77 0 7.5
30 78 0 7.5
30 79 0 7.5
30 80 0 6
30 81 0 6
30 82 0 6
30 83 0 6
30 84 0 6
30 85 0 7.5
30 86 0 7.5
30 87 0 7.5
30 88 0 7.5
30 89 0 7.5
30 90 0 6
30 91 0 6
30 92 0 6
30 93 0 6
30 94 0 6
30 95 0 7.5
30 96 0 7.5
30 97 0 7.5
30 98 0 7.5
30 99 0 7.5
31 0 0 21.1446
31 1 0 21.1989
31 2 0 21.1946
31 3 0 21.1989
31 4 0 21.1446
31 5 0 15.0391
31 6 0 15.0545
31 7 0 15.0512
31 8 0 15.0545
31 9 0 15.0391
31 10 0 21.0417
31 11 0 21.057
31 12 0 21.0537
31 13 0 21.057
31 14 0 21.0417
31 15 0 15.0417
31 16 0 15.057
31 17 0 15.0537
31 18 0 15.057
31 19 0 15.0417
31 20 0 21.0443
31 21 0 21.0596
31 22 0 21.0563
31 23 0 21.0596
31 24 0 21.0443
31 25 0 15.0443
31 26 0 15.0596
31 27 0 15.0563
31 28 0 15.0596
31 29 0 15.0443
31 30 0 21.1977
31 31 0 21.252
31 32 0 21.2477
31 33 0 21.252
31 34 0 21.1977
31 35 0 15.0417
31 36 0 15.057
31 37 0 15.0537
31 38 0 15.057
31 39 0 15.0417
31 40 0 21.1446
31 41 0 21.1989
31 42 0 21.1946
31 43 0 21.1989
31 44 0 21.1446
31 45 0 15.0391
31 46 0 15.0545
31 47 0 15.0512
31 48 0 15.0545
31 49 0 15.0391
31 50 0 15.1446
31 51 0 15.1989
31 52 0 15.1946
31 53 0 15.1989
31 54 0 15.1446
31 55 0 21.0391
31 56 0 21.0545
31 57 0 21.0512
31 58 0 21.0545
31 59 0 21.0391
31 60 0 15.1977
31 61 0 15.252
31 62 0 15.2477
31 63 0 15.252
31 64 0 15.1977
31 65 0 21.0417
31 66 0 21.057
31 67 0 21.0537
31 68 0 21.057
31 69 0 21.0417
31 70 0 15.2072
31 71 0 15.2614
31 72 0 15.2572
31 73 0 15.2614
31 74 0 15.2072
31 75 0 21.2072
31 76 0 21.2614
31 77 0 21.2572
31 78 0 21.2614
31 79 0 21.2072
31 80 0 15.1977
31 81 0 15.252
31 82 0 15.2477
31 83 0 15.252
31 84 0 15.1977
31 85 0 21.1977
31 86 0 21.252
31 87 0 21.2477
31 88 0 21.252
31 89 0 21.1977
31 90 0 15.1446
31 91 0 15.1989
31 92 0 15.1946
31 93 0 15.1989
31 94 0 15.1446
31 95 0 21.1446
31 96 0 21.1989
31 97 0 21.1946
31 98 0 21.1989
31 99 0 21.1446
32 0 0 7.5
32 1 0 7.5
32 2 0 7.5
32 3 0 7.5
32 4 0 7.5
32 5 0 6
32 6 0 6
32 7 0 6
32 8 0 6
32 9 0 6
32 10 0 7.5
32 11 0 7.5
32 12 0 7.5
32 13 0 7.5
32 14 0 7.5
32 15 0 6
32 16 0 6
32 17 0 6
32 18 0 6
32 19 0 6
32 20 0 7.5
32 21 0 7.5
32 22 0 7.5
32 23 0 7.5
32 24 0 7.5
32 25 0 6
32 26 0 6
32 27 0 6
32 28 0 6
32 29 0 6
32 30 0 7.5
32 31 0 7.5
32 32 0 7.5
32 33 0 7.5
32 34 0 7.5
32 35 0 6
32 36 0 6
32 37 0 6
32 38 0 6
32 39 0 6
32 40 0 7.5
32 41 0 7.5
32 42 0 7.5
32 43 0 7.5
32 44 0 7.5
32 45 0 6
32 46 0 6
32 47 0 6
32 48 0 6
32 49 0 6
32 50 0 6
32 51 0 6
32 52 0 6
32 53 0 6
32 54 0 6
32 55 0 7.5
32 56 0 7.5
32 57 0 7.5
32 58 0 7.5
32 59 0 7.5
32 60 0 6
32 61 0 6
32 62 0 6
32 63 0 6
32 64 0 6
32 65 0 7.5
32 66 0 7.5
32 67 0 7.5
32 68 0 7.5
32 69 0 7.5
32 70 0 6
32 71 0 6
32 72 0 6
32 73 0 6
32 74 0 6
32 75 0 7.5
32 76 0 7.5
32 77 0 7.5
32 78 0 7.5
32 79 0 7.5
32 80 0 6
32 81 0 6
32 82 0 6
32 83 0 6
32 84 0 6
32 85 0 7.5
32 86 0 7.5
32 87 0 7.5
32 88 0 7.5
32 89 0 7.5
32 90 0 6
32 91 0 6
32 92 0 6
32 93 0 6
32 94 0 6
32 95 0 7.5
32 96 0 7.5
32 97 0 7.5
32 98 0 7.5
32 99 0 7.5
33 0 0 21.1446
33 1 0 21.1989
33 2 0 21.1946
33 3 0 21.1989
33 4 0 21.1446
33 5 0 15.0391
33 6 0 15.0545
33 7 0 15.0512
33 8 0 15.0545
33 9 0 15.0391
33 10 0 21.0417
33 11 0 21.057
33 12 0 21.0537
33 13 0 21.057
33 14 0 21.0417
33 15 0 15.0417
33 16 0 15.057
33 17 0 15.0537
33 18 0 15.057
33 19 0 15.0417
33 20 0 21.0443
33 21 0 21.0596
33 22 0 21.0563
33 23 0 21.0596
33 24 0 21.0443
33 25 0 15.0443
33 26 0 15.0596
33 27 0 15.0563
33 28 0 15.0596
33 29 0 15.0443
33 30 0 21.1977
33 31 0 21.252
33 32 0 21.2477
33 33 0 21.252
33 34 0 21.1977
33 35 0 15.0417
33 36 0 15.057
33 37 0 15.0537
33 38 0 15.057
33 39 0 15.0417
33 40 0 21.1446
33 41 0 21.1989
33 42 0 21.1946
33 43 0 21.1989
33 44 0 21.1446
33 45 0 15.0391
33 46 0 15.0545
33 47 0 15.0512
33 48 0 15.0545
33 49 0 15.0391
33 50 0 15.1446
33 51 0 15.1989
33 52 0 15.1946
33 53 0 15.1989
33 54 0 15.1446
33 55 0 21.0391
33 56 0 21.0545
33 57 0 21.0512
33 58 0 21.0545
33 59 0 21.0391
33 60 0 15.1977
33 61 0 15.252
33 62 0 15.2477
33 63 0 15.252
33 64 0 15.1977
33 65 0 21.0417
33 66 0 21.057
33 67 0 21.0537
33 68 0 21.057
33 69 0 21.0417
33 70 0 15.2072
33 71 0 15.2614
33 72 0 15.2572
33 73 0 15.2614
33 74 0 15.2072
33 75 0 21.2072
33 76 0 21.2614
33 77 0 21.2572
33 78 0 21.2614
33 79 0 21.2072
33 80 0 15.1977
33 81 0 15.252
33 82 0 15.2477
33 83 0 15.252
33 84 0 15.1977
33 85 0 21.1977
33 86 0 21.252
33 87 0 21.2477
33 88 0 21.252
33 89 0 21.1977
33 90 0 15.1446
33 91 0 15.1989
33 92 0 15.1946
33 93 0 15.1989
33 94 0 15.1446
33 95 0 21.1446
33 96 0 21.1989
33 97 0 21.1946
33 98 0 21.1989
33 99 0 21.1446
34 0 0 7.5
34 1 0 7.5
34 2 0 7.5
34 3 0 7.5
34 4 0 7.5
34 5 0 6
34 6 0 6
34 7 0 6
34 8 0 6
34 9 0 6
34 10 0 7.5
34 11 0 7.5
34 12 0 7.5
34 13 0 7.5
34 14 0 7.5
34 15 0 6
34 16 0 6
34 17 0 6
34 18 0 6
34 19 0 6
34 20 0 7.5
34 21 0 7.5
34 22 0 7.5
34 23 0 7.5
34 24 0 7.5
34 25 0 6
34 26 0 6
34 27 0 6
34 28 0 6
34 29 0 6
34 30 0 7.5
34 31 0 7.5
34 32 0 7.5
34 33 0 7.5
34 34 0 7.5
34 35 0 6
34 36 0 6
34 37 0 6
34 38 0 6
34 39 0 6
34 40 0 7.5
34 41 0 7.5
34 42 0 7.5
34 43 0 7.5
34 44 0 7.5
34 45 0 6
34 46 0 6
34 47 0 6
34 48 0 6
34 49 0 6
34 50 0 6
34 51 0 6
34 52 0 6
34 53 0 6
34 54 0 6
34 55 0 7.5
34 56 0 7.5
34 57 0 7.5
34 58 0 7.5
34 59 0 7.5
34 60 0 6
34 61 0 6
34 62 0 6
34 63 0 6
34 64 0 6
34 65 0 7.5
34 66 0 7.5
34 67 0 7.5
34 68 0 7.5
34 69 0 7.5
34 70 0 6
34 71 0 6
34 72 0 6
34 73 0 6
34 74 0 6
34 75 0 7.5
34 76 0 7.5
34 77 0 7.5
34 78 0 7.5
34 79 0 7.5
34 80 0 6
34 81 0 6
34 82 0 6
34 83 0 6
34 84 0 6
34 85 0 7.5
34 86 0 7.5
34 87 0 7.5
34 88 0 7.5
34 89 0 7.5
34 90 0 6
34 91 0 6
34 92 0 6
34 93 0 6
34 94 0 6
34 95 0 7.5
34 96 0 7.5
34 97 0 7.5
34 98 0 7.5
34 99 0 7.5
35 0 0 21.1446
35 1 0 21.1989
35 2 0 21.1946
35 3 0 21.1989
35 4 0 21.1446
35 5 0 15.0391
35 6 0 15.0545
35 7 0 15.0512
35 8 0 15.0545
35 9 0 15.0391
35 10 0 21.0417
35 11 0 21.057
35 12 0 21.0537
35 13 0 21.057
35 14 0 21.0417
35 15 0 15.0417
35 16 0 15.057
35 17 0 15.0537
35 18 0 15.057
35 19 0 15.0417
35 20 0 21.0443
35 21 0 21.0596
35 22 0 21.0563
35 23 0 21.0596
35 24 0 21.0443
35 25 0 15.0443
35 26 0 15.0596
35 27 0 15.0563
35 28 0 15.0596
35 29 0 15.0443
35 30 0 21.1977
35 31 0 21.252
35 32 0 21.2477
35 33 0 21.252
35 34 0 21.1977
35 35 0 15.0417
35 36 0 15.057
35 37 0 15.0537
35 38 0 15.057
35 39 0 15.0417
35 40 0 21.1446
35 41 0 21.1989
35 42 0 21.1946
35 43 0 21.1989
35 44 0 21.1446
35 45 0 15.0391
35 46 0 15.0545
35 47 0 15.0512
35 48 0 15.0545
35 49 0 15.0391
35 50 0 15.1446
35 51 0 15.1989
35 52 0 15.1946
35 53 0 15.1989
35 54 0 15.1446
35 55 0 21.0391
35 56 0 21.0545
35 57 0 21.0512
35 58 0 21.0545
35 59 0 21.0391
35 60 0 15.1977
35 61 0 15.252
35 62 0 15.2477
35 63 0 15.252
35 64 0 15.1977
35 65 0 21.0417
35 66 0 21.057
35 67 0 21.0537
35 68 0 21.057
35 69 0 21.0417
35 70 0 15.2072
35 71 0 15.2614
35 72 0 15.2572
35 73 0 15.2614
35 74 0 15.2072
35 75 0 21.2072
35 76 0 21.2614
35 77 0 21.2572
35 78 0 21.2614
35 79 0 21.2072
35 80 0 15.1977
35 81 0 15.252
35 82 0 15.2477
35 83 0 15.252
35 84 0 15.1977
35 85 0 21.1977
35 86 0 21.252
35 87 0 21.2477
35 88 0 21.252
35 89 0 21.1977
35 90 0 15.1446
35 91 0 15.1989
35 92 0 15.1946
35 93 0 15.1989
35 94 0 15.1446
35 95 0 21.1446
35 96 0 21.1989
35 97 0 21.1946
35 98 0 21.1989
35 99 0 21.1446
36 0 0 7.5
36 1 0 7.5
36 2 0 7.5
36 3 0 7.5
36 4 0 7.5
36 5 0 6
36 6 0 6
36 7 0 6
36 8 0 6
36 9 0 6
36 10 0 7.5
36 11 0 7.5
36 12 0 7.5
36 13 0 7.5
36 14 0 7.5
36 15 0 6
36 16 0 6
36 17 0 6
36 18 0 6
36 19 0 6
36 20 0 7.5
36 21 0 7.5
36 22 0 7.5
36 23 0 7.5
36 24 0 7.5
36 25 0 6
36 26 0 6
36 27 0 6
36 28 0 6
36 29 0 6
36 30 0 7.5
36 31 0 7.5
36 32 0 7.5
36 33 0 7.5
36 34 0 7.5
36 35 0 6
36 36 0 6
36 37 0 6
36 38 0 6
36 39 0 6
36 40 0 7.5
36 41 0 7.5
36 42 0 7.5
36 43 0 7.5
36 44 0 7.5
36 45 0 6
36 46 0 6
36 47 0 6
36 48 0 6
36 49 0 6
36 50 0 6
36 51 0 6
36 52 0 6
36 53 0 6
36 54 0 6
36 55 0 7.5
36 56 0 7.5
36 57 0 7.5
36 58 0 7.5
36 59 0 7.5
36 60 0 6
36 61 0 6
36 62 0 6
36 63 0 6
36 64 0 6
36 65 0 7.5
36 66 0 7.5
36 67 0 7.5
36 68 0 7.5
36 69 0 7.5
36 70 0 6
36 71 0 6
36 72 0 6
36 73 0 6
36 74 0 6
36 75 0 7.5
36 76 0 7.5
36 77 0 7.5
36 78 0 7.5
36 79 0 7.5
36 80 0 6
36 81 0 6
36 82 0 6
36 83 0 6
36 84 0 6
36 85 0 7.5
36 86 0 7.5
36 87 0 7.5
36 88 0 7.5
36 89 0 7.5
36 90 0 6
36 91 0 6
36 92 0 6
36 93 0 6
36 94 0 6
36 95 0 7.5
36 96 0 7.5
36 97 0 7.5
36 98 0 7.5
36 99 0 7.5
37 0 0 21.1446
37 1 0 21.1989
37 2 0 21.1946
37 3 0 21.1989
37 4 0 21.1446
37 5 0 15.0391
37 6 0 15.0545
37 7 0 15.0512
37 8 0 15.0545
37 9 0 15.0391
37 10 0 21.0417
37 11 0 21.057
37 12 0 21.0537
37 13 0 21.057
37 14 0 21.0417
37 15 0 15.0417
37 16 0 15.057
37 17 0 15.0537
37 18 0 15.057
37 19 0 15.0417
37 20 0 21.0443
37 21 0 21.0596
37 22 0 21.0563
37 23 0 21.0596
37 24 0 21.0443
37 25 0 15.0443
37 26 0 15.0596
37 27 0 15.0563
37 28 0 15.0596
37 29 0 15.0443
37 30 0 21.1977
37 31 0 21.252
37 32 0 21.2477
37 33 0 21.252
37 34 0 21.1977
37 35 0 15.0417
37 36 0 15.057
37 37 0 15.0537
37 38 0 15.057
37 39 0 15.0417
37 40 0 21.1446
37 41 0 21.1989
37 42 0 21.1946
37 43 0 21.1989
37 44 0 21.1446
37 45 0 15.0391
37 46 0 15.0545
37 47 0 15.0512
37 48 0 15.0545
37 49 0 15.0391
37 50 0 15.1446
37 51 0 15.1989
37 52 0 15.1946
37 53 0 15.1989
37 54 0 15.1446
37 55 0 21.0391
37 56 0 21.0545
37 57 0 21.0512
37 58 0 21.0545
37 59 0 21.0391
37 60 0 15.1977
37 61 0 15.252
37 62 0 15.2477
37 63 0 15.252
37 64 0 15.1977
37 65 0 21.0417
37 66 0 21.057
37 67 0 21.0537
37 68 0 21.057
37 69 0 21.0417
37 70 0 15.2072
37 71 0 15.2614
37 72 0 15.2572
37 73 0 15.2614
37 74 0 15.2072
37 75 0 21.2072
37 76 0 21.2614
37 77 0 21.2572
37 78 0 21.2614
37 79 0 21.2072
37 80 0 15.1977
37 81 0 15.252
37 82 0 15.2477
37 83 0 15.252
37 84 0 15.1977
37 85 0 21.1977
37 86 0 21.252
37 87 0 21.2477
37 88 0 21.252
37 89 0 21.1977
37 90 0 15.1446
37 91 0 15.1989
37 92 0 15.1946
37 93 0 15.1989
37 94 0 15.1446
37 95 0 21.1446
37 96 0 21.1989
37 97 0 21.1946
37 98 0 21.1989
37 99 0 21.1446
38 0 0 7.5
38 1 0 7.5
38 2 0 7.5
38 3 0 7.5
38 4 0 7.5
38 5 0 6
38 6 0 6
38 7 0 6
38 8 0 6
38 9 0 6
38 10 0 7.5
38 11 0 7.5
38 12 0 7.5
38 13 0 7.5
38 14 0 7.5
38 15 0 6
38 16 0 6
38 17 0 6
38 18 0 6
38 19 0 6
38 20 0 7.5
38 21 0 7.5
38 22 0 7.5
38 23 0 7.5
38 24 0 7.5
38 25 0 6
38 26 0 6
38 27 0 6
38 28 0 6
38 29 0 6
38 30 0 7.5
38 31 0 7.5
38 32 0 7.5
38 33 0 7.5
38 34 0 7.5
38 35 0 6
38 36 0 6
38 37 0 6
38 38 0 6
38 39 0 6
38 40 0 7.5
38 41 0 7.5
38 42 0 7.5
38 43 0 7.5
38 44 0 7.5
38 45 0 6
38 46 0 6
38 47 0 6
38 48 0 6
38 49 0 6
38 50 0 6
38 51 0 6
38 52 0 6
38 53 0 6
38 54 0 6
38 55 0 7.5
38 56 0 7.5
38 57 0 7.5
38 58 0 7.5
38 59 0 7.5
38 60 0 6
38 61 0 6
38 62 0 6
38 63 0 6
38 64 0 6
38 65 0 7.5
38 66 0 7.5
38 67 0 7.5
38 68 0 7.5
38 69 0 7.5
38 70 0 6
38 71 0 6
38 72 0 6
38 73 0 6
38 74 0 6
38 75 0 7.5
38 76 0 7.5
38 77 0 7.5
38 78 0 7.5
38 79 0 7.5
38 80 0 6
38 81 0 6
38 82 0 6
38 83 0 6
38 84 0 6
38 85 0 7.5
38 86 0 7.5
38 87 0 7.5
38 88 0 7.5
38 89 0 7.5
38 90 0 6
38 91 0 6
38 92 0 6
38 93 0 6
38 94 0 6
38 95 0 7.5
38 96 0 7.5
38 97 0 7.5
38 98 0 7.5
38 99 0 7.5
39 0 0 21.1446
39 1 0 21.1989
39 2 0 21.1946
39 3 0 21.1989
39 4 0 21.1446
39 5 0 15.0391
39 6 0 15.0545
39 7 0 15.0512
39 8 0 15.0545
39 9 0 15.0391
39 10 0 21.0417
39 11 0 21.057
39 12 0 21.0537
39 13 0 21.057
39 14 0 21.0417
39 15 0 15.0417
39 16 0 15.057
39 17 0 15.0537
39 18 0 15.057
39 19 0 15.0417
39 20 0 21.0443
39 21 0 21.0596
39 22 0 21.0563
39 23 0 21.0596
39 24 0 21.0443
39 25 0 15.0443
39 26 0 15.0596
39 27 0 15.0563
39 28 0 15.0596
39 29 0 15.0443
39 30 0 21.1977
39 31 0 21.252
39 32 0 21.2477
39 33 0 21.252
39 34 0 21.1977
39 35 0 15.0417
39 36 0 15.057
39 37 0 15.0537
39 38 0 15.057
39 39 0 15.0417
39 40 0 21.1446
39 41 0 21.1989
39 42 0 21.1946
39 43 0 21.1989
39 44 0 21.1446
39 45 0 15.0391
39 46 0 15.0545
39 47 0 15.0512
39 48 0 15.0545
39 49 0 15.0391
39 50 0 15.1446
39 51 0 15.1989
39 52 0 15.1946
39 53 0 15.1989
39 54 0 15.1446
39 55 0 21.0391
39 56 0 21.0545
39 57 0 21.0512
39 58 0 21.0545
39 59 0 21.0391
39 60 0 15.1977
39 61 0 15.252
39 62 0 15.2477
39 63 0 15.252
39 64 0 15.1977
39 65 0 21.0417
39 66 0 21.057
39 67 0 21.0537
39 68 0 21.057
39 69 0 21.0417
39 70 0 15.2072
39 71 0 15.2614
39 72 0 15.2572
39 73 0 15.2614
39 74 0 15.2072
39 75 0 21.2072
39 76 0 21.2614
39 77 0 21.2572
39 78 0 21.2614
39 79 0 21.2072
39 80 0 15.1977
39 81 0 15.252
39 82 0 15.2477
39 83 0 15.252
39 84 0 15.1977
39 85 0 21.1977
39 86 0 21.252
39 87 0 21.2477
39 88 0 21.252
39 89 0 21.1977
39 90 0 15.1446
39 91 0 15.1989
39 92 0 15.1946
39 93 0 15.1989
39 94 0 15.1446
39 95 0 21.1446
39 96 0 21.1989
39 97 0 21.1946
39 98 0 21.1989
39 99 0 21.1446
40 0 0 7.5
40 1 0 7.5
40 2 0 7.5
40 3 0 7.5
40 4 0 7.5
40 5 0 6
40 6 0 6
40 7 0 6
40 8 0 6
40 9 0 6
40 10 0 7.5
40 11 0 7.5
40 12 0 7.5
40 13 0 7.5
40 14 0 7.5
40 15 0 6
40 16 0 6
40 17 0 6
40 18 0 6
40 19 0 6
40 20 0 7.5
40 21 0 7.5
40 22 0 7.5
40 23 0 7.5
40 24 0 7.5
40 25 0 6
40 26 0 6
40 27 0 6
40 28 0 6
40 29 0 6
40 30 0 7.5
40 31 0 7.5
40 32 0 7.5
40 33 0 7.5
40 34 0 7.5
40 35 0 6
40 36 0 6
40 37 0 6
40 38 0 6
40 39 0 6
40 40 0 7.5
40 41 0 7.5
40 42 0 7.5
40 43 0 7.5
40 44 0 7.5
40 45 0 6
40 46 0 6
40 47 0 6
40 48 0 6
40 49 0 6
40 50 0 6
40 51 0 6
40 52 0 6
40 53 0 6
40 54 0 6
40 55 0 7.5
40 56 0 7.5
40 57 0 7.5
40 58 0 7.5
40 59 0 7.5
40 60 0 6
40 61 0 6
40 62 0 6
40 63 0 6
40 64 0 6
40 65 0 7.5
40 66 0 7.5
40 67 0 7.5
40 68 0 7.5
40 69 0 7.5
40 70 0 6
40 71 0 6
40 72 0 6
40 73 0 6
40 74 0 6
40 75 0 7.5
40 76 0 7.5
40 77 0 7.5
40 78 0 7.5
40 79 0 7.5
40 80 0 6
40 81 0 6
40 82 0 6
40 83 0 6
40 84 0 6
40 85 0 7.5
40 86 0 7.5
40 87 0 7.5
40 88 0 7.5
40 89 0 7.5
40 90 0 6
40 91 0 6
40 92 0 6
40 93 0 6
40 94 0 6
40 95 0 7.5
40 96 0 7.5
40 97 0 7.5
40 98 0 7.5
40 99 0 7.5
41 0 0 21.1446
41 1 0 21.1989
41 2 0 21.1946
41 3 0 21.1989
41 4 0 21.1446
41 5 0 15.0391
41 6 0 15.0545
41 7 0 15.0512
41 8 0 15.0545
41 9 0 15.0391
41 10 0 21.0417
41 11 0 21.057
41 12 0 21.0537
41 13 0 21.057
41 14 0 21.0417
41 15 0 15.0417
41 16 0 15.057
41 17 0 15.0537
41 18 0 15.057
41 19 0 15.0417
41 20 0 21.0443
41 21 0 21.0596
41 22 0 21.0563
41 23 0 21.0596
41 24 0 21.0443
41 25 0 15.0443
41 26 0 15.0596
41 27 0 15.0563
41 28 0 15.0596
41 29 0 15.0443
41 30 0 21.1977
41 31 0 21.252
41 32 0 21.2477
41 33 0 21.252
41 34 0 21.1977
41 35 0 15.0417
41 36 0 15.057
41 37 0 15.0537
41 38 0 15.057
41 39 0 15.0417
41 40 0 21.1446
41 41 0 21.1989
41 42 0 21.1946
41 43 0 21.1989
41 44 0 21.1446
41 45 0 15.0391
41 46 0 15.0545
41 47 0 15.0512
41 48 0 15.0545
41 49 0 15.0391
41 50 0 15.1446
41 51 0 15.1989
41 52 0 15.1946
41 53 0 15.1989
41 54 0 15.1446
41 55 0 21.0391
41 56 0 21.0545
41 57 0 21.0512
41 58 0 21.0545
41 59 0 21.0391
41 60 0 15.1977
41 61 0 15.252
41 62 0 15.2477
41 63 0 15.252
41 64 0 15.1977
41 65 0 21.0417
41 66 0 21.057
41 67 0 21.0537
41 68 0 21.057
41 69 0 21.0417
41 70 0 15.2072
41 71 0 15.2614
41 72 0 15.2572
41 73 0 15.2614
41 74 0 15.2072
41 75 0 21.2072
41 76 0 21.2614
41 77 0 21.2572
41 78 0 21.2614
41 79 0 21.2072
41 80 0 15.1977
41 81 0 15.252
41 82 0 15.2477
41 83 0 15.252
41 84 0 15.1977
41 85 0 21.1977
41 86 0 21.252
41 87 0 21.2477
41 88 0 21.252
41 89 0 21.1977
41 90 0 15.1446
41 91 0 15.1989
41 92 0 15.1946
41 93 0 15.1989
41 94 0 15.1446
41 95 0 21.1446
41 96 0 21.1989
41 97 0 21.1946
41 98 0 21.1989
41 99 0 21.1446
42 0 0 7.5
42 1 0 7.5
42 2 0 7.5
42 3 0 7.5
42 4 0 7.5
42 5 0 6
42 6 0 6
42 7 0 6
42 8 0 6
42 9 0 6
42 10 0 7.5
42 11 0 7.5
42 12 0 7.5
42 13 0 7.5
42 14 0 7.5
42 15 0 6
42 16 0 6
42 17 0 6
42 18 0 6
42 19 0 6
42 20 0 7.5
42 21 0 7.5
42 22 0 7.5
42 23 0 7.5
42 24 0 7.5
42 25 0 6
42 26 0 6
42 27 0 6
42 28 0 6
42 29 0 6
42 30 0 7.5
42 31 0 7.5
42 32 0 7.5
42 33 0 7.5
42 34 0 7.5
42 35 0 6
42 36 0 6
42 37 0 6
42 38 0 6
42 39 0 6
42 40 0 7.5
42 41 0 7.5
42 42 0 7.5
42 43 0 7.5
42 44 0 7.5
42 45 0 6
42 46 0 6
42 47 0 6
42 48 0 6
42 49 0 6
42 50 0 6
42 51 0 6
42 52 0 6
42 53 0 6
42 54 0 6
42 55 0 7.5
42 56 0 7.5
42 57 0 7.5
42 58 0 7.5
42 59 0 7.5
42 60 0 6
42 61 0 6
42 62 0 6
42 63 0 6
42 64 0 6
42 65 0 7.5
42 66 0 7.5
42 67 0 7.5
42 68 0 7.5
42 69 0 7.5
42 70 0 6
42 71 0 6
42 72 0 6
42 73 0 6
42 74 0 6
42 75 0 7.5
42 76 0 7.5
42 77 0 7.5
42 78 0 7.5
42 79 0 7.5
42 80 0 6
42 81 0 6
42 82 0 6
42 83 0 6
42 84 0 6
42 85 0 7.5
42 86 0 7.5
42 87 0 7.5
42 88 0 7.5
42 89 0 7.5
42 90 0 6
42 91 0 6
42 92 0 6
42 93 0 6
42 94 0 6
42 95 0 7.5
42 96 0 7.5
42 97 0 7.5
42 98 0 7.5
42 99 0 7.5
43 0 0 21.1446
43 1 0 21.1989
43 2 0 21.1946
43 3 0 21.1989
43 4 0 21.1446
43 5 0 15.0391
43 6 0 15.0545
43 7 0 15.0512
43 8 0 15.0545
43 9 0 15.0391
43 10 0 21.0417
43 11 0 21.057
43 12 0 21.0537
43 13 0 21.057
43 14 0 21.0417
43 15 0 15.0417
43 16 0 15.057
43 17 0 15.0537
43 18 0 15.057
43 19 0 15.0417
43 20 0 21.0443
43 21 0 21.0596
43 22 0 21.0563
43 23 0 21.0596
43 24 0 21.0443
43 25 0 15.0443
43 26 0 15.0596
43 27 0 15.0563
43 28 0 15.0596
43 29 0 15.0443
43 30 0 21.1977
43 31 0 21.252
43 32 0 21.2477
43 33 0 21.252
43 34 0 21.1977
43 35 0 15.0417
43 36 0 15.057
43 37 0 15.0537
43 38 0 15.057
43 39 0 15.0417
43 40 0 21.1446
43 41 0 21.1989
43 42 0 21.1946
43 43 0 21.1989
43 44 0 21.1446
43 45 0 15.0391
43 46 0 15.0545
43 47 0 15.0512
43 48 0 15.0545
43 49 0 15.0391
43 50 0 15.1446
43 51 0 15.1989
43 52 0 15.1946
43 53 0 15.1989
43 54 0 15.1446
43 55 0 21.0391
43 56 0 21.0545
43 57 0 21.0512
43 58 0 21.0545
43 59 0 21.0391
43 60 0 15.1977
43 61 0 15.252
43 62 0 15.2477
43 63 0 15.252
43 64 0 15.1977
43 65 0 21.0417
43 66 0 21.057
43 67 0 21.0537
43 68 0 21.057
43 69 0 21.0417
43 70 0 15.2072
43 71 0 15.2614
43 72 0 15.2572
43 73 0 15.2614
43 74 0 15.2072
43 75 0 21.2072
43 76 0 21.2614
43 77 0 21.2572
43 78 0 21.2614
43 79 0 21.2072
43 80 0 15.1977
43 81 0 15.252
43 82 0 15.2477
43 83 0 15.252
43 84 0 15.1977
43 85 0 21.1977
43 86 0 21.252
43 87 0 21.2477
43 88 0 21.252
43 89 0 21.1977
43 90 0 15.1446
43 91 0 15.1989
43 92 0 15.1946
43 93 0 15.1989
43 94 0 15.1446
43 95 0 21.1446
43 96 0 21.1989
43 97 0 21.1946
43 98 0 21.1989
43 99 0 21.1446
44 0 0 7.5
44 1 0 7.5
44 2 0 7.5
44 3 0 7.5
44 4 0 7.5
44 5 0 6
44 6 0 6
44 7 0 6
44 8 0 6
44 9 0 6
44 10 0 7.5
44 11 0 7.5
44 12 0 7.5
44 13 0 7.5
44 14 0 7.5
44 15 0 6
44 16 0 6
44 17 0 6
44 18 0 6
44 19 0 6
44 20 0 7.5
44 21 0 7.5
44 22 0 7.5
44 23 0 7.5
44 24 0 7.5
44 25 0 6
44 26 0 6
44 27 0 6
44 28 0 6
44 29 0 6
44 30 0 7.5
44 31 0 7.5
44 32 0 7.5
44 33 0 7.5
44 34 0 7.5
44 35 0 6
44 36 0 6
44 37 0 6
44 38 0 6
44 39 0 6
44 40 0 7.5
44 41 0 7.5
44 42 0 7.5
44 43 0 7.5
44 44 0 7.5
44 45 0 6
44 46 0 6
44 47 0 6
44 48 0 6
44 49 0 6
44 50 0 6
44 51 0 6
44 52 0 6
44 53 0 6
44 54 0 6
44 55 0 7.5
44 56 0 7.5
44 57 0 7.5
44 58 0 7.5
44 59 0 7.5
44 60 0 6
44 61 0 6
44 62 0 6
44 63 0 6
44 64 0 6
44 65 0 7.5
44 66 0 7.5
44 67 0 7.5
44 68 0 7.5
44 69 0 7.5
44 70 0 6
44 71 0 6
44 72 0 6
44 73 0 6
44 74 0 6
44 75 0 7.5
44 76 0 7.5
44 77 0 7.5
44 78 0 7.5
44 79 0 7.5
44 80 0 6
44 81 0 6
44 82 0 6
44 83 0 6
44 84 0 6
44 85 0 7.5
44 86 0 7.5
44 87 0 7.5
44 88 0 7.5
44 89 0 7.5
44 90 0 6
44 91 0 6
44 92 0 6
44 93 0 6
44 94 0 6
44 95 0 7.5
44 96 0 7.5
44 97 0 7.5
44 98 0 7.5
44 99 0 7.5
45 0 0 21.1446
45 1 0 21.1989
45 2 0 21.1946
45 3 0 21.1989
45 4 0 21.1446
45 5 0 15.0391
45 6 0 15.0545
45 7 0 15.0512
45 8 0 15.0545
45 9 0 15.0391
45 10 0 21.0417
45 11 0 21.057
45 12 0 21.0537
45 13 0 21.057
45 14 0 21.0417
45 15 0 15.0417
45 16 0 15.057
45 17 0 15.0537
45 18 0 15.057
45 19 0 15.0417
45 20 0 21.0443
45 21 0 21.0596
45 22 0 21.0563
45 23 0 21.0596
45 24 0 21.0443
45 25 0 15.0443
45 26 0 15.0596
45 27 0 15.0563
45 28 0 15.0596
45 29 0 15.0443
45 30 0 21.1977
45 31 0 21.252
45 32 0 21.2477
45 33 0 21.252
45 34 0 21.1977
45 35 0 15.0417
45 36 0 15.057
45 37 0 15.0537
45 38 0 15.057
45 39 0 15.0417
45 40 0 21.1446
45 41 0 21.1989
45 42 0 21.1946
45 43 0 21.1989
45 44 0 21.1446
45 45 0 15.0391
45 46 0 15.0545
45 47 0 15.0512
45 48 0 15.0545
45 49 0 15.0391
45 50 0 15.1446
45 51 0 15.1989
45 52 0 15.1946
45 53 0 15.1989
45 54 0 15.1446
45 55 0 21.0391
45 56 0 21.0545
45 57 0 21.0512
45 58 0 21.0545
45 59 0 21.0391
45 60 0 15.1977
45 61 0 15.252
45 62 0 15.2477
45 63 0 15.252
45 64 0 15.1977
45 65 0 21.0417
45 66 0 21.057
45 67 0 21.0537
45 68 0 21.057
45 69 0 21.0417
45 70 0 15.2072
45 71 0 15.2614
45 72 0 15.2572
45 73 0 15.2614
45 74 0 15.2072
45 75 0 21.2072
45 76 0 21.2614
45 77 0 21.2572
45 78 0 21.2614
45 79 0 21.2072
45 80 0 15.1977
45 81 0 15.252
45 82 0 15.2477
45 83 0 15.252
45 84 0 15.1977
45 85 0 21.1977
45 86 0 21.252
45 87 0 21.2477
45 88 0 21.252
45 89 0 21.1977
45 90 0 15.1446
45 91 0 15.1989
45 92 0 15.1946
45 93 0 15.1989
45 94 0 15.1446
45 95 0 21.1446
45 96 0 21.1989
45 97 0 21.1946
45 98 0 21.1989
45 99 0 21.1446
46 0 0 7.5
46 1 0 7.5
46 2 0 7.5
46 3 0 7.5
46 4 0 7.5
46 5 0 6
46 6 0 6
46 7 0 6
46 8 0 6
46 9 0 6
46 10 0 7.5
46 11 0 7.5
46 12 0 7.5
46 13 0 7.5
46 14 0 7.5
46 15 0 6
46 16 0 6
46 17 0 6
46 18 0 6
46 19 0 6
46 20 0 7.5
46 21 0 7.5
46 22 0 7.5
46 23 0 7.5
46 24 0 7.5
46 25 0 6
46 26 0 6
46 27 0 6
46 28 0 6
46 29 0 6
46 30 0 7.5
46 31 0 7.5
46 32 0 7.5
46 33 0 7.5
46 34 0 7.5
46 35 0 6
46 36 0 6
46 37 0 6
46 38 0 6
46 39 0 6
46 40 0 7.5
46 41 0 7.5
46 42 0 7.5
46 43 0 7.5
46 44 0 7.5
46 45 0 6
46 46 0 6
46 47 0 6
46 48 0 6
46 49 0 6
46 50 0 6
46 51 0 6
46 52 0 6
46 53 0 6
46 54 0 6
46 55 0 7.5
46 56 0 7.5
46 57 0 7.5
46 58 0 7.5
46 59 0 7.5
46 60 0 6
46 61 0 6
46 62 0 6
46 63 0 6
46 64 0 6
46 65 0 7.5
46 66 0 7.5
46 67 0 7.5
46 68 0 7.5
46 69 0 7.5
46 70 0 6
46 71 0 6
46 72 0 6
46 73 0 6
46 74 0 6
46 75 0 7.5
46 76 0 7.5
46 77 0 7.5
46 78 0 7.5
46 79 0 7.5
46 80 0 6
46 81 0 6
46 82 0 6
46 83 0 6
46 84 0 6
46 85 0 7.5
46 86 0 7.5
46 87 0 7.5
46 88 0 7.5
46 89 0 7.5
46 90 0 6
46 91 0 6
46 92 0 6
46 93 0 6
46 94 0 6
46 95 0 7.5
46 96 0 7.5
46 97 0 7.5
46 98 0 7.5
46 99 0 7.5
47 0 0 21.1446
47 1 0 21.1989
47 2 0 21.1946
47 3 0 21.1989
47 4 0 21.1446
47 5 0 15.0391
47 6 0 15.0545
47 7 0 15.0512
47 8 0 15.0545
47 9 0 15.0391
47 10 0 21.0417
47 11 0 21.057
47 12 0 21.0537
47 13 0 21.057
47 14 0 21.0417
47 15 0 15.0417
47 16 0 15.057
47 17 0 15.0537
47 18 0 15.057
47 19 0 15.0417
47 20 0 21.0443
47 21 0 21.0596
47 22 0 21.0563
47 23 0 21.0596
47 24 0 21.0443
47 25 0 15.0443
47 26 0 15.0596
47 27 0 15.0563
47 28 0 15.0596
47 29 0 15.0443
47 30 0 21.1977
47 31 0 21.252
47 32 0 21.2477
47 33 0 21.252
47 34 0 21.1977
47 35 0 15.0417
47 36 0 15.057
47 37 0 15.0537
47 38 0 15.057
47 39 0 15.0417
47 40 0 21.1446
47 41 0 21.1989
47 42 0 21.1946
47 43 0 21.1989
47 44 0 21.1446
47 45 0 15.0391
47 46 0 15.0545
47 47 0 15.0512
47 48 0 15.0545
47 49 0 15.0391
47 50 0 15.1446
47 51 0 15.1989
47 52 0 15.1946
47 53 0 15.1989
47 54 0 15.1446
47 55 0 21.0391
47 56 0 21.0545
47 57 0 21.0512
47 58 0 21.0545
47 59 0 21.0391
47 60 0 15.1977
47 61 0 15.252
47 62 0 15.2477
47 63 0 15.252
47 64 0 15.1977
47 65 0 21.0417
47 66 0 21.057
47 67 0 21.0537
47 68 0 21.057
47 69 0 21.0417
47 70 0 15.2072
47 71 0 15.2614
47 72 0 15.2572
47 73 0 15.2614
47 74 0 15.2072
47 75 0 21.2072
47 76 0 21.2614
47 77 0 21.2572
47 78 0 21.2614
47 79 0 21.2072
47 80 0 15.1977
47 81 0 15.252
47 82 0 15.2477
47 83 0 15.252
47 84 0 15.1977
47 85 0 21.1977
47 86 0 21.252
47 87 0 21.2477
47 88 0 21.252
47 89 0 21.1977
47 90 0 15.1446
47 91 0 15.1989
47 92 0 15.1946
47 93 0 15.1989
47 94 0 15.1446
47 95 0 21.1446
47 96 0 21.1989
47 97 0 21.1946
47 98 0 21.1989
47 99 0 21.1446
48 0 0 7.5
48 1 0 7.5
48 2 0 7.5
48 3 0 7.5
48 4 0 7.5
48 5 0 6
48 6 0 6
48 7 0 6
48 8 0 6
48 9 0 6
48 10 0 7.5
48 11 0 7.5
48 12 0 7.5
48 13 0 7.5
48 14 0 7.5
48 15 0 6
48 16 0 6
48 17 0 6
48 18 0 6
48 19 0 6
48 20 0 7.5
48 21 0 7.5
48 22 0 7.5
48 23 0 7.5
48 24 0 7.5
48 25 0 6
48 26 0 6
48 27 0 6
48 28 0 6
48 29 0 6
48 30 0 7.5
48 31 0 7.5
48 32 0 7.5
48 33 0 7.5
48 34 0 7.5
48 35 0 6
48 36 0 6
48 37 0 6
48 38 0 6
48 39 0 6
48 40 0 7.5
48 41 0 7.5
48 42 0 7.5
48 43 0 7.5
48 44 0 7.5
48 45 0 6
48 46 0 6
48 47 0 6
48 48 0 6
48 49 0 6
48 50 0 6
48 51 0 6
48 52 0 6
48 53 0 6
48 54 0 6
48 55 0 7.5
48 56 0 7.5
48 57 0 7.5
48 58 0 7.5
48 59 0 7.5
48 60 0 6
48 61 0 6
48 62 0 6
48 63 0 6
48 64 0 6
48 65 0 7.5
48 66 0 7.5
48 67 0 7.5
48 68 0 7.5
48 69 0 7.5
48 70 0 6
48 71 0 6
48 72 0 6
48 73 0 6
48 74 0 6
48 75 0 7.5
48 76 0 7.5
48 77 0 7.5
48 78 0 7.5
48 79 0 7.5
48 80 0 6
48 81 0 6
48 82 0 6
48 83 0 6
48 84 0 6
48 85 0 7.5
48 86 0 7.5
48 87 0 7.5
48 88 0 7.5
48 89 0 7.5
48 90 0 6
48 91 0 6
48 92 0 6
48 93 0 6
48 94 0 6
48 95 0 7.5
48 96 0 7.5
48 97 0 7.5
48 98 0 7.5
48 99 0 7.5
49 0 0 21.1446
49 1 0 21.1989
49 2 0 21.1946
49 3 0 21.1989
49 4 0 21.1446
49 5 0 15.0391
49 6 0 15.0545
49 7 0 15.0512
49 8 0 15.0545
49 9 0 15.0391
49 10 0 21.0417
49 11 0 21.057
49 12 0 21.0537
49 13 0 21.057
49 14 0 21.0417
49 15 0 15.0417
49 16 0 15.057
49 17 0 15.0537
49 18 0 15.057
49 19 0 15.0417
49 20 0 21.0443
49 21 0 21.0596
49 22 0 21.0563
49 23 0 21.0596
49 24 0 21.0443
49 25 0 15.0443
49 26 0 15.0596
49 27 0 15.0563
49 28 0 15.0596
49 29 0 15.0443
49 30 0 21.1977
49 31 0 21.252
49 32 0 21.2477
49 33 0 21.252
49 34 0 21.1977
49 35 0 15.0417
49 36 0 15.057
49 37 0 15.0537
49 38 0 15.057
49 39 0 15.0417
49 40 0 21.1446
49 41 0 21.1989
49 42 0 21.1946
49 43 0 21.1989
49 44 0 21.1446
49 45 0 15.0391
49 46 0 15.0545
49 47 0 15.0512
49 48 0 15.0545
49 49 0 15.0391
49 50 0 15.1446
49 51 0 15.1989
49 52 0 15.1946
49 53 0 15.1989
49 54 0 15.1446
49 55 0 21.0391
49 56 0 21.0545
49 57 0 21.0512
49 58 0 21.0545
49 59 0 21.0391
49 60 0 15.1977
49 61 0 15.252
49 62 0 15.2477
49 63 0 15.252
49 64 0 15.1977
49 65 0 21.0417
49 66 0 21.057
49 67 0 21.0537
49 68 0 21.057
49 69 0 21.0417
49 70 0 15.2072
49 71 0 15.2614
49 72 0 15.2572
49 73 0 15.2614
49 74 0 15.2072
49 75 0 21.2072
49 76 0 21.2614
49 77 0 21.2572
49 78 0 21.2614
49 79 0 21.2072
49 80 0 15.1977
49 81 0 15.252
49 82 0 15.2477
49 83 0 15.252
49 84 0 15.1977
49 85 0 21.1977
49 86 0 21.252
49 87 0 21.2477
49 88 0 21.252
49 89 0 21.1977
49 90 0 15.1446
49 91 0 15.1989
49 92 0 15.1946
49 93 0 15.1989
49 94 0 15.1446
49 95 0 21.1446
49 96 0 21.1989
49 97 0 21.1946
49 98 0 21.1989
49 99 0 21.1446
50 0 0 7.5
50 1 0 7.5
50 2 0 7.5
50 3 0 7.5
50 4 0 7.5
50 5 0 6
50 6 0 6
50 7 0 6
50 8 0 6
50 9 0 6
50 10 0 7.5
50 11 0 7.5
50 12 0 7.5
50 13 0 7.5
50 14 0 7.5
50 15 0 6
50 16 0 6
50 17 0 6
50 18 0 6
50 19 0 6
50 20 0 7.5
50 21 0 7.5
50 22 0 7.5
50 23 0 7.5
50 24 0 7.5
50 25 0 6
50 26 0 6
50 27 0 6
50 28 0 6
50 29 0 6
50 30 0 7.5
50 31 0 7.5
50 32 0 7.5
50 33 0 7.5
50 34 0 7.5
50 35 0 6
50 36 0 6
50 37 0 6
50 38 0 6
50 39 0 6
50 40 0 7.5
50 41 0 7.5
50 42 0 7.5
50 43 0 7.5
50 44 0 7.5
50 45 0 6
50 46 0 6
50 47 0 6
50 48 0 6
50 49 0 6
50 50 0 6
50 51 0 6
50 52 0 6
50 53 0 6
50 54 0 6
50 55 0 7.5
50 56 0 7.5
50 57 0 7.5
50 58 0 7.5
50 59 0 7.5
50 60 0 6
50 61 0 6
50 62 0 6
50 63 0 6
50 64 0 6
50 65 0 7.5
50 66 0 7.5
50 67 0 7.5
50 68 0 7.5
50 69 0 7.5
50 70 0 6
50 71 0 6
50 72 0 6
50 73 0 6
50 74 0 6
50 75 0 7.5
50 76 0 7.5
50 77 0 7.5
50 78 0 7.5
50 79 0 7.5
50 80 0 6
50 81 0 6
50 82 0 6
50 83 0 6
50 84 0 6
50 85 0 7.5
50 86 0 7.5
50 87 0 7.5
50 88 0 7.5
50 89 0 7.5
50 90 0 6
50 91 0 6
50 92 0 6
50 93 0 6
50 94 0 6
50 95 0 7.5
50 96 0 7.5
50 97 0 7.5
50 98 0 7.5
50 99 0 7.5
51 0 0 21.1446
51 1 0 21.1989
51 2 0 21.1946
51 3 0 21.1989
51 4 0 21.1446
51 5 0 15.0391
51 6 0 15.0545
51 7 0 15.0512
51 8 0 15.0545
51 9 0 15.0391
51 10 0 21.0417
51 11 0 21.057
51 12 0 21.0537
51 13 0 21.057
51 14 0 21.0417
51 15 0 15.0417
51 16 0 15.057
51 17 0 15.0537
51 18 0 15.057
51 19 0 15.0417
51 20 0 21.0443
51 21 0 21.0596
51 22 0 21.0563
51 23 0 21.0596
51 24 0 21.0443
51 25 0 15.0443
51 26 0 15.0596
51 27 0 15.0563
51 28 0 15.0596
51 29 0 15.0443
51 30 0 21.1977
51 31 0 21.252
51 32 0 21.2477
51 33 0 21.252
51 34 0 21.1977
51 35 0 15.0417
51 36 0 15.057
51 37 0 15.0537
51 38 0 15.057
51 39 0 15.0417
51 40 0 21.1446
51 41 0 21.1989
51 42 0 21.1946
51 43 0 21.1989
51 44 0 21.1446
51 45 0 15.0391
51 46 0 15.0545
51 47 0 15.0512
51 48 0 15.0545
51 49 0 15.0391
51 50 0 15.1446
51 51 0 15.1989
51 52 0 15.1946
51 53 0 15.1989
51 54 0 15.1446
51 55 0 21.0391
51 56 0 21.0545
51 57 0 21.0512
51 58 0 21.0545
51 59 0 21.0391
51 60 0 15.1977
51 61 0 15.252
51 62 0 15.2477
51 63 0 15.252
51 64 0 15.1977
51 65 0 21.0417
51 66 0 21.057
51 67 0 21.0537
51 68 0 21.057
51 69 0 21.0417
51 70 0 15.2072
51 71 0 15.2614
51 72 0 15.2572
51 73 0 15.2614
51 74 0 15.2072
51 75 0 21.2072
51 76 0 21.2614
51 77 0 21.2572
51 78 0 21.2614
51 79 0 21.2072
51 80 0 15.1977
51 81 0 15.252
51 82 0 15.2477
51 83 0 15.252
51 84 0 15.1977
51 85 0 21.1977
51 86 0 21.252
51 87 0 21.2477
51 88 0 21.252
51 89 0 21.1977
51 90 0 15.1446
51 91 0 15.1989
51 92 0 15.1946
51 93 0 15.1989
51 94 0 15.1446
51 95 0 21.1446
51 96 0 21.1989
51 97 0 21.1946
51 98 0 21.1989
51 99 0 21.1446
52 0 0 7.5
52 1 0 7.5
52 2 0 7.5
52 3 0 7.5
52 4 0 7.5
52 5 0 6
52 6 0 6
52 7 0 6
52 8 0 6
52 9 0 6
52 10 0 7.5
52 11 0 7.5
52 12 0 7.5
52 13 0 7.5
52 14 0 7.5
52 15 0 6
52 16 0 6
52 17 0 6
52 18 0 6
52 19 0 6
52 20 0 7.5
52 21 0 7.5
52 22 0 7.5
52 23 0 7.5
52 24 0 7.5
52 25 0 6
52 26 0 6
52 27 0 6
52 28 0 6
52 29 0 6
52 30 0 7.5
52 31 0 7.5
52 32 0 7.5
52 33 0 7.5
52 34 0 7.5
52 35 0 6
52 36 0 6
52 37 0 6
52 38 0 6
52 39 0 6
52 40 0 7.5
52 41 0 7.5
52 42 0 7.5
52 43 0 7.5
52 44 0 7.5
52 45 0 6
52 46 0 6
52 47 0 6
52 48 0 6
52 49 0 6
52 50 0 6
52 51 0 6
52 52 0 6
52 53 0 6
52 54 0 6
52 55 0 7.5
52 56 0 7.5
52 57 0 7.5
52 58 0 7.5
52 59 0 7.5
52 60 0 6
52 61 0 6
52 62 0 6
52 63 0 6
52 64 0 6
52 65 0 7.5
52 66 0 7.5
52 67 0 7.5
52 68 0 7.5
52 69 0 7.5
52 70 0 6
52 71 0 6
52 72 0 6
52 73 0 6
52 74 0 6
52 75 0 7.5
52 76 0 7.5
52 77 0 7.5
52 78 0 7.5
52 79 0 7.5
52 80 0 6
52 81 0 6
52 82 0 6
52 83 0 6
52 84 0 6
52 85 0 7.5
52 86 0 7.5
52 87 0 7.5
52 88 0 7.5
52 89 0 7.5
52 90 0 6
52 91 0 6
52 92 0 6
52 93 0 6
52 94 0 6
52 95 0 7.5
52 96 0 7.5
52 97 0 7.5
52 98 0 7.5
52 99 0 7.5
53 0 0 21.1446
53 1 0 21.1989
53 2 0 21.1946
53 3 0 21.1989
53 4 0 21.1446
53 5 0 15.0391
53 6 0 15.0545
53 7 0 15.0512
53 8 0 15.0545
53 9 0 15.0391
53 10 0 21.0417
53 11 0 21.057
53 12 0 21.0537
53 13 0 21.057
53 14 0 21.0417
53 15 0 15.0417
53 16 0 15.057
53 17 0 15.0537
53 18 0 15.057
53 19 0 15.0417
53 20 0 21.0443
53 21 0 21.0596
53 22 0 21.0563
53 23 0 21.0596
53 24 0 21.0443
53 25 0 15.0443
53 26 0 15.0596
53 27 0 15.0563
53 28 0 15.0596
53 29 0 15.0443
53 30 0 21.1977
53 31 0 21.252
53 32 0 21.2477
53 33 0 21.252
53 34 0 21.1977
53 35 0 15.0417
53 36 0 15.057
53 37 0 15.0537
53 38 0 15.057
53 39 0 15.0417
53 40 0 21.1446
53 41 0 21.1989
53 42 0 21.1946
53 43 0 21.1989
53 44 0 21.1446
53 45 0 15.0391
53 46 0 15.0545
53 47 0 15.0512
53 48 0 15.0545
53 49 0 15.0391
53 50 0 15.1446
53 51 0 15.1989
53 52 0 15.1946
53 53 0 15.1989
53 54 0 15.1446
53 55 0 21.0391
53 56 0 21.0545
53 57 0 21.0512
53 58 0 21.0545
53 59 0 21.0391
53 60 0 15.1977
53 61 0 15.252
53 62 0 15.2477
53 63 0 15.252
53 64 0 15.1977
53 65 0 21.0417
53 66 0 21.057
53 67 0 21.0537
53 68 0 21.057
53 69 0 21.0417
53 70 0 15.2072
53 71 0 15.2614
53 72 0 15.2572
53 73 0 15.2614
53 74 0 15.2072
53 75 0 21.2072
53 76 0 21.2614
53 77 0 21.2572
53 78 0 21.2614
53 79 0 21.2072
53 80 0 15.1977
53 81 0 15.252
53 82 0 15.2477
53 83 0 15.252
53 84 0 15.1977
53 85 0 21.1977
53 86 0 21.252
53 87 0 21.2477
53 88 0 21.252
53 89 0 21.1977
53 90 0 15.1446
53 91 0 15.1989
53 92 0 15.1946
53 93 0 15.1989
53 94 0 15.1446
53 95 0 21.1446
53 96 0 21.1989
53 97 0 21.1946
53 98 0 21.1989
53 99 0 21.1446
54 0 0 7.5
54 1 0 7.5
54 2 0 7.5
54 3 0 7.5
54 4 0 7.5
54 5 0 6
54 6 0 6
54 7 0 6
54 8 0 6
54 9 0 6
54 10 0 7.5
54 11 0 7.5
54 12 0 7.5
54 13 0 7.5
54 14 0 7.5
54 15 0 6
54 16 0 6
54 17 0 6
54 18 0 6
54 19 0 6
54 20 0 7.5
54 21 0 7.5
54 22 0 7.5
54 23 0 7.5
54 24 0 7.5
54 25 0 6
54 26 0 6
54 27 0 6
54 28 0 6
54 29 0 6
54 30 0 7.5
54 31 0 7.5
54 32 0 7.5
54 33 0 7.5
54 34 0 7.5
54 35 0 6
54 36 0 6
54 37 0 6
54 38 0 6
54 39 0 6
54 40 0 7.5
54 41 0 7.5
54 42 0 7.5
54 43 0 7.5
54 44 0 7.5
54 45 0 6
54 46 0 6
54 47 0 6
54 48 0 6
54 49 0 6
54 50 0 6
54 51 0 6
54 52 0 6
54 53 0 6
54 54 0 6
54 55 0 7.5
54 56 0 7.5
54 57 0 7.5
54 58 0 7.5
54 59 0 7.5
54 60 0 6
54 61 0 6
54 62 0 6
54 63 0 6
54 64 0 6
54 65 0 7.5
54 66 0 7.5
54 67 0 7.5
54 68 0 7.5
54 69 0 7.5
54 70 0 6
54 71 0 6
54 72 0 6
54 73 0 6
54 74 0 6
54 75 0 7.5
54 76 0 7.5
54 77 0 7.5
54 78 0 7.5
54 79 0 7.5
54 80 0 6
54 81 0 6
54 82 0 6
54 83 0 6
54 84 0 6
54 85 0 7.5
54 86 0 7.5
54 87 0 7.5
54 88 0 7.5
54 89 0 7.5
54 90 0 6
54 91 0 6
54 92 0 6
54 93 0 6
54 94 0 6
54 95 0 7.5
54 96 0 7.5
54 97 0 7.5
54 98 0 7.5
54 99 0 7.5
55 0 0 21.1446
55 1 0 21.1989
55 2 0 21.1946
55 3 0 21.1989
55 4 0 21.1446
55 5 0 15.0391
55 6 0 15.0545
55 7 0 15.0512
55 8 0 15.0545
55 9 0 15.0391
55 10 0 21.0417
55 11 0 21.057
55 12 0 21.0537
55 13 0 21.057
55 14 0 21.0417
55 15 0 15.0417
55 16 0 15.057
55 17 0 15.0537
55 18 0 15.057
55 19 0 15.0417
55 20 0 21.0443
55 21 0 21.0596
55 22 0 21.0563
55 23 0 21.0596
55 24 0 21.0443
55 25 0 15.0443
55 26 0 15.0596
55 27 0 15.0563
55 28 0 15.0596
55 29 0 15.0443
55 30 0 21.1977
55 31 0 21.252
55 32 0 21.2477
55 33 0 21.252
55 34 0 21.1977
55 35 0 15.0417
55 36 0 15.057
55 37 0 15.0537
55 38 0 15.057
55 39 0 15.0417
55 40 0 21.1446
55 41 0 21.1989
55 42 0 21.1946
55 43 0 21.1989
55 44 0 21.1446
55 45 0 15.0391
55 46 0 15.0545
55 47 0 15.0512
55 48 0 15.0545
55 49 0 15.0391
55 50 0 15.1446
55 51 0 15.1989
55 52 0 15.1946
55 53 0 15.1989
55 54 0 15.1446
55 55 0 21.0391
55 56 0 21.0545
55 57 0 21.0512
55 58 0 21.0545
55 59 0 21.0391
55 60 0 15.1977
55 61 0 15.252
55 62 0 15.2477
55 63 0 15.252
55 64 0 15.1977
55 65 0 21.0417
55 66 0 21.057
55 67 0 21.0537
55 68 0 21.057
55 69 0 21.0417
55 70 0 15.2072
55 71 0 15.2614
55 72 0 15.2572
55 73 0 15.2614
55 74 0 15.2072
55 75 0 21.2072
55 76 0 21.2614
55 77 0 21.2572
55 78 0 21.2614
55 79 0 21.2072
55 80 0 15.1977
55 81 0 15.252
55 82 0 15.2477
55 83 0 15.252
55 84 0 15.1977
55 85 0 21.1977
55 86 0 21.252
55 87 0 21.2477
55 88 0 21.252
55 89 0 21.1977
55 90 0 15.1446
55 91 0 15.1989
55 92 0 15.1946
55 93 0 15.1989
55 94 0 15.1446
55 95 0 21.1446
55 96 0 21.1989
55 97 0 21.1946
55 98 0 21.1989
55 99 0 21.1446
56 0 0 7.5
56 1 0 7.5
56 2 0 7.5
56 3 0 7.5
56 4 0 7.5
56 5 0 6
56 6 0 6
56 7 0 6
56 8 0 6
56 9 0 6
56 10 0 7.5
56 11 0 7.5
56 12 0 7.5
56 13 0 7.5
56 14 0 7.5
56 15 0 6
56 16 0 6
56 17 0 6
56 18 0 6
56 19 0 6
56 20 0 7.5
56 21 0 7.5
56 22 0 7.5
56 23 0 7.5
56 24 0 7.5
56 25 0 6
56 26 0 6
56 27 0 6
56 28 0 6
56 29 0 6
56 30 0 7.5
56 31 0 7.5
56 32 0 7.5
56 33 0 7.5
56 34 0 7.5
56 35 0 6
56 36 0 6
56 37 0 6
56 38 0 6
56 39 0 6
56 40 0 7.5
56 41 0 7.5
56 42 0 7.5
56 43 0 7.5
56 44 0 7.5
56 45 0 6
56 46 0 6
56 47 0 6
56 48 0 6
56 49 0 6
56 50 0 6
56 51 0 6
56 52 0 6
56 53 0 6
56 54 0 6
56 55 0 7.5
56 56 0 7.5
56 57 0 7.5
56 58 0 7.5
56 59 0 7.5
56 60 0 6
56 61 0 6
56 62 0 6
56 63 0 6
56 64 0 6
56 65 0 7.5
56 66 0 7.5
56 67 0 7.5
56 68 0 7.5
56 69 0 7.5
56 70 0 6
56 71 0 6
56 72 0 6
56 73 0 6
56 74 0 6
56 75 0 7.5
56 76 0 7.5
56 77 0 7.5
56 78 0 7.5
56 79 0 7.5
56 80 0 6
56 81 0 6
56 82 0 6
56 83 0 6
56 84 0 6
56 85 0 7.5
56 86 0 7.5
56 87 0 7.5
56 88 0 7.5
56 89 0 7.5
56 90 0 6
56 91 0 6
56 92 0 6
56 93 0 6
56 94 0 6
56 95 0 7.5
56 96 0 7.5
56 97 0 7.5
56 98 0 7.5
56 99 0 7.5
57 0 0 21.1446
57 1 0 21.1989
57 2 0 21.1946
57 3 0 21.1989
57 4 0 21.1446
57 5 0 15.0391
57 6 0 15.0545
57 7 0 15.0512
57 8 0 15.0545
57 9 0 15.0391
57 10 0 21.0417
57 11 0 21.057
57 12 0 21.0537
57 13 0 21.057
57 14 0 21.0417
57 15 0 15.0417
57 16 0 15.057
57 17 0 15.0537
57 18 0 15.057
57 19 0 15.0417
57 20 0 21.0443
57 21 0 21.0596
57 22 0 21.0563
57 23 0 21.0596
57 24 0 21.0443
57 25 0 15.0443
57 26 0 15.0596
57 27 0 15.0563
57 28 0 15.0596
57 29 0 15.0443
57 30 0 21.1977
57 31 0 21.252
57 32 0 21.2477
57 33 0 21.252
57 34 0 21.1977
57 35 0 15.0417
57 36 0 15.057
57 37 0 15.0537
57 38 0 15.057
57 39 0 15.0417
57 40 0 21.1446
57 41 0 21.1989
57 42 0 21.1946
57 43 0 21.1989
57 44 0 21.1446
57 45 0 15.0391
57 46 0 15.0545
57 47 0 15.0512
57 48 0 15.0545
57 49 0 15.0391
57 50 0 15.1446
57 51 0 15.1989
57 52 0 15.1946
57 53 0 15.1989
57 54 0 15.1446
57 55 0 21.0391
57 56 0 21.0545
57 57 0 21.0512
57 58 0 21.0545
57 59 0 21.0391
57 60 0 15.1977
57 61 0 15.252
57 62 0 15.2477
57 63 0 15.252
57 64 0 15.1977
57 65 0 21.0417
57 66 0 21.057
57 67 0 21.0537
57 68 0 21.057
57 69 0 21.0417
57 70 0 15.2072
57 71 0 15.2614
57 72 0 15.2572
57 73 0 15.2614
57 74 0 15.2072
57 75 0 21.2072
57 76 0 21.2614
57 77 0 21.2572
57 78 0 21.2614
57 79 0 21.2072
57 80 0 15.1977
57 81 0 15.252
57 82 0 15.2477
57 83 0 15.252
57 84 0 15.1977
57 85 0 21.1977
57 86 0 21.252
57 87 0 21.2477
57 88 0 21.252
57 89 0 21.1977
57 90 0 15.1446
57 91 0 15.1989
57 92 0 15.1946
57 93 0 15.1989
57 94 0 15.1446
57 95 0 21.1446
57 96 0 21.1989
57 97 0 21.1946
57 98 0 21.1989
57 99 0 21.1446
58 0 0 7.5
58 1 0 7.5
58 2 0 7.5
58 3 0 7.5
58 4 0 7.5
58 5 0 6
58 6 0 6
58 7 0 6
58 8 0 6
58 9 0 6
58 10 0 7.5
58 11 0 7.5
58 12 0 7.5
58 13 0 7.5
58 14 0 7.5
58 15 0 6
58 16 0 6
58 17 0 6
58 18 0 6
58 19 0 6
58 20 0 7.5
58 21 0 7.5
58 22 0 7.5
58 23 0 7.5
58 24 0 7.5
58 25 0 6
58 26 0 6
58 27 0 6
58 28 0 6
58 29 0 6
58 30 0 7.5
58 31 0 7.5
58 32 0 7.5
58 33 0 7.5
58 34 0 7.5
58 35 0 6
58 36 0 6
58 37 0 6
58 38 0 6
58 39 0 6
58 40 0 7.5
58 41 0 7.5
58 42 0 7.5
58 43 0 7.5
58 44 0 7.5
58 45 0 6
58 46 0 6
58 47 0 6
58 48 0 6
58 49 0 6
58 50 0 6
58 51 0 6
58 52 0 6
58 53 0 6
58 54 0 6
58 55 0 7.5
58 56 0 7.5
58 57 0 7.5
58 58 0 7.5
58 59 0 7.5
58 60 0 6
58 61 0 6
58 62 0 6
58 63 0 6
58 64 0 6
58 65 0 7.5
58 66 0 7.5
58 67 0 7.5
58 68 0 7.5
58 69 0 7.5
58 70 0 6
58 71 0 6
58 72 0 6
58 73 0 6
58 74 0 6
58 75 0 7.5
58 76 0 7.5
58 77 0 7.5
58 78 0 7.5
58 79 0 7.5
58 80 0 6
58 81 0 6
58 82 0 6
58 83 0 6
58 84 0 6
58 85 0 7.5
58 86 0 7.5
58 87 0 7.5
58 88 0 7.5
58 89 0 7.5
58 90 0 6
58 91 0 6
58 92 0 6
58 93 0 6
58 94 0 6
58 95 0 7.5
58 96 0 7.5
58 97 0 7.5
58 98 0 7.5
58 99 0 7.5
59 0 0 21.1446
59 1 0 21.1989
59 2 0 21.1946
59 3 0 21.1989
59 4 0 21.1446
59 5 0 15.0391
59 6 0 15.0545
59 7 0 15.0512
59 8 0 15.0545
59 9 0 15.0391
59 10 0 21.0417
59 11 0 21.057
59 12 0 21.0537
59 13 0 21.057
59 14 0 21.0417
59 15 0 15.0417
59 16 0 15.057
59 17 0 15.0537
59 18 0 15.057
59 19 0 15.0417
59 20 0 21.0443
59 21 0 21.0596
59 22 0 21.0563
59 23 0 21.0596
59 24 0 21.0443
59 25 0 15.0443
59 26 0 15.0596
59 27 0 15.0563
59 28 0 15.0596
59 29 0 15.0443
59 30 0 21.1977
59 31 0 21.252
59 32 0 21.2477
59 33 0 21.252
59 34 0 21.1977
59 35 0 15.0417
59 36 0 15.057
59 37 0 15.0537
59 38 0 15.057
59 39 0 15.0417
59 40 0 21.1446
59 41 0 21.1989
59 42 0 21.1946
59 43 0 21.1989
59 44 0 21.1446
59 45 0 15.0391
59 46 0 15.0545
59 47 0 15.0512
59 48 0 15.0545
59 49 0 15.0391
59 50 0 15.1446
59 51 0 15.1989
59 52 0 15.1946
59 53 0 15.1989
59 54 0 15.1446
59 55 0 21.0391
59 56 0 21.0545
59 57 0 21.0512
59 58 0 21.0545
59 59 0 21.0391
59 60 0 15.1977
59 61 0 15.252
59 62 0 15.2477
59 63 0 15.252
59 64 0 15.1977
59 65 0 21.0417
59 66 0 21.057
59 67 0 21.0537
59 68 0 21.057
59 69 0 21.0417
59 70 0 15.2072
59 71 0 15.2614
59 72 0 15.2572
59 73 0 15.2614
59 74 0 15.2072
59 75 0 21.2072
59 76 0 21.2614
59 77 0 21.2572
59 78 0 21.2614
59 79 0 21.2072
59 80 0 15.1977
59 81 0 15.252
59 82 0 15.2477
59 83 0 15.252
59 84 0 15.1977
59 85 0 21.1977
59 86 0 21.252
59 87 0 21.2477
59 88 0 21.252
59 89 0 21.1977
59 90 0 15.1446
59 91 0 15.1989
59 92 0 15.1946
59 93 0 15.1989
59 94 0 15.1446
59 95 0 21.1446
59 96 0 21.1989
59 97 0 21.1946
59 98 0 21.1989
59 99 0 21.1446
