Best weight = 30, cpu time (s) = 0
0 0 0 0.516261
0 0 1 0.10854
0 0 2 0.521195
0 0 3 0.0926417
0 0 4 0.487466
0 0 5 0.137257
0 0 6 0.514199
0 0 7 0.1053
0 0 8 0.477156
0 0 9 0.0327745
0 0 10 0.526639
0 0 11 0.0886361
0 0 12 0.495192
0 0 13 0.139647
0 0 14 0.532628
0 0 15 0.0364175
0 0 16 0.488327
0 0 17 0.001
0 0 18 0.524016
0 0 19 0.105795
0 0 20 0.501776
0 0 21 0.0734004
0 0 22 0.526067
0 0 23 0.0900721
0 0 24 0.48749
0 0 25 0.0490205
0 0 26 0.503593
0 0 27 0.103265
0 1 0 0.497998
0 1 1 0.126822
0 1 2 0.512961
0 1 3 0.0834636
0 1 4 0.487157
0 1 5 0.043543
0 1 6 0.507626
0 1 7 0.117088
0 1 8 0.472698
0 1 9 0.105393
0 1 10 0.484904
0 1 11 0.112107
0 1 12 0.480443
0 1 13 0.060634
0 1 14 0.512267
0 1 15 0.0949042
0 1 16 0.487586
0 1 17 0.106285
0 1 18 0.532232
0 1 19 0.116011
0 1 20 0.483513
0 1 21 0.0941096
0 1 22 0.5144
0 1 23 0.140299
0 1 24 0.503077
0 1 25 0.0660057
0 1 26 0.489309
0 1 27 0.0935597
0 2 0 0.483998
0 2 1 0.0903373
0 2 2 0.505649
0 2 3 0.0932264
0 2 4 0.482074
0 2 5 0.116531
0 2 6 0.502245
0 2 7 0.114813
0 2 8 0.502452
0 2 9 0.0968036
0 2 10 0.509614
0 2 11 0.119129
0 2 12 0.471158
0 2 13 0.11064
0 2 14 0.515715
0 2 15 0.139917
0 2 16 0.4809
0 2 17 0.0810336
0 2 18 0.524967
0 2 19 0.0767249
0 2 20 0.478972
0 2 21 0.0968239
0 2 22 0.502965
0 2 23 0.109031
0 2 24 0.483936
0 2 25 0.0721979
0 2 26 0.512058
0 2 27 0.085322
0 3 0 0.466076
0 3 1 0.0917153
0 3 2 0.460448
0 3 3 0.119637
0 3 4 0.468565
0 3 5 0.100859
0 3 6 0.488685
0 3 7 0.126441
0 3 8 0.461074
0 3 9 0.104298
0 3 10 0.506072
0 3 11 0.103273
0 3 12 0.46195
0 3 13 0.106466
0 3 14 0.491725
0 3 15 0.0891823
0 3 16 0.454765
0 3 17 0.0593101
0 3 18 0.497085
0 3 19 0.109289
0 3 20 0.484728
0 3 21 0.105107
0 3 22 0.506655
0 3 23 0.0789776
0 3 24 0.439057
0 3 25 0.103634
0 3 26 0.510211
0 3 27 0.120503
0 4 0 0.472234
0 4 1 0.113131
0 4 2 0.4863
0 4 3 0.14885
0 4 4 0.491835
0 4 5 0.107007
0 4 6 0.521092
0 4 7 0.081581
0 4 8 0.437014
0 4 9 0.0779987
0 4 10 0.5416
0 4 11 0.0907489
0 4 12 0.489455
0 4 13 0.0803126
0 4 14 0.539352
0 4 15 0.0993663
0 4 16 0.469315
0 4 17 0.0946057
0 4 18 0.493093
0 4 19 0.13577
0 4 20 0.489673
0 4 21 0.0784684
0 4 22 0.520212
0 4 23 0.0362004
0 4 24 0.45711
0 4 25 0.0777896
0 4 26 0.49471
0 4 27 0.107162
0 5 0 0.100811
0 5 1 0.490314
0 5 2 0.0681087
0 5 3 0.503708
0 5 4 0.0727274
0 5 5 0.503966
0 5 6 0.109181
0 5 7 0.518093
0 5 8 0.08209
0 5 9 0.477741
0 5 10 0.110455
0 5 11 0.499459
0 5 12 0.0476407
0 5 13 0.467015
0 5 14 0.0890685
0 5 15 0.496862
0 5 16 0.0727217
0 5 17 0.495218
0 5 18 0.0998078
0 5 19 0.505756
0 5 20 0.0750153
0 5 21 0.509962
0 5 22 0.110995
0 5 23 0.496148
0 5 24 0.0913206
0 5 25 0.505781
0 5 26 0.0351121
0 5 27 0.51295
0 6 0 0.115946
0 6 1 0.49468
0 6 2 0.0805832
0 6 3 0.479959
0 6 4 0.0859759
0 6 5 0.500282
0 6 6 0.093833
0 6 7 0.489759
0 6 8 0.0689101
0 6 9 0.502321
0 6 10 0.0933076
0 6 11 0.528748
0 6 12 0.0567634
0 6 13 0.490176
0 6 14 0.0964341
0 6 15 0.511831
0 6 16 0.0708035
0 6 17 0.521372
0 6 18 0.0759795
0 6 19 0.494501
0 6 20 0.131952
0 6 21 0.509593
0 6 22 0.0886248
0 6 23 0.49593
0 6 24 0.11577
0 6 25 0.525319
0 6 26 0.0827474
0 6 27 0.509144
0 7 0 0.079715
0 7 1 0.52021
0 7 2 0.100109
0 7 3 0.526323
0 7 4 0.0687079
0 7 5 0.500873
0 7 6 0.0955936
0 7 7 0.514138
0 7 8 0.0978625
0 7 9 0.523257
0 7 10 0.0722763
0 7 11 0.534625
0 7 12 0.127868
0 7 13 0.513983
0 7 14 0.112248
0 7 15 0.499058
0 7 16 0.118565
0 7 17 0.500073
0 7 18 0.109224
0 7 19 0.529902
0 7 20 0.078644
0 7 21 0.495511
0 7 22 0.100872
0 7 23 0.513243
0 7 24 0.113133
0 7 25 0.513361
0 7 26 0.109329
0 7 27 0.53492
0 8 0 0.0672574
0 8 1 0.47212
0 8 2 0.0966284
0 8 3 0.499073
0 8 4 0.0745659
0 8 5 0.476192
0 8 6 0.0633051
0 8 7 0.497346
0 8 8 0.0938233
0 8 9 0.499427
0 8 10 0.132119
0 8 11 0.518711
0 8 12 0.0871173
0 8 13 0.473688
0 8 14 0.0684008
0 8 15 0.483278
0 8 16 0.117483
0 8 17 0.509254
0 8 18 0.0882993
0 8 19 0.511756
0 8 20 0.052059
0 8 21 0.488165
0 8 22 0.117568
0 8 23 0.496923
0 8 24 0.0930406
0 8 25 0.492765
0 8 26 0.0766189
0 8 27 0.524836
0 9 0 0.138506
0 9 1 0.465436
0 9 2 0.0809726
0 9 3 0.525124
0 9 4 0.0787962
0 9 5 0.496376
0 9 6 0.001
0 9 7 0.522355
0 9 8 0.0712362
0 9 9 0.494483
0 9 10 0.091537
0 9 11 0.542678
0 9 12 0.112882
0 9 13 0.482049
0 9 14 0.0705509
0 9 15 0.533435
0 9 16 0.135139
0 9 17 0.505231
0 9 18 0.097171
0 9 19 0.525955
0 9 20 0.0668001
0 9 21 0.494637
0 9 22 0.0988024
0 9 23 0.537695
0 9 24 0.0891724
0 9 25 0.499815
0 9 26 0.0595444
0 9 27 0.539096
0 10 0 0.514618
0 10 1 0.0963579
0 10 2 0.526022
0 10 3 0.077796
0 10 4 0.495672
0 10 5 0.0938479
0 10 6 0.521035
0 10 7 0.125824
0 10 8 0.482531
0 10 9 0.110743
0 10 10 0.532371
0 10 11 0.074021
0 10 12 0.486479
0 10 13 0.135683
0 10 14 0.525545
0 10 15 0.0954329
0 10 16 0.471743
0 10 17 0.125647
0 10 18 0.516535
0 10 19 0.106449
0 10 20 0.513618
0 10 21 0.114259
0 10 22 0.492504
0 10 23 0.106199
0 10 24 0.512374
0 10 25 0.0844882
0 10 26 0.498775
0 10 27 0.0901138
0 11 0 0.503188
0 11 1 0.0922381
0 11 2 0.50307
0 11 3 0.0636338
0 11 4 0.51643
0 11 5 0.114976
0 11 6 0.526775
0 11 7 0.0800434
0 11 8 0.490857
0 11 9 0.0611835
0 11 10 0.52649
0 11 11 0.137879
0 11 12 0.523013
0 11 13 0.106862
0 11 14 0.51535
0 11 15 0.0941348
0 11 16 0.481902
0 11 17 0.107945
0 11 18 0.527004
0 11 19 0.110456
0 11 20 0.505441
0 11 21 0.0757286
0 11 22 0.529977
0 11 23 0.106888
0 11 24 0.518284
0 11 25 0.118318
0 11 26 0.507707
0 11 27 0.0968784
0 12 0 0.50932
0 12 1 0.0853429
0 12 2 0.50791
0 12 3 0.118385
0 12 4 0.495225
0 12 5 0.0740288
0 12 6 0.523161
0 12 7 0.0828379
0 12 8 0.49739
0 12 9 0.0952385
0 12 10 0.518808
0 12 11 0.127272
0 12 12 0.476469
0 12 13 0.0825217
0 12 14 0.529941
0 12 15 0.137866
0 12 16 0.491619
0 12 17 0.102412
0 12 18 0.520972
0 12 19 0.085705
0 12 20 0.495069
0 12 21 0.104446
0 12 22 0.532504
0 12 23 0.0881706
0 12 24 0.497325
0 12 25 0.108062
0 12 26 0.514258
0 12 27 0.0987412
0 13 0 0.485096
0 13 1 0.1012
0 13 2 0.490111
0 13 3 0.101423
0 13 4 0.467362
0 13 5 0.114099
0 13 6 0.513229
0 13 7 0.0717216
0 13 8 0.497944
0 13 9 0.0981243
0 13 10 0.493753
0 13 11 0.0917676
0 13 12 0.48097
0 13 13 0.101647
0 13 14 0.501299
0 13 15 0.0956401
0 13 16 0.502423
0 13 17 0.108274
0 13 18 0.50784
0 13 19 0.109325
0 13 20 0.492104
0 13 21 0.0857848
0 13 22 0.485858
0 13 23 0.0854443
0 13 24 0.503067
0 13 25 0.113671
0 13 26 0.477597
0 13 27 0.0947428
0 14 0 0.477691
0 14 1 0.130396
0 14 2 0.461016
0 14 3 0.112086
0 14 4 0.491078
0 14 5 0.135979
0 14 6 0.526839
0 14 7 0.100708
0 14 8 0.495745
0 14 9 0.0934467
0 14 10 0.528961
0 14 11 0.0948085
0 14 12 0.488568
0 14 13 0.135449
0 14 14 0.507895
0 14 15 0.102783
0 14 16 0.471853
0 14 17 0.0918074
0 14 18 0.520175
0 14 19 0.0891555
0 14 20 0.491397
0 14 21 0.114886
0 14 22 0.493573
0 14 23 0.0368021
0 14 24 0.485136
0 14 25 0.0743867
0 14 26 0.488719
0 14 27 0.0682619
0 15 0 0.0904307
0 15 1 0.466188
0 15 2 0.132107
0 15 3 0.524784
0 15 4 0.102769
0 15 5 0.479039
0 15 6 0.068755
0 15 7 0.503957
0 15 8 0.0885481
0 15 9 0.506306
0 15 10 0.0922314
0 15 11 0.521355
0 15 12 0.0992758
0 15 13 0.490985
0 15 14 0.120338
0 15 15 0.520962
0 15 16 0.122086
0 15 17 0.475751
0 15 18 0.0854667
0 15 19 0.514939
0 15 20 0.098591
0 15 21 0.50382
0 15 22 0.10662
0 15 23 0.503267
0 15 24 0.0584036
0 15 25 0.519221
0 15 26 0.0786411
0 15 27 0.508731
0 16 0 0.102172
0 16 1 0.474051
0 16 2 0.111766
0 16 3 0.508445
0 16 4 0.0794553
0 16 5 0.487428
0 16 6 0.0854621
0 16 7 0.497833
0 16 8 0.10595
0 16 9 0.483086
0 16 10 0.0895072
0 16 11 0.51228
0 16 12 0.0787943
0 16 13 0.491155
0 16 14 0.11549
0 16 15 0.498915
0 16 16 0.0748344
0 16 17 0.496926
0 16 18 0.0449798
0 16 19 0.495285
0 16 20 0.0887363
0 16 21 0.526505
0 16 22 0.0905561
0 16 23 0.490475
0 16 24 0.1016
0 16 25 0.510306
0 16 26 0.0917045
0 16 27 0.50812
0 17 0 0.0788727
0 17 1 0.499821
0 17 2 0.116629
0 17 3 0.493684
0 17 4 0.0933277
0 17 5 0.490417
0 17 6 0.0904559
0 17 7 0.484223
0 17 8 0.0807091
0 17 9 0.533039
0 17 10 0.0721261
0 17 11 0.50821
0 17 12 0.0951797
0 17 13 0.492746
0 17 14 0.0717471
0 17 15 0.510866
0 17 16 0.109359
0 17 17 0.499518
0 17 18 0.0836416
0 17 19 0.50371
0 17 20 0.078886
0 17 21 0.490495
0 17 22 0.102429
0 17 23 0.49891
0 17 24 0.0823761
0 17 25 0.50727
0 17 26 0.0578126
0 17 27 0.522082
0 18 0 0.0716761
0 18 1 0.486564
0 18 2 0.0972849
0 18 3 0.512527
0 18 4 0.0793327
0 18 5 0.492161
0 18 6 0.0681665
0 18 7 0.512657
0 18 8 0.118856
0 18 9 0.485049
0 18 10 0.0895113
0 18 11 0.51237
0 18 12 0.0971176
0 18 13 0.519334
0 18 14 0.10746
0 18 15 0.498448
0 18 16 0.100543
0 18 17 0.508202
0 18 18 0.0962601
0 18 19 0.507845
0 18 20 0.0602692
0 18 21 0.491131
0 18 22 0.120485
0 18 23 0.487037
0 18 24 0.102066
0 18 25 0.487524
0 18 26 0.0840539
0 18 27 0.52033
0 19 0 0.109431
0 19 1 0.471445
0 19 2 0.0868077
0 19 3 0.499378
0 19 4 0.0953186
0 19 5 0.484434
0 19 6 0.0722274
0 19 7 0.49981
0 19 8 0.105386
0 19 9 0.512684
0 19 10 0.101845
0 19 11 0.503977
0 19 12 0.0707882
0 19 13 0.492044
0 19 14 0.0851047
0 19 15 0.503181
0 19 16 0.0840346
0 19 17 0.50971
0 19 18 0.0867612
0 19 19 0.501288
0 19 20 0.114915
0 19 21 0.48603
0 19 22 0.069604
0 19 23 0.490453
0 19 24 0.0697477
0 19 25 0.514277
0 19 26 0.0957248
0 19 27 0.508156
0 20 0 0.489994
0 20 1 0.073721
0 20 2 0.497917
0 20 3 0.0691865
0 20 4 0.480519
0 20 5 0.089429
0 20 6 0.48785
0 20 7 0.001
0 20 8 0.484209
0 20 9 0.0796477
0 20 10 0.502028
0 20 11 0.0931253
0 20 12 0.481902
0 20 13 0.119957
0 20 14 0.502138
0 20 15 0.097888
0 20 16 0.491548
0 20 17 0.107365
0 20 18 0.49747
0 20 19 0.110712
0 20 20 0.486992
0 20 21 0.0743248
0 20 22 0.503289
0 20 23 0.0663023
0 20 24 0.489827
0 20 25 0.108929
0 20 26 0.50108
0 20 27 0.0815688
0 21 0 0.493994
0 21 1 0.129229
0 21 2 0.493712
0 21 3 0.0915932
0 21 4 0.492107
0 21 5 0.0918393
0 21 6 0.517317
0 21 7 0.0736978
0 21 8 0.491796
0 21 9 0.0850319
0 21 10 0.516332
0 21 11 0.104653
0 21 12 0.49082
0 21 13 0.088855
0 21 14 0.523118
0 21 15 0.0983784
0 21 16 0.494037
0 21 17 0.0974655
0 21 18 0.506387
0 21 19 0.0625923
0 21 20 0.509381
0 21 21 0.125564
0 21 22 0.514673
0 21 23 0.0965664
0 21 24 0.503104
0 21 25 0.121425
0 21 26 0.503807
0 21 27 0.106063
0 22 0 0.51022
0 22 1 0.0928376
0 22 2 0.484683
0 22 3 0.114293
0 22 4 0.497543
0 22 5 0.0968024
0 22 6 0.491214
0 22 7 0.0572182
0 22 8 0.500134
0 22 9 0.0902704
0 22 10 0.50069
0 22 11 0.0887208
0 22 12 0.490946
0 22 13 0.096443
0 22 14 0.516369
0 22 15 0.134639
0 22 16 0.489605
0 22 17 0.0868709
0 22 18 0.509275
0 22 19 0.0968471
0 22 20 0.51936
0 22 21 0.115091
0 22 22 0.502086
0 22 23 0.125728
0 22 24 0.505214
0 22 25 0.0768774
0 22 26 0.47326
0 22 27 0.0732924
0 23 0 0.49466
0 23 1 0.123429
0 23 2 0.504914
0 23 3 0.101695
0 23 4 0.479134
0 23 5 0.105044
0 23 6 0.507563
0 23 7 0.0583782
0 23 8 0.510586
0 23 9 0.0852252
0 23 10 0.50614
0 23 11 0.103224
0 23 12 0.482202
0 23 13 0.105033
0 23 14 0.532256
0 23 15 0.12997
0 23 16 0.504986
0 23 17 0.0988378
0 23 18 0.50819
0 23 19 0.0879148
0 23 20 0.481535
0 23 21 0.0965798
0 23 22 0.501788
0 23 23 0.0851203
0 23 24 0.504192
0 23 25 0.0642636
0 23 26 0.492141
0 23 27 0.0599957
0 24 0 0.507007
0 24 1 0.0808946
0 24 2 0.486611
0 24 3 0.0784558
0 24 4 0.499876
0 24 5 0.0803387
0 24 6 0.500533
0 24 7 0.107409
0 24 8 0.499133
0 24 9 0.0872604
0 24 10 0.48256
0 24 11 0.0893431
0 24 12 0.490619
0 24 13 0.102092
0 24 14 0.487332
0 24 15 0.07945
0 24 16 0.51828
0 24 17 0.0567325
0 24 18 0.492806
0 24 19 0.0882902
0 24 20 0.49718
0 24 21 0.0754613
0 24 22 0.471163
0 24 23 0.0990269
0 24 24 0.487463
0 24 25 0.0848652
0 24 26 0.477835
0 24 27 0.100043
0 25 0 0.0584709
0 25 1 0.494785
0 25 2 0.0792384
0 25 3 0.492962
0 25 4 0.0882695
0 25 5 0.491372
0 25 6 0.0671833
0 25 7 0.495741
0 25 8 0.110929
0 25 9 0.470818
0 25 10 0.118334
0 25 11 0.517087
0 25 12 0.0696366
0 25 13 0.490307
0 25 14 0.132747
0 25 15 0.472707
0 25 16 0.102874
0 25 17 0.488607
0 25 18 0.0646122
0 25 19 0.484186
0 25 20 0.101974
0 25 21 0.485694
0 25 22 0.104648
0 25 23 0.484312
0 25 24 0.0850152
0 25 25 0.495731
0 25 26 0.0881062
0 25 27 0.519933
0 26 0 0.126377
0 26 1 0.449953
0 26 2 0.0474359
0 26 3 0.540928
0 26 4 0.111671
0 26 5 0.490671
0 26 6 0.0577235
0 26 7 0.523792
0 26 8 0.093542
0 26 9 0.516845
0 26 10 0.107621
0 26 11 0.515461
0 26 12 0.100784
0 26 13 0.495023
0 26 14 0.0798827
0 26 15 0.52321
0 26 16 0.119147
0 26 17 0.496453
0 26 18 0.0804209
0 26 19 0.535163
0 26 20 0.111742
0 26 21 0.48262
0 26 22 0.106425
0 26 23 0.515681
0 26 24 0.0766045
0 26 25 0.501806
0 26 26 0.114679
0 26 27 0.541038
0 27 0 0.107146
0 27 1 0.488634
0 27 2 0.0788983
0 27 3 0.505743
0 27 4 0.0976507
0 27 5 0.532067
0 27 6 0.0923878
0 27 7 0.490785
0 27 8 0.0767963
0 27 9 0.489067
0 27 10 0.113697
0 27 11 0.508517
0 27 12 0.107335
0 27 13 0.475092
0 27 14 0.102249
0 27 15 0.503258
0 27 16 0.107588
0 27 17 0.502778
0 27 18 0.0762907
0 27 19 0.510247
0 27 20 0.0844427
0 27 21 0.49574
0 27 22 0.0894655
0 27 23 0.490522
0 27 24 0.122358
0 27 25 0.507695
0 27 26 0.0920691
0 27 27 0.512153
0 28 0 0.0485797
0 28 1 0.498926
0 28 2 0.113064
0 28 3 0.502101
0 28 4 0.109083
0 28 5 0.515211
0 28 6 0.101684
0 28 7 0.494326
0 28 8 0.110769
0 28 9 0.51512
0 28 10 0.0952893
0 28 11 0.521416
0 28 12 0.10287
0 28 13 0.507728
0 28 14 0.101838
0 28 15 0.515779
0 28 16 0.0938316
0 28 17 0.511701
0 28 18 0.0929876
0 28 19 0.49144
0 28 20 0.112621
0 28 21 0.506923
0 28 22 0.0871388
0 28 23 0.505116
0 28 24 0.0841986
0 28 25 0.507098
0 28 26 0.0454616
0 28 27 0.511438
0 29 0 0.119316
0 29 1 0.522859
0 29 2 0.0959311
0 29 3 0.481327
0 29 4 0.103357
0 29 5 0.50409
0 29 6 0.109589
0 29 7 0.49949
0 29 8 0.113437
0 29 9 0.51868
0 29 10 0.0704238
0 29 11 0.522055
0 29 12 0.0933873
0 29 13 0.504214
0 29 14 0.0957661
0 29 15 0.509028
0 29 16 0.118419
0 29 17 0.501257
0 29 18 0.108082
0 29 19 0.476511
0 29 20 0.131697
0 29 21 0.490849
0 29 22 0.0948723
0 29 23 0.504625
0 29 24 0.102224
0 29 25 0.515883
0 29 26 0.0669364
0 29 27 0.513689
0 30 0 0.477674
0 30 1 0.126711
0 30 2 0.50384
0 30 3 0.0348822
0 30 4 0.496739
0 30 5 0.093365
0 30 6 0.522607
0 30 7 0.0833925
0 30 8 0.50168
0 30 9 0.091266
0 30 10 0.519462
0 30 11 0.0930167
0 30 12 0.500709
0 30 13 0.108033
0 30 14 0.536787
0 30 15 0.0842946
0 30 16 0.487102
0 30 17 0.0878057
0 30 18 0.511591
0 30 19 0.0734563
0 30 20 0.47864
0 30 21 0.134455
0 30 22 0.508986
0 30 23 0.100756
0 30 24 0.494725
0 30 25 0.118075
0 30 26 0.519475
0 30 27 0.0641447
0 31 0 0.500452
0 31 1 0.108157
0 31 2 0.521098
0 31 3 0.0779571
0 31 4 0.494588
0 31 5 0.093883
0 31 6 0.524892
0 31 7 0.0527171
0 31 8 0.510707
0 31 9 0.117275
0 31 10 0.510088
0 31 11 0.1154
0 31 12 0.479016
0 31 13 0.0958865
0 31 14 0.505466
0 31 15 0.0910944
0 31 16 0.475186
0 31 17 0.129143
0 31 18 0.513529
0 31 19 0.100876
0 31 20 0.509203
0 31 21 0.115872
0 31 22 0.509821
0 31 23 0.110692
0 31 24 0.493127
0 31 25 0.141282
0 31 26 0.49532
0 31 27 0.0799424
0 32 0 0.519659
0 32 1 0.105228
0 32 2 0.511128
0 32 3 0.0945648
0 32 4 0.482741
0 32 5 0.0742939
0 32 6 0.49316
0 32 7 0.0822979
0 32 8 0.486678
0 32 9 0.105676
0 32 10 0.528469
0 32 11 0.0926839
0 32 12 0.499139
0 32 13 0.0977333
0 32 14 0.494528
0 32 15 0.0914096
0 32 16 0.502197
0 32 17 0.120639
0 32 18 0.504244
0 32 19 0.0885843
0 32 20 0.513326
0 32 21 0.0830034
0 32 22 0.49864
0 32 23 0.0755324
0 32 24 0.501735
0 32 25 0.0912844
0 32 26 0.514244
0 32 27 0.112154
0 33 0 0.491964
0 33 1 0.0936415
0 33 2 0.47158
0 33 3 0.0608084
0 33 4 0.485476
0 33 5 0.0965839
0 33 6 0.505891
0 33 7 0.0843417
0 33 8 0.504679
0 33 9 0.128524
0 33 10 0.502342
0 33 11 0.116941
0 33 12 0.504334
0 33 13 0.0762506
0 33 14 0.505703
0 33 15 0.106142
0 33 16 0.495035
0 33 17 0.114299
0 33 18 0.495099
0 33 19 0.0816017
0 33 20 0.489021
0 33 21 0.0822056
0 33 22 0.486302
0 33 23 0.0862163
0 33 24 0.490064
0 33 25 0.0900957
0 33 26 0.48414
0 33 27 0.0792168
0 34 0 0.48592
0 34 1 0.130661
0 34 2 0.487031
0 34 3 0.0734945
0 34 4 0.476998
0 34 5 0.115628
0 34 6 0.490143
0 34 7 0.0906415
0 34 8 0.480722
0 34 9 0.119573
0 34 10 0.464382
0 34 11 0.0908071
0 34 12 0.482006
0 34 13 0.0950346
0 34 14 0.480274
0 34 15 0.0377211
0 34 16 0.492684
0 34 17 0.111542
0 34 18 0.504415
0 34 19 0.106138
0 34 20 0.508242
0 34 21 0.075464
0 34 22 0.475718
0 34 23 0.0731681
0 34 24 0.479977
0 34 25 0.126877
0 34 26 0.452527
0 34 27 0.0907086
0 35 0 0.111752
0 35 1 0.469409
0 35 2 0.100581
0 35 3 0.521256
0 35 4 0.100243
0 35 5 0.505151
0 35 6 0.120128
0 35 7 0.512643
0 35 8 0.140952
0 35 9 0.495004
0 35 10 0.104441
0 35 11 0.525139
0 35 12 0.111871
0 35 13 0.51573
0 35 14 0.0565392
0 35 15 0.517507
0 35 16 0.0623694
0 35 17 0.498188
0 35 18 0.097035
0 35 19 0.523688
0 35 20 0.0715478
0 35 21 0.491248
0 35 22 0.0803385
0 35 23 0.499457
0 35 24 0.0890284
0 35 25 0.486382
0 35 26 0.0954919
0 35 27 0.518865
0 36 0 0.0836119
0 36 1 0.483064
0 36 2 0.0636142
0 36 3 0.50974
0 36 4 0.104208
0 36 5 0.500829
0 36 6 0.0759771
0 36 7 0.504131
0 36 8 0.0836476
0 36 9 0.524867
0 36 10 0.104103
0 36 11 0.50523
0 36 12 0.110223
0 36 13 0.489235
0 36 14 0.0577926
0 36 15 0.512151
0 36 16 0.104807
0 36 17 0.490972
0 36 18 0.0388726
0 36 19 0.518731
0 36 20 0.0905522
0 36 21 0.516171
0 36 22 0.102275
0 36 23 0.477385
0 36 24 0.0970125
0 36 25 0.506656
0 36 26 0.0752402
0 36 27 0.511156
0 37 0 0.0736927
0 37 1 0.497139
0 37 2 0.08333
0 37 3 0.507964
0 37 4 0.0758499
0 37 5 0.49086
0 37 6 0.0946335
0 37 7 0.496659
0 37 8 0.0849873
0 37 9 0.496463
0 37 10 0.0884396
0 37 11 0.502846
0 37 12 0.1077
0 37 13 0.504522
0 37 14 0.113822
0 37 15 0.503279
0 37 16 0.101972
0 37 17 0.487922
0 37 18 0.086125
0 37 19 0.506161
0 37 20 0.128541
0 37 21 0.503546
0 37 22 0.0708375
0 37 23 0.498438
0 37 24 0.121233
0 37 25 0.499147
0 37 26 0.09126
0 37 27 0.496268
0 38 0 0.0742919
0 38 1 0.495427
0 38 2 0.0601334
0 38 3 0.502597
0 38 4 0.0860031
0 38 5 0.488899
0 38 6 0.0841729
0 38 7 0.479698
0 38 8 0.119922
0 38 9 0.508214
0 38 10 0.0959903
0 38 11 0.514386
0 38 12 0.127709
0 38 13 0.470611
0 38 14 0.0975797
0 38 15 0.506303
0 38 16 0.122523
0 38 17 0.499648
0 38 18 0.100443
0 38 19 0.49792
0 38 20 0.101608
0 38 21 0.487821
0 38 22 0.0863456
0 38 23 0.481904
0 38 24 0.102303
0 38 25 0.489886
0 38 26 0.0907158
0 38 27 0.510964
0 39 0 0.088369
0 39 1 0.458661
0 39 2 0.110123
0 39 3 0.492562
0 39 4 0.120982
0 39 5 0.487098
0 39 6 0.130134
0 39 7 0.501343
0 39 8 0.0964108
0 39 9 0.489953
0 39 10 0.110967
0 39 11 0.494268
0 39 12 0.0482562
0 39 13 0.512891
0 39 14 0.0714627
0 39 15 0.49908
0 39 16 0.112214
0 39 17 0.465265
0 39 18 0.0446328
0 39 19 0.480177
0 39 20 0.14381
0 39 21 0.479176
0 39 22 0.0794168
0 39 23 0.529056
0 39 24 0.108304
0 39 25 0.504722
0 39 26 0.0993142
0 39 27 0.505184
0 40 0 0.469966
0 40 1 0.096038
0 40 2 0.51468
0 40 3 0.0984162
0 40 4 0.487805
0 40 5 0.0965322
0 40 6 0.502443
0 40 7 0.0731629
0 40 8 0.503435
0 40 9 0.0671931
0 40 10 0.513004
0 40 11 0.0682851
0 40 12 0.484766
0 40 13 0.0779422
0 40 14 0.500518
0 40 15 0.109783
0 40 16 0.467274
0 40 17 0.0982798
0 40 18 0.517489
0 40 19 0.075922
0 40 20 0.464473
0 40 21 0.120032
0 40 22 0.528155
0 40 23 0.106314
0 40 24 0.489096
0 40 25 0.0898753
0 40 26 0.506517
0 40 27 0.0848131
0 41 0 0.469555
0 41 1 0.0382499
0 41 2 0.504519
0 41 3 0.0691073
0 41 4 0.496294
0 41 5 0.0963563
0 41 6 0.533413
0 41 7 0.0675009
0 41 8 0.497794
0 41 9 0.0733997
0 41 10 0.512247
0 41 11 0.125934
0 41 12 0.471087
0 41 13 0.0741301
0 41 14 0.5161
0 41 15 0.0910957
0 41 16 0.489043
0 41 17 0.102279
0 41 18 0.505834
0 41 19 0.0900343
0 41 20 0.502089
0 41 21 0.0543138
0 41 22 0.514018
0 41 23 0.137625
0 41 24 0.481304
0 41 25 0.0667549
0 41 26 0.51507
0 41 27 0.104539
0 42 0 0.515804
0 42 1 0.0813245
0 42 2 0.512058
0 42 3 0.114475
0 42 4 0.51324
0 42 5 0.0809673
0 42 6 0.508475
0 42 7 0.0921261
0 42 8 0.493846
0 42 9 0.08562
0 42 10 0.500344
0 42 11 0.132545
0 42 12 0.46997
0 42 13 0.105164
0 42 14 0.490695
0 42 15 0.116273
0 42 16 0.474507
0 42 17 0.145759
0 42 18 0.50109
0 42 19 0.130035
0 42 20 0.491816
0 42 21 0.0794565
0 42 22 0.485518
0 42 23 0.118629
0 42 24 0.490882
0 42 25 0.106666
0 42 26 0.51031
0 42 27 0.11121
0 43 0 0.499134
0 43 1 0.125623
0 43 2 0.490324
0 43 3 0.0914466
0 43 4 0.48461
0 43 5 0.102338
0 43 6 0.488626
0 43 7 0.0987629
0 43 8 0.498924
0 43 9 0.139167
0 43 10 0.511477
0 43 11 0.0672755
0 43 12 0.492725
0 43 13 0.123378
0 43 14 0.476651
0 43 15 0.0531472
0 43 16 0.511276
0 43 17 0.111295
0 43 18 0.522992
0 43 19 0.101974
0 43 20 0.524519
0 43 21 0.0942919
0 43 22 0.486793
0 43 23 0.0744006
0 43 24 0.491068
0 43 25 0.112165
0 43 26 0.497666
0 43 27 0.0940151
0 44 0 0.507065
0 44 1 0.0941783
0 44 2 0.511457
0 44 3 0.0799712
0 44 4 0.496241
0 44 5 0.0752124
0 44 6 0.506134
0 44 7 0.0736763
0 44 8 0.518142
0 44 9 0.10496
0 44 10 0.46359
0 44 11 0.0493381
0 44 12 0.475465
0 44 13 0.0821021
0 44 14 0.471544
0 44 15 0.0789537
0 44 16 0.49646
0 44 17 0.136624
0 44 18 0.491504
0 44 19 0.0926674
0 44 20 0.488134
0 44 21 0.119648
0 44 22 0.463809
0 44 23 0.0608413
0 44 24 0.478999
0 44 25 0.0825161
0 44 26 0.499686
0 44 27 0.0903236
0 45 0 0.111143
0 45 1 0.490566
0 45 2 0.0918321
0 45 3 0.510681
0 45 4 0.117509
0 45 5 0.48384
0 45 6 0.101577
0 45 7 0.521673
0 45 8 0.0738406
0 45 9 0.514562
0 45 10 0.0849469
0 45 11 0.497553
0 45 12 0.0918695
0 45 13 0.543934
0 45 14 0.0726948
0 45 15 0.502271
0 45 16 0.0970454
0 45 17 0.501493
0 45 18 0.0506779
0 45 19 0.493718
0 45 20 0.0881315
0 45 21 0.489221
0 45 22 0.0752364
0 45 23 0.493795
0 45 24 0.0975686
0 45 25 0.491457
0 45 26 0.112781
0 45 27 0.484863
0 46 0 0.0804092
0 46 1 0.5094
0 46 2 0.11094
0 46 3 0.496775
0 46 4 0.0963466
0 46 5 0.513708
0 46 6 0.0951445
0 46 7 0.514199
0 46 8 0.103823
0 46 9 0.47695
0 46 10 0.0663643
0 46 11 0.506905
0 46 12 0.0900404
0 46 13 0.514906
0 46 14 0.0915769
0 46 15 0.520094
0 46 16 0.102875
0 46 17 0.504048
0 46 18 0.0730427
0 46 19 0.521699
0 46 20 0.079657
0 46 21 0.511724
0 46 22 0.091528
0 46 23 0.504521
0 46 24 0.0883575
0 46 25 0.49044
0 46 26 0.0541996
0 46 27 0.524642
0 47 0 0.114159
0 47 1 0.507797
0 47 2 0.0556157
0 47 3 0.519381
0 47 4 0.0791461
0 47 5 0.496147
0 47 6 0.116626
0 47 7 0.510923
0 47 8 0.097631
0 47 9 0.474022
0 47 10 0.0788514
0 47 11 0.511476
0 47 12 0.0915383
0 47 13 0.505237
0 47 14 0.123088
0 47 15 0.529219
0 47 16 0.0916178
0 47 17 0.492228
0 47 18 0.108622
0 47 19 0.54473
0 47 20 0.0988087
0 47 21 0.480881
0 47 22 0.0945751
0 47 23 0.473982
0 47 24 0.0714056
0 47 25 0.498443
0 47 26 0.0771875
0 47 27 0.521976
0 48 0 0.0988275
0 48 1 0.506519
0 48 2 0.095764
0 48 3 0.482328
0 48 4 0.100985
0 48 5 0.498462
0 48 6 0.108332
0 48 7 0.482511
0 48 8 0.111098
0 48 9 0.490233
0 48 10 0.0920591
0 48 11 0.48819
0 48 12 0.108353
0 48 13 0.508729
0 48 14 0.107715
0 48 15 0.502008
0 48 16 0.113494
0 48 17 0.488991
0 48 18 0.123227
0 48 19 0.474737
0 48 20 0.128737
0 48 21 0.500968
0 48 22 0.0712763
0 48 23 0.447536
0 48 24 0.103658
0 48 25 0.505387
0 48 26 0.0966468
0 48 27 0.461165
0 49 0 0.0582249
0 49 1 0.50266
0 49 2 0.0999226
0 49 3 0.461131
0 49 4 0.0941383
0 49 5 0.484237
0 49 6 0.102801
0 49 7 0.463027
0 49 8 0.119289
0 49 9 0.464463
0 49 10 0.130673
0 49 11 0.50846
0 49 12 0.0832681
0 49 13 0.499798
0 49 14 0.108482
0 49 15 0.487395
0 49 16 0.140303
0 49 17 0.504812
0 49 18 0.0913332
0 49 19 0.488532
0 49 20 0.141656
0 49 21 0.4978
0 49 22 0.127588
0 49 23 0.491788
0 49 24 0.111183
0 49 25 0.486381
0 49 26 0.0716657
0 49 27 0.476213
0 50 0 0.0985251
0 50 1 0.524612
0 50 2 0.0727913
0 50 3 0.515488
0 50 4 0.0940388
0 50 5 0.510751
0 50 6 0.0995649
0 50 7 0.506559
0 50 8 0.0688961
0 50 9 0.515945
0 50 10 0.0732718
0 50 11 0.520572
0 50 12 0.0584386
0 50 13 0.478401
0 50 14 0.0912021
0 50 15 0.533743
0 50 16 0.0619016
0 50 17 0.517774
0 50 18 0.0503579
0 50 19 0.532372
0 50 20 0.0445706
0 50 21 0.484637
0 50 22 0.113551
0 50 23 0.506979
0 50 24 0.0449316
0 50 25 0.470144
0 50 26 0.0617093
0 50 27 0.502108
0 51 0 0.114854
0 51 1 0.510738
0 51 2 0.103702
0 51 3 0.512132
0 51 4 0.0652607
0 51 5 0.516465
0 51 6 0.111841
0 51 7 0.50027
0 51 8 0.0840225
0 51 9 0.52385
0 51 10 0.103602
0 51 11 0.471706
0 51 12 0.0757268
0 51 13 0.498362
0 51 14 0.0807965
0 51 15 0.513076
0 51 16 0.119381
0 51 17 0.506099
0 51 18 0.118523
0 51 19 0.494399
0 51 20 0.0397991
0 51 21 0.517507
0 51 22 0.124474
0 51 23 0.484074
0 51 24 0.0516056
0 51 25 0.486875
0 51 26 0.0707898
0 51 27 0.511674
0 52 0 0.0985811
0 52 1 0.489867
0 52 2 0.107389
0 52 3 0.503605
0 52 4 0.101545
0 52 5 0.495474
0 52 6 0.0991756
0 52 7 0.482211
0 52 8 0.129265
0 52 9 0.506812
0 52 10 0.0845994
0 52 11 0.48403
0 52 12 0.119172
0 52 13 0.478496
0 52 14 0.0932295
0 52 15 0.534706
0 52 16 0.112462
0 52 17 0.490811
0 52 18 0.12787
0 52 19 0.481972
0 52 20 0.140947
0 52 21 0.504556
0 52 22 0.107871
0 52 23 0.514487
0 52 24 0.0934045
0 52 25 0.492175
0 52 26 0.0991088
0 52 27 0.504742
0 53 0 0.118299
0 53 1 0.498108
0 53 2 0.116999
0 53 3 0.513936
0 53 4 0.0784502
0 53 5 0.50835
0 53 6 0.134629
0 53 7 0.505896
0 53 8 0.0947996
0 53 9 0.483837
0 53 10 0.124279
0 53 11 0.514219
0 53 12 0.12944
0 53 13 0.487865
0 53 14 0.128446
0 53 15 0.520064
0 53 16 0.0844324
0 53 17 0.498778
0 53 18 0.0703074
0 53 19 0.510248
0 53 20 0.0959549
0 53 21 0.544353
0 53 22 0.116985
0 53 23 0.504772
0 53 24 0.0910421
0 53 25 0.478964
0 53 26 0.0953937
0 53 27 0.500044
0 54 0 0.0698936
0 54 1 0.469528
0 54 2 0.0567471
0 54 3 0.542525
0 54 4 0.0385097
0 54 5 0.496755
0 54 6 0.0880524
0 54 7 0.490517
0 54 8 0.12991
0 54 9 0.48372
0 54 10 0.0888196
0 54 11 0.528575
0 54 12 0.114086
0 54 13 0.509616
0 54 14 0.086949
0 54 15 0.510111
0 54 16 0.0899884
0 54 17 0.479383
0 54 18 0.101394
0 54 19 0.52005
0 54 20 0.104698
0 54 21 0.497059
0 54 22 0.0772799
0 54 23 0.502529
0 54 24 0.0966049
0 54 25 0.459442
0 54 26 0.0952027
0 54 27 0.519841
0 55 0 0.491154
0 55 1 0.105817
0 55 2 0.532616
0 55 3 0.0863679
0 55 4 0.511307
0 55 5 0.152893
0 55 6 0.491183
0 55 7 0.106367
0 55 8 0.501609
0 55 9 0.119523
0 55 10 0.496206
0 55 11 0.0670117
0 55 12 0.485765
0 55 13 0.10111
0 55 14 0.505338
0 55 15 0.0889054
0 55 16 0.495836
0 55 17 0.128282
0 55 18 0.494524
0 55 19 0.12538
0 55 20 0.500882
0 55 21 0.115412
0 55 22 0.492396
0 55 23 0.0870106
0 55 24 0.478946
0 55 25 0.0753356
0 55 26 0.522007
0 55 27 0.0967481
0 56 0 0.485658
0 56 1 0.132659
0 56 2 0.490806
0 56 3 0.0758822
0 56 4 0.493155
0 56 5 0.089547
0 56 6 0.500279
0 56 7 0.101475
0 56 8 0.477141
0 56 9 0.0728095
0 56 10 0.460513
0 56 11 0.0708559
0 56 12 0.485194
0 56 13 0.0566394
0 56 14 0.49363
0 56 15 0.117525
0 56 16 0.485493
0 56 17 0.0826154
0 56 18 0.490389
0 56 19 0.0916402
0 56 20 0.500192
0 56 21 0.0935442
0 56 22 0.502491
0 56 23 0.102832
0 56 24 0.481715
0 56 25 0.0946379
0 56 26 0.484956
0 56 27 0.0801321
0 57 0 0.489354
0 57 1 0.0850162
0 57 2 0.471959
0 57 3 0.0711417
0 57 4 0.493431
0 57 5 0.0824357
0 57 6 0.448109
0 57 7 0.139166
0 57 8 0.489101
0 57 9 0.119543
0 57 10 0.465993
0 57 11 0.102615
0 57 12 0.474349
0 57 13 0.096051
0 57 14 0.477126
0 57 15 0.116629
0 57 16 0.516879
0 57 17 0.116076
0 57 18 0.483423
0 57 19 0.109226
0 57 20 0.486672
0 57 21 0.128819
0 57 22 0.4757
0 57 23 0.10066
0 57 24 0.493352
0 57 25 0.101504
0 57 26 0.475561
0 57 27 0.0740525
0 58 0 0.502644
0 58 1 0.0965977
0 58 2 0.447844
0 58 3 0.0702183
0 58 4 0.506751
0 58 5 0.0693002
0 58 6 0.45173
0 58 7 0.100043
0 58 8 0.512155
0 58 9 0.0975834
0 58 10 0.446987
0 58 11 0.116374
0 58 12 0.474404
0 58 13 0.116952
0 58 14 0.454345
0 58 15 0.101634
0 58 16 0.516798
0 58 17 0.0999159
0 58 18 0.460319
0 58 19 0.122552
0 58 20 0.478124
0 58 21 0.101947
0 58 22 0.466658
0 58 23 0.105499
0 58 24 0.525168
0 58 25 0.112742
0 58 26 0.452512
0 58 27 0.0915461
0 59 0 0.450295
0 59 1 0.0806927
0 59 2 0.463557
0 59 3 0.0633449
0 59 4 0.494545
0 59 5 0.110348
0 59 6 0.461955
0 59 7 0.0628824
0 59 8 0.46445
0 59 9 0.0789482
0 59 10 0.49305
0 59 11 0.0945846
0 59 12 0.457711
0 59 13 0.112773
0 59 14 0.51934
0 59 15 0.0852433
0 59 16 0.455082
0 59 17 0.10718
0 59 18 0.467114
0 59 19 0.0950262
0 59 20 0.489354
0 59 21 0.107627
0 59 22 0.494392
0 59 23 0.0831424
0 59 24 0.483668
0 59 25 0.0996898
0 59 26 0.487936
0 59 27 0.0643328
0 60 0 0.0974128
0 60 1 0.484004
0 60 2 0.0813842
0 60 3 0.477294
0 60 4 0.0579115
0 60 5 0.481922
0 60 6 0.0913346
0 60 7 0.490749
0 60 8 0.083678
0 60 9 0.504858
0 60 10 0.0904692
0 60 11 0.483288
0 60 12 0.0991271
0 60 13 0.506551
0 60 14 0.0675845
0 60 15 0.521155
0 60 16 0.104081
0 60 17 0.497124
0 60 18 0.074461
0 60 19 0.476033
0 60 20 0.0835361
0 60 21 0.503118
0 60 22 0.0670601
0 60 23 0.503508
0 60 24 0.097994
0 60 25 0.507118
0 60 26 0.0752806
0 60 27 0.463572
0 61 0 0.117497
0 61 1 0.479734
0 61 2 0.0650575
0 61 3 0.482318
0 61 4 0.105033
0 61 5 0.466172
0 61 6 0.058121
0 61 7 0.504256
0 61 8 0.0821064
0 61 9 0.499286
0 61 10 0.066571
0 61 11 0.481951
0 61 12 0.0817381
0 61 13 0.511896
0 61 14 0.10503
0 61 15 0.50039
0 61 16 0.117229
0 61 17 0.482667
0 61 18 0.0857748
0 61 19 0.484809
0 61 20 0.103846
0 61 21 0.499618
0 61 22 0.0605334
0 61 23 0.512689
0 61 24 0.0870575
0 61 25 0.462254
0 61 26 0.0979976
0 61 27 0.500264
0 62 0 0.10896
0 62 1 0.482652
0 62 2 0.0794539
0 62 3 0.509612
0 62 4 0.108331
0 62 5 0.490756
0 62 6 0.0878545
0 62 7 0.501025
0 62 8 0.101849
0 62 9 0.491799
0 62 10 0.0886545
0 62 11 0.498401
0 62 12 0.119343
0 62 13 0.476713
0 62 14 0.0739143
0 62 15 0.50926
0 62 16 0.090103
0 62 17 0.505472
0 62 18 0.104948
0 62 19 0.494346
0 62 20 0.135439
0 62 21 0.50026
0 62 22 0.0907066
0 62 23 0.493722
0 62 24 0.0995164
0 62 25 0.496594
0 62 26 0.0956273
0 62 27 0.511085
0 63 0 0.0827279
0 63 1 0.497799
0 63 2 0.11831
0 63 3 0.528359
0 63 4 0.0814405
0 63 5 0.498062
0 63 6 0.0698464
0 63 7 0.510693
0 63 8 0.102756
0 63 9 0.508101
0 63 10 0.124896
0 63 11 0.511676
0 63 12 0.109566
0 63 13 0.509294
0 63 14 0.117949
0 63 15 0.498073
0 63 16 0.106458
0 63 17 0.489175
0 63 18 0.131981
0 63 19 0.500513
0 63 20 0.102229
0 63 21 0.512169
0 63 22 0.100827
0 63 23 0.508285
0 63 24 0.103921
0 63 25 0.508779
0 63 26 0.101178
0 63 27 0.506145
0 64 0 0.0977697
0 64 1 0.467923
0 64 2 0.115675
0 64 3 0.542767
0 64 4 0.0696556
0 64 5 0.472813
0 64 6 0.121536
0 64 7 0.497556
0 64 8 0.1024
0 64 9 0.490108
0 64 10 0.110597
0 64 11 0.543293
0 64 12 0.111427
0 64 13 0.493254
0 64 14 0.0847281
0 64 15 0.563571
0 64 16 0.132498
0 64 17 0.485814
0 64 18 0.116318
0 64 19 0.546037
0 64 20 0.107211
0 64 21 0.488416
0 64 22 0.0999617
0 64 23 0.546271
0 64 24 0.0914025
0 64 25 0.491472
0 64 26 0.0931543
0 64 27 0.524685
0 65 0 0.494866
0 65 1 0.0865325
0 65 2 0.501203
0 65 3 0.0787311
0 65 4 0.501769
0 65 5 0.08585
0 65 6 0.498291
0 65 7 0.132355
0 65 8 0.490425
0 65 9 0.114929
0 65 10 0.475226
0 65 11 0.105884
0 65 12 0.489992
0 65 13 0.111055
0 65 14 0.499971
0 65 15 0.0818142
0 65 16 0.502045
0 65 17 0.0942653
0 65 18 0.508323
0 65 19 0.113493
0 65 20 0.491602
0 65 21 0.140242
0 65 22 0.482841
0 65 23 0.0733351
0 65 24 0.484379
0 65 25 0.0835735
0 65 26 0.506109
0 65 27 0.111112
0 66 0 0.500894
0 66 1 0.107268
0 66 2 0.508148
0 66 3 0.0926644
0 66 4 0.495634
0 66 5 0.106519
0 66 6 0.517223
0 66 7 0.108061
0 66 8 0.471427
0 66 9 0.10818
0 66 10 0.48489
0 66 11 0.106708
0 66 12 0.502331
0 66 13 0.0749608
0 66 14 0.505334
0 66 15 0.104674
0 66 16 0.497715
0 66 17 0.130367
0 66 18 0.506771
0 66 19 0.0941137
0 66 20 0.500895
0 66 21 0.106681
0 66 22 0.486665
0 66 23 0.1051
0 66 24 0.489301
0 66 25 0.105719
0 66 26 0.505189
0 66 27 0.0911536
0 67 0 0.483621
0 67 1 0.0761276
0 67 2 0.503283
0 67 3 0.0625487
0 67 4 0.494701
0 67 5 0.0940476
0 67 6 0.494169
0 67 7 0.106145
0 67 8 0.492772
0 67 9 0.10281
0 67 10 0.494633
0 67 11 0.121909
0 67 12 0.466602
0 67 13 0.0855042
0 67 14 0.501229
0 67 15 0.101393
0 67 16 0.51377
0 67 17 0.0934707
0 67 18 0.484374
0 67 19 0.107821
0 67 20 0.482207
0 67 21 0.118192
0 67 22 0.509736
0 67 23 0.0930016
0 67 24 0.493336
0 67 25 0.0901937
0 67 26 0.495427
0 67 27 0.116434
0 68 0 0.47
0 68 1 0.0943974
0 68 2 0.49883
0 68 3 0.13642
0 68 4 0.475883
0 68 5 0.0907272
0 68 6 0.485252
0 68 7 0.103345
0 68 8 0.48579
0 68 9 0.0692507
0 68 10 0.478543
0 68 11 0.127344
0 68 12 0.478705
0 68 13 0.0478483
0 68 14 0.496441
0 68 15 0.117596
0 68 16 0.489436
0 68 17 0.108804
0 68 18 0.493991
0 68 19 0.112696
0 68 20 0.478031
0 68 21 0.102427
0 68 22 0.500421
0 68 23 0.0950928
0 68 24 0.475488
0 68 25 0.100213
0 68 26 0.490898
0 68 27 0.120649
0 69 0 0.496412
0 69 1 0.0927996
0 69 2 0.47605
0 69 3 0.0893907
0 69 4 0.489538
0 69 5 0.0372995
0 69 6 0.466852
0 69 7 0.0814268
0 69 8 0.527537
0 69 9 0.0811072
0 69 10 0.469681
0 69 11 0.0962779
0 69 12 0.492837
0 69 13 0.0833249
0 69 14 0.508723
0 69 15 0.107064
0 69 16 0.51847
0 69 17 0.0771312
0 69 18 0.474584
0 69 19 0.114091
0 69 20 0.519724
0 69 21 0.0908226
0 69 22 0.512093
0 69 23 0.080241
0 69 24 0.508541
0 69 25 0.0837139
0 69 26 0.491097
0 69 27 0.105011
0 70 0 0.0807608
0 70 1 0.46543
0 70 2 0.0892762
0 70 3 0.488426
0 70 4 0.10829
0 70 5 0.472945
0 70 6 0.0813617
0 70 7 0.512137
0 70 8 0.0752977
0 70 9 0.49145
0 70 10 0.104547
0 70 11 0.493203
0 70 12 0.111155
0 70 13 0.507367
0 70 14 0.119713
0 70 15 0.488969
0 70 16 0.0880057
0 70 17 0.512557
0 70 18 0.0913626
0 70 19 0.503143
0 70 20 0.0696771
0 70 21 0.49941
0 70 22 0.104518
0 70 23 0.488874
0 70 24 0.0694079
0 70 25 0.513061
0 70 26 0.120962
0 70 27 0.490305
0 71 0 0.107641
0 71 1 0.48344
0 71 2 0.0725106
0 71 3 0.51214
0 71 4 0.123105
0 71 5 0.468916
0 71 6 0.103278
0 71 7 0.500915
0 71 8 0.0743579
0 71 9 0.488093
0 71 10 0.0828272
0 71 11 0.487002
0 71 12 0.0622773
0 71 13 0.480634
0 71 14 0.127596
0 71 15 0.524481
0 71 16 0.118318
0 71 17 0.490873
0 71 18 0.105191
0 71 19 0.51354
0 71 20 0.123634
0 71 21 0.492916
0 71 22 0.109314
0 71 23 0.510084
0 71 24 0.10641
0 71 25 0.486641
0 71 26 0.119296
0 71 27 0.497533
0 72 0 0.0852147
0 72 1 0.52132
0 72 2 0.0604431
0 72 3 0.490905
0 72 4 0.111354
0 72 5 0.475952
0 72 6 0.0855215
0 72 7 0.481176
0 72 8 0.109142
0 72 9 0.498089
0 72 10 0.0814629
0 72 11 0.496138
0 72 12 0.0724116
0 72 13 0.484219
0 72 14 0.108992
0 72 15 0.516162
0 72 16 0.0867798
0 72 17 0.490414
0 72 18 0.103678
0 72 19 0.486289
0 72 20 0.0996227
0 72 21 0.490834
0 72 22 0.101637
0 72 23 0.488248
0 72 24 0.0922996
0 72 25 0.468161
0 72 26 0.0985441
0 72 27 0.491832
0 73 0 0.076996
0 73 1 0.487245
0 73 2 0.0879721
0 73 3 0.505739
0 73 4 0.116959
0 73 5 0.470319
0 73 6 0.0861093
0 73 7 0.482967
0 73 8 0.106419
0 73 9 0.477233
0 73 10 0.101078
0 73 11 0.476892
0 73 12 0.117032
0 73 13 0.488014
0 73 14 0.0497005
0 73 15 0.501626
0 73 16 0.103685
0 73 17 0.47045
0 73 18 0.0968149
0 73 19 0.483666
0 73 20 0.0855476
0 73 21 0.466329
0 73 22 0.100729
0 73 23 0.489769
0 73 24 0.0996632
0 73 25 0.481137
0 73 26 0.0824139
0 73 27 0.496887
0 74 0 0.0906891
0 74 1 0.490498
0 74 2 0.113844
0 74 3 0.523972
0 74 4 0.0898111
0 74 5 0.50122
0 74 6 0.103558
0 74 7 0.514763
0 74 8 0.105833
0 74 9 0.519877
0 74 10 0.0914874
0 74 11 0.529212
0 74 12 0.107507
0 74 13 0.488438
0 74 14 0.10484
0 74 15 0.550882
0 74 16 0.109394
0 74 17 0.508744
0 74 18 0.107285
0 74 19 0.523997
0 74 20 0.0973117
0 74 21 0.497269
0 74 22 0.0614852
0 74 23 0.505944
0 74 24 0.0820335
0 74 25 0.529726
0 74 26 0.106367
0 74 27 0.526099
0 75 0 0.534058
0 75 1 0.0835575
0 75 2 0.468969
0 75 3 0.0690674
0 75 4 0.524064
0 75 5 0.0975598
0 75 6 0.465758
0 75 7 0.110228
0 75 8 0.489441
0 75 9 0.0836715
0 75 10 0.480881
0 75 11 0.105126
0 75 12 0.509089
0 75 13 0.0905457
0 75 14 0.466835
0 75 15 0.10007
0 75 16 0.506606
0 75 17 0.0908529
0 75 18 0.479087
0 75 19 0.0892916
0 75 20 0.520299
0 75 21 0.108467
0 75 22 0.456365
0 75 23 0.0977375
0 75 24 0.518067
0 75 25 0.129178
0 75 26 0.476332
0 75 27 0.0791003
0 76 0 0.529963
0 76 1 0.122283
0 76 2 0.512484
0 76 3 0.0774039
0 76 4 0.513722
0 76 5 0.0906927
0 76 6 0.497613
0 76 7 0.0800018
0 76 8 0.506306
0 76 9 0.118315
0 76 10 0.503086
0 76 11 0.122629
0 76 12 0.491492
0 76 13 0.0921777
0 76 14 0.491219
0 76 15 0.0590245
0 76 16 0.489704
0 76 17 0.098869
0 76 18 0.510965
0 76 19 0.0896966
0 76 20 0.507952
0 76 21 0.115943
0 76 22 0.488189
0 76 23 0.10895
0 76 24 0.496275
0 76 25 0.0838763
0 76 26 0.494593
0 76 27 0.0895284
0 77 0 0.483187
0 77 1 0.0899409
0 77 2 0.512901
0 77 3 0.0878707
0 77 4 0.470403
0 77 5 0.071171
0 77 6 0.496692
0 77 7 0.061883
0 77 8 0.49617
0 77 9 0.0721066
0 77 10 0.490356
0 77 11 0.109474
0 77 12 0.481259
0 77 13 0.0852921
0 77 14 0.477482
0 77 15 0.0887821
0 77 16 0.494015
0 77 17 0.101172
0 77 18 0.519449
0 77 19 0.0977322
0 77 20 0.502071
0 77 21 0.103273
0 77 22 0.489054
0 77 23 0.0977007
0 77 24 0.482944
0 77 25 0.085213
0 77 26 0.521316
0 77 27 0.104473
0 78 0 0.471009
0 78 1 0.097538
0 78 2 0.498856
0 78 3 0.084929
0 78 4 0.467838
0 78 5 0.0858152
0 78 6 0.522379
0 78 7 0.0908274
0 78 8 0.479401
0 78 9 0.0869998
0 78 10 0.495728
0 78 11 0.134345
0 78 12 0.471375
0 78 13 0.0786069
0 78 14 0.510841
0 78 15 0.118475
0 78 16 0.493268
0 78 17 0.113434
0 78 18 0.493068
0 78 19 0.107504
0 78 20 0.489504
0 78 21 0.0900501
0 78 22 0.512907
0 78 23 0.0749289
0 78 24 0.482895
0 78 25 0.0854359
0 78 26 0.515696
0 78 27 0.0954633
0 79 0 0.470512
0 79 1 0.121293
0 79 2 0.495596
0 79 3 0.112155
0 79 4 0.458532
0 79 5 0.0981924
0 79 6 0.497876
0 79 7 0.127792
0 79 8 0.478384
0 79 9 0.0649588
0 79 10 0.508072
0 79 11 0.144011
0 79 12 0.465631
0 79 13 0.0975397
0 79 14 0.513806
0 79 15 0.0982597
0 79 16 0.493789
0 79 17 0.0863293
0 79 18 0.504907
0 79 19 0.0886735
0 79 20 0.499273
0 79 21 0.0407347
0 79 22 0.503709
0 79 23 0.100156
0 79 24 0.469266
0 79 25 0.0651712
0 79 26 0.530313
0 79 27 0.103715
0 80 0 0.0868008
0 80 1 0.468401
0 80 2 0.106666
0 80 3 0.506527
0 80 4 0.0936388
0 80 5 0.467689
0 80 6 0.104802
0 80 7 0.512563
0 80 8 0.0728319
0 80 9 0.476946
0 80 10 0.0906642
0 80 11 0.52896
0 80 12 0.0379578
0 80 13 0.47538
0 80 14 0.093643
0 80 15 0.542327
0 80 16 0.0796313
0 80 17 0.499238
0 80 18 0.114994
0 80 19 0.501171
0 80 20 0.106406
0 80 21 0.490085
0 80 22 0.09912
0 80 23 0.501967
0 80 24 0.100643
0 80 25 0.475185
0 80 26 0.0988806
0 80 27 0.502343
0 81 0 0.132435
0 81 1 0.49267
0 81 2 0.101072
0 81 3 0.498129
0 81 4 0.0863824
0 81 5 0.484127
0 81 6 0.0875775
0 81 7 0.502159
0 81 8 0.101794
0 81 9 0.48394
0 81 10 0.0965001
0 81 11 0.493856
0 81 12 0.0994967
0 81 13 0.503386
0 81 14 0.0781247
0 81 15 0.497847
0 81 16 0.0877732
0 81 17 0.484304
0 81 18 0.0914766
0 81 19 0.505617
0 81 20 0.0990329
0 81 21 0.478441
0 81 22 0.0897685
0 81 23 0.488466
0 81 24 0.118114
0 81 25 0.465308
0 81 26 0.108803
0 81 27 0.504773
0 82 0 0.103149
0 82 1 0.502013
0 82 2 0.0956313
0 82 3 0.513272
0 82 4 0.107847
0 82 5 0.486663
0 82 6 0.101851
0 82 7 0.500729
0 82 8 0.0991061
0 82 9 0.494693
0 82 10 0.0994021
0 82 11 0.498111
0 82 12 0.0629428
0 82 13 0.487023
0 82 14 0.11116
0 82 15 0.507681
0 82 16 0.138518
0 82 17 0.482644
0 82 18 0.0830498
0 82 19 0.506805
0 82 20 0.0942212
0 82 21 0.493705
0 82 22 0.0856362
0 82 23 0.486114
0 82 24 0.119129
0 82 25 0.494399
0 82 26 0.115299
0 82 27 0.516835
0 83 0 0.110196
0 83 1 0.527973
0 83 2 0.0959656
0 83 3 0.516192
0 83 4 0.085589
0 83 5 0.506326
0 83 6 0.071924
0 83 7 0.503853
0 83 8 0.0908914
0 83 9 0.496396
0 83 10 0.103925
0 83 11 0.503734
0 83 12 0.0870532
0 83 13 0.518296
0 83 14 0.11055
0 83 15 0.494669
0 83 16 0.115472
0 83 17 0.503519
0 83 18 0.0882935
0 83 19 0.499183
0 83 20 0.0900841
0 83 21 0.506799
0 83 22 0.0970688
0 83 23 0.498024
0 83 24 0.0906783
0 83 25 0.523405
0 83 26 0.104679
0 83 27 0.51385
0 84 0 0.119029
0 84 1 0.487256
0 84 2 0.0884708
0 84 3 0.503548
0 84 4 0.113455
0 84 5 0.4687
0 84 6 0.0772367
0 84 7 0.505213
0 84 8 0.0821451
0 84 9 0.48201
0 84 10 0.0578783
0 84 11 0.50798
0 84 12 0.0975347
0 84 13 0.533282
0 84 14 0.0941713
0 84 15 0.517944
0 84 16 0.105873
0 84 17 0.507759
0 84 18 0.077075
0 84 19 0.503937
0 84 20 0.0719835
0 84 21 0.487202
0 84 22 0.108411
0 84 23 0.499348
0 84 24 0.104077
0 84 25 0.464612
0 84 26 0.109448
0 84 27 0.521316
0 85 0 0.52254
0 85 1 0.1154
0 85 2 0.473602
0 85 3 0.119169
0 85 4 0.501021
0 85 5 0.0924036
0 85 6 0.486731
0 85 7 0.0573752
0 85 8 0.512017
0 85 9 0.101458
0 85 10 0.497512
0 85 11 0.0813873
0 85 12 0.491762
0 85 13 0.102875
0 85 14 0.468086
0 85 15 0.0632507
0 85 16 0.508741
0 85 17 0.106035
0 85 18 0.488195
0 85 19 0.101465
0 85 20 0.514688
0 85 21 0.115669
0 85 22 0.479408
0 85 23 0.1087
0 85 24 0.523964
0 85 25 0.0943946
0 85 26 0.472572
0 85 27 0.0762841
0 86 0 0.511874
0 86 1 0.0889923
0 86 2 0.48648
0 86 3 0.0865646
0 86 4 0.499697
0 86 5 0.0861451
0 86 6 0.473441
0 86 7 0.0850071
0 86 8 0.509766
0 86 9 0.0809945
0 86 10 0.51195
0 86 11 0.08489
0 86 12 0.485667
0 86 13 0.101456
0 86 14 0.487807
0 86 15 0.0748597
0 86 16 0.493916
0 86 17 0.0602169
0 86 18 0.502701
0 86 19 0.0881978
0 86 20 0.507083
0 86 21 0.0635398
0 86 22 0.479602
0 86 23 0.103129
0 86 24 0.496679
0 86 25 0.0793578
0 86 26 0.500016
0 86 27 0.0881168
0 87 0 0.469158
0 87 1 0.102182
0 87 2 0.50008
0 87 3 0.0745846
0 87 4 0.484134
0 87 5 0.0847713
0 87 6 0.496855
0 87 7 0.0794824
0 87 8 0.479346
0 87 9 0.122138
0 87 10 0.487691
0 87 11 0.134777
0 87 12 0.496132
0 87 13 0.10372
0 87 14 0.480863
0 87 15 0.0796875
0 87 16 0.477971
0 87 17 0.0740484
0 87 18 0.504542
0 87 19 0.0982424
0 87 20 0.483639
0 87 21 0.11119
0 87 22 0.486521
0 87 23 0.106344
0 87 24 0.481141
0 87 25 0.073176
0 87 26 0.501655
0 87 27 0.116665
0 88 0 0.471357
0 88 1 0.126173
0 88 2 0.509671
0 88 3 0.108366
0 88 4 0.471802
0 88 5 0.117325
0 88 6 0.518057
0 88 7 0.0873292
0 88 8 0.500606
0 88 9 0.0924234
0 88 10 0.509279
0 88 11 0.0961681
0 88 12 0.482923
0 88 13 0.109015
0 88 14 0.484595
0 88 15 0.0891352
0 88 16 0.49995
0 88 17 0.0773002
0 88 18 0.50603
0 88 19 0.0970773
0 88 20 0.478045
0 88 21 0.104637
0 88 22 0.513963
0 88 23 0.108271
0 88 24 0.488637
0 88 25 0.0735148
0 88 26 0.499588
0 88 27 0.0851634
0 89 0 0.48241
0 89 1 0.0964889
0 89 2 0.502894
0 89 3 0.112351
0 89 4 0.463723
0 89 5 0.0849457
0 89 6 0.491801
0 89 7 0.0912345
0 89 8 0.472625
0 89 9 0.105952
0 89 10 0.508233
0 89 11 0.110697
0 89 12 0.468728
0 89 13 0.0816667
0 89 14 0.476856
0 89 15 0.12383
0 89 16 0.476488
0 89 17 0.119345
0 89 18 0.515044
0 89 19 0.105782
0 89 20 0.490186
0 89 21 0.117705
0 89 22 0.492711
0 89 23 0.0705411
0 89 24 0.489272
0 89 25 0.0978003
0 89 26 0.493578
0 89 27 0.0991753
0 90 0 0.0642978
0 90 1 0.465661
0 90 2 0.0975515
0 90 3 0.494666
0 90 4 0.0615837
0 90 5 0.502329
0 90 6 0.0770451
0 90 7 0.490423
0 90 8 0.0602498
0 90 9 0.459321
0 90 10 0.0865433
0 90 11 0.490008
0 90 12 0.0601438
0 90 13 0.494712
0 90 14 0.109986
0 90 15 0.499217
0 90 16 0.126443
0 90 17 0.470945
0 90 18 0.112684
0 90 19 0.512487
0 90 20 0.0623777
0 90 21 0.519928
0 90 22 0.0666775
0 90 23 0.473353
0 90 24 0.091889
0 90 25 0.488295
0 90 26 0.0756811
0 90 27 0.469083
0 91 0 0.119402
0 91 1 0.472591
0 91 2 0.116395
0 91 3 0.503618
0 91 4 0.0970096
0 91 5 0.477215
0 91 6 0.086599
0 91 7 0.510354
0 91 8 0.0696773
0 91 9 0.470609
0 91 10 0.0890787
0 91 11 0.497316
0 91 12 0.106568
0 91 13 0.490476
0 91 14 0.0896581
0 91 15 0.489436
0 91 16 0.12018
0 91 17 0.512192
0 91 18 0.110784
0 91 19 0.487152
0 91 20 0.0900185
0 91 21 0.484557
0 91 22 0.101833
0 91 23 0.505729
0 91 24 0.0847552
0 91 25 0.45043
0 91 26 0.042327
0 91 27 0.510045
0 92 0 0.102376
0 92 1 0.504062
0 92 2 0.0707972
0 92 3 0.502888
0 92 4 0.0971016
0 92 5 0.521083
0 92 6 0.0686414
0 92 7 0.505996
0 92 8 0.0969752
0 92 9 0.490405
0 92 10 0.124082
0 92 11 0.48297
0 92 12 0.0783555
0 92 13 0.515153
0 92 14 0.117163
0 92 15 0.472869
0 92 16 0.0739274
0 92 17 0.48578
0 92 18 0.0871054
0 92 19 0.496676
0 92 20 0.1051
0 92 21 0.478402
0 92 22 0.0971822
0 92 23 0.49632
0 92 24 0.11311
0 92 25 0.496383
0 92 26 0.0794042
0 92 27 0.481786
0 93 0 0.119803
0 93 1 0.505559
0 93 2 0.0900292
0 93 3 0.505049
0 93 4 0.091379
0 93 5 0.497389
0 93 6 0.102486
0 93 7 0.497088
0 93 8 0.103553
0 93 9 0.497787
0 93 10 0.112569
0 93 11 0.502095
0 93 12 0.0675972
0 93 13 0.495703
0 93 14 0.0927624
0 93 15 0.506866
0 93 16 0.082008
0 93 17 0.499143
0 93 18 0.0691274
0 93 19 0.516822
0 93 20 0.110813
0 93 21 0.521072
0 93 22 0.118395
0 93 23 0.498672
0 93 24 0.0983616
0 93 25 0.49233
0 93 26 0.0992133
0 93 27 0.502482
0 94 0 0.0766865
0 94 1 0.482882
0 94 2 0.119094
0 94 3 0.507289
0 94 4 0.107695
0 94 5 0.473072
0 94 6 0.0868276
0 94 7 0.516613
0 94 8 0.0733705
0 94 9 0.464449
0 94 10 0.0966233
0 94 11 0.509122
0 94 12 0.0722737
0 94 13 0.47932
0 94 14 0.0977223
0 94 15 0.509598
0 94 16 0.0636895
0 94 17 0.467339
0 94 18 0.0860283
0 94 19 0.506881
0 94 20 0.0914625
0 94 21 0.467732
0 94 22 0.0806904
0 94 23 0.507634
0 94 24 0.0632335
0 94 25 0.473733
0 94 26 0.0897888
0 94 27 0.539877
0 95 0 0.512938
0 95 1 0.0932851
0 95 2 0.493247
0 95 3 0.0759231
0 95 4 0.505121
0 95 5 0.100247
0 95 6 0.508913
0 95 7 0.125857
0 95 8 0.53751
0 95 9 0.1012
0 95 10 0.507184
0 95 11 0.115191
0 95 12 0.502642
0 95 13 0.118417
0 95 14 0.504373
0 95 15 0.0318591
0 95 16 0.496707
0 95 17 0.106777
0 95 18 0.498627
0 95 19 0.0844996
0 95 20 0.52867
0 95 21 0.100977
0 95 22 0.461945
0 95 23 0.064395
0 95 24 0.513575
0 95 25 0.101215
0 95 26 0.508215
0 95 27 0.0631564
0 96 0 0.491979
0 96 1 0.112869
0 96 2 0.477594
0 96 3 0.114623
0 96 4 0.464936
0 96 5 0.104135
0 96 6 0.468838
0 96 7 0.0985754
0 96 8 0.486253
0 96 9 0.11947
0 96 10 0.496827
0 96 11 0.122782
0 96 12 0.491711
0 96 13 0.131702
0 96 14 0.483209
0 96 15 0.0955773
0 96 16 0.496325
0 96 17 0.0867645
0 96 18 0.478081
0 96 19 0.108228
0 96 20 0.502725
0 96 21 0.118047
0 96 22 0.493917
0 96 23 0.094817
0 96 24 0.480914
0 96 25 0.128403
0 96 26 0.480619
0 96 27 0.114697
0 97 0 0.491418
0 97 1 0.11915
0 97 2 0.492742
0 97 3 0.106759
0 97 4 0.49484
0 97 5 0.124142
0 97 6 0.500416
0 97 7 0.0712309
0 97 8 0.491852
0 97 9 0.110974
0 97 10 0.472868
0 97 11 0.0854802
0 97 12 0.494087
0 97 13 0.0868653
0 97 14 0.479454
0 97 15 0.10245
0 97 16 0.490605
0 97 17 0.124492
0 97 18 0.49372
0 97 19 0.0991432
0 97 20 0.491174
0 97 21 0.0946312
0 97 22 0.494546
0 97 23 0.127241
0 97 24 0.510499
0 97 25 0.0931198
0 97 26 0.471033
0 97 27 0.120255
0 98 0 0.506042
0 98 1 0.126672
0 98 2 0.487169
0 98 3 0.0918819
0 98 4 0.510338
0 98 5 0.135726
0 98 6 0.478728
0 98 7 0.0898355
0 98 8 0.480518
0 98 9 0.112527
0 98 10 0.489962
0 98 11 0.0948204
0 98 12 0.497583
0 98 13 0.0759499
0 98 14 0.475085
0 98 15 0.0388956
0 98 16 0.504836
0 98 17 0.102768
0 98 18 0.517209
0 98 19 0.0764148
0 98 20 0.475498
0 98 21 0.104358
0 98 22 0.512453
0 98 23 0.0922274
0 98 24 0.507555
0 98 25 0.114931
0 98 26 0.488783
0 98 27 0.0783556
0 99 0 0.491483
0 99 1 0.118705
0 99 2 0.503222
0 99 3 0.0505106
0 99 4 0.487523
0 99 5 0.0939334
0 99 6 0.523795
0 99 7 0.0723172
0 99 8 0.473707
0 99 9 0.10929
0 99 10 0.50108
0 99 11 0.0920668
0 99 12 0.476281
0 99 13 0.0990396
0 99 14 0.489396
0 99 15 0.0811585
0 99 16 0.509534
0 99 17 0.0919903
0 99 18 0.51466
0 99 19 0.0823829
0 99 20 0.475818
0 99 21 0.0933645
0 99 22 0.510353
0 99 23 0.0487532
0 99 24 0.490799
0 99 25 0.108047
0 99 26 0.530961
0 99 27 0.105713
