0 -22.9953 -43.6474 4.9326
1 -22.8812 -43.5826 27.1745
2 -22.9063 -43.4541 0.459341
3 -22.9897 -43.5852 7.51538
4 -22.9508 -43.4122 0.172161
5 -22.9313 -43.3256 13.0015
6 -23.0137 -43.4997 2.56392
7 -22.8434 -43.3665 56.961
8 -22.8373 -43.2613 23.7577
9 -22.8868 -43.3676 31.6701
10 -23.0239 -43.5215 1.24231
11 -22.9714 -43.4557 0.955678
12 -22.9427 -43.3044 0
13 -22.9736 -43.3697 3.99799
14 -23.0342 -43.5433 0.381868
15 -22.9302 -43.3686 63.1745
16 -22.9429 -43.7131 0.554212
17 -22.9361 -43.5624 12.8885
18 -22.9199 -43.3469 20.8278
19 -23.0034 -43.478 1.83608
20 -22.9871 -43.2624 8.69799
21 -22.8526 -43.4313 3.46282
22 -22.9555 -43.6489 2.38956
23 -23.0228 -43.5645 1.08919
24 -22.8662 -43.3241 37.6786
25 -22.8685 -43.2386 19.9132
26 -22.8341 -43.3018 65.9123
27 -23.0114 -43.5857 0
28 -22.9942 -43.4132 3.82564
29 -22.8455 -43.2805 69.0081
30 -23.0068 -43.3059 16.5359
31 -22.9828 -43.4344 1.60604
32 -22.8238 -43.2801 33.1875
33 -22.9747 -43.3267 17.135
34 -23.0205 -43.6051 0
35 -22.8824 -43.5396 14.7245
36 -22.9291 -43.4116 3.71044
37 -22.9703 -43.4987 3.88205
38 -22.9839 -43.3914 1.43352
39 -22.9665 -43.2189 16.0436
40 -22.9394 -43.4334 0.5163
41 -22.8765 -43.3458 99.011
42 -22.9772 -43.6494 18.089
43 -22.9223 -43.6696 19.5293
44 -22.9566 -43.6059 24.6654
45 -22.9089 -43.7765 0
46 -22.8232 -43.4958 0
47 -22.8548 -43.3453 47.5826
48 -22.8401 -43.4955 2.48498
49 -22.9654 -43.2619 1.87289
50 -22.864 -43.4101 11.4573
51 -22.889 -43.2816 58.7267
52 -22.985 -43.3484 0.402015
53 -22.839 -43.5385 1.39615
54 -22.8303 -43.5163 0.0190476
55 -22.9475 -43.5412 0.0190476
56 -22.8786 -43.2598 44.7907
57 -22.8629 -43.453 42.3099
58 -22.8798 -43.2185 16.944
59 -22.9109 -43.6908 27.2799
60 -23.0422 -43.608 0
61 -22.9486 -43.4982 0
62 -22.8673 -43.2811 35.4658
63 -22.8993 -43.3033 64.4848
64 -22.9756 -43.6923 27.6557
65 -22.8995 -43.7121 8.89469
66 -22.997 -43.2845 0.765201
67 -22.8982 -43.3463 36.5086
68 -22.9128 -43.1961 136.002
69 -22.9578 -43.5629 2.33278
70 -22.9758 -43.2837 5.60256
71 -22.8227 -43.323 44.7766
72 -22.9633 -43.3479 31.8165
73 -22.9188 -43.3899 31.8198
74 -22.9886 -43.6282 6.72747
75 -22.9383 -43.4764 0
76 -22.8949 -43.4753 30.6742
77 -22.8785 -43.7111 0.515751
78 -23.0533 -43.5464 0.363187
79 -22.9045 -43.1763 89.1004
80 -22.9372 -43.5194 0.191392
81 -22.9463 -43.5841 9.86905
82 -23.0146 -43.4568 20.3912
83 -22.8754 -43.3888 1.26245
84 -22.871 -43.5608 12.3531
85 -22.9166 -43.4759 0
86 -22.87 -43.6037 1.45256
87 -22.9964 -43.3272 15.5874
88 -22.9085 -43.3681 34.7328
89 -22.832 -43.3878 28.1896
90 -22.921 -43.3039 3.03993
91 -23.0239 -43.4786 28.459
92 -22.9041 -43.5401 35.8903
93 -22.8801 -43.6255 16.3679
94 -22.9117 -43.2391 58.1339
95 -22.8743 -43.4318 51.5614
96 -22.9279 -43.7745 0
97 -22.8915 -43.6043 30.9245
98 -22.9155 -43.5189 7.6674
99 -22.9438 -43.2614 8.12729
100 -22.9326 -43.6914 24.3478
101 -23.0424 -43.5224 0.228938
102 -22.8559 -43.3023 30.3535
103 -22.8122 -43.255 0.496337
104 -22.9611 -43.4339 0.726374
105 -22.8537 -43.3883 20.4077
106 -22.8789 -43.6685 8.26227
107 -22.9795 -43.5634 1.14634
108 -22.9806 -43.5204 0.0380952
109 -22.9052 -43.4971 3.67198
110 -22.9074 -43.4111 10.1907
111 -22.89 -43.2386 44.0286
112 -22.8445 -43.3235 49.2278
113 -22.992 -43.4992 7.78223
114 -23 -43.607 3.21245
115 -22.9541 -43.2831 0.707692
116 -22.9231 -43.2178 63.7687
117 -22.9097 -43.7338 0.36337
118 -23.0328 -43.502 2.0848
119 -22.903 -43.5831 39.6027
120 -22.8721 -43.5178 21.6097
121 -22.8971 -43.3893 4.19103
122 -22.8607 -43.539 13.62
123 -22.9405 -43.3904 39.6062
124 -22.9452 -43.6271 0.477289
125 -22.944 -43.6701 13.1758
126 -22.9519 -43.3691 33.798
127 -23.0444 -43.6501 0
128 -22.8882 -43.7332 1.24396
129 -23.0011 -43.564 0.22967
130 -22.8776 -43.3028 67.7234
131 -22.8835 -43.4966 26.2033
132 -22.9107 -43.2821 58.8121
133 -23.0647 -43.5622 0.763187
134 -22.896 -43.4323 36.1278
135 -22.8569 -43.2593 74.3982
136 -22.8879 -43.3246 54.5863
137 -22.8227 -43.2393 6.44487
138 -23.0045 -43.435 11.5147
139 -22.96 -43.4769 0.631136
140 -22.9006 -43.6691 5.70037
141 -22.8618 -43.496 18.0905
142 -22.9258 -43.5406 15.0709
143 -23.0331 -43.5863 0
144 -22.8504 -43.5173 3.51832
145 -22.9768 -43.2407 9.88974
146 -22.8117 -43.2155 10.1802
147 -22.9817 -43.4774 13.9848
148 -22.9551 -43.2401 0.305495
149 -22.924 -43.1779 79.5027
150 -22.9783 -43.6064 4.11154
151 -22.8417 -43.5787 0
152 -22.8045 -43.1935 49.0364
153 -22.8938 -43.5183 7.53462
154 -22.8732 -43.4748 48.8165
155 -22.8331 -43.3448 55.2048
156 -22.928 -43.4546 0
157 -22.8477 -43.239 12.3148
158 -22.9657 -43.6707 2.46703
159 -22.9345 -43.1966 30.1399
160 -22.8857 -43.4106 35.2797
161 -22.9269 -43.4976 0
162 -22.8892 -43.6903 1.33974
163 -22.9334 -43.2396 52.539
164 -22.9448 -43.2184 1.68315
165 -22.9543 -43.6919 13.9819
166 -22.8991 -43.7547 0.171978
167 -22.9019 -43.2178 44.5654
168 -22.7953 -43.2169 8.66502
169 -22.8516 -43.4743 20.922
170 -22.9496 -43.7321 0
171 -22.9314 -43.7343 0
172 -22.8217 -43.366 19.0714
173 -22.9324 -43.2826 0.0954212
174 -22.9338 -43.6484 12.7758
175 -22.9018 -43.6261 6.92143
176 -23.0046 -43.3921 10.237
177 -22.9221 -43.2609 52.4881
178 -22.9177 -43.4329 2.58297
179 -23.0445 -43.565 1.26044
180 -22.953 -43.3261 12.6584
181 -22.8492 -43.5603 1.07125
182 -22.9774 -43.1983 85.6097
183 -22.9416 -43.3474 39.4929
184 -23.0115 -43.4148 1.14762
185 -22.9096 -43.3251 1.54853
186 -22.8423 -43.4095 19.1044
187 -22.9589 -43.5199 0
188 -22.9562 -43.1971 45.4938
189 -22.8688 -43.6467 1.24432
190 -22.7912 -43.1747 19.4899
191 -22.9132 -43.6048 34.1212
192 -22.9212 -43.7126 2.02619
193 -22.9247 -43.5836 6.70751
194 -22.9692 -43.5417 0.362637
195 -22.8927 -43.5613 46.9753
196 -22.9622 -43.3909 32.7934
197 -22.9909 -43.5422 2.12308
198 -22.9003 -43.2603 48.389
199 -22.8709 -43.6892 0.0575092
200 -22.9235 -43.6266 33.8908
201 -23.0125 -43.5427 4.62656
202 -22.8846 -43.4536 49.1145
203 -22.8904 -43.6473 10.6352
204 -22.8135 -43.3021 40.737
205 -22.9931 -43.4562 6.00495
206 -22.9121 -43.6478 15.6502
207 -22.9669 -43.6277 3.74945
208 -23.0023 -43.521 3.53755
209 -22.8031 -43.2365 1.81685
210 -22.8651 -43.3671 53.724
211 -22.8123 -43.3442 13.8293
212 -22.9644 -43.3049 0.152747
213 -22.9861 -43.3054 6.08132
214 -22.92 -43.7556 0
215 -22.968 -43.5847 7.70641
216 -22.9725 -43.4127 10.6731
217 -22.8596 -43.5816 1.52985
218 -22.9349 -43.6054 2.52381
219 -22.9628 -43.7119 8.99103
220 -22.9953 -43.3702 15.3606
221 -22.9144 -43.5619 38.9495
222 -22.9497 -43.4552 0
223 -22.9939 -43.2431 7.21154
224 -23.0042 -43.349 9.53315
225 -22.9637 -43.1785 73.6319
