0 -23.0535 -43.5862 0
1 -23.0631 -43.5652 0.860989
2 -23.0634 -43.5103 0
3 -23.0817 -43.2083 0
4 -23.0622 -43.1436 0
5 -23.0402 -43.6584 0
6 -23.0468 -43.5982 0
7 -23.0216 -43.5201 4.34194
8 -23.0265 -43.4637 37.8788
9 -23.0214 -43.4424 0.267949
10 -23.0373 -43.3057 0
11 -23.0165 -43.2954 0
12 -23.0264 -43.2016 0
13 -22.9891 -43.6901 1.16886
14 -22.9963 -43.6267 22.5383
15 -23.0125 -43.5634 11.3751
16 -23.0099 -43.4572 37.619
17 -23.0005 -43.3965 32.3361
18 -22.9993 -43.3471 59.9125
19 -22.9954 -43.2386 25.9053
20 -22.9861 -43.2118 65.4478
21 -22.957 -43.7278 0
22 -22.9696 -43.6972 59.2158
23 -22.9691 -43.6086 51.6723
24 -22.9586 -43.5748 8.00513
25 -22.9815 -43.4617 19.369
26 -22.9669 -43.4133 57.1443
27 -22.9664 -43.3335 69.443
28 -22.9673 -43.2388 12.6579
29 -22.9649 -43.2223 213.723
30 -22.957 -43.1638 0.383333
31 -22.9255 -43.7578 0
32 -22.9359 -43.6829 60.8905
33 -22.9302 -43.6338 46.3912
34 -22.9252 -43.5201 45.8495
35 -22.922 -43.5137 0.401832
36 -22.9333 -43.3836 75.4474
37 -22.933 -43.3553 153.982
38 -22.9318 -43.2424 108.603
39 -22.931 -43.1786 241.587
40 -22.9156 -43.1635 0.765201
41 -22.903 -43.7333 1.05293
42 -22.9052 -43.7189 52.8148
43 -22.9019 -43.5937 130.695
44 -22.9013 -43.5596 157.839
45 -22.8937 -43.4814 59.867
46 -22.8998 -43.3966 100.299
47 -22.8993 -43.3526 162.196
48 -22.8985 -43.2496 293.85
49 -22.898 -43.2077 300.207
50 -22.9092 -43.1633 0
51 -22.8843 -43.7332 0.15348
52 -22.8824 -43.6624 7.47106
53 -22.8681 -43.6084 24.5535
54 -22.8678 -43.5577 65.9048
55 -22.8672 -43.4668 170.817
56 -22.8664 -43.4098 99.9852
57 -22.8657 -43.3522 297.451
58 -22.865 -43.2485 224.55
59 -22.872 -43.2086 11.222
60 -22.8385 -43.5871 0
61 -22.848 -43.5403 5.28571
62 -22.8477 -43.4719 12.8119
63 -22.8327 -43.4008 86.5789
64 -22.8322 -43.3205 224.149
65 -22.8317 -43.2859 195.411
66 -22.8227 -43.17 23.6766
67 -22.8143 -43.1624 0
68 -22.8165 -43.4931 0
69 -22.8132 -43.3804 2.43242
70 -22.8078 -43.3613 62.4469
71 -22.8076 -43.2759 9.30934
72 -22.7972 -43.1925 93.5027
73 -22.7858 -43.1618 0.956777
74 -22.7678 -43.1682 0
75 -22.7784 -43.1608 0.0382784
