10.9959
10.9823
11.0048
10.998
10.9823
8.0625
8.07553
8.06888
8.07288
8.08578
10.9458
10.9091
10.9638
10.9153
10.9195
8.04297
8.06727
8.07067
8.05902
8.06998
10.9445
10.966
10.9341
10.9493
10.9407
8.07952
8.08725
8.08538
8.08508
8.05908
10.9975
11.0314
11.0001
11.022
11.0006
8.08333
8.07943
8.07315
8.07902
8.07948
10.9586
11.0114
11.0115
10.9943
10.9729
8.05897
8.06262
8.07543
8.06632
8.05647
8.09772
8.13537
8.12157
8.11158
8.1092
10.9604
10.9456
10.9625
10.9598
10.9215
8.12333
8.1441
8.1505
8.16053
8.1398
10.9542
10.9391
10.9264
10.9446
10.93
8.1459
8.1502
8.14508
8.15257
8.12535
11.001
11.0182
11.0275
11.0293
11.0239
8.13365
8.16453
8.14197
8.14792
8.10383
11.0155
11.0079
11.0232
11.0185
11.0154
8.11292
8.13397
8.11997
8.11733
8.1018
10.9823
11.0102
11.0203
10.996
10.9832
