0 11.3269
1 10.0577
2 10.9038
3 9.88462
4 9.44231
5 8.69231
6 9.71154
7 6.75
8 7.03846
9 6.44231
10 5.25
11 5.07692
12 5.86538
13 4.38462
14 4.46154
15 4.76923
16 5.71154
17 6.82692
18 9.73077
19 12.0577
20 14.9808
21 16.7885
22 19.0192
23 22.3654
24 23.2885
25 24.25
26 24.6923
27 26.5192
28 25.0769
29 23.4808
30 21.5385
31 21.5962
32 21.4038
33 21.3077
34 19.7692
35 18.3462
36 18.2692
37 16.9231
38 17.0962
39 16.3654
40 15.9615
41 16.3654
42 14.8846
43 15.6154
44 14.4231
45 13.3654
46 12.3654
47 11.6346
48 12.1154
49 11.3654
50 10.1538
51 9.5
52 8.21154
53 8.15385
54 6.19231
55 6.38462
56 5.46154
57 5.03846
58 4.26923
59 4.36538
60 4.38462
61 3.94231
62 4.17308
63 3.48077
64 4.94231
65 6.21154
66 8.44231
67 11.2308
68 13.3654
69 15.1923
70 16.7692
71 21.0192
72 22.0769
73 23.9423
74 24.1346
75 25.0385
76 23.6538
77 23.1538
78 21.3077
79 21.4615
80 19.8846
81 20.3077
82 17.3077
83 17.9038
84 16.1923
85 15.9231
86 16.6346
87 16.6538
88 15.5962
89 15.4808
90 14.9808
91 14.9615
92 14.4038
93 13.9423
94 12.6923
95 12.0769
96 11.5577
97 11.3462
98 9.71154
99 9.07692
100 9.09615
101 7.53846
102 7.25
103 6.09615
104 5.98077
105 5.09615
106 4.01923
107 4.19231
108 3.92308
109 3.53846
110 3.90385
111 3.80769
112 4.78846
113 5.92308
114 8.05769
115 10.5192
116 12.1923
117 14.4808
118 17.0769
119 20.1923
120 21.5962
121 22.7885
122 23.3654
123 24.2885
124 22.4423
125 22.7885
126 21.5962
127 19.9423
128 19.7308
129 19.1731
130 17.7308
131 16.1154
132 15.8077
133 15.7692
134 16.0577
135 16.1923
136 14.9423
137 15.0192
138 14.8269
139 13.3846
140 13.8846
141 12.2308
142 12.1923
143 11.5192
144 11.1538
145 11.1731
146 9.28846
147 9.30769
148 7.71154
149 7.88462
150 6.80769
151 6.36538
152 5.92308
153 5.38462
154 5.23077
155 4.23077
156 4.32692
157 3.90385
158 3.78846
159 3.98077
160 4.86538
161 5.71154
162 7.94231
163 10.5192
164 13.4423
165 15.1154
166 18.0577
167 17.6731
168 21.8269
169 22.5962
170 23.6923
171 23.5577
172 22.3462
173 23.5
174 20.4423
175 20.7308
176 19.5577
177 19.1731
178 16.5192
179 16.0962
180 17.7115
181 15.8077
182 15.5192
183 14.75
184 15.3077
185 14.2885
186 14.4615
187 13.6731
188 13.1154
189 13.4808
190 12.0385
191 11.9231
192 10.8381
193 10.1524
194 10.2857
195 8.85714
196 8.4
197 7.80952
198 6.99048
199 6.53333
200 6.55238
201 5.50476
202 5.14286
203 5.04762
204 4.41905
205 4.24762
206 3.69524
207 3.08571
208 5.44762
209 6.30476
210 8.70476
211 10.5524
212 12.4762
213 15.7524
214 18.1524
215 18.6286
216 19.9238
217 21.4095
218 22.1524
219 23.6381
220 22.2667
221 21.3143
222 21.6762
223 20.5714
224 19.1429
225 19.7905
226 16.4
227 16.7048
228 16.0952
229 15.1619
230 15.8095
231 15.2
232 14.7619
233 15.3143
234 13.4667
235 14.2095
236 12.5333
237 13.181
238 11.2
239 11.5619
240 10.6667
241 10.8571
242 9.33333
243 9.33333
244 8.53333
245 8.60952
246 7.98095
247 7.77143
248 7.35238
249 6.59048
250 5.90476
251 5.6381
252 6.55238
253 6
254 5.73333
255 4.99048
256 6
257 6.8381
258 9.00952
259 10
260 12.5524
261 11.7143
262 15.5238
263 17.2571
264 19.3143
265 20.2476
266 21.219
267 22.419
268 21.5238
269 21.2952
270 20.2095
271 19.9238
272 19.6
273 18.2095
274 17.0286
275 15.3905
276 16.5143
277 16.1143
278 15.6381
279 15.8476
280 14.4
281 15.181
282 13.4857
283 13.7524
284 13.8476
285 12.6667
286 12.7238
287 12.4762
288 11.4095
289 11.5048
290 10.381
291 10.8
292 9.2381
293 10.1524
294 9.06667
295 8.89524
296 8.17143
297 8.07619
298 8.07619
299 7.50476
300 6.59048
301 6.3619
302 6.13333
303 5.40952
304 5.9619
305 7.42857
306 8.24762
307 10.1524
308 11.7143
309 12.0571
310 14.2095
311 15.2762
312 17.0857
313 18.1905
314 18.9905
315 21.2
316 19.0476
317 19.5048
318 17.6762
319 18.3619
320 17.4095
321 16.5333
322 14.6286
323 14.5905
324 14.7238
325 14.9524
326 13.9429
327 14.2476
328 13.619
329 13.5048
330 12.5524
331 13.8667
332 12.4571
333 12.819
334 11.619
335 10.819
