0.301393
0.303179
0.298179
0.298929
0.296643
0.300821
0.295286
0.300643
0.303643
0.299821
0.304429
0.297429
0.297357
0.300286
0.301786
0.303
0.297
0.304893
0.303286
0.304357
0.304714
0.299821
0.294179
0.301464
0.297286
0.29575
0.302107
0.301786
0.3
0.299571
0.299786
0.299571
0.30225
0.30225
0.300071
0.29925
0.304357
0.300357
0.304071
0.2955
0.295929
0.29775
0.294321
0.30025
0.300071
0.300929
0.295107
0.300821
0.300893
0.299286
0.29925
0.303071
0.295321
0.300893
0.2965
0.300286
0.303643
0.29675
0.298179
0.308214
0.300036
0.293571
0.301179
0.303179
0.294107
0.303071
0.297964
0.295214
0.300607
0.297143
0.306357
0.301929
0.301607
0.300393
0.306714
0.295036
0.29525
0.299071
0.297429
0.298607
0.296786
0.302714
0.298714
0.300214
0.297214
0.299143
0.298357
0.300536
0.302179
0.302
0.299071
0.299214
0.300607
0.299107
0.307
0.29725
0.298179
0.298214
0.298357
0.301464
