0 10.819
1 10.1333
2 10.2476
3 8.8381
4 8.38095
5 7.80952
6 6.99048
7 6.53333
8 6.55238
9 5.48571
10 5.14286
11 5.04762
12 4.41905
13 4.22857
14 3.67619
15 3.08571
16 5.40952
17 6.26667
18 8.68571
19 10.5524
20 12.4571
21 15.7333
22 18.0762
23 18.6095
24 19.9048
25 21.4095
26 22.1333
27 23.5619
28 22.2286
29 21.3143
30 21.6381
31 20.5714
32 19.0857
33 19.7714
34 16.381
35 16.6667
36 16.0571
37 15.1429
38 15.8095
39 15.1429
40 14.7429
41 15.2952
42 13.4667
43 14.2095
44 12.5333
45 13.181
46 11.1429
47 11.4857
48 10.6667
49 10.819
50 9.31429
51 9.31429
52 8.51429
53 8.60952
54 7.98095
55 7.77143
56 7.31429
57 6.59048
58 5.86667
59 5.6381
60 6.55238
61 6
62 5.71429
63 4.99048
64 5.9619
65 6.81905
66 9.00952
67 10
68 12.5333
69 11.6952
70 15.4857
71 17.2381
72 19.3143
73 20.2286
74 21.181
75 22.4
76 21.5048
77 21.2952
78 20.1905
79 19.8857
80 19.6
81 18.1905
82 17.0286
83 15.3524
84 16.5143
85 16.1143
86 15.6
87 15.8476
88 14.3619
89 15.181
90 13.4286
91 13.7143
92 13.7905
93 12.6476
94 12.7048
95 12.4762
96 11.3905
97 11.5048
98 10.3619
99 10.781
100 9.21905
101 10.1143
102 9.04762
103 8.85714
104 8.17143
105 8.07619
106 8.0381
107 7.50476
108 6.59048
109 6.34286
110 6.11429
111 5.40952
112 5.9619
113 7.42857
114 8.22857
115 10.1333
116 11.6952
117 12.0571
118 14.1714
119 15.2571
120 17.0667
121 18.1524
122 18.9714
123 21.1619
124 19.0095
125 19.4667
126 17.6571
127 18.3429
128 17.3524
129 16.5143
130 14.5905
131 14.5905
132 14.6476
133 14.8952
134 13.8667
135 14.2286
136 13.6
137 13.4667
138 12.4762
139 13.8476
140 12.381
141 12.781
142 11.619
143 10.819
144 11.2571
145 10
146 10.819
147 9.86667
148 9.29524
149 8.60952
150 9.61905
151 6.68571
152 6.93333
153 6.38095
154 5.2
155 5.02857
156 5.80952
157 4.32381
158 4.41905
159 4.70476
160 5.65714
161 6.7619
162 9.6381
163 11.9238
164 14.8
165 16.6095
166 18.819
167 22.1333
168 23.0476
169 23.9429
170 24.419
171 26.2476
172 24.8
173 23.219
174 21.3143
175 21.3143
176 21.1429
177 21.0857
178 19.581
179 18.1524
180 18.0952
181 16.7429
182 16.8952
183 16.2095
184 15.7714
185 16.1905
186 14.7238
187 15.4667
188 14.2476
189 13.219
190 12.2286
191 11.5238
192 12.0385
193 11.3654
194 10.1538
195 9.5
196 8.21154
197 8.13462
198 6.19231
199 6.36538
200 5.44231
201 5.01923
202 4.23077
203 4.36538
204 4.38462
205 3.92308
206 4.17308
207 3.48077
208 4.92308
209 6.21154
210 8.42308
211 11.2308
212 13.3077
213 15.1538
214 16.7308
215 21
216 22
217 23.8654
218 24.1346
219 24.9808
220 23.6346
221 23.1154
222 21.2885
223 21.4231
224 19.8077
225 20.25
226 17.2692
227 17.9038
228 16.1731
229 15.9038
230 16.6154
231 16.6154
232 15.5769
233 15.4423
234 14.9808
235 14.9423
236 14.3077
237 13.9423
238 12.6346
239 12.0577
240 11.5385
241 11.3269
242 9.71154
243 9.03846
244 9.07692
245 7.53846
246 7.25
247 6.09615
248 5.96154
249 5.09615
250 4.01923
251 4.19231
252 3.92308
253 3.53846
254 3.88462
255 3.80769
256 4.75
257 5.88462
258 8.05769
259 10.5
260 12.1923
261 14.4808
262 17.0192
263 20.1731
264 21.5577
265 22.75
266 23.3077
267 24.25
268 22.3654
269 22.7885
270 21.5769
271 19.8654
272 19.7115
273 19.1538
274 17.7115
275 16.0962
276 15.8077
277 15.7115
278 16.0385
279 16.1538
280 14.9231
281 14.9808
282 14.7885
283 13.3654
284 13.8462
285 12.1923
286 12.1923
287 11.5192
288 11.1154
289 11.1538
290 9.26923
291 9.30769
292 7.71154
293 7.88462
294 6.75
295 6.34615
296 5.92308
297 5.34615
298 5.23077
299 4.19231
300 4.32692
301 3.90385
302 3.78846
303 3.98077
304 4.86538
305 5.71154
306 7.94231
307 10.5192
308 13.4231
309 15.0769
310 18.0577
311 17.6346
312 21.7885
313 22.5192
314 23.6538
315 23.5385
316 22.3077
317 23.4231
318 20.4231
319 20.6731
320 19.5192
321 19.1731
322 16.5
323 16.0577
324 17.6731
325 15.75
326 15.4808
327 14.6923
328 15.2885
329 14.2885
330 14.4231
331 13.6731
332 13.0577
333 13.4808
334 12.0385
335 11.8846
