0 0.000364465 0.000366317 0.000364271 0 0 0 
1 1.47729 0.611553 1.23046 0.382601 0.133883 0.344505 
2 0.000517622 0.000520252 0.000517346 0 0 0 
3 0.00138771 0.00139477 0.00138697 0 0 0 
4 0.0118655 0.00557256 0.0095503 0 0 0 
5 0.00466857 0.0046923 0.00466608 0 0 0 
6 0.171704 0.108183 0.148211 0 0 0 
7 3.47594 1.45102 2.91385 1.49158 0.555311 2.29505 
8 11.9954 4.84386 10.0204 15.4951 6.26099 16.1227 
9 0.031164 0.0138304 0.0263865 0.1337 0.0384615 0.0957875 
10 0.000154082 0.000154865 0.000154 0 0 0 
11 0.0387205 0.0157054 0.0324375 0 0 0 
12 0.000958576 0.000963448 0.000958065 0 0 0 
13 0.611571 0.246673 0.511935 0.632601 0.134066 0.402198 
14 11.4497 4.64044 9.5742 9.95788 3.90495 8.67546 
15 8.88664 3.64408 7.40835 4.47912 1.70531 5.19066 
16 17.5929 7.1482 14.6674 16.4152 6.12912 15.0747 
17 23.209 9.48608 19.2452 14.2529 5.95861 12.1245 
18 26.1508 10.7368 21.6057 25.9134 10.0947 23.9044 
19 11.2304 4.56006 9.36966 11.3742 4.57509 9.95604 
20 6.24217 2.5174 5.20956 28.1463 10.969 26.3324 
21 0.00175796 0.0017669 0.00175703 0 0 0 
22 21.8226 8.79106 18.2555 26.013 9.99853 23.2042 
23 19.5794 7.9114 16.3711 21.6044 9.11667 20.9513 
24 6.10945 2.50932 5.11433 3.65751 1.20714 3.14048 
25 6.6568 2.73644 5.56183 7.96758 3.50531 7.89615 
26 17.0574 7.05134 14.0677 24.7421 9.66905 22.7332 
27 17.1959 7.01758 14.2999 31.539 12.1247 25.7793 
28 4.32604 1.79162 3.62713 4.57656 2.18187 5.89945 
29 21.4103 8.74072 17.7653 93.7026 36.8877 83.1324 
30 0.126119 0.0548548 0.1038 0.172344 0.0575092 0.15348 
31 0.785442 0.360515 0.652924 0 0 0 
32 26.9795 10.9579 22.4532 26.2932 10.935 23.6623 
33 21.0071 8.5046 17.5377 19.4945 8.33498 18.5617 
34 20.0511 8.1046 16.7612 20.6242 7.98645 17.2388 
35 0.828338 0.385561 0.708412 0.114835 0.0575092 0.229487 
36 17.1687 6.95497 14.3443 33.9762 13.1786 28.2927 
37 29.825 12.0235 24.9296 69.6775 26.3427 57.9617 
38 19.3369 7.82656 16.1522 49.9793 18.8478 39.7762 
39 30.0766 12.1738 25.067 108.571 43.2024 89.8128 
40 0.627503 0.264858 0.509299 0.344322 0.15293 0.267949 
41 3.27779 1.38755 2.72688 0.421612 0.114835 0.516484 
42 19.5391 7.94337 16.2765 23.3722 9.00256 20.4401 
43 31.177 12.5719 26.0515 58.3595 21.6222 50.7128 
44 38.3451 15.4838 31.9932 70.5709 29.3852 57.8833 
45 14.6761 5.93981 12.28 25.6989 11.3571 22.811 
46 22.8332 9.24775 19.0494 44.7595 18.2126 37.3264 
47 30.3745 12.2516 25.3782 74.6005 29.2861 58.3093 
48 45.4578 18.3656 37.9016 133.599 55.3231 104.929 
49 29.1166 12.1837 23.7349 138.91 56.9137 104.384 
50 0.584972 0.254995 0.46366 0 0 0 
51 0.520228 0.215978 0.434304 0.0959707 0.0382784 0.0192308 
52 3.11912 1.28871 2.60598 3.23791 1.24524 2.98791 
53 10.3098 4.22907 8.56319 11.263 3.98315 9.30733 
54 27.2578 11.0309 22.7388 28.8982 10.8579 26.1487 
55 41.8674 16.8973 34.936 77.7366 31.7038 61.3766 
56 32.9069 13.6548 26.9919 44.7341 18.1599 37.0912 
57 48.2646 19.4588 40.2873 136.601 53.7811 107.068 
58 42.0912 17.0438 35.0504 103.255 42.0256 79.2694 
59 6.669 2.82336 5.4014 4.76777 2.12601 4.32821 
60 0.00168392 0.00169247 0.00168302 0 0 0 
61 3.5571 1.46171 2.98279 2.46978 1.13059 1.68535 
62 4.93622 2.06335 4.06366 5.4 2.29963 5.11227 
63 23.3377 9.4183 19.4865 37.1694 16.0753 33.3342 
64 45.1745 18.3 37.6033 97.641 41.9051 84.6031 
65 37.1063 15.2302 30.6307 84.6958 36.7018 74.0134 
66 9.10417 3.72626 7.53418 10.6687 4.32912 8.67875 
67 0.0239924 0.00999171 0.0199789 0 0 0 
68 7.22099e-05 7.25769e-05 7.21714e-05 0 0 0 
69 0.895036 0.360789 0.747332 1.05293 0.306227 1.07326 
70 15.8661 6.4667 13.1567 28.5227 10.9744 22.9498 
71 7.78177 3.32422 6.26789 4.32949 1.59048 3.38938 
72 24.3011 9.92368 20.136 42.7912 17.4696 33.2419 
73 0.87515 0.373172 0.706688 0.535531 0.22967 0.191575 
74 0.0514406 0.0225738 0.0408275 0 0 0 
75 1.57597 0.645454 1.3048 0.0192308 0 0.0190476 
