0 199.599 186 
1 201.676 186 
2 201.616 183 
3 201.676 185 
4 199.599 186 
5 147.722 133 
6 148.426 131 
7 147.972 134 
8 148.426 134 
9 147.722 134 
10 202.152 184 
11 204.23 187 
12 204.17 188 
13 204.23 190 
14 202.152 188 
15 148.521 136 
16 149.225 132 
17 148.771 132 
18 149.225 138 
19 148.521 131 
20 201.94 186 
21 204.018 188 
22 203.957 186 
23 204.018 186 
24 201.94 187 
25 148.568 135 
26 149.272 134 
27 148.819 137 
28 149.272 138 
29 148.568 134 
30 202.152 185 
31 204.23 186 
32 204.17 187 
33 204.23 188 
34 202.152 185 
35 148.521 134 
36 149.225 134 
37 148.771 132 
38 149.225 137 
39 148.521 132 
40 199.599 184 
41 201.676 190 
42 201.616 189 
43 201.676 186 
44 199.599 182 
45 147.722 132 
46 148.426 133 
47 147.972 132 
48 148.426 137 
49 147.722 136 
50 147.722 135 
51 148.426 133 
52 147.972 134 
53 148.426 130 
54 147.722 134 
55 199.599 185 
56 201.676 186 
57 201.616 183 
58 201.676 186 
59 199.599 188 
60 148.521 135 
61 149.225 136 
62 148.771 136 
63 149.225 137 
64 148.521 132 
65 202.152 188 
66 204.23 187 
67 204.17 188 
68 204.23 184 
69 202.152 187 
70 148.568 138 
71 149.272 135 
72 148.819 135 
73 149.272 136 
74 148.568 136 
75 201.94 184 
76 204.018 188 
77 203.957 185 
78 204.018 185 
79 201.94 185 
80 148.521 135 
81 149.225 136 
82 148.771 136 
83 149.225 135 
84 148.521 131 
85 202.152 184 
86 204.23 186 
87 204.17 190 
88 204.23 185 
89 202.152 185 
90 147.722 133 
91 148.426 130 
92 147.972 133 
93 148.426 136 
94 147.722 138 
95 199.599 182 
96 201.676 186 
97 201.616 185 
98 201.676 186 
99 199.599 184 
