0 0.0169968 0.0169776 0.0169899 0 0 0 
1 2.23743 1.39792 1.99683 0.382601 0.133883 0.344505 
2 0.0241238 0.0241056 0.0241171 0 0 0 
3 0.0646127 0.0646006 0.0646069 0 0 0 
4 0.046851 0.0389864 0.0436074 0 0 0 
5 0.217284 0.217295 0.217282 0 0 0 
6 2.86841 2.78917 2.83562 0 0 0 
7 6.81684 4.90495 6.29802 1.49158 0.555311 2.29505 
8 11.5158 4.79538 9.7112 15.4951 6.26099 16.1227 
9 0.124914 0.108675 0.120577 0.1337 0.0384615 0.0957875 
10 0.00720685 0.00718611 0.00719977 0 0 0 
11 0.0454714 0.0240906 0.0398737 0 0 0 
12 0.0446432 0.0446281 0.0446369 0 0 0 
13 0.612346 0.273275 0.523527 0.632601 0.134066 0.402198 
14 12.4838 6.10209 10.78 9.95788 3.90495 8.67546 
15 11.3834 6.39385 9.9844 4.47912 1.70531 5.19066 
16 18.5321 8.58003 15.7792 16.4152 6.12912 15.0747 
17 23.7241 10.2505 19.7645 14.2529 5.95861 12.1245 
18 26.6098 11.1532 21.893 25.9134 10.0947 23.9044 
19 11.9167 5.58574 10.1801 11.3742 4.57509 9.95604 
20 5.58126 2.06754 4.62991 28.1463 10.969 26.3324 
21 0.081842 0.0818325 0.0818365 0 0 0 
22 20.6607 8.52181 17.4635 26.013 9.99853 23.2042 
23 19.7392 8.82657 16.8363 21.6044 9.11667 20.9513 
24 9.02418 5.64316 8.11478 3.65751 1.20714 3.14048 
25 9.55155 5.82706 8.52745 7.96758 3.50531 7.89615 
26 19.2278 9.13439 16.074 24.7421 9.66905 22.7332 
27 18.2534 8.52422 15.4755 31.539 12.1247 25.7793 
28 7.58529 5.20918 6.94945 4.57656 2.18187 5.89945 
29 21.725 9.32658 18.1087 93.7026 36.8877 83.1324 
30 0.310104 0.234275 0.28457 0.172344 0.0575092 0.15348 
31 2.65296 2.48667 2.58281 0 0 0 
32 26.47 11.0817 22.1381 26.2932 10.935 23.6623 
33 21.0438 9.26836 17.8495 19.4945 8.33498 18.5617 
34 19.9163 8.83338 16.96 20.6242 7.98645 17.2388 
35 4.77008 4.36268 4.66556 0.114835 0.0575092 0.229487 
36 17.6694 8.18103 15.116 33.9762 13.1786 28.2927 
37 27.8121 11.2082 23.395 69.6775 26.3427 57.9617 
38 19.6927 8.85628 16.7712 49.9793 18.8478 39.7762 
39 28.3337 11.289 23.628 108.571 43.2024 89.8128 
40 0.726494 0.32486 0.583184 0.344322 0.15293 0.267949 
41 3.27594 2.71206 3.08708 0.421612 0.114835 0.516484 
42 19.8953 8.94908 16.8398 23.3722 9.00256 20.4401 
43 28.9587 11.57 24.3147 58.3595 21.6222 50.7128 
44 35.1367 13.545 29.2634 70.5709 29.3852 57.8833 
45 15.794 7.64034 13.6371 25.6989 11.3571 22.811 
46 22.6774 9.80464 19.1579 44.7595 18.2126 37.3264 
47 28.4514 11.4523 23.9035 74.6005 29.2861 58.3093 
48 40.613 15.1461 33.6318 133.599 55.3231 104.929 
49 30.7884 12.6261 24.5275 138.91 56.9137 104.384 
50 0.739342 0.327514 0.569471 0 0 0 
51 0.66873 0.450783 0.607577 0.0959707 0.0382784 0.0192308 
52 4.86301 3.12898 4.38265 3.23791 1.24524 2.98791 
53 11.1584 5.57107 9.53103 11.263 3.98315 9.30733 
54 25.6411 10.555 21.5201 28.8982 10.8579 26.1487 
55 37.8751 14.3437 31.4869 77.7366 31.7038 61.3766 
56 34.6602 14.5636 28.0887 44.7341 18.1599 37.0912 
57 42.9384 15.8391 35.6183 136.601 53.7811 107.068 
58 38.1857 14.4791 31.5804 103.255 42.0256 79.2694 
59 7.37363 3.22486 5.85811 4.76777 2.12601 4.32821 
60 0.0783962 0.0783863 0.0783907 0 0 0 
61 5.51667 3.56265 5.00064 2.46978 1.13059 1.68535 
62 6.78382 3.81755 5.83188 5.4 2.29963 5.11227 
63 21.6631 8.56131 18.1307 37.1694 16.0753 33.3342 
64 40.7456 15.3029 33.6243 97.641 41.9051 84.6031 
65 35.7761 13.976 29.0725 84.6958 36.7018 74.0134 
66 8.90594 3.60923 7.31766 10.6687 4.32912 8.67875 
67 0.00361006 0.00344133 0.00347274 0 0 0 
68 0.003397 0.00337568 0.00338983 0 0 0 
69 0.781046 0.28698 0.648171 1.05293 0.306227 1.07326 
70 14.7403 5.64756 12.0772 28.5227 10.9744 22.9498 
71 9.50481 4.39159 7.57663 4.32949 1.59048 3.38938 
72 23.6377 9.48695 19.4557 42.7912 17.4696 33.2419 
73 1.08377 0.520599 0.874084 0.535531 0.22967 0.191575 
74 0.0769906 0.0409531 0.0621269 0 0 0 
75 1.61349 0.691194 1.33793 0.0192308 0 0.0190476 
