0 1.36223 0.512756 1.1258 0.0192308 0 0.0190476 
1 3.35156 1.3029 2.70055 4.67399 1.76209 3.52546 
2 1.5184 0.564948 1.2688 3.83095 1.68498 3.16355 
3 15.7998 6.45539 12.1794 5.55568 2.20183 4.61667 
4 3.08862 1.13837 2.58145 6.99029 2.66374 4.61575 
5 2.04417 0.76447 1.68894 5.78553 2.7967 4.84982 
6 0.786805 0.29475 0.649371 2.20275 0.803663 1.72564 
7 78.0572 29.3461 65.1465 113.544 45.4524 95.8526 
8 5.23354 1.94592 4.36119 11.8363 4.71392 9.88297 
9 0.748334 0.28185 0.615215 3.4641 1.01465 2.29872 
10 3.37871 1.25336 2.82062 7.58626 2.87344 6.1881 
11 3.0761 1.13236 2.57314 7.45385 3.12271 5.55513 
12 12.7406 4.79689 10.5224 18.6954 7.12344 14.5214 
13 5.74034 2.17864 4.71135 13.752 6.05256 11.591 
14 5.87472 2.16752 4.90647 5.037 2.14542 4.88498 
15 2.78149 1.0513 2.29234 6.24505 3.00897 6.01612 
16 2.03786 0.793535 1.64649 2.14432 0.843407 2.03022 
17 0.636731 0.233203 0.534833 1.24597 0.53663 0.880769 
18 6.78044 2.5927 5.5379 15.3866 6.64597 13.1615 
19 32.438 12.1416 27.0194 67.8681 28.1381 55.2973 
20 1.76952 0.680694 1.44114 5.43645 2.08901 4.04048 
21 12.2414 4.59257 10.1033 30.7967 12.141 26.9256 
22 7.90425 2.91098 6.61149 12.3485 5.09689 10.6313 
23 2.15701 0.807546 1.78605 3.48516 1.62674 4.29084 
24 0.898649 0.33025 0.753795 1.36044 0.593956 1.11227 
25 3.07049 1.13587 2.56729 2.35623 0.920147 2.75971 
26 6.42682 2.37561 5.36823 19.8665 8.58077 15.1311 
27 8.86402 3.3736 7.23752 22.893 10.0399 21.6027 
28 0.239738 0.0899366 0.197656 0.919414 0.401282 0.479487 
29 0.496006 0.200337 0.418888 0.74707 0.306777 0.728205 
30 3.55705 1.34883 2.95323 13.6767 6.32179 10.8985 
31 5.98081 2.24923 4.94522 19.0194 8.15861 17.4916 
32 4.00899 1.49027 3.34684 5.61007 2.7793 5.17216 
33 1.85108 0.707463 1.55317 4.42637 2.02967 3.73553 
34 0.946319 0.352551 0.784491 2.88993 1.3207 2.20183 
35 3.92135 1.44674 3.27492 8.02363 3.08516 6.32143 
36 3.47303 1.31888 2.85337 4.92326 2.24194 4.00348 
37 2.57847 0.955324 2.14597 6.16667 3.00623 6.14799 
38 5.69515 2.11475 4.7663 21.7962 9.25147 16.2256 
39 2.77831 1.01833 2.33167 6.87839 2.8522 5.38168 
40 6.56031 2.48473 5.37627 10.6308 4.59707 9.25238 
41 8.40642 3.41514 6.52456 3.0652 1.03425 1.57051 
42 3.67242 1.50272 2.84936 0.842491 0.421978 1.35934 
43 5.42912 1.998 4.54308 12.6601 5.45861 10.8231 
44 4.50146 1.67861 3.76762 16.5852 6.85458 14.1352 
45 22.7359 8.49248 18.9577 51.5877 21.5452 45.5092 
46 2.0299 0.7457 1.70577 4.57821 1.79927 3.10128 
47 7.00855 2.61533 5.80496 14.8082 5.76538 12.3522 
48 3.00926 1.11746 2.50386 7.52821 2.89249 5.05421 
49 19.0314 7.22603 15.8008 27.9357 10.6683 24.5381 
50 2.05938 0.766846 1.7228 4.25092 1.6293 3.48681 
51 4.76793 1.76124 3.98883 5.363 2.52711 4.1 
52 1.86358 0.683111 1.56542 3.96648 1.34158 3.1619 
53 8.25234 3.04862 6.89161 18.0038 7.85604 16.0302 
54 5.8303 2.14343 4.88165 16.0119 6.20421 13.5066 
55 1.86567 0.700821 1.54183 4.48242 1.83828 3.21832 
56 2.76169 1.06888 2.26653 14.8077 5.23077 10.361 
57 5.45892 2.04881 4.53519 16.7414 6.18846 11.8013 
58 2.3764 0.880502 1.99032 5.97711 2.66355 4.76996 
59 8.35232 3.10141 6.99132 12.0828 4.97839 10.8214 
60 6.17588 2.30717 5.11708 35.0984 13.9432 27.6984 
61 3.95211 1.45215 3.31062 13.309 4.80824 10.1504 
62 56.1875 21.9352 46.7204 59.0161 23.5211 52.9493 
63 3.48923 1.31388 2.86815 8.28956 3.35201 6.18919 
64 13.0903 4.87604 10.9617 20.1093 8.87143 16.3813 
65 2.38187 0.879168 1.99643 5.24835 2.52802 4.31154 
66 4.17555 1.71171 3.18986 0.918315 0.343773 0.555495 
67 2.1969 0.810229 1.83526 4.78718 1.99048 3.67747 
68 3.07655 1.2257 2.46424 3.77271 1.85751 3.25641 
69 0.770962 0.286132 0.644066 1.93388 0.728755 1.28297 
70 3.4108 1.25547 2.85606 11.9925 4.52179 9.23645 
71 2.41216 0.908842 1.99124 5.84267 2.45275 4.86502 
72 5.50571 2.02792 4.61432 16.4134 6.74267 13.1791 
73 4.46627 1.65612 3.71975 16.3238 6.06996 11.3978 
74 5.86046 2.1598 4.91049 11.8161 4.38535 9.30971 
75 1.45191 0.538492 1.21315 3.57949 1.49451 2.79634 
76 4.50576 1.68408 3.74487 11.0156 4.59579 8.4663 
77 4.42521 1.68735 3.65806 3.54579 1.85751 3.10513 
78 1.71884 0.636198 1.43242 4.00256 1.437 2.25971 
79 1.19639 0.438017 1.00493 4.85018 1.87729 3.0467 
80 5.71245 2.13761 4.75492 8.98571 3.77399 7.08608 
81 14.2243 5.25875 11.8998 26.7588 9.69121 23.5762 
82 1.20139 0.459427 1.00167 2.39359 1.07179 1.68608 
83 3.97901 1.4785 3.31258 13.4839 5.46007 9.34762 
84 8.37348 3.09346 7.00766 22.944 9.11777 18.1189 
85 2.72853 1.02854 2.2616 11.0143 4.35037 9.29139 
86 6.1167 2.2775 5.07971 17.8185 6.89579 13.0452 
87 6.03245 2.34715 4.861 17.8879 7.07088 12.3936 
88 1.19916 0.456309 0.993559 3.81209 1.56923 2.98755 
89 10.3765 3.85406 8.6558 17.6778 6.96941 15.2262 
90 1.92179 0.706906 1.60853 5.82161 2.12821 4.33059 
91 1.02917 0.388717 0.864469 3.37216 1.39762 2.60733 
92 2.00103 0.734233 1.67819 5.46044 2.22253 4.42418 
93 1.99181 0.753693 1.63346 3.39103 1.47546 2.91136 
94 4.58418 1.70487 3.80397 20.5355 8.42985 17.5852 
95 1.61619 0.623913 1.30194 5.55549 2.1641 3.79139 
96 2.59947 1.01609 2.07191 5.99634 2.45256 4.27418 
97 7.92841 3.23434 6.07674 86.9575 35.9526 64.3092 
98 1.35046 0.505618 1.1163 2.52766 0.880403 1.81886 
99 1.37921 0.506849 1.15749 4.27509 1.97198 3.27747 
100 0.500741 0.200698 0.390084 2.10549 0.9 1.53187 
101 0.96457 0.363545 0.793267 2.35641 1.11044 1.57088 
102 3.95044 1.4578 3.30461 9.97857 4.71282 9.17088 
103 1.15865 0.43211 0.962481 3.96685 1.41795 3.00879 
104 5.07116 1.89407 4.22501 15.576 6.28553 13.7322 
105 17.2614 6.40941 14.4595 48.0769 18.0456 38.0795 
106 1.1522 0.43646 0.963099 1.89817 0.670696 1.34121 
107 3.33595 1.23418 2.78973 6.60733 3.15824 5.5696 
108 11.2444 4.17592 9.39219 20.2251 7.98938 16.5103 
109 1.54205 0.599917 1.23314 4.56117 2.06941 6.79634 
110 1.1448 0.42958 0.952786 6.14579 2.56612 4.84689 
111 5.31253 1.96677 4.42846 21.7764 8.10201 17.446 
112 2.82736 1.08093 2.2948 7.18315 2.99084 5.23004 
113 1.6753 0.656194 1.33228 5.82253 2.31648 4.52051 
114 4.05077 1.49947 3.38689 11.0507 4.42601 10.0183 
115 4.58227 1.69913 3.84132 9.90128 3.96557 8.54286 
116 1.65778 0.618558 1.37295 6.4544 2.60421 4.71465 
117 12.051 4.4862 10.0317 40.6709 15.3005 32.0084 
118 0.893286 0.332988 0.740503 4.9196 1.72436 3.27363 
119 3.63183 1.358 3.04256 8.6544 3.29579 7.08645 
120 4.39309 1.62746 3.66198 10.9538 4.15586 9.15714 
121 3.25482 1.20546 2.71554 9.58993 4.17527 7.96575 
122 1.11667 0.411218 0.934835 11.4341 4.44396 9.63388 
123 2.47552 0.94359 2.01556 14.0341 5.11026 10.2465 
124 3.02163 1.12255 2.51914 9.45971 4.11777 9.19029 
125 51.1325 19.5716 42.7492 43.2857 17.1434 40.156 
126 8.984 3.52475 7.50812 6.33938 2.56538 7.01337 
127 3.8343 1.57896 3.23321 3.39084 1.83773 4.97784 
128 1.02764 0.380421 0.859683 1.60861 0.803846 1.14762 
129 4.94817 1.8498 4.10979 16.9487 6.51044 14.7112 
130 6.40765 2.40036 5.30062 25.0359 9.63443 21.509 
131 1.07567 0.42594 0.862085 1.95348 0.631502 1.49341 
132 2.24716 0.826458 1.88134 9.8815 4.04414 8.6804 
133 15.0305 5.53703 12.6061 22.1236 8.61868 20.1976 
134 4.73664 1.74561 3.97042 9.49817 3.56154 7.25879 
135 27.3665 10.6328 22.6449 35.8103 13.4225 32.1366 
136 2.37805 0.946381 1.95104 1.49396 0.747619 1.45458 
137 1.06175 0.392902 0.889947 3.02637 1.37912 5.49524 
138 1.88457 0.704029 1.57197 7.21703 2.64524 5.78278 
139 3.00378 1.13287 2.47606 5.42234 2.06832 4.7152 
140 6.72904 2.56445 5.59393 9.11465 3.83168 8.02637 
141 5.17209 1.90739 4.33475 56.9082 22.487 47.4412 
142 0.647041 0.244463 0.536473 4.40183 2.10495 4.02051 
143 3.31211 1.30924 2.64579 4.5174 1.45531 3.50147 
144 7.05672 2.69592 5.83357 8.27399 2.89103 7.68077 
145 2.06707 0.778539 1.71391 4.07692 1.95311 4.40586 
146 43.2816 16.5517 35.3702 34.9183 13.9462 32.2132 
147 3.44524 1.28818 2.84975 10.883 4.47912 10.0945 
148 3.22311 1.1961 2.69059 12.5368 4.937 13.4407 
149 3.03963 1.17271 2.49987 3.79139 1.76227 3.10092 
150 1.65351 0.60924 1.38844 2.10659 0.650183 1.28223 
151 4.82135 1.77697 4.04132 4.91923 2.12527 4.38443 
152 24.5834 9.26034 20.3803 28.7516 11.2797 27.1971 
153 1.0481 0.394497 0.872687 3.23608 0.957509 2.56685 
154 0.998991 0.372396 0.839747 0.287179 0.114469 0.133516 
155 2.91603 1.11169 2.45748 1.68425 0.632051 2.71758 
156 0.323137 0.17221 0.277327 0.0575092 0.0765568 0.210256 
157 5.78211 2.35943 4.49966 6.83718 2.89176 5.45788 
158 3.82674 1.51278 3.04264 6.41575 2.14707 5.21392 
159 2.03105 0.8238 1.57615 0.364286 0.0765568 0.36337 
