0 0.35745 0.342931 0.35599 0.248901 0.0384615 0.134249 
1 2.58548 1.54267 2.32051 11.4134 5.09469 9.90678 
2 0.355112 0.339744 0.347235 0.210989 0.0380952 0.114652 
3 2.14904 1.14642 1.76368 9.34615 3.52363 6.86136 
4 1.17613 0.694161 1.06072 1.78022 0.46044 1.30128 
5 0.339106 0.336 0.339103 0.0192308 0 0.0190476 
6 0.961059 0.637615 0.843306 3.73388 1.87656 3.10513 
7 0.336 0.336 0.336 0 0 0 
8 2.11218 1.2134 1.73632 10.2288 4.36832 7.69908 
9 1.45509 0.870103 1.40287 14.7806 5.46062 11.7176 
10 1.1532 0.693176 1.00799 9.7293 3.52656 7.39853 
11 1.05218 0.637655 0.955625 0.727656 0.325458 0.536447 
12 1.38443 0.832991 1.317 9.67125 3.65952 7.92821 
13 7.07066 4.57031 7.46472 0.344139 0.133883 0.287179 
14 2.32296 1.41065 2.4248 0.364103 0.115018 0.286996 
15 2.79633 1.61401 2.56716 17.7163 7.37784 14.7476 
16 2.4592 1.4381 2.22122 6.12747 2.24231 4.73077 
17 1.20587 0.726289 1.13154 6.58736 2.60476 7.02784 
18 2.30983 1.39429 2.44867 3.35128 1.55073 3.13974 
19 3.27156 1.94078 3.46335 2.71886 1.35806 2.81465 
20 2.79305 1.60831 2.56065 15.3641 5.76447 10.8577 
21 1.86604 1.12502 1.92102 1.70458 0.709158 1.37985 
22 3.20456 1.95468 3.40757 1.0348 0.382784 0.994505 
23 2.51366 1.46724 2.2825 14.5322 5.72857 13.7377 
24 0.336 0.336 0.336 0 0 0 
25 4.08412 2.28412 3.51371 17.1042 6.68443 12.9286 
26 1.02864 0.640596 0.985554 3.79304 1.78095 3.58608 
27 0.339103 0.336 0.339106 0.0190476 0 0.0192308 
28 1.36491 0.815418 1.30196 7.16227 2.68297 5.95623 
29 2.48635 1.45956 2.24567 6.58755 2.39451 6.0141 
30 6.04183 3.77851 6.29594 0 0 0 
31 2.49886 1.46243 2.26218 17.4877 7.3141 14.8432 
32 4.06006 2.41721 4.27023 0 0 0 
33 0.348424 0.336 0.339106 0.0769231 0 0.0192308 
34 2.09617 1.25707 2.22225 3.08333 1.60952 2.92894 
35 1.2887 0.771387 1.21953 2.62363 0.822344 2.72088 
36 2.78617 1.60379 2.56209 14.2868 5.45531 13.3683 
37 4.7383 3.01927 5.04931 1.74249 0.497985 1.41795 
38 2.49177 1.45862 2.25498 12.0454 4.88425 10.4225 
39 1.19849 0.721714 1.12244 0.0954212 0.0956044 0.114652 
40 0.339583 0.337791 0.341374 0 0 0 
41 1.12275 0.670687 1.01161 1.18773 0.402015 0.918315 
42 1.37503 0.782311 1.27897 0 0 0 
43 3.13707 1.87568 3.31748 1.5707 0.766484 1.83828 
44 0.360826 0.336 0.37325 0.152564 0 0.229487 
45 0.956158 0.634883 0.839179 0.0767399 0.0957875 0.133883 
46 2.60253 1.55554 2.3346 13.2509 6.01319 11.7421 
47 4.04231 2.56932 4.29703 0.74652 0.306593 0.804396 
48 1.20538 0.70071 1.13014 0.306777 0.0575092 0.171795 
49 3.27467 1.93572 3.47257 2.33571 0.919048 1.81832 
50 0.336 0.336 0.336 0 0 0 
51 4.22397 2.35102 3.63997 20.3553 8.59817 16.3002 
52 1.11418 0.658269 1.04504 0.344689 0.230037 0.689377 
53 1.05164 0.642604 0.965722 8.34927 3.52564 7.54634 
54 6.25827 4.0642 6.59381 0.728022 0.382418 1.22363 
55 2.90124 1.78956 3.07036 0.325458 0.134249 0.211172 
56 4.43266 2.4426 3.87824 36.1842 13.7255 28.9941 
57 5.15691 3.27699 5.47711 1.64487 0.670147 2.4511 
58 1.46306 0.873848 1.41953 0.172711 0.0380952 0.192125 
59 1.45623 0.826835 1.36523 7.96703 2.48846 6.03352 
60 1.59112 0.958749 1.57967 1.89835 0.727473 1.66667 
61 2.63641 1.57453 2.79417 4.71264 1.78205 3.54286 
62 0.336 0.336 0.336 0 0 0 
63 3.57616 2.19201 3.79643 0.592308 0.115201 0.459524 
64 0.860759 0.573782 0.81906 0.172344 0.0761905 0.0954212 
65 1.54073 0.910202 1.47792 12.4299 4.86429 11.5875 
66 2.62708 1.57239 2.35401 19.4253 7.92949 15.2471 
67 2.48345 1.45676 2.24516 15.6176 7.16447 13.4883 
68 4.43484 2.43494 3.89434 20.1868 7.62381 17.7736 
69 3.66207 2.22235 3.87214 3.73462 1.16813 2.75861 
70 1.19725 0.704992 1.08136 6.45385 2.29835 5.07729 
71 1.2617 0.710631 1.1732 0.383516 0.0765568 0.210806 
72 2.80066 1.61361 2.57042 28.1549 10.8255 23.8723 
73 4.01476 2.24786 3.46313 23.6383 10.7073 21.091 
74 2.65655 1.62745 2.7644 1.6848 0.651282 1.55183 
75 3.90614 2.46279 4.1576 2.96868 1.26319 3.48608 
76 2.52773 1.53532 2.68312 0.0380952 0.0192308 0.134066 
77 0.692724 0.477636 0.650558 0.267949 0.0956044 0.134066 
78 5.25807 3.2987 5.55069 0.286813 0.15348 0.650366 
79 2.60695 1.55898 2.33769 8.77234 3.81392 8.57912 
80 1.24043 0.719697 1.13127 0.363736 0.28663 0.422161 
81 3.14734 1.93898 3.34909 0 0 0 
82 1.36673 0.817178 1.30444 7.48864 2.81337 6.95183 
83 4.41841 2.43246 3.86584 13.0604 6.01465 11.2011 
84 1.23376 0.741387 1.15992 0.153114 0.0575092 0.497253 
85 4.0785 2.28038 3.51324 18.0031 7.3381 15.4201 
86 2.13076 1.13489 1.74755 0 0 0 
87 1.13622 0.674704 1.02406 0 0 0.0190476 
88 2.15518 1.15005 1.76952 4.54212 1.89689 3.9478 
89 0.336 0.336 0.336 0 0 0 
90 0.7625 0.509783 0.715049 5.51538 2.1641 4.94194 
91 1.21347 0.729662 1.13869 0.44011 0.115018 1.32033 
92 3.07377 1.87982 3.27234 0 0.0192308 0 
93 4.44453 2.43929 3.90613 32.1524 13.5949 27.0203 
94 1.47634 0.881517 1.49122 1.03407 0.460806 1.07308 
95 7.73753 5.04881 8.19219 0.0957875 0.115018 0.153114 
96 1.3683 0.78096 1.2873 3.62125 1.34048 3.46685 
97 1.00082 0.621951 0.951116 0.306227 0.057326 0.191392 
98 1.22519 0.736009 1.1496 0.364103 0.133883 0.286813 
99 2.56016 1.565 2.6775 0.631136 0.363919 0.67033 
100 4.12092 2.30166 3.54633 14.6954 5.76392 10.187 
101 0.839802 0.563473 0.799461 0.67033 0.345055 0.670147 
102 1.69981 1.03261 1.55717 10.9158 4.05934 9.63864 
103 2.14216 1.28724 2.26577 1.45641 0.766667 1.43645 
104 2.14986 1.14723 1.76478 6.56886 2.74048 5.21154 
105 1.03437 0.6311 0.974604 0.901099 0.363919 0.803846 
106 4.41521 2.41117 3.89615 14.2885 5.93242 13.6727 
107 0.925006 0.602016 0.877597 4.31337 1.61007 3.73681 
108 1.19006 0.700088 1.07511 0.632418 0.364469 0.459341 
109 2.49126 1.45935 2.25274 21.9625 8.31484 17.0758 
110 0.336 0.336 0.336 0 0 0 
111 3.86413 2.1612 3.33385 3.42692 1.35971 2.51044 
112 1.51833 0.898473 1.45568 8.83168 3.14121 8.52326 
113 2.36762 1.44026 2.4865 0 0 0 
114 4.14232 2.31446 3.56703 30.7079 12.9106 25.2434 
115 2.29078 1.38905 2.37991 4.6152 1.97308 4.29084 
116 0.96634 0.607876 0.901745 4.56081 1.78187 4.04158 
117 4.05776 2.26757 3.49568 8.62308 3.25568 7.93095 
118 2.79248 1.60805 2.56482 14.9179 5.72839 13.3725 
119 3.03816 1.88538 3.20703 2.75751 1.07308 2.22106 
120 2.1609 1.1545 1.77465 22.506 8.90751 17.1427 
121 4.09477 2.28946 3.52449 17.5315 7.37692 12.7368 
122 1.55033 0.884796 1.49368 7.69853 2.64414 5.53681 
123 3.52382 2.17626 3.74953 0.153114 0.114835 0.0957875 
124 1.1519 0.687774 1.03685 8.15733 3.64084 6.45513 
125 1.90995 1.12336 1.96862 1.0163 0.497802 0.918132 
126 9.74502 6.56015 10.3068 0 0 0 
127 4.37642 2.72009 4.63386 0.0576923 0.0575092 0.114835 
128 0.336 0.336 0.336 0 0 0 
129 1.94676 1.17189 2.02087 1.11081 0.440293 1.13077 
130 1.67126 1.00079 1.66145 1.78168 0.612821 1.66612 
131 3.98087 2.22904 3.43407 24.843 10.8222 21.2822 
132 1.03631 0.633049 0.948561 0.555861 0.230403 0.345421 
133 2.28609 1.34778 2.4137 0.842491 0.38315 1.37839 
134 2.49979 1.4617 2.26362 13.9786 5.40092 11.9143 
135 0.973126 0.611337 0.927493 0 0 0 
136 0.941056 0.585476 0.886119 0 0 0 
137 0.354044 0.339526 0.346578 0 0 0 
138 2.47898 1.45149 2.24165 5.55586 2.00989 5.07729 
139 1.09189 0.654901 0.985475 0.115201 0 0.0954212 
140 1.23125 0.739364 1.15427 0.0765568 0 0.0192308 
141 1.14974 0.677806 1.07919 4.21282 1.39744 3.50568 
142 2.46981 1.44613 2.23272 6.74286 2.58553 5.90018 
143 1.50087 0.904547 1.45633 15.5727 6.11099 13.1198 
144 1.27081 0.762449 1.19755 0 0 0 
145 3.23604 2.00978 3.43542 1.55037 0.632234 1.80073 
146 6.41742 4.11433 6.83163 0.15293 0.0763736 0.15293 
147 2.09844 1.20568 1.72364 0 0 0 
148 4.78483 2.91119 5.00688 0 0 0 
149 0.336 0.336 0.336 0 0 0 
150 2.61088 1.56112 2.34062 22.2055 9.4619 17.3015 
151 2.37787 1.44499 2.50518 0 0 0 
152 2.0361 1.22818 2.11828 0.191941 0.0957875 0.22967 
153 1.27754 0.72169 1.19102 7.71923 3.00568 7.44872 
154 1.69153 1.02904 1.54941 5.74451 2.68095 4.86593 
155 1.14295 0.701318 1.11321 6.11081 2.64359 5.51978 
156 2.13673 1.28696 2.2491 0 0 0 
157 3.51291 2.08757 3.71302 1.49267 0.613004 1.45659 
158 4.21424 2.63544 4.47759 0.9 0.402564 0.842674 
159 0.336 0.336 0.336 0 0 0 
160 3.19999 1.99054 3.39031 6.13022 2.47125 5.65348 
161 0.906741 0.597556 0.863319 6.91062 3.15916 6.56648 
162 4.72581 3.01574 4.95347 0.171978 0.0961538 0.248718 
163 4.26617 2.57505 4.48062 0 0 0 
164 4.12643 2.3062 3.54988 25.9212 10.0905 18.5797 
165 0.72549 0.49224 0.680652 2.95 0.995421 2.54744 
166 0.529937 0.391876 0.519039 1.24341 0.344322 1.24487 
167 1.79296 1.04188 1.81479 5.2663 2.28004 5.3826 
168 0.336 0.336 0.336 0 0 0 
169 1.36065 0.774459 1.27543 0.0382784 0.0190476 0.0380952 
170 2.7543 1.6348 2.90433 1.55092 0.785348 1.45586 
171 3.85355 2.15612 3.32599 9.3804 3.79414 7.45311 
172 2.79419 1.60903 2.56555 18.1352 6.74212 14.8833 
173 4.22456 2.34911 3.64144 8.58315 3.85018 7.77766 
174 0.336 0.336 0.336 0 0 0 
175 2.29657 1.35261 2.4304 3.08168 1.35879 2.45018 
176 1.10427 0.660065 0.995276 0 0 0 
177 1.36197 0.775935 1.26461 0.574176 0.172894 0.707692 
178 1.00317 0.605452 0.939578 0.0765568 0.0382784 0.057326 
179 1.41692 0.804665 1.32869 0.440842 0.191941 0.650549 
180 2.63932 1.58404 2.36241 16.1038 7.42839 11.9886 
181 4.35124 2.40831 3.77165 21.8925 8.23864 14.694 
182 3.60594 2.16269 3.80847 1.37912 0.536081 1.34048 
183 2.51797 1.48756 2.26742 9.78462 3.88736 8.1196 
184 7.83174 5.13673 8.30212 0 0 0 
185 0.336 0.336 0.336 0 0 0 
186 1.34097 0.803667 1.27225 6.20641 2.31648 4.29103 
187 4.34475 2.66213 4.57679 0 0 0 
188 4.1441 2.31327 3.56837 9.96337 4.61795 9.49835 
189 1.21405 0.730668 1.13633 3.79414 1.68553 2.77729 
190 2.639 1.58151 2.36623 22.0599 9.30788 20.4584 
191 4.27825 2.37461 3.69436 20.2092 8.19799 16.0907 
192 1.23787 0.744073 1.16452 2.04982 1.24451 2.37546 
193 4.33164 2.3975 3.74823 23.7883 8.94359 19.6128 
194 0.952338 0.632406 0.835605 0 0 0 
195 0.336 0.336 0.336 0 0 0 
196 1.95943 1.17793 2.04541 0.15293 0.15348 0.15348 
197 4.43232 2.43579 3.88828 21.3179 8.6359 19.3077 
198 2.13049 1.28668 2.21323 0.0575092 0.0769231 0.0380952 
199 1.03555 0.632613 0.948662 1.37894 0.670147 1.49414 
200 2.10917 1.27375 2.16405 0.728022 0.287546 0.421612 
201 4.32095 2.39338 3.73793 25.9009 10.3463 21.7963 
202 1.2693 0.73056 1.16341 0 0 0 
203 2.8098 1.73144 2.96235 0.439927 0.248901 0.286813 
204 4.35936 2.41117 3.78196 29.1 11.3396 23.3126 
205 4.11073 2.29781 3.5398 14.7542 6.45531 12.1826 
206 2.63691 1.58004 2.36297 16.0095 6.6456 13.7161 
207 0.339766 0.337885 0.341649 0.0380952 0.0192308 0.0571429 
208 1.29278 0.776472 1.21778 0.690293 0.268315 0.649817 
209 0.670245 0.467597 0.630487 0.0192308 0 0.0190476 
210 0.986994 0.614299 0.936698 0 0 0 
211 4.24705 2.36234 3.66126 25.6295 11.1663 21.9473 
212 1.28403 0.721844 1.19426 12.4308 4.34707 11.0919 
213 0.352012 0.342209 0.353318 0.115018 0.0382784 0.114835 
214 2.0818 1.22108 2.16504 0.171795 0.134066 0.172344 
215 1.13158 0.683082 0.989615 0.593773 0.305861 0.38315 
216 1.59976 0.917225 1.53069 10.8018 4.23352 9.86264 
217 1.2647 0.712909 1.17664 1.76282 0.45989 1.16758 
218 1.26574 0.759326 1.19414 0.0956044 0.0190476 0.0382784 
219 8.46374 5.52169 9.22553 0.0192308 0.0190476 0.191209 
220 4.20072 2.34253 3.61588 29.9445 12.1456 22.0469 
221 3.86597 2.16201 3.33433 7.3174 2.83388 4.80952 
222 1.2087 0.727161 1.13084 4.49982 1.76062 3.77527 
223 0.953462 0.632981 0.836532 0.900183 0.325641 0.651648 
224 1.1832 0.714372 1.10889 0.554762 0.421062 0.708425 
225 0.336 0.336 0.336 0 0 0 
226 1.31471 0.788802 1.24232 5.85879 1.93516 5.57326 
227 0.336 0.336 0.336 0 0 0 
228 2.48089 1.45339 2.2434 16.9982 6.9348 14.8899 
229 6.37085 4.05541 6.72084 0.38315 0.114835 0.802747 
230 2.08911 1.26061 2.18378 0 0 0 
231 3.89163 2.28981 4.11075 0 0 0 
232 1.1436 0.688871 1.00104 5.24817 1.95549 4.25256 
233 1.11031 0.664504 1.13803 5.82179 2.22271 6.01227 
234 0.336 0.336 0.336 0 0 0 
235 4.05028 2.26609 3.49055 21.1821 8.44304 18.3134 
236 0.336 0.336 0.336 0 0 0 
237 2.50674 1.46395 2.27074 15.8425 5.47656 13.1767 
238 3.90439 2.18442 3.3689 8.06429 3.27527 7.89341 
239 4.18591 2.33247 3.60264 16.9896 6.39872 12.1844 
240 1.25592 0.75329 1.17885 1.60897 0.401832 1.07308 
241 4.07312 2.27855 3.50867 22.3302 9.34579 17.7332 
242 4.10348 2.29549 3.53398 29.0582 13.1009 23.7927 
243 5.33088 3.43928 5.69738 1.11099 0.497619 0.978205 
244 4.19262 2.33758 3.61071 34.0137 13.9817 26.2632 
245 1.32355 0.759529 1.24618 0.421062 0.210989 0.710073 
246 0.336 0.336 0.336 0 0 0 
247 4.29345 2.38086 3.70692 24.1227 9.32692 18.9791 
248 4.44525 2.43664 3.91247 37.4093 13.8875 33.209 
249 2.09175 1.20196 1.71702 0.190842 0.0192308 0.0765568 
250 6.70278 4.37778 7.18191 0.747436 0.401648 0.957875 
251 3.74273 2.33522 3.98508 0 0 0.0380952 
252 4.07339 2.4143 4.28673 0 0 0 
253 1.29296 0.742023 1.21289 0.0192308 0.0192308 0.0192308 
254 2.13082 1.22819 1.7518 40.5385 16.8621 29.8114 
255 2.15088 1.14773 1.76537 1.74286 0.74652 1.11099 
256 2.0915 1.19465 1.72212 7.65879 3.0652 6.18498 
257 4.26404 2.36936 3.6791 21.7441 9.46264 17.2775 
258 1.44468 0.824289 1.37217 2.24231 0.84304 2.69982 
259 0.336 0.336 0.336 0 0 0 
260 4.17023 2.32724 3.58904 31.3991 12.2995 24.0082 
261 3.87859 2.17057 3.34833 11.7407 5.2293 11.7029 
262 2.36043 1.42827 2.49991 0 0 0 
263 4.08522 2.28581 3.51717 44.6273 17.4505 35.7242 
264 0.944443 0.579532 0.884787 0 0 0 
265 1.48685 0.843684 1.40124 4.57857 1.81868 4.38626 
266 6.20217 4.00217 6.66098 0.688095 0.172344 0.402198 
267 1.21751 0.732063 1.13935 4.13571 1.74212 2.90916 
268 0.336 0.336 0.336 0 0 0 
269 0.971651 0.604473 0.917869 0 0 0 
270 4.40615 2.43667 3.83646 59.891 24.5342 48.0416 
271 9.73811 6.60014 10.2256 0 0 0 
272 0.336 0.336 0.336 0 0 0 
273 0.336 0.336 0.336 0 0 0 
274 5.19892 3.20585 5.43705 0 0 0 
275 1.69769 1.03255 1.55532 8.48443 3.54414 7.66502 
276 1.79751 1.08327 1.83761 4.61612 1.62821 4.1359 
277 2.1472 1.14556 1.76227 1.99212 0.919414 1.53425 
278 1.28396 0.73809 1.17948 0.61337 0.324725 0.650916 
279 3.30591 2.00075 3.50452 3.21777 1.24597 3.29469 
280 4.06267 2.27209 3.49659 14.6685 5.49744 11.5705 
281 0.336 0.336 0.336 0 0 0 
282 4.0648 2.27351 3.50224 20.4945 8.19707 16.7189 
283 4.04497 2.26357 3.48505 24.1921 9.38333 20.0357 
284 2.62958 1.57329 2.35661 22.4092 8.25934 18.3059 
285 1.48675 0.885714 1.42162 5.07821 2.37582 4.25256 
286 1.14782 0.711721 1.14673 6.36209 2.62491 6.47491 
287 1.33138 0.759989 1.23125 0 0.0192308 0.0190476 
288 0.908852 0.596319 0.8641 1.49212 0.458974 1.28187 
289 6.95498 4.56576 7.37413 0 0 0 
290 2.81517 1.72874 2.98402 0 0 0 
291 3.03525 1.87798 3.1646 0.344505 0.249084 0.574542 
292 0.929881 0.574886 0.872173 0 0 0 
293 1.51592 0.851721 1.43103 3.10531 1.28223 2.79396 
294 4.21922 2.34932 3.63434 27.217 10.4802 21.1143 
295 1.20939 0.725557 1.12899 3.48553 1.01502 2.75861 
296 1.70713 1.03767 1.56253 12.3203 5.13443 10.1723 
