0 2.70512e+06 5.43512e+06 6.46929e+06 0.87967 1.75861 2.29432 
1 3.03172e+06 5.94865e+06 7.07037e+06 4.80037 10.3658 12.0084 
2 3.58216e+06 7.33961e+06 8.31831e+06 0.153297 0.153114 0.15293 
3 4.66137e+06 9.30336e+06 1.06763e+07 1.14652 2.71593 3.65293 
4 2.58725e+06 5.3707e+06 6.00958e+06 0.0769231 0.0380952 0.0571429 
5 1.58629e+06 3.35653e+06 3.76028e+06 1.89322 5.44835 5.65989 
6 4.06099e+06 8.36256e+06 9.7959e+06 0.497253 0.995604 1.07106 
7 26.1154 46.4254 54.6056 10.8081 21.4027 24.7502 
8 45.2395 80.0756 96.4747 4.47527 9.37125 9.91117 
9 1.68449e+06 3.40657e+06 4.23315e+06 5.35476 11.6885 14.6269 
10 4.10856e+06 8.26045e+06 9.56351e+06 0.171978 0.401832 0.668498 
11 3.97369e+06 7.84872e+06 9.07655e+06 0.22967 0.28663 0.439377 
12 1.42451e+06 2.78229e+06 3.30655e+06 0 0 0 
13 8.84877 20.171 22.3084 0.611722 1.64414 1.74212 
14 3.74944e+06 7.82599e+06 9.12221e+06 0.0761905 0.15293 0.152747 
15 1.97095e+06 4.02525e+06 4.71253e+06 10.7864 23.9262 28.4619 
16 2.62043e+06 5.59008e+06 6.52749e+06 0.057326 0.191026 0.305861 
17 5.24766e+06 1.05029e+07 1.22358e+07 2.21996 4.62692 6.04158 
18 1.77636e+06 3.67406e+06 4.2987e+06 3.61575 7.80128 9.41081 
19 3.90926e+06 8.17028e+06 9.3434e+06 0.306227 0.784249 0.745604 
20 846067 1.7006e+06 2.04179e+06 1.72051 2.84725 4.13022 
21 943173 1.77266e+06 2.09421e+06 0.631502 1.53059 1.30073 
22 3.90498e+06 7.85499e+06 9.33054e+06 0.477656 0.916667 0.995238 
23 3.8591e+06 7.9303e+06 9.63933e+06 0.153114 0.649451 0.28663 
24 1.24629e+06 2.3498e+06 2.7278e+06 7.43993 12.6212 17.6174 
25 30.5706 54.7016 68.2992 3.78608 7.70842 8.41868 
26 616887 1.24993e+06 1.4156e+06 12.8881 24.0229 29.0013 
27 4.16659e+06 8.17732e+06 9.11188e+06 0 0 0 
28 1.23712e+06 2.56103e+06 2.94814e+06 0.650549 1.56868 1.60641 
29 560568 1.11424e+06 1.29341e+06 12.8147 25.3198 30.8736 
30 802717 1.60914e+06 1.91525e+06 3.09597 6.57619 6.86374 
31 2.81166e+06 5.56406e+06 6.45983e+06 0.344322 0.650549 0.611172 
32 11.0518 21.2234 25.6275 6.31099 12.2608 14.6158 
33 1.1962e+06 2.36796e+06 2.7074e+06 2.79029 7.01996 7.32473 
34 3.26287e+06 6.49129e+06 7.358e+06 0 0 0 
35 3.4932e+06 7.06946e+06 8.11625e+06 2.37161 5.85201 6.50092 
36 2.8629e+06 5.97139e+06 6.7313e+06 0.688828 1.39652 1.62509 
37 5.14016e+06 9.77759e+06 1.19942e+07 0.592857 1.7978 1.49139 
38 7.99163 18.6167 20.5158 0.28663 0.420696 0.72619 
39 4.19822 11.2941 10.307 2.52418 7.07491 6.44451 
40 3.40967e+06 7.20851e+06 7.98924e+06 0.0957875 0.229304 0.191209 
41 1.42297e+06 2.96964e+06 3.48099e+06 17.2465 36.2614 45.5031 
42 3.51418e+06 6.96522e+06 8.08454e+06 2.90641 7.53297 7.64963 
43 3.35808e+06 6.90611e+06 8.41431e+06 3.5381 7.59542 8.39579 
44 4.68074e+06 9.58509e+06 1.14397e+07 4.16905 9.80678 10.6896 
45 0.336 0.336 0.336 0 0 0 
46 1.5413e+06 3.10195e+06 3.54589e+06 0 0 0 
47 1.11369e+06 2.30296e+06 2.63575e+06 8.31447 18.1725 21.0956 
48 1.98121e+06 4.0286e+06 4.52512e+06 0.401099 0.897985 1.1859 
49 1.01182e+06 2.05182e+06 2.34744e+06 0.114835 1.31868 0.439377 
50 6.81182 14.0916 17.3363 1.91355 4.28278 5.26099 
51 46.6779 81.2903 97.876 10.3478 21.1599 27.219 
52 894920 1.84553e+06 2.13113e+06 0.0190476 0.210623 0.172344 
53 1.77193e+06 3.63001e+06 4.19766e+06 0.363004 0.439377 0.593773 
54 1.74742e+06 3.53982e+06 4.12166e+06 0 0.0190476 0 
55 5.23642e+06 1.00547e+07 1.23745e+07 0.0190476 0 0 
56 46.6359 81.2766 97.7915 8.45256 16.2385 20.0996 
57 1.92488e+06 3.89783e+06 4.37216e+06 7.8207 15.2064 19.2828 
58 30.7562 54.8514 68.4977 3.02271 6.25293 7.66832 
59 2.98487e+06 6.15301e+06 7.13713e+06 5.02949 9.96758 12.2828 
60 2.40653e+06 4.86512e+06 5.47369e+06 0 0 0 
61 5.13066e+06 9.66448e+06 1.15447e+07 0 0 0 
62 46.5822 81.201 97.7798 6.29322 12.2456 16.9269 
63 1.34551e+06 2.79801e+06 3.19526e+06 12.0897 22.3207 30.0744 
64 2.61972e+06 5.26376e+06 5.9662e+06 4.24359 11.1134 12.2987 
65 2.43824e+06 4.90985e+06 5.99889e+06 1.35769 3.44322 4.09377 
66 866291 1.81029e+06 2.03384e+06 0.114835 0.286447 0.363919 
67 1.75811e+06 3.51559e+06 4.19587e+06 6.63443 12.909 16.9652 
68 42.408 83.7552 102.966 24.4231 49.7288 61.8505 
69 5.31013e+06 1.05193e+07 1.2391e+07 0.363004 0.974725 0.995055 
70 1.03654e+06 2.10315e+06 2.50108e+06 1.22399 2.37106 2.00751 
71 25.6905 45.8209 54.1745 7.9381 16.4088 20.4297 
72 1.18944e+06 2.50166e+06 2.88843e+06 5.37454 11.6639 14.778 
73 2.42695e+06 4.78413e+06 5.56515e+06 5.65916 11.0333 15.1273 
74 3.49579e+06 7.19916e+06 8.356e+06 1.33718 2.73388 2.65641 
75 4.55993e+06 9.22252e+06 1.07864e+07 0 0 0 
76 3.60196e+06 7.2376e+06 8.38696e+06 5.83205 11.6278 13.2143 
77 2.03002e+06 4.28898e+06 5.06493e+06 0.0575092 0.171612 0.28663 
78 2.93835e+06 5.9665e+06 7.01546e+06 0.114469 0.15293 0.0957875 
79 26.5871 48.5527 66.4272 16.7394 30.5606 41.8004 
80 5.23999e+06 1.04406e+07 1.2174e+07 0.0192308 0.134066 0.0380952 
81 5.01882e+06 9.99555e+06 1.15612e+07 1.72198 3.53663 4.61044 
82 2.99936e+06 6.23835e+06 7.33632e+06 3.15586 8.41648 8.81886 
83 0.798328 0.915567 1.20772 0.305678 0.382784 0.573993 
84 4.69336 11.5149 13.5919 1.91062 4.99176 5.45073 
85 4.12133e+06 8.21832e+06 9.55985e+06 0 0 0 
86 4.62194 11.3529 13.7115 0.172711 0.706777 0.573077 
87 913075 1.91865e+06 2.18008e+06 2.64121 5.94725 6.9989 
88 2.0336e+06 4.11257e+06 4.7805e+06 6.04432 13.1194 15.569 
89 232181 459624 533413 5.06905 11.5509 11.5696 
90 1.42808e+06 2.96038e+06 3.43804e+06 0.382601 1.07106 1.58626 
91 3.34616e+06 6.56302e+06 7.63888e+06 4.83736 11.2839 12.3377 
92 4.3602e+06 8.62861e+06 1.01831e+07 7.03773 13.5062 15.3463 
93 5.22358 12.3334 14.9327 2.46538 5.96722 7.93535 
94 16.1282 35.0706 41.1241 10.1372 22.0945 25.9022 
95 14.5619 32.6234 34.6614 9.15916 20.565 21.8372 
96 0.336 0.336 0.336 0 0 0 
97 3.26547e+06 6.33634e+06 7.6822e+06 5.37527 11.8196 13.7297 
98 4.85675e+06 9.0501e+06 1.08223e+07 1.47198 3.00183 3.19359 
99 1.0085e+06 2.12303e+06 2.47744e+06 1.60659 2.75385 3.76685 
100 3.21781e+06 6.55823e+06 8.03748e+06 3.97674 9.62509 10.746 
101 3.20508e+06 6.85409e+06 7.69051e+06 0.0190476 0.190842 0.0190476 
102 885529 1.8527e+06 2.07719e+06 5.71813 10.0965 14.5388 
103 9.07273 19.1397 23.337 0.0952381 0.1337 0.267399 
104 3.24145e+06 6.47585e+06 7.57555e+06 0.114469 0.286447 0.325458 
105 7.0187 14.4109 17.7468 3.52179 7.45861 9.42729 
106 2.44431e+06 5.30081e+06 5.81824e+06 1.33773 3.44249 3.48205 
107 5.02803e+06 9.84277e+06 1.17311e+07 0.115018 0.477656 0.553663 
108 5.00159e+06 9.60287e+06 1.23217e+07 0 0.0380952 0 
109 4.15535e+06 8.21189e+06 1.0177e+07 0.765751 1.45366 1.45256 
110 2.79974e+06 5.39647e+06 6.28995e+06 1.62491 4.03333 4.53242 
111 30.8182 54.883 68.5007 8.09048 15.8751 20.063 
112 894784 1.88221e+06 2.13323e+06 9.23626 17.787 22.2046 
113 4.54682e+06 9.20905e+06 1.0822e+07 1.26136 3.57582 2.94505 
114 3.96543e+06 8.04912e+06 9.76545e+06 0.535714 1.33846 1.33828 
115 1.21152e+06 2.49497e+06 2.95307e+06 0.0575092 0.49707 0.153114 
116 483662 971822 1.11496e+06 11.2251 23.3755 29.1681 
117 0.393781 0.509344 0.657091 0.0380952 0.114286 0.210989 
118 3.46926e+06 7.36139e+06 8.32915e+06 0.400916 0.95696 0.726923 
119 4.00685e+06 7.69229e+06 9.41585e+06 7.20916 15.0101 17.3835 
120 3.0924e+06 5.92979e+06 7.49334e+06 3.74744 8.16575 9.69652 
121 2.14916e+06 4.41699e+06 5.00249e+06 0.727473 1.62637 1.83718 
122 2.32813e+06 4.74627e+06 5.46406e+06 2.27601 4.91685 6.42711 
123 2.27219e+06 4.58808e+06 5.31574e+06 6.69341 14.7641 18.1487 
124 4.3502e+06 8.39853e+06 1.00406e+07 0.133883 0.171795 0.171612 
125 3.54675e+06 7.4369e+06 8.38481e+06 2.65806 4.83864 5.67912 
126 10.0322 22.2285 24.5806 5.56667 13.3126 14.9187 
127 0.336 0.336 0.336 0 0 0 
128 0.733609 1.43196 0.928918 0.22967 0.689194 0.325092 
129 4.54627e+06 9.03018e+06 1.12711e+07 0.057326 0.114652 0.0576923 
130 1.14881e+06 2.30921e+06 2.76718e+06 12.2811 24.0282 31.4141 
131 3.5266e+06 6.95163e+06 7.9463e+06 5.0304 9.8348 11.3381 
132 1.15694e+06 2.27389e+06 2.82129e+06 10.9179 22.1462 25.748 
133 2.29799e+06 5.13863e+06 5.99452e+06 0.133516 0.286447 0.343223 
134 2.85682e+06 5.81567e+06 6.80505e+06 6.54121 13.5804 16.0062 
135 45.9798 80.7273 97.2155 13.8262 26.5899 33.9821 
136 1.4583e+06 2.98818e+06 3.48401e+06 9.86429 18.7057 26.0163 
137 8.71603 18.8272 22.9696 0.974542 2.52546 2.94487 
138 3.8996 6.7183 8.07946 2.33205 4.15055 5.03205 
139 4.62403e+06 9.31155e+06 1.03408e+07 0.114286 0.210806 0.306044 
140 3.17396e+06 6.37372e+06 7.87548e+06 0.803297 2.67711 2.21996 
141 2.63648e+06 5.42954e+06 6.38135e+06 3.59542 6.48352 8.01154 
142 4.86164e+06 9.73204e+06 1.23184e+07 2.50403 5.85366 6.71319 
143 3.21763e+06 6.8417e+06 7.90304e+06 0 0 0 
144 2.4991e+06 4.85438e+06 5.25125e+06 0.459707 1.31868 1.73993 
145 743169 1.4786e+06 1.78854e+06 1.68205 3.7707 4.437 
146 15.1738 28.6168 37.2683 1.85568 3.88388 4.44066 
147 4.35862e+06 8.37883e+06 1.0465e+07 2.42875 5.5304 6.02564 
148 798510 1.64011e+06 1.93438e+06 0.0956044 0.114652 0.0952381 
149 41.9565 83.2376 102.437 13.7064 29.3522 36.4441 
150 4.48769e+06 8.91557e+06 1.04558e+07 0.764469 1.77894 1.56813 
151 906431 1.84125e+06 2.09973e+06 0 0 0 
152 15.9948 29.6081 38.3078 8.89524 17.3438 22.7974 
153 3.72358e+06 8.12207e+06 9.6459e+06 1.5685 2.96337 3.00275 
154 2.8991e+06 5.69056e+06 6.87692e+06 9.31447 17.1379 22.3641 
155 26.1913 46.4127 54.7011 10.6907 20.9269 23.5872 
156 3.83074e+06 7.78306e+06 8.82585e+06 0 0 0 
157 45.1704 80.0252 96.4276 2.18022 4.7989 5.33571 
158 3.26252e+06 6.47841e+06 7.75567e+06 0.460073 0.99359 1.01337 
159 370615 747884 862312 5.9304 11.2427 12.9668 
160 2.20926e+06 4.32168e+06 5.06668e+06 7.41886 11.8758 15.985 
161 4.66645e+06 9.32892e+06 1.10744e+07 0 0 0 
162 2.56337e+06 5.42443e+06 6.3288e+06 0.21044 0.709158 0.420147 
163 776544 1.56862e+06 1.80418e+06 8.9119 19.5286 24.0985 
164 531059 1.02265e+06 1.24197e+06 0.420696 0.708059 0.554396 
165 3.12126e+06 6.23454e+06 7.28017e+06 2.60092 5.31923 6.06172 
166 0.695034 1.30766 0.881818 0.0382784 0.057326 0.0763736 
167 30.6245 54.7541 68.4056 8.15073 14.6725 21.7421 
168 3.16133 5.04915 6.04898 1.85513 3.08168 3.72821 
169 6.03296 13.5958 13.7772 3.71172 8.54689 8.66337 
170 2.24335e+06 4.48475e+06 5.42163e+06 0 0 0 
171 2.22204e+06 4.37969e+06 5.58462e+06 0 0 0 
172 141134 269770 326541 3.27015 7.76758 8.0337 
173 1.26142e+06 2.62236e+06 2.94311e+06 0 0.0190476 0.0763736 
174 3.92747e+06 7.86497e+06 9.6161e+06 2.23864 5.33626 5.20092 
175 3.57327e+06 6.96001e+06 8.28949e+06 1.18407 2.75128 2.98608 
176 787183 1.51446e+06 1.75102e+06 1.75934 3.8826 4.59505 
177 976887 2.05808e+06 2.31518e+06 9.21667 18.9681 24.3033 
178 3.22932e+06 6.71267e+06 7.39374e+06 0.401832 1.10971 1.07143 
179 3.16467e+06 6.55548e+06 7.43091e+06 0.114652 0.802015 0.343773 
180 1.3977e+06 2.87659e+06 3.3479e+06 2.27546 4.24579 6.13718 
181 1.40517e+06 2.79423e+06 3.30995e+06 0.286447 0.421612 0.363187 
182 191986 376261 439568 13.8273 33.8454 37.937 
183 1.59432e+06 3.16461e+06 3.76071e+06 7.25183 14.6674 17.5736 
184 853783 1.6172e+06 1.87884e+06 0.248352 0.555311 0.343956 
185 1.67209e+06 3.1821e+06 3.96272e+06 0.248718 0.610806 0.689011 
186 448904 885130 1.00861e+06 3.42198 7.51758 8.16484 
187 5.20103e+06 1.09537e+07 1.22939e+07 0 0 0 
188 311514 619793 708094 7.43773 17.7275 20.3286 
189 2.10181e+06 4.28159e+06 4.99167e+06 0.191575 0.612088 0.440659 
190 15.5593 29.0434 37.7172 3.46007 6.75421 9.27564 
191 4.21674e+06 8.03314e+06 9.50624e+06 5.39432 13.0804 15.6465 
192 2.67497e+06 5.50277e+06 6.44912e+06 0.362821 0.802381 0.860989 
193 4.78615e+06 9.19713e+06 1.13757e+07 1.29927 2.38901 3.01923 
194 5.26497e+06 1.03589e+07 1.27346e+07 0.114286 0.0956044 0.152747 
195 3.59767e+06 7.21536e+06 8.99461e+06 8.037 16.8174 22.1209 
196 1.8387e+06 3.70452e+06 4.28864e+06 5.31447 13.3495 14.1295 
197 5.10553e+06 9.88264e+06 1.17713e+07 0.401832 0.841392 0.879853 
198 804308 1.66817e+06 1.91273e+06 9.2956 17.4029 21.6905 
199 2.22553e+06 4.46135e+06 5.53135e+06 0.0192308 0.0192308 0.0190476 
200 4.04042e+06 8.12174e+06 9.60393e+06 5.72051 13.6782 14.4921 
201 4.3853e+06 9.03029e+06 1.01628e+07 0.669231 2.3141 1.64322 
202 2.95485e+06 5.88157e+06 6.6302e+06 8.1696 18.3551 22.5897 
203 2.77348e+06 5.74442e+06 6.78563e+06 1.79725 4.34267 4.49524 
204 382022 767186 888846 7.19176 15.569 17.9762 
205 3.44929e+06 6.83731e+06 8.03112e+06 1.05256 2.19908 2.7533 
206 3.53296e+06 7.39185e+06 8.27163e+06 2.62271 5.41392 7.61355 
207 4.21054e+06 8.43187e+06 9.7639e+06 0.764652 1.43535 1.54945 
208 4.52307e+06 9.24269e+06 1.17255e+07 0.497253 1.35788 1.68242 
209 8.62797 18.6342 22.8175 0.306044 0.630952 0.879853 
210 1.21189e+06 2.41244e+06 2.75366e+06 9.313 20.2355 24.1755 
211 3.60911 9.48072 9.21903 2.14212 5.9293 5.75788 
212 1.24166e+06 2.62537e+06 2.97284e+06 0.0190476 0.0380952 0.0956044 
213 1.02974e+06 2.13675e+06 2.50434e+06 0.821795 2.67766 2.58187 
214 0.336 0.336 0.336 0 0 0 
215 4.94718e+06 9.73883e+06 1.17881e+07 1.22491 3.32656 3.15495 
216 7.86192 18.0679 19.8566 1.91337 4.20714 4.55256 
217 4.44349 11.0711 13.2328 0.324725 0.611905 0.593223 
218 4.64995e+06 9.14455e+06 1.09859e+07 0.363187 1.31868 0.841941 
219 2.51204e+06 5.04743e+06 6.24984e+06 1.76007 3.54029 3.69066 
220 4.29293 10.445 10.0165 2.58278 6.52198 6.25586 
221 4.64609e+06 9.25074e+06 1.05221e+07 6.79048 15.1121 17.0469 
222 4.00595e+06 7.71262e+06 9.45604e+06 0 0 0 
223 652226 1.26245e+06 1.47204e+06 1.01429 2.77381 3.42344 
224 710668 1.40495e+06 1.70138e+06 1.58828 3.71282 4.23205 
225 197749 390940 452425 13.5789 27.5949 32.4581 
