14.8319
14.8217
14.8297
14.831
14.8284
14.8218
14.8277
14.8327
14.8153
14.8136
14.8231
14.7847
14.8158
14.7798
14.8244
14.8138
14.8036
14.7978
14.819
14.8353
14.8091
14.827
14.78
14.9084
14.8101
14.8058
14.7765
14.7853
14.8217
14.9185
14.8116
14.9024
14.7908
14.7786
14.7928
14.822
14.8072
14.873
14.8291
14.7735
14.7962
14.8664
14.817
14.8605
14.7786
14.7893
14.901
14.8315
14.8015
14.8154
14.7855
14.7911
14.7764
14.748
14.796
14.7848
14.8074
14.8282
14.9205
14.748
14.7912
14.748
14.9145
14.8068
14.783
14.779
14.7927
14.748
14.7895
14.8944
14.8065
14.748
14.7964
14.748
14.8621
14.7706
14.8275
14.8059
14.7917
14.748
14.788
14.9213
14.8587
14.748
14.7966
14.794
14.856
14.913
14.8802
14.748
14.7845
14.7945
14.8753
14.8917
14.8346
14.8246
14.7917
14.748
14.7925
14.8863
14.8388
14.748
14.7979
14.748
14.9172
14.7873
14.748
14.748
14.8144
14.748
14.8896
14.8627
14.7918
14.748
14.8256
14.8823
14.9207
14.8647
14.748
14.8023
14.8398
14.748
14.748
14.8593
14.8969
14.9047
14.8117
14.748
14.8882
14.8446
14.9093
14.748
14.864
14.8217
14.748
14.9252
14.8668
14.748
14.8749
14.748
14.8335
14.8318
14.748
14.748
14.8877
14.9016
14.748
14.8423
14.8615
14.748
14.8968
14.748
14.8596
14.748
14.8555
14.8971
14.9074
14.748
14.748
14.748
14.8863
14.8596
14.92
14.748
14.8533
14.891
14.748
14.748
14.8729
14.748
14.8667
14.748
14.8464
14.748
14.9116
14.8803
14.845
14.748
14.748
14.748
14.9075
14.748
14.8855
14.748
14.8359
14.8586
14.8964
14.748
14.834
14.9045
14.8636
14.748
14.8894
14.748
14.748
14.8578
14.8855
14.748
14.883
14.748
14.8564
14.748
14.748
14.8898
14.8719
14.8596
14.748
14.748
14.748
14.748
14.8766
14.748
14.748
14.748
14.748
14.8541
14.8676
14.8907
14.748
14.748
14.8398
14.748
14.8649
14.748
14.8746
14.8444
14.748
14.748
14.8613
14.748
14.8312
14.8692
14.748
14.748
14.8637
14.8329
14.748
14.748
14.8553
14.748
14.8522
14.748
14.748
14.748
14.748
14.8533
14.8593
14.748
14.748
14.748
14.748
14.748
14.8621
14.748
14.748
14.748
14.748
14.748
14.8478
14.8591
14.748
14.748
14.748
14.748
14.8504
14.748
14.8499
14.748
14.748
14.748
14.851
14.748
14.748
14.8543
14.748
14.748
14.8411
14.748
14.748
14.748
14.8473
14.748
14.8431
14.748
14.748
14.748
14.748
14.8467
14.748
14.748
14.748
14.748
14.748
14.748
14.8389
14.748
14.748
14.748
14.748
14.748
14.748
14.8485
14.748
14.748
14.748
14.748
14.748
14.748
14.8398
14.748
14.748
14.748
14.748
14.748
14.748
14.8421
14.748
14.748
14.748
14.748
14.748
14.748
14.8323
14.748
14.748
14.748
14.748
14.748
14.748
14.8276
14.748
14.748
14.748
14.748
14.748
14.748
