4.95189
4.95201
4.95369
4.94843
4.94686
4.95105
4.95322
4.95681
4.94425
4.94347
4.94978
4.93495
4.94695
4.93056
4.95177
4.94336
4.93713
4.94038
4.94791
4.95273
4.94145
4.95121
4.93133
4.98085
4.94308
4.94023
4.92782
4.93105
4.95034
4.97761
4.94445
4.98086
4.93412
4.92869
4.93686
4.94999
4.94153
4.96498
4.95464
4.92749
4.93695
4.96257
4.94444
4.96171
4.92909
4.93589
4.99057
4.95581
4.93796
4.94751
4.93267
4.93588
4.929
4.916
4.94013
4.93272
4.94237
4.9535
4.99144
4.916
4.9337
4.916
4.98752
4.93981
4.93296
4.93089
4.93647
4.916
4.93549
4.979
4.94035
4.916
4.93744
4.916
4.97025
4.92724
4.9525
4.94582
4.93685
4.916
4.93538
4.98906
4.96822
4.916
4.9387
4.93808
4.96678
4.98746
4.98033
4.916
4.93485
4.93835
4.97765
4.97769
4.95204
4.95182
4.93547
4.916
4.93842
4.97816
4.95655
4.916
4.93947
4.916
4.99756
4.93907
4.916
4.916
4.94419
4.916
4.98401
4.96392
4.93861
4.916
4.95023
4.9763
4.99623
4.96782
4.916
4.94293
4.95742
4.916
4.916
4.96489
4.98864
4.98329
4.94651
4.916
4.9832
4.9589
4.97855
4.916
4.96548
4.95057
4.916
4.99019
4.97123
4.916
4.96936
4.916
4.957
4.95045
4.916
4.916
4.97716
4.98152
4.916
4.95614
4.97178
4.916
4.97848
4.916
4.97207
4.916
4.962
4.9813
4.98076
4.916
4.916
4.916
4.97628
4.96812
4.98133
4.916
4.96723
4.9762
4.916
4.916
4.97309
4.916
4.9662
4.916
4.96069
4.916
4.98632
4.9779
4.96209
4.916
4.916
4.916
4.9806
4.916
4.97587
4.916
4.95676
4.9649
4.97913
4.916
4.95537
4.99098
4.96502
4.916
4.97851
4.916
4.916
4.9667
4.98014
4.916
4.97195
4.916
4.95894
4.916
4.916
4.98401
4.96714
4.96386
4.916
4.916
4.916
4.916
4.97593
4.916
4.916
4.916
4.916
4.96493
4.96497
4.97877
4.916
4.916
4.95556
4.916
4.96578
4.916
4.97523
4.95816
4.916
4.916
4.96647
4.916
4.95413
4.97207
4.916
4.916
4.96391
4.95706
4.916
4.916
4.9639
4.916
4.96302
4.916
4.916
4.916
4.916
4.96475
4.95878
4.916
4.916
4.916
4.916
4.916
4.96513
4.916
4.916
4.916
4.916
4.916
4.95978
4.96508
4.916
4.916
4.916
4.916
4.97102
4.916
4.96366
4.916
4.916
4.916
4.96138
4.916
4.916
4.96427
4.916
4.916
4.9619
4.916
4.916
4.916
4.96247
4.916
4.96204
4.916
4.916
4.916
4.916
4.9619
4.916
4.916
4.916
4.916
4.916
4.916
4.95889
4.916
4.916
4.916
4.916
4.916
4.916
4.9678
4.916
4.916
4.916
4.916
4.916
4.916
4.9621
4.916
4.916
4.916
4.916
4.916
4.916
4.96309
4.916
4.916
4.916
4.916
4.916
4.916
4.95641
4.916
4.916
4.916
4.916
4.916
4.916
4.95799
4.916
4.916
4.916
4.916
4.916
4.916
