4.93227
4.92419
4.92973
4.92891
4.93168
4.92458
4.92923
4.92946
4.92831
4.92516
4.92689
4.92172
4.92907
4.92032
4.92797
4.92497
4.92478
4.92449
4.92669
4.93004
4.92448
4.92994
4.92059
4.95075
4.92736
4.922
4.92215
4.92204
4.92609
4.95618
4.927
4.94726
4.92492
4.92109
4.92498
4.92795
4.92842
4.93905
4.92916
4.91865
4.9231
4.94011
4.92698
4.93817
4.922
4.92087
4.94198
4.92988
4.92683
4.93144
4.9224
4.92155
4.92074
4.916
4.92339
4.92089
4.92476
4.92665
4.94643
4.916
4.9244
4.916
4.94699
4.92758
4.92238
4.92047
4.92406
4.916
4.92476
4.94343
4.92636
4.916
4.92539
4.916
4.9381
4.91928
4.93307
4.92434
4.92252
4.916
4.92213
4.94591
4.93645
4.916
4.92585
4.92322
4.93303
4.948
4.93774
4.916
4.92153
4.92318
4.94135
4.94296
4.9282
4.92821
4.92446
4.916
4.92339
4.94212
4.93366
4.916
4.92427
4.916
4.94498
4.92159
4.916
4.916
4.93029
4.916
4.94319
4.93792
4.92372
4.916
4.92861
4.94462
4.95168
4.93578
4.916
4.92556
4.93392
4.916
4.916
4.93248
4.9414
4.94636
4.92639
4.916
4.94192
4.9323
4.95144
4.916
4.93861
4.93074
4.916
4.95278
4.93725
4.916
4.94045
4.916
4.93053
4.93337
4.916
4.916
4.94464
4.94721
4.916
4.93111
4.93532
4.916
4.94483
4.916
4.92978
4.916
4.93881
4.94572
4.94575
4.916
4.916
4.916
4.9399
4.93568
4.94308
4.916
4.9347
4.94045
4.916
4.916
4.93812
4.916
4.93854
4.916
4.93235
4.916
4.95016
4.94439
4.93086
4.916
4.916
4.916
4.9425
4.916
4.94229
4.916
4.92796
4.93778
4.94161
4.916
4.92757
4.94455
4.94088
4.916
4.94088
4.916
4.916
4.9348
4.9434
4.916
4.94338
4.916
4.93636
4.916
4.916
4.94375
4.9405
4.93888
4.916
4.916
4.916
4.916
4.93929
4.916
4.916
4.916
4.916
4.93468
4.94035
4.94403
4.916
4.916
4.93164
4.916
4.93833
4.916
4.94235
4.93301
4.916
4.916
4.93576
4.916
4.93182
4.93864
4.916
4.916
4.93504
4.93175
4.916
4.916
4.93586
4.916
4.93195
4.916
4.916
4.916
4.916
4.93547
4.93685
4.916
4.916
4.916
4.916
4.916
4.93763
4.916
4.916
4.916
4.916
4.916
4.93417
4.93463
4.916
4.916
4.916
4.916
4.93097
4.916
4.93319
4.916
4.916
4.916
4.92927
4.916
4.916
4.9353
4.916
4.916
4.93271
4.916
4.916
4.916
4.93333
4.916
4.93041
4.916
4.916
4.916
4.916
4.93346
4.916
4.916
4.916
4.916
4.916
4.916
4.93101
4.916
4.916
4.916
4.916
4.916
4.916
4.93135
4.916
4.916
4.916
4.916
4.916
4.916
4.92959
4.916
4.916
4.916
4.916
4.916
4.916
4.92821
4.916
4.916
4.916
4.916
4.916
4.916
4.92689
4.916
4.916
4.916
4.916
4.916
4.916
4.92406
4.916
4.916
4.916
4.916
4.916
4.916
