0 0 0.5 0.509 0.4926420825358615
0 1 0.1 0.099 0.09988722935736785
0 2 0.5 0.492 0.4914601996903621
0 3 0.1 0.103 0.10102076309942998
0 4 0.5 0.505 0.4923591966405064
0 5 0.1 0.111 0.10286200433066671
0 6 0.5 0.5 0.49201052182067545
0 7 0.1 0.112 0.10371315930372166
0 8 0.5 0.515 0.49305826210615206
0 9 0.1 0.094 0.09845086906515847
0 10 0.5 0.49 0.49109866517888767
0 11 0.1 0.104 0.10125435505923179
0 12 0.5 0.493 0.4915565042397308
0 13 0.1 0.087 0.09661647598308995
0 14 0.5 0.508 0.49250327821903495
0 15 0.1 0.103 0.10048667120359936
0 16 0.5 0.511 0.49265926130552284
0 17 0.1 0.091 0.09820486617334934
0 18 0.5 0.499 0.49185199682213376
0 19 0.1 0.096 0.09977246100043966
0 20 0.5 0.537 0.4944587851247353
0 21 0.1 0.102 0.10065371624933273
0 22 0.5 0.483 0.4906486185309755
0 23 0.1 0.114 0.10403653045249929
0 24 0.5 0.526 0.4939485029521519
0 25 0.1 0.088 0.09742885156637418
0 26 0.5 0.515 0.4930967439478614
0 27 0.1 0.102 0.10094094638548574
