0 0 0.5 0.5 0.4017834847152825
0 1 0.1 0 0.13005092604855478
0 2 0.5 0.5 0.3437175960580102
0 3 0.1 0 0.20995036935328734
0 4 0.5 1 0.422032206046321
0 5 0.1 0 0.13005092604855478
0 6 0.5 1.5 0.3872000740333402
0 7 0.1 1 0.27521377644223893
0 8 0.5 0 0.37934483454905576
0 9 0.1 0 0.13005092604855478
0 10 0.5 0 0.317495936149694
0 11 0.1 0.5 0.246436668598796
0 12 0.5 0.5 0.4017834847152825
0 13 0.1 1 0.2138998542921375
0 14 0.5 0.5 0.3437175960580102
0 15 0.1 0 0.20995036935328734
0 16 0.5 0 0.37934483454905576
0 17 0.1 0.5 0.17995260468291208
0 18 0.5 0.5 0.3437175960580102
0 19 0.1 0 0.20995036935328734
0 20 0.5 0.5 0.4017834847152825
0 21 0.1 0 0.13005092604855478
0 22 0.5 0 0.317495936149694
0 23 0.1 0.5 0.246436668598796
0 24 0.5 1 0.422032206046321
0 25 0.1 0 0.13005092604855478
0 26 0.5 0 0.317495936149694
0 27 0.1 0 0.20995036935328734
