0 0 0 = 10.933451539734232
0 0 1 = 1.479679201756965
0 0 2 = 10.933824145951368
0 0 3 = 1.4791897960865676
0 0 4 = 10.949642814504456
0 0 5 = 1.4774332457577963
0 0 6 = 10.937195644939994
0 0 7 = 1.4787036390895607
0 0 8 = 10.932427086294494
0 0 9 = 1.4795645202013774
0 0 10 = 10.940072069455043
0 0 11 = 1.4777937489524833
0 0 12 = 10.93266032315824
0 0 13 = 1.478008665967461
0 0 14 = 10.939860112477612
0 0 15 = 1.4787783711674811
0 0 16 = 10.943735628749419
0 0 17 = 1.4793706341676953
0 0 18 = 10.944678221649003
0 0 19 = 1.4785115281227594
0 0 20 = 10.957770833492154
0 0 21 = 1.4798695059774887
0 0 22 = 10.95164514084411
0 0 23 = 1.4776654839136818
0 0 24 = 10.92985515611435
0 0 25 = 1.477103989295753
0 0 26 = 10.940038404502664
0 0 27 = 1.4789600387224264
0 1 0 = 11.875971437212653
0 1 1 = 1.9247374550111558
0 1 2 = 11.894816663744866
0 1 3 = 1.9220994508035492
0 1 4 = 11.893532224475408
0 1 5 = 1.9278988366680685
0 1 6 = 11.876198371920545
0 1 7 = 1.925541824334996
0 1 8 = 11.898493845998486
0 1 9 = 1.9225280576993036
0 1 10 = 11.919831923989708
0 1 11 = 1.9203932707426095
0 1 12 = 11.91956555448501
0 1 13 = 1.92276809285026
0 1 14 = 11.890473408425676
0 1 15 = 1.9240129716599885
0 1 16 = 11.896618508636736
0 1 17 = 1.926192994465718
0 1 18 = 11.886329391380885
0 1 19 = 1.926492136243618
0 1 20 = 11.88790172752132
0 1 21 = 1.9255286360554413
0 1 22 = 11.912334291461262
0 1 23 = 1.9213694460848023
0 1 24 = 11.867721254741722
0 1 25 = 1.9232594663114553
0 1 26 = 11.915752079457528
0 1 27 = 1.9242621985599795
0 2 0 = 12.851289673350587
0 2 1 = 2.3783750295145873
0 2 2 = 12.846995872440722
0 2 3 = 2.376261014895085
0 2 4 = 12.866516500056319
0 2 5 = 2.3732370446274276
0 2 6 = 12.841198499701933
0 2 7 = 2.375332357417046
0 2 8 = 12.833616843760831
0 2 9 = 2.373972333303614
0 2 10 = 12.874378660107508
0 2 11 = 2.380358759703901
0 2 12 = 12.836370792111548
0 2 13 = 2.3759136570487907
0 2 14 = 12.855739966350642
0 2 15 = 2.3794762726654395
0 2 16 = 12.851796503913627
0 2 17 = 2.373621215939122
0 2 18 = 12.861353595394707
0 2 19 = 2.374832515741206
0 2 20 = 12.885766667583908
0 2 21 = 2.3835728888292667
0 2 22 = 12.898176113107695
0 2 23 = 2.3743236178636375
0 2 24 = 12.812117172689618
0 2 25 = 2.374197806841162
0 2 26 = 12.857478428501384
0 2 27 = 2.37640855629016
0 3 0 = 13.620763580160897
0 3 1 = 2.750915353933385
0 3 2 = 13.62973141517078
0 3 3 = 2.7533868909784167
0 3 4 = 13.600992834815974
0 3 5 = 2.757073285379735
0 3 6 = 13.604360485592826
0 3 7 = 2.7565674287324313
0 3 8 = 13.62691450550307
0 3 9 = 2.746973127042176
0 3 10 = 13.646809273950936
0 3 11 = 2.7574547389707598
0 3 12 = 13.641147272376738
0 3 13 = 2.757098233923147
0 3 14 = 13.619034173277608
0 3 15 = 2.757850134681005
0 3 16 = 13.6082615687448
0 3 17 = 2.7513938956733286
0 3 18 = 13.61605896661869
0 3 19 = 2.7565779346848136
0 3 20 = 13.603092803457384
0 3 21 = 2.7566508826190113
0 3 22 = 13.642920674548773
0 3 23 = 2.7525631561379216
0 3 24 = 13.59473002522002
0 3 25 = 2.7587441007406497
0 3 26 = 13.638245442259507
0 3 27 = 2.7471042929944156
0 4 0 = 13.906627627586044
0 4 1 = 2.9630306243860107
0 4 2 = 13.902118481660565
0 4 3 = 2.9632335937209375
0 4 4 = 13.902643835437383
0 4 5 = 2.9619010052995134
0 4 6 = 13.90155351858004
0 4 7 = 2.963719869726231
0 4 8 = 13.896608884699585
0 4 9 = 2.9636667785054494
0 4 10 = 13.905754969368967
0 4 11 = 2.9679015711957457
0 4 12 = 13.890685908127757
0 4 13 = 2.9632446821238645
0 4 14 = 13.90250345444415
0 4 15 = 2.965390357803711
0 4 16 = 13.899036677540561
0 4 17 = 2.9597143524315817
0 4 18 = 13.91116726478144
0 4 19 = 2.9636905541654857
0 4 20 = 13.914399644581504
0 4 21 = 2.9664458338211404
0 4 22 = 13.915668008789698
0 4 23 = 2.960863854229497
0 4 24 = 13.893555906499866
0 4 25 = 2.961547771876859
0 4 26 = 13.902948762511409
0 4 27 = 2.9605395720891545
0 5 0 = 2.300008113114634
0 5 1 = 7.760180584019575
0 5 2 = 2.2986464556253905
0 5 3 = 7.758584437296958
0 5 4 = 2.298991353924777
0 5 5 = 7.749053679868591
0 5 6 = 2.2979549464604245
0 5 7 = 7.749793065849975
0 5 8 = 2.3002843196534437
0 5 9 = 7.750147402877287
0 5 10 = 2.3018896451600415
0 5 11 = 7.759701202786134
0 5 12 = 2.300089740690544
0 5 13 = 7.747598659693639
0 5 14 = 2.3028504579739715
0 5 15 = 7.757777296043019
0 5 16 = 2.3014221773940684
0 5 17 = 7.746327305704761
0 5 18 = 2.301226061441142
0 5 19 = 7.760672968924882
0 5 20 = 2.3041911700409776
0 5 21 = 7.754328331238408
0 5 22 = 2.2999916573000183
0 5 23 = 7.754625681016286
0 5 24 = 2.302865592319912
0 5 25 = 7.748142380877325
0 5 26 = 2.303349847492077
0 5 27 = 7.761422489621437
0 6 0 = 2.350643973806136
0 6 1 = 7.829154709425483
0 6 2 = 2.348924389816478
0 6 3 = 7.8248078648851145
0 6 4 = 2.3521723321258117
0 6 5 = 7.811518296527088
0 6 6 = 2.351837049817466
0 6 7 = 7.817773108540785
0 6 8 = 2.3496322738315647
0 6 9 = 7.798780145901479
0 6 10 = 2.3505905597091186
0 6 11 = 7.828169056293182
0 6 12 = 2.348357740438213
0 6 13 = 7.7966616119924455
0 6 14 = 2.353017991006032
0 6 15 = 7.83279146343879
0 6 16 = 2.3517635935398356
0 6 17 = 7.820869537440792
0 6 18 = 2.350993271936016
0 6 19 = 7.813556031114892
0 6 20 = 2.351885525021965
0 6 21 = 7.825232708419515
0 6 22 = 2.3477254600784567
0 6 23 = 7.808039193142253
0 6 24 = 2.3478346432205
0 6 25 = 7.802192912409276
0 6 26 = 2.348843604443389
0 6 27 = 7.807224131962079
0 7 0 = 2.313778863736328
0 7 1 = 7.724867987301425
0 7 2 = 2.3155159920006456
0 7 3 = 7.703038669783871
0 7 4 = 2.316307174351867
0 7 5 = 7.682795331121661
0 7 6 = 2.3108132418824763
0 7 7 = 7.709804190427202
0 7 8 = 2.313741244656494
0 7 9 = 7.676526636180736
0 7 10 = 2.310883937965484
0 7 11 = 7.726400725527897
0 7 12 = 2.3103210175297657
0 7 13 = 7.692163176512442
0 7 14 = 2.3218951823916125
0 7 15 = 7.731233448704876
0 7 16 = 2.3233055394979436
0 7 17 = 7.680166926290397
0 7 18 = 2.3190746797621578
0 7 19 = 7.704192016796399
0 7 20 = 2.315448859164989
0 7 21 = 7.71368291463798
0 7 22 = 2.3161915602056755
0 7 23 = 7.689576212179802
0 7 24 = 2.3167544857548905
0 7 25 = 7.672265662696684
0 7 26 = 2.312790845007491
0 7 27 = 7.71812693478832
0 8 0 = 2.1045657859634215
0 8 1 = 7.3035536712648765
0 8 2 = 2.1028127607107043
0 8 3 = 7.271142035776541
0 8 4 = 2.105680645459037
0 8 5 = 7.278919174050788
0 8 6 = 2.0994983415711976
0 8 7 = 7.297247030711681
0 8 8 = 2.1045553685473117
0 8 9 = 7.26846438230019
0 8 10 = 2.103220849475085
0 8 11 = 7.301501656616286
0 8 12 = 2.104527546202603
0 8 13 = 7.270901953946165
0 8 14 = 2.1032798170199305
0 8 15 = 7.300496145129195
0 8 16 = 2.1018621058269535
0 8 17 = 7.292172139514959
0 8 18 = 2.103519719971757
0 8 19 = 7.276613343029952
0 8 20 = 2.101921489676093
0 8 21 = 7.306825833216015
0 8 22 = 2.102072080497116
0 8 23 = 7.275288364869714
0 8 24 = 2.1025808245645727
0 8 25 = 7.269456735240041
0 8 26 = 2.100916045989816
0 8 27 = 7.285689685183013
0 9 0 = 1.4558069593508778
0 9 1 = 6.27107498563192
0 9 2 = 1.4563364109523047
0 9 3 = 6.254517162536142
0 9 4 = 1.4554240271032366
0 9 5 = 6.25678528230638
0 9 6 = 1.4543428476844809
0 9 7 = 6.266812903274453
0 9 8 = 1.4559824687881902
0 9 9 = 6.2572443184201
0 9 10 = 1.4544221151111905
0 9 11 = 6.269874508245589
0 9 12 = 1.4555704650815782
0 9 13 = 6.261193312395854
0 9 14 = 1.4558042135604459
0 9 15 = 6.269305188687354
0 9 16 = 1.4552509703318215
0 9 17 = 6.254117436186327
0 9 18 = 1.4561982136783862
0 9 19 = 6.261772338672691
0 9 20 = 1.4552425692313031
0 9 21 = 6.266562748612385
0 9 22 = 1.4550379400443332
0 9 23 = 6.260387764052001
0 9 24 = 1.456454354591068
0 9 25 = 6.254478456920129
0 9 26 = 1.4547387613339249
0 9 27 = 6.271771618844154
0 10 0 = 11.910764669912654
0 10 1 = 1.9247614626277836
0 10 2 = 11.889828809267897
0 10 3 = 1.920159731951173
0 10 4 = 11.917729373407408
0 10 5 = 1.9199969517009183
0 10 6 = 11.910275423270024
0 10 7 = 1.9250742749415375
0 10 8 = 11.878007499309321
0 10 9 = 1.926521043486192
0 10 10 = 11.87857708023557
0 10 11 = 1.92356854535636
0 10 12 = 11.857251885545217
0 10 13 = 1.9240477087760188
0 10 14 = 11.905921737710926
0 10 15 = 1.923872817738952
0 10 16 = 11.915886021660679
0 10 17 = 1.920567183261239
0 10 18 = 11.911980488702651
0 10 19 = 1.9205147499890052
0 10 20 = 11.912420703831517
0 10 21 = 1.9191860716546252
0 10 22 = 11.890624895437616
0 10 23 = 1.9241909501144483
0 10 24 = 11.90193905773758
0 10 25 = 1.921550482106633
0 10 26 = 11.871089153951374
0 10 27 = 1.9276601320381874
0 11 0 = 12.543677064484475
0 11 1 = 2.2107187163849567
0 11 2 = 12.535527706242771
0 11 3 = 2.210648686687596
0 11 4 = 12.400340289076393
0 11 5 = 2.21963067942696
0 11 6 = 12.519460198009437
0 11 7 = 2.2093162078769213
0 11 8 = 12.559945703852138
0 11 9 = 2.2052534748235733
0 11 10 = 12.480091793036218
0 11 11 = 2.217172673725807
0 11 12 = 12.55459849500127
0 11 13 = 2.21455828001335
0 11 14 = 12.4794487257749
0 11 15 = 2.2120438644289475
0 11 16 = 12.443462985817566
0 11 17 = 2.211448222384993
0 11 18 = 12.442555273891815
0 11 19 = 2.2137385019752185
0 11 20 = 12.37082402539664
0 11 21 = 2.2036462351038835
0 11 22 = 12.386610953390157
0 11 23 = 2.220682343867008
0 11 24 = 12.594404633855184
0 11 25 = 2.2193181550783327
0 11 26 = 12.497373086707873
0 11 27 = 2.214093371770096
0 12 0 = 13.263803822861354
0 12 1 = 2.6070080441164447
0 12 2 = 13.214324679672139
0 12 3 = 2.6041108577112198
0 12 4 = 13.296368948671017
0 12 5 = 2.5880722156783422
0 12 6 = 13.304593085837052
0 12 7 = 2.604465509962684
0 12 8 = 13.168822563022312
0 12 9 = 2.6162355461999036
0 12 10 = 13.11033551182857
0 12 11 = 2.6029639833944676
0 12 12 = 13.112451870104257
0 12 13 = 2.6104581851753657
0 12 14 = 13.244685868218175
0 12 15 = 2.589590030431741
0 12 16 = 13.25018741247533
0 12 17 = 2.603879787379013
0 12 18 = 13.27636890641441
0 12 19 = 2.6020437905392275
0 12 20 = 13.331953531857074
0 12 21 = 2.589771273504399
0 12 22 = 13.181173134202398
0 12 23 = 2.5983826124534835
0 12 24 = 13.313990703950857
0 12 25 = 2.5941443873600085
0 12 26 = 13.121403080459169
0 12 27 = 2.6099083243624768
0 13 0 = 13.660522089904186
0 13 1 = 2.9467640640057735
0 13 2 = 13.686825983565122
0 13 3 = 2.9388337473396318
0 13 4 = 13.677997858008537
0 13 5 = 2.9591759270376325
0 13 6 = 13.707502255026991
0 13 7 = 2.9537613934215003
0 13 8 = 13.745940477833978
0 13 9 = 2.9563521772123122
0 13 10 = 13.66827487319138
0 13 11 = 2.928794829564173
0 13 12 = 13.792463025008258
0 13 13 = 2.930910297226861
0 13 14 = 13.668666574817927
0 13 15 = 2.931221535397518
0 13 16 = 13.720986661093768
0 13 17 = 2.9578299741268115
0 13 18 = 13.636373492124848
0 13 19 = 2.9336093034088635
0 13 20 = 13.585358331188608
0 13 21 = 2.9294384024756077
0 13 22 = 13.566886997514736
0 13 23 = 2.95373273737692
0 13 24 = 13.775922485828643
0 13 25 = 2.947309490959598
0 13 26 = 13.71440821114537
0 13 27 = 2.955669151426622
0 14 0 = 13.918946610701658
0 14 1 = 3.1440534582981745
0 14 2 = 13.922595363398848
0 14 3 = 3.140241826861923
0 14 4 = 13.939669937342265
0 14 5 = 3.138616234861789
0 14 6 = 13.927115205589532
0 14 7 = 3.1420327331478894
0 14 8 = 13.889616824866543
0 14 9 = 3.146898786477875
0 14 10 = 13.897986232424184
0 14 11 = 3.1460550410528194
0 14 12 = 13.880703492731396
0 14 13 = 3.1417422483488116
0 14 14 = 13.924135420901196
0 14 15 = 3.1399819425551625
0 14 16 = 13.916886432398716
0 14 17 = 3.1393633949012623
0 14 18 = 13.917978406501765
0 14 19 = 3.1462218671292246
0 14 20 = 13.947737819367102
0 14 21 = 3.1402188764805445
0 14 22 = 13.917127128925237
0 14 23 = 3.140843721802847
0 14 24 = 13.925283523078718
0 14 25 = 3.1403382575563854
0 14 26 = 13.89495922671465
0 14 27 = 3.144132395317844
0 15 0 = 2.4208050898622178
0 15 1 = 7.972270303059765
0 15 2 = 2.420562935498022
0 15 3 = 7.980738494474624
0 15 4 = 2.41798197099367
0 15 5 = 7.9751875142594955
0 15 6 = 2.421252552864852
0 15 7 = 7.976556009643836
0 15 8 = 2.422530590868047
0 15 9 = 7.9840988873938326
0 15 10 = 2.4197164251948955
0 15 11 = 7.9783032045686255
0 15 12 = 2.419658882315017
0 15 13 = 7.989797840526284
0 15 14 = 2.418815280890143
0 15 15 = 7.973555498633804
0 15 16 = 2.4170539644997566
0 15 17 = 7.974257374147138
0 15 18 = 2.423043787504193
0 15 19 = 7.978804428323219
0 15 20 = 2.4186394594404983
0 15 21 = 7.986927036820405
0 15 22 = 2.420954044054603
0 15 23 = 7.9805773933747
0 15 24 = 2.4231601112481878
0 15 25 = 7.986533833008317
0 15 26 = 2.4213948146616135
0 15 27 = 7.998310883862207
0 16 0 = 2.4339691259521112
0 16 1 = 7.933438747628591
0 16 2 = 2.436489926184063
0 16 3 = 7.945870256280373
0 16 4 = 2.4385553733886205
0 16 5 = 8.028218146127323
0 16 6 = 2.4426164930400125
0 16 7 = 8.009913679143146
0 16 8 = 2.444047578039242
0 16 9 = 8.031280281868153
0 16 10 = 2.4471182874493413
0 16 11 = 7.928076168634737
0 16 12 = 2.441192918039608
0 16 13 = 8.033171491088577
0 16 14 = 2.430484164331667
0 16 15 = 7.930353240872273
0 16 16 = 2.427754627933651
0 16 17 = 8.046616654103897
0 16 18 = 2.4331818892391244
0 16 19 = 7.944832933256392
0 16 20 = 2.4327548895963345
0 16 21 = 7.972338073931848
0 16 22 = 2.435242786504278
0 16 23 = 7.990925789206959
0 16 24 = 2.434181550989594
0 16 25 = 8.0367258423251
0 16 26 = 2.43270359239417
0 16 27 = 7.931810008360785
0 17 0 = 2.3747122588819427
0 17 1 = 7.792655693873423
0 17 2 = 2.3820569650830263
0 17 3 = 7.823151243251337
0 17 4 = 2.379862418464788
0 17 5 = 7.837768637018236
0 17 6 = 2.3810310519924824
0 17 7 = 7.794902924595705
0 17 8 = 2.3863655640348953
0 17 9 = 7.888892831689425
0 17 10 = 2.3764307520195542
0 17 11 = 7.7992117895872894
0 17 12 = 2.3752678482032894
0 17 13 = 7.862661938576479
0 17 14 = 2.3705398359306535
0 17 15 = 7.7826615502758445
0 17 16 = 2.3679023550259024
0 17 17 = 7.799643194325867
0 17 18 = 2.378858340643705
0 17 19 = 7.866507305808098
0 17 20 = 2.383389154876257
0 17 21 = 7.794275754416849
0 17 22 = 2.374055254347844
0 17 23 = 7.877997177933321
0 17 24 = 2.3835263337255914
0 17 25 = 7.874101215104663
0 17 26 = 2.384085434774185
0 17 27 = 7.877513865681843
0 18 0 = 2.1416958834725093
0 18 1 = 7.335583680860888
0 18 2 = 2.1371338868921623
0 18 3 = 7.453011708587107
0 18 4 = 2.142282614240013
0 18 5 = 7.453574170972707
0 18 6 = 2.155720772812546
0 18 7 = 7.36339835510478
0 18 8 = 2.148109908776071
0 18 9 = 7.442686230537667
0 18 10 = 2.159311390940515
0 18 11 = 7.330939794711572
0 18 12 = 2.1438103866672247
0 18 13 = 7.420631886925938
0 18 14 = 2.1454289234662403
0 18 15 = 7.331252396717369
0 18 16 = 2.1467536249925914
0 18 17 = 7.462118759400519
0 18 18 = 2.1429263822535294
0 18 19 = 7.393536708072661
0 18 20 = 2.154158005534463
0 18 21 = 7.347990678685373
0 18 22 = 2.1493531465985423
0 18 23 = 7.416243619864359
0 18 24 = 2.135224245364514
0 18 25 = 7.461532351578511
0 18 26 = 2.153381013507091
0 18 27 = 7.333561319279574
0 19 0 = 1.6382919036214296
0 19 1 = 6.581258842877789
0 19 2 = 1.6413156846006332
0 19 3 = 6.598609218288211
0 19 4 = 1.6407949603748457
0 19 5 = 6.583794234570761
0 19 6 = 1.6401823194583933
0 19 7 = 6.5822601013271145
0 19 8 = 1.641874484225075
0 19 9 = 6.597717259211493
0 19 10 = 1.6400037746013794
0 19 11 = 6.582376816131762
0 19 12 = 1.6377818385737153
0 19 13 = 6.595354812390584
0 19 14 = 1.6375860098532002
0 19 15 = 6.588993782946997
0 19 16 = 1.640189012155398
0 19 17 = 6.579550803213176
0 19 18 = 1.6411115461724493
0 19 19 = 6.604800530615221
0 19 20 = 1.6420683430290937
0 19 21 = 6.579631361337883
0 19 22 = 1.640527117150407
0 19 23 = 6.5940536263850795
0 19 24 = 1.64086717490641
0 19 25 = 6.595560251273434
0 19 26 = 1.6418984730649848
0 19 27 = 6.592368090706563
0 20 0 = 12.840531104786729
0 20 1 = 2.3721214307446092
0 20 2 = 12.837565416899922
0 20 3 = 2.3722092242021353
0 20 4 = 12.884556123358148
0 20 5 = 2.3683889291066915
0 20 6 = 12.855464464621344
0 20 7 = 2.369632402035385
0 20 8 = 12.853159984366313
0 20 9 = 2.3769314327863347
0 20 10 = 12.842363856173085
0 20 11 = 2.367912681700355
0 20 12 = 12.846757583405243
0 20 13 = 2.365220334481672
0 20 14 = 12.867862271863569
0 20 15 = 2.3638916987730716
0 20 16 = 12.872374386166458
0 20 17 = 2.373460497703426
0 20 18 = 12.883377584824657
0 20 19 = 2.3698497061488335
0 20 20 = 12.896664911966663
0 20 21 = 2.369361581191911
0 20 22 = 12.885186803635818
0 20 23 = 2.3700001086498492
0 20 24 = 12.84133797981331
0 20 25 = 2.368086806399336
0 20 26 = 12.843937658675902
0 20 27 = 2.3685546709147944
0 21 0 = 13.150835421252932
0 21 1 = 2.591367679343187
0 21 2 = 13.23281172401583
0 21 3 = 2.6031870028364357
0 21 4 = 13.174457596414472
0 21 5 = 2.6052036080313266
0 21 6 = 13.143571160021189
0 21 7 = 2.5957694419531743
0 21 8 = 13.262708750839673
0 21 9 = 2.5863762351381503
0 21 10 = 13.33024566555802
0 21 11 = 2.5871199072692477
0 21 12 = 13.351327532352038
0 21 13 = 2.598654518023786
0 21 14 = 13.184628187751947
0 21 15 = 2.610353530855243
0 21 16 = 13.173702903933858
0 21 17 = 2.603478274278279
0 21 18 = 13.1723959539663
0 21 19 = 2.6026604425343645
0 21 20 = 13.207508913433827
0 21 21 = 2.61380474685525
0 21 22 = 13.285402499519037
0 21 23 = 2.5893019144156524
0 21 24 = 13.14679964483395
0 21 25 = 2.5960885565341507
0 21 26 = 13.346432903501542
0 21 27 = 2.5892606640778886
0 22 0 = 13.520452023509582
0 22 1 = 2.9299035923883925
0 22 2 = 13.513362903195022
0 22 3 = 2.929861127499006
0 22 4 = 13.640252727173843
0 22 5 = 2.9229540731189476
0 22 6 = 13.50518348982241
0 22 7 = 2.928971373832832
0 22 8 = 13.516534655060127
0 22 9 = 2.9302357508533126
0 22 10 = 13.59620326933501
0 22 11 = 2.9349110408369166
0 22 12 = 13.49591470168151
0 22 13 = 2.9273578296394573
0 22 14 = 13.604822318347836
0 22 15 = 2.929843789569915
0 22 16 = 13.61560332185984
0 22 17 = 2.9320970134532183
0 22 18 = 13.625151257135753
0 22 19 = 2.945440771362704
0 22 20 = 13.700863090883677
0 22 21 = 2.947892738832564
0 22 22 = 13.708596377570823
0 22 23 = 2.931928421060397
0 22 24 = 13.46106249442584
0 22 25 = 2.9197872061622943
0 22 26 = 13.5389431263921
0 22 27 = 2.920515616137964
0 23 0 = 13.835259001032691
0 23 1 = 3.239293222940084
0 23 2 = 13.857977385852987
0 23 3 = 3.254066922510532
0 23 4 = 13.746358035273078
0 23 5 = 3.26432445287076
0 23 6 = 13.79404294890619
0 23 7 = 3.2453307792084654
0 23 8 = 13.935907631508766
0 23 9 = 3.237693866708436
0 23 10 = 13.974789222853262
0 23 11 = 3.2645462655593245
0 23 12 = 13.94054452183862
0 23 13 = 3.260648338215783
0 23 14 = 13.838014586226988
0 23 15 = 3.26551565620761
0 23 16 = 13.815355255704384
0 23 17 = 3.237403082775749
0 23 18 = 13.870581982198594
0 23 19 = 3.249026247588218
0 23 20 = 13.756661708260726
0 23 21 = 3.263752790321614
0 23 22 = 13.898180927495664
0 23 23 = 3.243999447368561
0 23 24 = 13.791196234473984
0 23 25 = 3.2510194097360374
0 23 26 = 13.948771733726087
0 23 27 = 3.2375126528804263
0 24 0 = 14.015014137415005
0 24 1 = 3.4530878297198444
0 24 2 = 13.991384501313505
0 24 3 = 3.4519072972835305
0 24 4 = 14.026057207831263
0 24 5 = 3.442370855806678
0 24 6 = 14.010881332495842
0 24 7 = 3.449593024612371
0 24 8 = 13.992624791901157
0 24 9 = 3.445894067957744
0 24 10 = 13.991554166770705
0 24 11 = 3.4548302259032346
0 24 12 = 13.990364305467397
0 24 13 = 3.457344588620807
0 24 14 = 14.00924057766413
0 24 15 = 3.4545494149811486
0 24 16 = 14.013484723276102
0 24 17 = 3.451702907866159
0 24 18 = 14.011630658092534
0 24 19 = 3.4519547117952922
0 24 20 = 14.05048742462912
0 24 21 = 3.4545763582151463
0 24 22 = 14.038892393756623
0 24 23 = 3.452020647037392
0 24 24 = 13.980851147169153
0 24 25 = 3.4479891519740544
0 24 26 = 13.992589792151929
0 24 27 = 3.446763960382089
0 25 0 = 2.5749705120856587
0 25 1 = 8.30256430549776
0 25 2 = 2.577552448621319
0 25 3 = 8.308028887455672
0 25 4 = 2.5789213701850118
0 25 5 = 8.277165145076362
0 25 6 = 2.5693982059008498
0 25 7 = 8.273629967013758
0 25 8 = 2.57527357669547
0 25 9 = 8.279252217064352
0 25 10 = 2.575782429521456
0 25 11 = 8.307899000528879
0 25 12 = 2.5715013989427415
0 25 13 = 8.268562125049842
0 25 14 = 2.5774485311131814
0 25 15 = 8.302205833267307
0 25 16 = 2.5767188145468882
0 25 17 = 8.272888325127703
0 25 18 = 2.578393216311115
0 25 19 = 8.30579267825188
0 25 20 = 2.5789887176889703
0 25 21 = 8.296827066602095
0 25 22 = 2.5723349356326137
0 25 23 = 8.28024142888048
0 25 24 = 2.5747614080520944
0 25 25 = 8.273843753232464
0 25 26 = 2.580849291652068
0 25 27 = 8.311926837615706
0 26 0 = 2.573234674749493
0 26 1 = 8.316742474139893
0 26 2 = 2.575314725874069
0 26 3 = 8.28379104791168
0 26 4 = 2.570576948032882
0 26 5 = 8.263135923663008
0 26 6 = 2.5725767145603124
0 26 7 = 8.277350171361475
0 26 8 = 2.565722937216022
0 26 9 = 8.217327905931436
0 26 10 = 2.569650612522712
0 26 11 = 8.287404317382611
0 26 12 = 2.575570679128417
0 26 13 = 8.225460341059259
0 26 14 = 2.5819044212726046
0 26 15 = 8.323764204369425
0 26 16 = 2.5838363779471996
0 26 17 = 8.242751841218993
0 26 18 = 2.578558274786552
0 26 19 = 8.25876505496296
0 26 20 = 2.575707043498995
0 26 21 = 8.239289048226416
0 26 22 = 2.577790340305093
0 26 23 = 8.253793435884504
0 26 24 = 2.563373881455849
0 26 25 = 8.209416204447214
0 26 26 = 2.5780638471730026
0 26 27 = 8.22535813652632
0 27 0 = 2.497961168179324
0 27 1 = 8.146137752702865
0 27 2 = 2.502496131495899
0 27 3 = 8.087728003405529
0 27 4 = 2.4998962580126793
0 27 5 = 8.01988037657098
0 27 6 = 2.489218855184818
0 27 7 = 8.067048467011254
0 27 8 = 2.492876890043899
0 27 9 = 8.015299401743436
0 27 10 = 2.4866061552510135
0 27 11 = 8.149105790515273
0 27 12 = 2.4921592231137195
0 27 13 = 8.035692354529088
0 27 14 = 2.508524758154108
0 27 15 = 8.147233350120354
0 27 16 = 2.5060719356466445
0 27 17 = 8.020867081777038
0 27 18 = 2.4996868465384656
0 27 19 = 8.122976753818097
0 27 20 = 2.4942591525306943
0 27 21 = 8.122327087119535
0 27 22 = 2.4920163546065437
0 27 23 = 8.032752267977706
0 27 24 = 2.5025017907524636
0 27 25 = 8.015488250544896
0 27 26 = 2.49683691467347
0 27 27 = 8.141870481322597
0 28 0 = 2.2717155438705325
0 28 1 = 7.70250822399542
0 28 2 = 2.260076759202636
0 28 3 = 7.569783907110364
0 28 4 = 2.259388200569209
0 28 5 = 7.628192284148217
0 28 6 = 2.2571750094333174
0 28 7 = 7.700427480599648
0 28 8 = 2.2603335957154775
0 28 9 = 7.568706580245575
0 28 10 = 2.2623597351392277
0 28 11 = 7.704926155724536
0 28 12 = 2.2671647089131635
0 28 13 = 7.617636641150837
0 28 14 = 2.2714986675040736
0 28 15 = 7.683835962089485
0 28 16 = 2.2652724257390675
0 28 17 = 7.638772479762418
0 28 18 = 2.2608699456416415
0 28 19 = 7.568811355946655
0 28 20 = 2.254498231730289
0 28 21 = 7.690874269763877
0 28 22 = 2.265812490659616
0 28 23 = 7.59166203309197
0 28 24 = 2.2586660804558782
0 28 25 = 7.572692159304036
0 28 26 = 2.257410966439908
0 28 27 = 7.643527887534342
0 29 0 = 1.743570530123635
0 29 1 = 6.817149427173057
0 29 2 = 1.743886570158689
0 29 3 = 6.7846446353160115
0 29 4 = 1.7444890672209956
0 29 5 = 6.785176483619043
0 29 6 = 1.7398865809126
0 29 7 = 6.796246470751391
0 29 8 = 1.7423956109565775
0 29 9 = 6.790132972220966
0 29 10 = 1.7402084801895445
0 29 11 = 6.812310011808289
0 29 12 = 1.743587529115771
0 29 13 = 6.788620548813313
0 29 14 = 1.7438690240023713
0 29 15 = 6.808974485964092
0 29 16 = 1.7428757379955608
0 29 17 = 6.780543603267256
0 29 18 = 1.7437258701217218
0 29 19 = 6.803591158098384
0 29 20 = 1.7411750978630556
0 29 21 = 6.8061171444053565
0 29 22 = 1.7409555850314544
0 29 23 = 6.803643261120056
0 29 24 = 1.7460899546525126
0 29 25 = 6.791517717039024
0 29 26 = 1.741708287532414
0 29 27 = 6.823478154242933
0 30 0 = 13.633617084190686
0 30 1 = 2.7434263541925503
0 30 2 = 13.61295737517836
0 30 3 = 2.741698834309963
0 30 4 = 13.636053591059156
0 30 5 = 2.743742750368117
0 30 6 = 13.635602373617948
0 30 7 = 2.740488577673128
0 30 8 = 13.632811361132813
0 30 9 = 2.749677151204259
0 30 10 = 13.601397297587154
0 30 11 = 2.7477479958529454
0 30 12 = 13.62006232997652
0 30 13 = 2.740969200705692
0 30 14 = 13.63338438332344
0 30 15 = 2.7400556566959806
0 30 16 = 13.630715792276803
0 30 17 = 2.744784119226874
0 30 18 = 13.640203119287554
0 30 19 = 2.7460137516513208
0 30 20 = 13.633980492999633
0 30 21 = 2.74194532826481
0 30 22 = 13.623091995820435
0 30 23 = 2.7481235506396255
0 30 24 = 13.630142912253055
0 30 25 = 2.743553443632516
0 30 26 = 13.597110011351766
0 30 27 = 2.7472044547882875
0 31 0 = 13.777987867172294
0 31 1 = 2.9297670840430645
0 31 2 = 13.768883588042428
0 31 3 = 2.9244163417952875
0 31 4 = 13.654981133174324
0 31 5 = 2.950164001085038
0 31 6 = 13.74071364161202
0 31 7 = 2.9461430865916443
0 31 8 = 13.644910237554585
0 31 9 = 2.930566020526334
0 31 10 = 13.722585002552911
0 31 11 = 2.9415841561996263
0 31 12 = 13.617307277003858
0 31 13 = 2.948474813131914
0 31 14 = 13.693496747774784
0 31 15 = 2.9480037785356603
0 31 16 = 13.708865505988339
0 31 17 = 2.9233875660440076
0 31 18 = 13.65161371001806
0 31 19 = 2.9212973789290593
0 31 20 = 13.598285680509472
0 31 21 = 2.9204204437346077
0 31 22 = 13.593900000535896
0 31 23 = 2.925266368064766
0 31 24 = 13.778941052122082
0 31 25 = 2.945452704359891
0 31 26 = 13.702055355183807
0 31 27 = 2.950264448998411
0 32 0 = 13.89300380844443
0 32 1 = 3.256154760343244
0 32 2 = 13.826957180607309
0 32 3 = 3.246905512330329
0 32 4 = 13.931541573737363
0 32 5 = 3.231837545877032
0 32 6 = 13.9643225254652
0 32 7 = 3.2417390404346627
0 32 8 = 13.847945867428114
0 32 9 = 3.264380047162456
0 32 10 = 13.746206179749807
0 32 11 = 3.2452156338730185
0 32 12 = 13.872594801391973
0 32 13 = 3.2287810172559026
0 32 14 = 13.834894075673255
0 32 15 = 3.2312869617782205
0 32 16 = 13.882693406159659
0 32 17 = 3.26070167966141
0 32 18 = 13.847230342160788
0 32 19 = 3.238683898682147
0 32 20 = 13.931492342917783
0 32 21 = 3.2312244516976163
0 32 22 = 13.817478644074095
0 32 23 = 3.2624604254399303
0 32 24 = 13.898434541263114
0 32 25 = 3.24771116128546
0 32 26 = 13.769510138758184
0 32 27 = 3.247854100659423
0 33 0 = 14.040879764525746
0 33 1 = 3.5823969653479026
0 33 2 = 14.081007293569273
0 33 3 = 3.5771887575755157
0 33 4 = 13.966219048819214
0 33 5 = 3.600867937496233
0 33 6 = 14.012376902192774
0 33 7 = 3.595185770562348
0 33 8 = 13.961660400663625
0 33 9 = 3.5935554730292543
0 33 10 = 14.02203662805993
0 33 11 = 3.5730510039252756
0 33 12 = 13.952289427254527
0 33 13 = 3.5853182585581997
0 33 14 = 14.024163769886233
0 33 15 = 3.595636190882111
0 33 16 = 13.9515380956811
0 33 17 = 3.5845665396546234
0 33 18 = 13.993426425023703
0 33 19 = 3.5825981905072393
0 33 20 = 13.911903889205096
0 33 21 = 3.578423081909607
0 33 22 = 13.926901784026919
0 33 23 = 3.5757193846589823
0 33 24 = 14.104390210904583
0 33 25 = 3.601794849846084
0 33 26 = 14.00632304632757
0 33 27 = 3.600389564323157
0 34 0 = 14.075487316136625
0 34 1 = 3.8098807655423075
0 34 2 = 14.07561551938699
0 34 3 = 3.8076123587330732
0 34 4 = 14.111395975149971
0 34 5 = 3.8092702905698945
0 34 6 = 14.09492854311583
0 34 7 = 3.807442725829081
0 34 8 = 14.077578684838272
0 34 9 = 3.8155709516592498
0 34 10 = 14.05548198808936
0 34 11 = 3.808785297319395
0 34 12 = 14.0823882728153
0 34 13 = 3.8062672212949
0 34 14 = 14.080891696202098
0 34 15 = 3.800598659330105
0 34 16 = 14.097881461549544
0 34 17 = 3.8159065847199285
0 34 18 = 14.076494651213823
0 34 19 = 3.8123364919260476
0 34 20 = 14.11056157404098
0 34 21 = 3.807102313572767
0 34 22 = 14.080308488491136
0 34 23 = 3.812812108092133
0 34 24 = 14.08748823663341
0 34 25 = 3.8080102009674976
0 34 26 = 14.064641135149005
0 34 27 = 3.8161644218672457
0 35 0 = 2.72596403232313
0 35 1 = 8.58771593403967
0 35 2 = 2.7272906301288833
0 35 3 = 8.600993589789423
0 35 4 = 2.7271617737888625
0 35 5 = 8.596467081333358
0 35 6 = 2.7251847984910147
0 35 7 = 8.58889565447888
0 35 8 = 2.7256536025807523
0 35 9 = 8.606310046739544
0 35 10 = 2.7268556714251693
0 35 11 = 8.594470683583072
0 35 12 = 2.727750748697762
0 35 13 = 8.599129188691258
0 35 14 = 2.728089752797525
0 35 15 = 8.592924287602273
0 35 16 = 2.7246287986351247
0 35 17 = 8.600994386985214
0 35 18 = 2.7229540214592554
0 35 19 = 8.603823061548175
0 35 20 = 2.72454659640528
0 35 21 = 8.603309165464951
0 35 22 = 2.726751361925394
0 35 23 = 8.593976474372814
0 35 24 = 2.729197342058054
0 35 25 = 8.614080897619065
0 35 26 = 2.727639741839302
0 35 27 = 8.611085458004675
0 36 0 = 2.7162615226961675
0 36 1 = 8.494453212650516
0 36 2 = 2.713652234157442
0 36 3 = 8.48629686521377
0 36 4 = 2.7050269933933935
0 36 5 = 8.581108988644978
0 36 6 = 2.7278854427896633
0 36 7 = 8.600159381125223
0 36 8 = 2.72374174706454
0 36 9 = 8.58255099912603
0 36 10 = 2.7147148331663478
0 36 11 = 8.504920234444674
0 36 12 = 2.7208165047836603
0 36 13 = 8.612859785681048
0 36 14 = 2.7115773029625942
0 36 15 = 8.485741273530063
0 36 16 = 2.7051378848134076
0 36 17 = 8.584680455759694
0 36 18 = 2.7105116623613643
0 36 19 = 8.487344487158893
0 36 20 = 2.7106022149824383
0 36 21 = 8.544077840586109
0 36 22 = 2.7258331467828616
0 36 23 = 8.582633672062551
0 36 24 = 2.7207131880953965
0 36 25 = 8.580586323220166
0 36 26 = 2.7094126746024223
0 36 27 = 8.496689527622683
0 37 0 = 2.628301079624316
0 37 1 = 8.276480023213082
0 37 2 = 2.626755010792367
0 37 3 = 8.374128783732441
0 37 4 = 2.635706342764341
0 37 5 = 8.372200071221359
0 37 6 = 2.626820375306196
0 37 7 = 8.283057364461632
0 37 8 = 2.6294686810109296
0 37 9 = 8.399397647980845
0 37 10 = 2.638026078500812
0 37 11 = 8.287237140127601
0 37 12 = 2.62246724621787
0 37 13 = 8.299034317745981
0 37 14 = 2.6221325723096878
0 37 15 = 8.279758568883375
0 37 16 = 2.6245851340227166
0 37 17 = 8.379851130336238
0 37 18 = 2.625355653632692
0 37 19 = 8.385857001973639
0 37 20 = 2.6317997245746687
0 37 21 = 8.340124306760618
0 37 22 = 2.6152790934911074
0 37 23 = 8.376381408836748
0 37 24 = 2.6324957231955115
0 37 25 = 8.410359012258779
0 37 26 = 2.637954552123053
0 37 27 = 8.341164325796393
0 38 0 = 2.3512128618142776
0 38 1 = 7.774121312288413
0 38 2 = 2.3592666368136364
0 38 3 = 7.885093414466059
0 38 4 = 2.3482496314830823
0 38 5 = 7.868217435340094
0 38 6 = 2.3718572564008413
0 38 7 = 7.847628598210189
0 38 8 = 2.3670646734997987
0 38 9 = 7.888851312255539
0 38 10 = 2.368822114582401
0 38 11 = 7.776695112233376
0 38 12 = 2.3597466600700088
0 38 13 = 7.903233937746098
0 38 14 = 2.3501260337401386
0 38 15 = 7.813440863965726
0 38 16 = 2.3555848901407934
0 38 17 = 7.881222716151928
0 38 18 = 2.3695306620317225
0 38 19 = 7.833287116955109
0 38 20 = 2.3655924676676543
0 38 21 = 7.793919465312881
0 38 22 = 2.3719721219976426
0 38 23 = 7.8414528710747815
0 38 24 = 2.3549406635066266
0 38 25 = 7.867110455462436
0 38 26 = 2.362009581775471
0 38 27 = 7.775730049470109
0 39 0 = 1.8059761564409758
0 39 1 = 6.933204120261609
0 39 2 = 1.8064304994997058
0 39 3 = 6.952916324339758
0 39 4 = 1.8093980337774598
0 39 5 = 6.9430748667594475
0 39 6 = 1.8055559426838517
0 39 7 = 6.925040192081728
0 39 8 = 1.8065917543151515
0 39 9 = 6.950941753024347
0 39 10 = 1.80745765302242
0 39 11 = 6.935500906413508
0 39 12 = 1.805147566045974
0 39 13 = 6.933379428749914
0 39 14 = 1.8055148699763668
0 39 15 = 6.934165721835559
0 39 16 = 1.8069776572431107
0 39 17 = 6.941083781735747
0 39 18 = 1.8056307497614315
0 39 19 = 6.957833015595407
0 39 20 = 1.8071057870569216
0 39 21 = 6.936191521804982
0 39 22 = 1.8055230742512172
0 39 23 = 6.95227876781768
0 39 24 = 1.807496904284662
0 39 25 = 6.955851873297583
0 39 26 = 1.8094084400019463
0 39 27 = 6.94212360859535
0 40 0 = 13.896300607588044
0 40 1 = 2.953196031994947
0 40 2 = 13.896017034720686
0 40 3 = 2.9586480222478966
0 40 4 = 13.909876133267199
0 40 5 = 2.952540969253945
0 40 6 = 13.901952744075107
0 40 7 = 2.9576731617545007
0 40 8 = 13.91183971255726
0 40 9 = 2.954937177151859
0 40 10 = 13.900745666303159
0 40 11 = 2.9525993883340034
0 40 12 = 13.919202343045301
0 40 13 = 2.950287742662831
0 40 14 = 13.90323074243171
0 40 15 = 2.952216910443883
0 40 16 = 13.902827152128335
0 40 17 = 2.9569100596320586
0 40 18 = 13.907457438742293
0 40 19 = 2.9553551220254084
0 40 20 = 13.919725987184181
0 40 21 = 2.9554085706054978
0 40 22 = 13.918626969270408
0 40 23 = 2.957623698489869
0 40 24 = 13.896524780953131
0 40 25 = 2.953057936567438
0 40 26 = 13.907152244462482
0 40 27 = 2.952162129130891
0 41 0 = 13.896793419900364
0 41 1 = 3.13568886931383
0 41 2 = 13.916074287203159
0 41 3 = 3.1366486877722135
0 41 4 = 13.90650307071114
0 41 5 = 3.1424135095337498
0 41 6 = 13.88880535033394
0 41 7 = 3.1300781196963077
0 41 8 = 13.919630892100649
0 41 9 = 3.129671372617164
0 41 10 = 13.94236648668608
0 41 11 = 3.130940111019167
0 41 12 = 13.918890835620397
0 41 13 = 3.133091639575449
0 41 14 = 13.926811681530463
0 41 15 = 3.1361394940951572
0 41 16 = 13.908399320554325
0 41 17 = 3.1347961583993076
0 41 18 = 13.925752750433933
0 41 19 = 3.13564809582987
0 41 20 = 13.913586757881857
0 41 21 = 3.139184064836845
0 41 22 = 13.929059252005587
0 41 23 = 3.134836992177089
0 41 24 = 13.904553177730797
0 41 25 = 3.13201025533662
0 41 26 = 13.937293306304635
0 41 27 = 3.131712332770884
0 42 0 = 13.983204524009796
0 42 1 = 3.440132468326389
0 42 2 = 13.983102592665992
0 42 3 = 3.450596663660407
0 42 4 = 14.011864666562449
0 42 5 = 3.4371015783015686
0 42 6 = 13.984371475689688
0 42 7 = 3.4423554851647915
0 42 8 = 14.036933318305953
0 42 9 = 3.444498027371982
0 42 10 = 14.009759337230438
0 42 11 = 3.4467597658565214
0 42 12 = 14.038924866686681
0 42 13 = 3.4418444721021126
0 42 14 = 14.007548972036764
0 42 15 = 3.4420372950552656
0 42 16 = 14.010231971162339
0 42 17 = 3.446079986588934
0 42 18 = 14.017000243839787
0 42 19 = 3.44875133449188
0 42 20 = 14.031875581664822
0 42 21 = 3.4513004594539827
0 42 22 = 14.047746457218825
0 42 23 = 3.4513839665297805
0 42 24 = 13.974180638208152
0 42 25 = 3.436624318278977
0 42 26 = 14.013645485816003
0 42 27 = 3.439786447595654
0 43 0 = 14.082458594944983
0 43 1 = 3.8026855270731614
0 43 2 = 14.088808740054349
0 43 3 = 3.805044908266324
0 43 4 = 14.075365062297605
0 43 5 = 3.8093124457632195
0 43 6 = 14.068393391868405
0 43 7 = 3.80618991106143
0 43 8 = 14.090471767762333
0 43 9 = 3.8026291026065118
0 43 10 = 14.113994409689274
0 43 11 = 3.808404142557893
0 43 12 = 14.08204525452136
0 43 13 = 3.8138011563411376
0 43 14 = 14.091899518675696
0 43 15 = 3.814646016501044
0 43 16 = 14.090514682128603
0 43 17 = 3.8056092269751933
0 43 18 = 14.091598437074461
0 43 19 = 3.8086106503446175
0 43 20 = 14.078735251987805
0 43 21 = 3.811891451714983
0 43 22 = 14.094463471846899
0 43 23 = 3.804981209150583
0 43 24 = 14.072886184313992
0 43 25 = 3.8036272434022855
0 43 26 = 14.106143032573168
0 43 27 = 3.806042452255227
0 44 0 = 13.962842297082341
0 44 1 = 4.321843677152155
0 44 2 = 13.953001651075185
0 44 3 = 4.325504083316194
0 44 4 = 13.969364789041714
0 44 5 = 4.317642500701689
0 44 6 = 13.963947249206484
0 44 7 = 4.3212104621560785
0 44 8 = 13.973954421357028
0 44 9 = 4.318419863693851
0 44 10 = 13.96192620239613
0 44 11 = 4.323063524101206
0 44 12 = 13.977814728650381
0 44 13 = 4.320247090941255
0 44 14 = 13.960977902313497
0 44 15 = 4.318955451413521
0 44 16 = 13.971565141660644
0 44 17 = 4.325735722204861
0 44 18 = 13.967632418409735
0 44 19 = 4.3231380354996265
0 44 20 = 13.97987623525484
0 44 21 = 4.324137015208831
0 44 22 = 13.977539603082773
0 44 23 = 4.325166907976653
0 44 24 = 13.95190206394718
0 44 25 = 4.320049751335116
0 44 26 = 13.967568851947004
0 44 27 = 4.318253298921723
0 45 0 = 2.8354243453103383
0 45 1 = 8.830807007548866
0 45 2 = 2.8317777648566462
0 45 3 = 8.834885788673354
0 45 4 = 2.8359210909896584
0 45 5 = 8.82241946019039
0 45 6 = 2.8304845847826563
0 45 7 = 8.813597449790082
0 45 8 = 2.8303557776172976
0 45 9 = 8.819098035310951
0 45 10 = 2.83259850576682
0 45 11 = 8.828015182427945
0 45 12 = 2.8319166358285024
0 45 13 = 8.807489822307929
0 45 14 = 2.8356964256592567
0 45 15 = 8.831687533294366
0 45 16 = 2.836656886824273
0 45 17 = 8.81783018786852
0 45 18 = 2.8323777226850826
0 45 19 = 8.830100935598717
0 45 20 = 2.83519561768984
0 45 21 = 8.821479536164448
0 45 22 = 2.82981594898363
0 45 23 = 8.818973982467524
0 45 24 = 2.827849983372547
0 45 25 = 8.817329357157535
0 45 26 = 2.8339140800897975
0 45 27 = 8.828254229612284
0 46 0 = 2.821092279731952
0 46 1 = 8.771228710132567
0 46 2 = 2.820572752133003
0 46 3 = 8.756573120402287
0 46 4 = 2.8206037030071234
0 46 5 = 8.743791765477198
0 46 6 = 2.818270912408743
0 46 7 = 8.765897208134186
0 46 8 = 2.819473975265
0 46 9 = 8.738753053098849
0 46 10 = 2.8194690543813885
0 46 11 = 8.767553871659238
0 46 12 = 2.8178817672190735
0 46 13 = 8.759873963148657
0 46 14 = 2.8218450583257306
0 46 15 = 8.775621550161963
0 46 16 = 2.822693263472747
0 46 17 = 8.741597518867545
0 46 18 = 2.822206276916426
0 46 19 = 8.752941921455497
0 46 20 = 2.8205787256120267
0 46 21 = 8.755209091629371
0 46 22 = 2.8190228758802514
0 46 23 = 8.742779360208463
0 46 24 = 2.8170007462869777
0 46 25 = 8.735057305618872
0 46 26 = 2.818234154590482
0 46 27 = 8.758583443554887
0 47 0 = 2.741349856982916
0 47 1 = 8.588721855960488
0 47 2 = 2.7422265781655244
0 47 3 = 8.559168893481026
0 47 4 = 2.743607027495603
0 47 5 = 8.54669165764365
0 47 6 = 2.730598219920041
0 47 7 = 8.552600462697747
0 47 8 = 2.737160017107915
0 47 9 = 8.540684368147945
0 47 10 = 2.735374127741521
0 47 11 = 8.58521925679618
0 47 12 = 2.7405539568147828
0 47 13 = 8.537576450121998
0 47 14 = 2.742357659537196
0 47 15 = 8.584848159499233
0 47 16 = 2.739286969072711
0 47 17 = 8.541215029227716
0 47 18 = 2.7380876501867997
0 47 19 = 8.56607141403883
0 47 20 = 2.7380740253149605
0 47 21 = 8.562663740488233
0 47 22 = 2.732925287777748
0 47 23 = 8.55246270554284
0 47 24 = 2.7400422002666684
0 47 25 = 8.544177106104794
0 47 26 = 2.7387215546699126
0 47 27 = 8.581725860949092
0 48 0 = 2.471815885746449
0 48 1 = 8.064605308651819
0 48 2 = 2.470617741697221
0 48 3 = 8.029481418112713
0 48 4 = 2.4719581306727707
0 48 5 = 8.03638187115345
0 48 6 = 2.471413212972455
0 48 7 = 8.067101514907558
0 48 8 = 2.4708041155157887
0 48 9 = 8.032232273198131
0 48 10 = 2.4670118781459185
0 48 11 = 8.067250201266276
0 48 12 = 2.4739311659838146
0 48 13 = 8.054318508908823
0 48 14 = 2.47453335923468
0 48 15 = 8.058268126648278
0 48 16 = 2.4706825341997964
0 48 17 = 8.029279748792069
0 48 18 = 2.4705197015315856
0 48 19 = 8.032694036799523
0 48 20 = 2.469665372112466
0 48 21 = 8.05496872003584
0 48 22 = 2.472378448414351
0 48 23 = 8.039435251741295
0 48 24 = 2.473505267070232
0 48 25 = 8.031429549370003
0 48 26 = 2.471688926242553
0 48 27 = 8.058983906982379
0 49 0 = 1.705839550592094
0 49 1 = 6.802938706381042
0 49 2 = 1.705090063387635
0 49 3 = 6.788922101828478
0 49 4 = 1.7060377568792635
0 49 5 = 6.793293040404927
0 49 6 = 1.703496968369743
0 49 7 = 6.793029195837437
0 49 8 = 1.7042187758370324
0 49 9 = 6.789951023982105
0 49 10 = 1.704684749122564
0 49 11 = 6.802256518811816
0 49 12 = 1.7051558665699293
0 49 13 = 6.785710539098131
0 49 14 = 1.7062073088237202
0 49 15 = 6.797020209956473
0 49 16 = 1.7052006078701134
0 49 17 = 6.792072245619973
0 49 18 = 1.7045942975965909
0 49 19 = 6.794799969934741
0 49 20 = 1.7042668753494903
0 49 21 = 6.8006637783967046
0 49 22 = 1.7033951651831034
0 49 23 = 6.795605150442363
0 49 24 = 1.7057720671712215
0 49 25 = 6.791933960412674
0 49 26 = 1.705245016836401
0 49 27 = 6.80261353629502
0 50 0 = 2.3118938815256636
0 50 1 = 7.780315325810167
0 50 2 = 2.313044238729895
0 50 3 = 7.770357996378965
0 50 4 = 2.31663930803162
0 50 5 = 7.76812815602719
0 50 6 = 2.3122341891303573
0 50 7 = 7.768185326549977
0 50 8 = 2.313507946756055
0 50 9 = 7.784090055124884
0 50 10 = 2.311693115008602
0 50 11 = 7.771818735201619
0 50 12 = 2.313666304187123
0 50 13 = 7.780107898343233
0 50 14 = 2.3128103990603592
0 50 15 = 7.779195447575277
0 50 16 = 2.3137050772848036
0 50 17 = 7.770670794278778
0 50 18 = 2.31206098666963
0 50 19 = 7.78007856510619
0 50 20 = 2.3137257950944186
0 50 21 = 7.770164198077833
0 50 22 = 2.3132173198973396
0 50 23 = 7.769900763753489
0 50 24 = 2.3116439396771358
0 50 25 = 7.778249698954843
0 50 26 = 2.3114770821239703
0 50 27 = 7.778481196591669
0 51 0 = 2.4382176959229356
0 51 1 = 7.994315400350344
0 51 2 = 2.4381759109191155
0 51 3 = 7.994115779437713
0 51 4 = 2.4389124021810824
0 51 5 = 7.999386265500118
0 51 6 = 2.4373076322113274
0 51 7 = 7.9958216948142695
0 51 8 = 2.438588286311747
0 51 9 = 8.019218953051727
0 51 10 = 2.439369418489683
0 51 11 = 8.001373520957033
0 51 12 = 2.4363662237065844
0 51 13 = 8.008609165399603
0 51 14 = 2.4399143585608645
0 51 15 = 8.00011691351137
0 51 16 = 2.4351782225326164
0 51 17 = 7.9900187525979405
0 51 18 = 2.440248684962828
0 51 19 = 8.003428000438536
0 51 20 = 2.436804462333456
0 51 21 = 8.012913944219727
0 51 22 = 2.4377475547402128
0 51 23 = 7.998453239979705
0 51 24 = 2.436800785189269
0 51 25 = 8.020190282154708
0 51 26 = 2.4392413755736917
0 51 27 = 8.010572990123395
0 52 0 = 2.5866539120330114
0 52 1 = 8.31622522249801
0 52 2 = 2.5873543997970287
0 52 3 = 8.288463924132625
0 52 4 = 2.5912828999823385
0 52 5 = 8.293827578178346
0 52 6 = 2.592643254633445
0 52 7 = 8.289025388132337
0 52 8 = 2.5931780333852346
0 52 9 = 8.328000926143698
0 52 10 = 2.586679822340524
0 52 11 = 8.313580048872014
0 52 12 = 2.5846521458718383
0 52 13 = 8.311738719907362
0 52 14 = 2.591089408775415
0 52 15 = 8.315848741759076
0 52 16 = 2.585348534878007
0 52 17 = 8.293008926024871
0 52 18 = 2.5831719930320918
0 52 19 = 8.326035800399474
0 52 20 = 2.5891240842913907
0 52 21 = 8.297288892243733
0 52 22 = 2.5894058861405473
0 52 23 = 8.291692693888042
0 52 24 = 2.5868418190176476
0 52 25 = 8.323111823782725
0 52 26 = 2.5867300017147152
0 52 27 = 8.309549911923975
0 53 0 = 2.7359722393138997
0 53 1 = 8.599938363944828
0 53 2 = 2.734049764378394
0 53 3 = 8.606721381785752
0 53 4 = 2.7362834477519336
0 53 5 = 8.608322351758204
0 53 6 = 2.7387496891931233
0 53 7 = 8.605177528483651
0 53 8 = 2.736770488478749
0 53 9 = 8.622372413619065
0 53 10 = 2.7374330987200874
0 53 11 = 8.623555992720666
0 53 12 = 2.737446861190303
0 53 13 = 8.605064074240369
0 53 14 = 2.7391668354276684
0 53 15 = 8.604134994426293
0 53 16 = 2.733914755623359
0 53 17 = 8.594887619178726
0 53 18 = 2.737602784846114
0 53 19 = 8.614938460167512
0 53 20 = 2.738243689906543
0 53 21 = 8.619886005025725
0 53 22 = 2.735952574561336
0 53 23 = 8.60476686094848
0 53 24 = 2.73623452981051
0 53 25 = 8.631673147087142
0 53 26 = 2.7389072471825306
0 53 27 = 8.606731259858105
0 54 0 = 2.841710203616659
0 54 1 = 8.831724432073564
0 54 2 = 2.8431197095010328
0 54 3 = 8.819706085114674
0 54 4 = 2.837890834728056
0 54 5 = 8.82231195246113
0 54 6 = 2.8410108721458087
0 54 7 = 8.823525012484895
0 54 8 = 2.8417691092565835
0 54 9 = 8.835677843194366
0 54 10 = 2.8442052109226097
0 54 11 = 8.832563941447736
0 54 12 = 2.8412283672761722
0 54 13 = 8.830936076063022
0 54 14 = 2.83953113374493
0 54 15 = 8.832893946412108
0 54 16 = 2.8395708070961487
0 54 17 = 8.825114668860357
0 54 18 = 2.839567359538682
0 54 19 = 8.837585759649036
0 54 20 = 2.8431199457856517
0 54 21 = 8.825281458698946
0 54 22 = 2.8415977958517535
0 54 23 = 8.822559678587995
0 54 24 = 2.842222667995243
0 54 25 = 8.834985085291164
0 54 26 = 2.8421256180864978
0 54 27 = 8.82597315601177
0 55 0 = 13.075932496820124
0 55 1 = 5.491716232407113
0 55 2 = 13.090676420090912
0 55 3 = 5.492123690550373
0 55 4 = 13.07478307470045
0 55 5 = 5.492741668937053
0 55 6 = 13.09117697872878
0 55 7 = 5.492204917873981
0 55 8 = 13.079844275915777
0 55 9 = 5.499309792977831
0 55 10 = 13.072687951224133
0 55 11 = 5.493869361848616
0 55 12 = 13.083809954159623
0 55 13 = 5.5008925300541325
0 55 14 = 13.081233315629568
0 55 15 = 5.497206600850532
0 55 16 = 13.08490320255379
0 55 17 = 5.493862517563838
0 55 18 = 13.074593400144847
0 55 19 = 5.492460602716811
0 55 20 = 13.068774533892682
0 55 21 = 5.49557832313364
0 55 22 = 13.084834575718915
0 55 23 = 5.49065338568818
0 55 24 = 13.082404926439398
0 55 25 = 5.4930774478047235
0 55 26 = 13.066559595455077
0 55 27 = 5.494588656245234
0 56 0 = 12.517791405665971
0 56 1 = 5.748520012043743
0 56 2 = 12.541551661041316
0 56 3 = 5.740066852098896
0 56 4 = 12.549670582341388
0 56 5 = 5.751727343689237
0 56 6 = 12.537843233611069
0 56 7 = 5.7486041337622344
0 56 8 = 12.54362596717172
0 56 9 = 5.747674024897664
0 56 10 = 12.538392432444814
0 56 11 = 5.743918128725753
0 56 12 = 12.534861833589577
0 56 13 = 5.7461991026609915
0 56 14 = 12.54079283030786
0 56 15 = 5.757043790559537
0 56 16 = 12.535935203034118
0 56 17 = 5.74902103090181
0 56 18 = 12.529232727697664
0 56 19 = 5.746937581181502
0 56 20 = 12.543384005441352
0 56 21 = 5.741295262737671
0 56 22 = 12.531578182380864
0 56 23 = 5.738864525543009
0 56 24 = 12.537614091617217
0 56 25 = 5.750723488236064
0 56 26 = 12.550376650119375
0 56 27 = 5.7347619041607025
0 57 0 = 11.93641241947081
0 57 1 = 5.661354363034045
0 57 2 = 11.957804126410013
0 57 3 = 5.656018324133293
0 57 4 = 11.920932971705104
0 57 5 = 5.655555439722268
0 57 6 = 11.921832883776618
0 57 7 = 5.6672093089216045
0 57 8 = 11.914899751496753
0 57 9 = 5.657292353163798
0 57 10 = 11.949658003622318
0 57 11 = 5.6611620590474185
0 57 12 = 11.944081175680926
0 57 13 = 5.669575039913144
0 57 14 = 11.951114722796877
0 57 15 = 5.66603596135201
0 57 16 = 11.94225385431733
0 57 17 = 5.658473875622737
0 57 18 = 11.906754701193329
0 57 19 = 5.66178964301881
0 57 20 = 11.926860436332245
0 57 21 = 5.6628831112856455
0 57 22 = 11.945251530988871
0 57 23 = 5.654319165202519
0 57 24 = 11.911112032701693
0 57 25 = 5.658649702723345
0 57 26 = 11.910287354258093
0 57 27 = 5.649953612891807
0 58 0 = 11.03326904249332
0 58 1 = 5.289053968496286
0 58 2 = 11.0359063231228
0 58 3 = 5.280334661717887
0 58 4 = 11.030525276272696
0 58 5 = 5.286584128700381
0 58 6 = 10.996064828483187
0 58 7 = 5.291709282641503
0 58 8 = 11.011977265303074
0 58 9 = 5.272729600672525
0 58 10 = 11.055530873323605
0 58 11 = 5.281904776188494
0 58 12 = 11.023094987535481
0 58 13 = 5.280079975475257
0 58 14 = 11.044332301750131
0 58 15 = 5.287510218422044
0 58 16 = 11.030482737120515
0 58 17 = 5.279379147769279
0 58 18 = 11.012804560752445
0 58 19 = 5.290468688142749
0 58 20 = 11.041832821178204
0 58 21 = 5.2744516917629864
0 58 22 = 11.024464276874236
0 58 23 = 5.2842582091200345
0 58 24 = 11.007465869793393
0 58 25 = 5.281541677998087
0 58 26 = 11.03844090552739
0 58 27 = 5.266426495517345
0 59 0 = 9.502428723973408
0 59 1 = 4.350361105718502
0 59 2 = 9.499827036450798
0 59 3 = 4.349766167331704
0 59 4 = 9.482151899434985
0 59 5 = 4.346078572838192
0 59 6 = 9.481321948517179
0 59 7 = 4.3513757534576225
0 59 8 = 9.480437394086156
0 59 9 = 4.345114167454845
0 59 10 = 9.499398590878169
0 59 11 = 4.348969252199652
0 59 12 = 9.494561212440779
0 59 13 = 4.352326403840714
0 59 14 = 9.498454719918342
0 59 15 = 4.349311560299547
0 59 16 = 9.499248123344406
0 59 17 = 4.348876487756105
0 59 18 = 9.482595457864008
0 59 19 = 4.349668113287656
0 59 20 = 9.488461431330528
0 59 21 = 4.347468386778814
0 59 22 = 9.50044449929589
0 59 23 = 4.349832516419166
0 59 24 = 9.483323150968314
0 59 25 = 4.345245163993578
0 59 26 = 9.478796736322108
0 59 27 = 4.3453299145660615
0 60 0 = 2.3671268775292287
0 60 1 = 7.854004663618192
0 60 2 = 2.3642180347393436
0 60 3 = 7.834573127198431
0 60 4 = 2.3650381210730154
0 60 5 = 7.836767488051054
0 60 6 = 2.3640531003449308
0 60 7 = 7.841195185797742
0 60 8 = 2.3672651252717016
0 60 9 = 7.82422547332468
0 60 10 = 2.364808060940846
0 60 11 = 7.839932041821545
0 60 12 = 2.3666832363258985
0 60 13 = 7.836922142803626
0 60 14 = 2.365693227355591
0 60 15 = 7.8580512652612455
0 60 16 = 2.3682372173909796
0 60 17 = 7.846946231431472
0 60 18 = 2.3624442307309224
0 60 19 = 7.840954455066106
0 60 20 = 2.3670090904029966
0 60 21 = 7.818156331718225
0 60 22 = 2.3657168896805567
0 60 23 = 7.847643150921695
0 60 24 = 2.3633797886316312
0 60 25 = 7.821498348020836
0 60 26 = 2.3614882207567507
0 60 27 = 7.837309737019582
0 61 0 = 2.4552169089884495
0 61 1 = 7.966780058253711
0 61 2 = 2.4501546652472137
0 61 3 = 8.062488586010998
0 61 4 = 2.4466894270740602
0 61 5 = 8.044826133443312
0 61 6 = 2.4414477306696023
0 61 7 = 8.05119137330113
0 61 8 = 2.4471390252047542
0 61 9 = 7.947928218372408
0 61 10 = 2.453489297695794
0 61 11 = 8.015886623176682
0 61 12 = 2.4558535060420046
0 61 13 = 7.958440051427658
0 61 14 = 2.443925566769137
0 61 15 = 7.968940274029377
0 61 16 = 2.4598413554039467
0 61 17 = 8.037805256888834
0 61 18 = 2.454024761275428
0 61 19 = 7.951240563871895
0 61 20 = 2.444250242942486
0 61 21 = 8.059989724576901
0 61 22 = 2.4453425094082224
0 61 23 = 8.029798767904348
0 61 24 = 2.4519644628408885
0 61 25 = 7.976228192472674
0 61 26 = 2.451061525439689
0 61 27 = 7.972106393056573
0 62 0 = 2.5850126364888615
0 62 1 = 8.335500567714053
0 62 2 = 2.5886529501099833
0 62 3 = 8.276000344907827
0 62 4 = 2.582093622569581
0 62 5 = 8.291993662088203
0 62 6 = 2.5837138953074446
0 62 7 = 8.283961243197915
0 62 8 = 2.5899085584235
0 62 9 = 8.245642203458601
0 62 10 = 2.581246403306789
0 62 11 = 8.265885158224279
0 62 12 = 2.5847931092710072
0 62 13 = 8.283554621371755
0 62 14 = 2.5859232792231266
0 62 15 = 8.302428826690335
0 62 16 = 2.5921732940805136
0 62 17 = 8.30676532620774
0 62 18 = 2.5839335754161756
0 62 19 = 8.282487319236544
0 62 20 = 2.589992715929979
0 62 21 = 8.226279002727333
0 62 22 = 2.5915767956507274
0 62 23 = 8.302178637219166
0 62 24 = 2.584960158239336
0 62 25 = 8.21449858425508
0 62 26 = 2.58534174455354
0 62 27 = 8.261510191628703
0 63 0 = 2.728746835877517
0 63 1 = 8.536730690109012
0 63 2 = 2.729581636622946
0 63 3 = 8.603651766796657
0 63 4 = 2.7284051299323804
0 63 5 = 8.57235975654497
0 63 6 = 2.7205929020699755
0 63 7 = 8.599641599196898
0 63 8 = 2.716151428308593
0 63 9 = 8.506095135763873
0 63 10 = 2.7209199475813857
0 63 11 = 8.516334596972724
0 63 12 = 2.726070716635046
0 63 13 = 8.56419105998568
0 63 14 = 2.7255621373105594
0 63 15 = 8.540513683527944
0 63 16 = 2.7320974006704324
0 63 17 = 8.595799038676796
0 63 18 = 2.725369056890155
0 63 19 = 8.495107818922255
0 63 20 = 2.724122859451765
0 63 21 = 8.588854876850467
0 63 22 = 2.719698705961994
0 63 23 = 8.592816556396901
0 63 24 = 2.721038932967371
0 63 25 = 8.518474070602638
0 63 26 = 2.7330593862985793
0 63 27 = 8.578790507551671
0 64 0 = 2.827570822092199
0 64 1 = 8.779510326095785
0 64 2 = 2.8274561575908796
0 64 3 = 8.763058911974136
0 64 4 = 2.8336314752848506
0 64 5 = 8.778777881683226
0 64 6 = 2.8270868436469074
0 64 7 = 8.76456780953509
0 64 8 = 2.8311307814643563
0 64 9 = 8.754432674578032
0 64 10 = 2.8264631380452783
0 64 11 = 8.766801482991433
0 64 12 = 2.831483350959861
0 64 13 = 8.758783109068258
0 64 14 = 2.8278549511049222
0 64 15 = 8.76811583397303
0 64 16 = 2.8299508067347574
0 64 17 = 8.772691010702024
0 64 18 = 2.826814867392856
0 64 19 = 8.765130949008201
0 64 20 = 2.82780685259378
0 64 21 = 8.752650923395993
0 64 22 = 2.8315374802206343
0 64 23 = 8.7634374882513
0 64 24 = 2.829582806032444
0 64 25 = 8.7471483983064
0 64 26 = 2.828809239827068
0 64 27 = 8.75239902600602
0 65 0 = 12.551771474956734
0 65 1 = 5.743338409288057
0 65 2 = 12.548633838004834
0 65 3 = 5.7496396984200935
0 65 4 = 12.528606486278445
0 65 5 = 5.737580634536555
0 65 6 = 12.539580201104517
0 65 7 = 5.745720111447814
0 65 8 = 12.527616453782386
0 65 9 = 5.743436588146125
0 65 10 = 12.54852341330427
0 65 11 = 5.747551019923838
0 65 12 = 12.551711128428561
0 65 13 = 5.744155673422978
0 65 14 = 12.54141020187749
0 65 15 = 5.739869892199017
0 65 16 = 12.533913626266408
0 65 17 = 5.7420807692311175
0 65 18 = 12.543565225899036
0 65 19 = 5.745400678151934
0 65 20 = 12.53538662765645
0 65 21 = 5.744399198997249
0 65 22 = 12.535780177941264
0 65 23 = 5.746736183910014
0 65 24 = 12.540698551020414
0 65 25 = 5.734782286984138
0 65 26 = 12.51814238186683
0 65 27 = 5.749021731903944
0 66 0 = 12.251261642039394
0 66 1 = 5.719129499363905
0 66 2 = 12.1582062906913
0 66 3 = 5.720967525902497
0 66 4 = 12.255365389967666
0 66 5 = 5.720132574209268
0 66 6 = 12.165026963999212
0 66 7 = 5.714088426274898
0 66 8 = 12.234446167822368
0 66 9 = 5.7035908969341955
0 66 10 = 12.243214327535206
0 66 11 = 5.695645892824389
0 66 12 = 12.18073941119315
0 66 13 = 5.676726661824198
0 66 14 = 12.206948245714516
0 66 15 = 5.681610248327928
0 66 16 = 12.208758893157945
0 66 17 = 5.702056701880717
0 66 18 = 12.28322276274948
0 66 19 = 5.720363438504928
0 66 20 = 12.27115083336778
0 66 21 = 5.698885782926859
0 66 22 = 12.188793314428295
0 66 23 = 5.743891774143075
0 66 24 = 12.221699882063177
0 66 25 = 5.701769143517416
0 66 26 = 12.319749373809346
0 66 27 = 5.717934492025037
0 67 0 = 11.710713941523649
0 67 1 = 5.576136358602061
0 67 2 = 11.668424618320273
0 67 3 = 5.606122459342391
0 67 4 = 11.579616781980398
0 67 5 = 5.5726554582799706
0 67 6 = 11.704808331927156
0 67 7 = 5.573254527932069
0 67 8 = 11.644887323170128
0 67 9 = 5.593485565056229
0 67 10 = 11.60799006196072
0 67 11 = 5.607947240900434
0 67 12 = 11.697296373161942
0 67 13 = 5.607686316902399
0 67 14 = 11.62643923350964
0 67 15 = 5.562482229377203
0 67 16 = 11.672508571611704
0 67 17 = 5.603905680186237
0 67 18 = 11.665042587836528
0 67 19 = 5.5769753592505005
0 67 20 = 11.59649180499008
0 67 21 = 5.6114038653355065
0 67 22 = 11.688657169409403
0 67 23 = 5.599179878048817
0 67 24 = 11.686131051725475
0 67 25 = 5.567468853797387
0 67 26 = 11.56072198649088
0 67 27 = 5.6270288871715755
0 68 0 = 10.684454316408962
0 68 1 = 5.195776235904275
0 68 2 = 10.688319105332095
0 68 3 = 5.197330278842877
0 68 4 = 10.840196691557368
0 68 5 = 5.228110877199159
0 68 6 = 10.859499138686301
0 68 7 = 5.175052059450073
0 68 8 = 10.872664607415823
0 68 9 = 5.241032033505405
0 68 10 = 10.695496778480427
0 68 11 = 5.197367808751362
0 68 12 = 10.732381802914711
0 68 13 = 5.174327033766924
0 68 14 = 10.706278785460762
0 68 15 = 5.19134963379779
0 68 16 = 10.72332981837033
0 68 17 = 5.207273328885137
0 68 18 = 10.861427819146643
0 68 19 = 5.193733194274701
0 68 20 = 10.78605832931293
0 68 21 = 5.222530884422293
0 68 22 = 10.710003657596324
0 68 23 = 5.2023226961544
0 68 24 = 10.852000497390756
0 68 25 = 5.233070061865276
0 68 26 = 10.876933857001083
0 68 27 = 5.242197375363916
0 69 0 = 9.609837079381524
0 69 1 = 4.473559875211499
0 69 2 = 9.608394751095434
0 69 3 = 4.4849618334403525
0 69 4 = 9.593378161134172
0 69 5 = 4.474565222417699
0 69 6 = 9.613519009260116
0 69 7 = 4.479596547420241
0 69 8 = 9.597669492140714
0 69 9 = 4.480598789121345
0 69 10 = 9.595752203258693
0 69 11 = 4.4845982626618595
0 69 12 = 9.621019556808585
0 69 13 = 4.487415185910559
0 69 14 = 9.597045128005687
0 69 15 = 4.473774310511673
0 69 16 = 9.5919535342811
0 69 17 = 4.481935477768427
0 69 18 = 9.597377213342513
0 69 19 = 4.475517834653398
0 69 20 = 9.591327711712195
0 69 21 = 4.485972887298982
0 69 22 = 9.604554772978936
0 69 23 = 4.4790712323776685
0 69 24 = 9.598189420496794
0 69 25 = 4.47972838617432
0 69 26 = 9.580061868478106
0 69 27 = 4.4863353639793235
0 70 0 = 2.3268217891644825
0 70 1 = 7.7231495389830656
0 70 2 = 2.327399673504624
0 70 3 = 7.7011389193499244
0 70 4 = 2.3284466949410194
0 70 5 = 7.715369595524716
0 70 6 = 2.331422174226001
0 70 7 = 7.71837952393921
0 70 8 = 2.330001724685556
0 70 9 = 7.739981843007432
0 70 10 = 2.3253462340554343
0 70 11 = 7.734987504027768
0 70 12 = 2.328485635505493
0 70 13 = 7.735702430328053
0 70 14 = 2.3290197631739775
0 70 15 = 7.729921561508261
0 70 16 = 2.3240123820740006
0 70 17 = 7.721544351768968
0 70 18 = 2.329816143084116
0 70 19 = 7.741163365304456
0 70 20 = 2.329461975316883
0 70 21 = 7.697263315231541
0 70 22 = 2.331954284322163
0 70 23 = 7.706541285534806
0 70 24 = 2.330889232781853
0 70 25 = 7.735266892458709
0 70 26 = 2.328666871044812
0 70 27 = 7.718802434791467
0 71 0 = 2.389921064941083
0 71 1 = 7.818542042860118
0 71 2 = 2.393451255384395
0 71 3 = 7.857364582412743
0 71 4 = 2.3988276935734367
0 71 5 = 7.835706705040021
0 71 6 = 2.394747955547794
0 71 7 = 7.813334248776834
0 71 8 = 2.3839712872841203
0 71 9 = 7.915586617697694
0 71 10 = 2.39154048716115
0 71 11 = 7.8079503098043235
0 71 12 = 2.386912277223109
0 71 13 = 7.884465442890621
0 71 14 = 2.3933121629915792
0 71 15 = 7.793272164053644
0 71 16 = 2.383205155483219
0 71 17 = 7.797548480364539
0 71 18 = 2.3972937182547307
0 71 19 = 7.863467488400218
0 71 20 = 2.3906534367552443
0 71 21 = 7.917079269748915
0 71 22 = 2.3879333793310096
0 71 23 = 7.818249534355763
0 71 24 = 2.394255474697828
0 71 25 = 7.921462413498144
0 71 26 = 2.3929142790034503
0 71 27 = 7.905054913901378
0 72 0 = 2.5085845335231687
0 72 1 = 8.091824659710044
0 72 2 = 2.509291079212259
0 72 3 = 8.043424773987395
0 72 4 = 2.5123383154878933
0 72 5 = 8.079206573074641
0 72 6 = 2.517588918065473
0 72 7 = 8.074020208380706
0 72 8 = 2.516926512524678
0 72 9 = 8.139107846957817
0 72 10 = 2.515923407181707
0 72 11 = 8.158577170216898
0 72 12 = 2.5070956571433887
0 72 13 = 8.104871870455348
0 72 14 = 2.515582178597636
0 72 15 = 8.13975061627304
0 72 16 = 2.502473120632573
0 72 17 = 8.086301505762016
0 72 18 = 2.5093485583112147
0 72 19 = 8.165607221898629
0 72 20 = 2.5044293061776997
0 72 21 = 8.040949392694277
0 72 22 = 2.5172656295478943
0 72 23 = 8.036824566480002
0 72 24 = 2.509697229012298
0 72 25 = 8.163200121029607
0 72 26 = 2.5012485318321667
0 72 27 = 8.072679105712274
0 73 0 = 2.649231821740927
0 73 1 = 8.300227382280566
0 73 2 = 2.6358442722277986
0 73 3 = 8.364546528695552
0 73 4 = 2.6403160379705053
0 73 5 = 8.302327914036061
0 73 6 = 2.645812597522082
0 73 7 = 8.316973670301294
0 73 8 = 2.6356872590075047
0 73 9 = 8.406226409162421
0 73 10 = 2.6469827016093066
0 73 11 = 8.335550547011817
0 73 12 = 2.6293778551187987
0 73 13 = 8.378581468571873
0 73 14 = 2.6378674360309144
0 73 15 = 8.328465682185865
0 73 16 = 2.629680323283022
0 73 17 = 8.29421942080054
0 73 18 = 2.646319709882468
0 73 19 = 8.3811255721023
0 73 20 = 2.640479213290243
0 73 21 = 8.414249906336362
0 73 22 = 2.628516237093775
0 73 23 = 8.339741319785123
0 73 24 = 2.642909076636442
0 73 25 = 8.426745969478027
0 73 26 = 2.637626024304432
0 73 27 = 8.396475115415804
0 74 0 = 2.746341324457222
0 74 1 = 8.569606813535986
0 74 2 = 2.7507968627573742
0 74 3 = 8.549201438548229
0 74 4 = 2.7472253725750826
0 74 5 = 8.567961723612578
0 74 6 = 2.752057561564798
0 74 7 = 8.569893804824408
0 74 8 = 2.7528164787234943
0 74 9 = 8.586440481114032
0 74 10 = 2.7495072455221417
0 74 11 = 8.594035266217466
0 74 12 = 2.7522756395127694
0 74 13 = 8.557692792451526
0 74 14 = 2.7531332411346656
0 74 15 = 8.575197525406653
0 74 16 = 2.7445275530526603
0 74 17 = 8.578110379380197
0 74 18 = 2.747659005193531
0 74 19 = 8.58762876216676
0 74 20 = 2.7466306041339688
0 74 21 = 8.548597591726034
0 74 22 = 2.7471463598014987
0 74 23 = 8.558547701217298
0 74 24 = 2.7480170516146893
0 74 25 = 8.587413107353335
0 74 26 = 2.7481197115609013
0 74 27 = 8.556844782018906
0 75 0 = 11.928097332268342
0 75 1 = 5.6437423181748505
0 75 2 = 11.967336734475618
0 75 3 = 5.650749125154771
0 75 4 = 11.931738770266245
0 75 5 = 5.648089635685193
0 75 6 = 11.941277372510823
0 75 7 = 5.658104720917866
0 75 8 = 11.914180709584375
0 75 9 = 5.652616070189667
0 75 10 = 11.936789790902942
0 75 11 = 5.663380484243729
0 75 12 = 11.960373603081665
0 75 13 = 5.663919261689723
0 75 14 = 11.951070279177944
0 75 15 = 5.658534088202765
0 75 16 = 11.931049976281802
0 75 17 = 5.6486329781900295
0 75 18 = 11.91522117527319
0 75 19 = 5.649267503454797
0 75 20 = 11.92516520639767
0 75 21 = 5.655300000857576
0 75 22 = 11.924761813161581
0 75 23 = 5.640095677251363
0 75 24 = 11.948264325491225
0 75 25 = 5.6576870860125
0 75 26 = 11.89456635036287
0 75 27 = 5.650600984570662
0 76 0 = 11.571270796099848
0 76 1 = 5.5856671686330595
0 76 2 = 11.615237857084558
0 76 3 = 5.557266977054113
0 76 4 = 11.678448108581913
0 76 5 = 5.612419174406552
0 76 6 = 11.688853286925173
0 76 7 = 5.56472906663359
0 76 8 = 11.73638808303734
0 76 9 = 5.591402555783681
0 76 10 = 11.585232554673244
0 76 11 = 5.556555082991547
0 76 12 = 11.601626472644211
0 76 13 = 5.603148962144473
0 76 14 = 11.635190305427278
0 76 15 = 5.616812903860133
0 76 16 = 11.695392108030722
0 76 17 = 5.613792996759352
0 76 18 = 11.621437761505065
0 76 19 = 5.584175743559797
0 76 20 = 11.651535310298863
0 76 21 = 5.594642167682463
0 76 22 = 11.715057508012823
0 76 23 = 5.560668932510878
0 76 24 = 11.62620395583873
0 76 25 = 5.623313392573263
0 76 26 = 11.718989667277933
0 76 27 = 5.563553619186932
0 77 0 = 11.202033984568242
0 77 1 = 5.438819163473503
0 77 2 = 11.259152721061689
0 77 3 = 5.459343904033381
0 77 4 = 11.180918737670918
0 77 5 = 5.415848267914195
0 77 6 = 11.115858699214195
0 77 7 = 5.4754947809384635
0 77 8 = 11.061705298271217
0 77 9 = 5.420305005000257
0 77 10 = 11.236265724904978
0 77 11 = 5.473764455768943
0 77 12 = 11.241640749049855
0 77 13 = 5.478775710083873
0 77 14 = 11.211660400672287
0 77 15 = 5.47145370119572
0 77 16 = 11.103240962275562
0 77 17 = 5.4082450630738474
0 77 18 = 11.067520272562064
0 77 19 = 5.435651813298156
0 77 20 = 11.16028994007479
0 77 21 = 5.426949516522489
0 77 22 = 11.145732652383357
0 77 23 = 5.409898823392242
0 77 24 = 11.099986930354511
0 77 25 = 5.4484802563290335
0 77 26 = 11.05833958665998
0 77 27 = 5.410829961879923
0 78 0 = 10.372496587228447
0 78 1 = 5.1175509602687095
0 78 2 = 10.3505986078385
0 78 3 = 5.060991220481605
0 78 4 = 10.349344946840807
0 78 5 = 5.091566337036243
0 78 6 = 10.276897982538413
0 78 7 = 5.101425147688094
0 78 8 = 10.359454122315732
0 78 9 = 5.062355243684044
0 78 10 = 10.417574663226242
0 78 11 = 5.059978460564888
0 78 12 = 10.281627531091862
0 78 13 = 5.063634856898529
0 78 14 = 10.41545695108505
0 78 15 = 5.1115603978434905
0 78 16 = 10.46176583998984
0 78 17 = 5.086123379160185
0 78 18 = 10.346434131270058
0 78 19 = 5.110014498410174
0 78 20 = 10.390433152057035
0 78 21 = 5.056893978778017
0 78 22 = 10.417178125165918
0 78 23 = 5.098721548410089
0 78 24 = 10.340828129123073
0 78 25 = 5.077896869951658
0 78 26 = 10.436219806934266
0 78 27 = 5.052564052111203
0 79 0 = 9.248636158297847
0 79 1 = 4.346492583457676
0 79 2 = 9.25730225429303
0 79 3 = 4.349209223117926
0 79 4 = 9.217176399623902
0 79 5 = 4.3330161018275435
0 79 6 = 9.202839270626653
0 79 7 = 4.348602087194257
0 79 8 = 9.190226488096048
0 79 9 = 4.33404760342349
0 79 10 = 9.248032581254911
0 79 11 = 4.349059495570263
0 79 12 = 9.239926145580792
0 79 13 = 4.352599416843379
0 79 14 = 9.24321119999284
0 79 15 = 4.347979071088417
0 79 16 = 9.21222900403893
0 79 17 = 4.338121974626978
0 79 18 = 9.200718343287617
0 79 19 = 4.344168356460646
0 79 20 = 9.229524756176373
0 79 21 = 4.339941170729749
0 79 22 = 9.224071996350194
0 79 23 = 4.341210595459278
0 79 24 = 9.197284954134462
0 79 25 = 4.337489626290438
0 79 26 = 9.179741531292875
0 79 27 = 4.336698403220203
0 80 0 = 2.106375757926624
0 80 1 = 7.299533168228188
0 80 2 = 2.1105820981174377
0 80 3 = 7.293856063489095
0 80 4 = 2.109271373099417
0 80 5 = 7.316737657844411
0 80 6 = 2.1154959729343616
0 80 7 = 7.322605630730803
0 80 8 = 2.106934751845769
0 80 9 = 7.291230654807675
0 80 10 = 2.111785131338113
0 80 11 = 7.3254708899353
0 80 12 = 2.110622250608477
0 80 13 = 7.291995887088676
0 80 14 = 2.1099650493155826
0 80 15 = 7.310847618757676
0 80 16 = 2.1100738312733984
0 80 17 = 7.322161802864616
0 80 18 = 2.112315498723676
0 80 19 = 7.3082246891711
0 80 20 = 2.1086975869344924
0 80 21 = 7.278424501028828
0 80 22 = 2.1122725879987962
0 80 23 = 7.3105409661706995
0 80 24 = 2.1121618706265153
0 80 25 = 7.289909018732976
0 80 26 = 2.108640346555836
0 80 27 = 7.284538844879901
0 81 0 = 2.1596096669931373
0 81 1 = 7.459108651537125
0 81 2 = 2.147818685052737
0 81 3 = 7.47384784848707
0 81 4 = 2.158704675036742
0 81 5 = 7.3885413758275025
0 81 6 = 2.151656094588668
0 81 7 = 7.386410277520939
0 81 8 = 2.1606111691747594
0 81 9 = 7.356502060566142
0 81 10 = 2.1556652431911782
0 81 11 = 7.351550519545608
0 81 12 = 2.1581409484443133
0 81 13 = 7.397612506827256
0 81 14 = 2.1514768929944945
0 81 15 = 7.430765270292694
0 81 16 = 2.168041063715672
0 81 17 = 7.416567955167928
0 81 18 = 2.1486189083882996
0 81 19 = 7.35451745654165
0 81 20 = 2.1607944339884644
0 81 21 = 7.481674285899443
0 81 22 = 2.1482616779472563
0 81 23 = 7.478795052121008
0 81 24 = 2.1537990720368954
0 81 25 = 7.354695205710186
0 81 26 = 2.161342841118247
0 81 27 = 7.444148560413871
0 82 0 = 2.271662211580086
0 82 1 = 7.653879272366819
0 82 2 = 2.2771345076335017
0 82 3 = 7.635332313733269
0 82 4 = 2.2672791970580795
0 82 5 = 7.718337105075495
0 82 6 = 2.262439266767893
0 82 7 = 7.719318247052759
0 82 8 = 2.2786122295170452
0 82 9 = 7.6093891053798375
0 82 10 = 2.268448261182281
0 82 11 = 7.71576851212512
0 82 12 = 2.2811587963275533
0 82 13 = 7.597812415017432
0 82 14 = 2.283552821615756
0 82 15 = 7.670309358535038
0 82 16 = 2.277685560286227
0 82 17 = 7.719934390091557
0 82 18 = 2.2707199663258706
0 82 19 = 7.638578506188747
0 82 20 = 2.2710539733021915
0 82 21 = 7.59565065872973
0 82 22 = 2.283302339902601
0 82 23 = 7.6835560349887615
0 82 24 = 2.2760458980847313
0 82 25 = 7.589022383882711
0 82 26 = 2.2730371408037024
0 82 27 = 7.586635686605637
0 83 0 = 2.3728829699301888
0 83 1 = 7.907215792465282
0 83 2 = 2.3753100991827125
0 83 3 = 7.919935019016678
0 83 4 = 2.3738759098272606
0 83 5 = 7.845755999714411
0 83 6 = 2.3727995209594472
0 83 7 = 7.843357201524254
0 83 8 = 2.368123214878504
0 83 9 = 7.797127460061837
0 83 10 = 2.361335158489794
0 83 11 = 7.787362268332673
0 83 12 = 2.3780377865231954
0 83 13 = 7.884305457146901
0 83 14 = 2.3637675483659377
0 83 15 = 7.838085150878617
0 83 16 = 2.371011250420895
0 83 17 = 7.8212915380468715
0 83 18 = 2.371551724636678
0 83 19 = 7.791322514697991
0 83 20 = 2.379561056120947
0 83 21 = 7.919685670644974
0 83 22 = 2.376159417967595
0 83 23 = 7.906450409276845
0 83 24 = 2.368486846933616
0 83 25 = 7.790689051208787
0 83 26 = 2.3785480620797306
0 83 27 = 7.885874959175937
0 84 0 = 2.484970243214965
0 84 1 = 8.058937993263303
0 84 2 = 2.482816958963554
0 84 3 = 8.052123116797398
0 84 4 = 2.483808322958956
0 84 5 = 8.081531563497308
0 84 6 = 2.479230654276389
0 84 7 = 8.066765639942757
0 84 8 = 2.4830773938372532
0 84 9 = 8.055631718986113
0 84 10 = 2.4872794720470295
0 84 11 = 8.071021390750843
0 84 12 = 2.489185996894353
0 84 13 = 8.043111410757945
0 84 14 = 2.485127477554409
0 84 15 = 8.063402207703774
0 84 16 = 2.482841923990031
0 84 17 = 8.08439805516718
0 84 18 = 2.481681920948393
0 84 19 = 8.054989846617001
0 84 20 = 2.478327941937742
0 84 21 = 8.042210748736869
0 84 22 = 2.485904354980256
0 84 23 = 8.052743071012186
0 84 24 = 2.483084519776757
0 84 25 = 8.044686261601056
0 84 26 = 2.4871479098762124
0 84 27 = 8.043045089101845
0 85 0 = 11.044951365547709
0 85 1 = 5.269716172571341
0 85 2 = 11.051226536440504
0 85 3 = 5.283304773033945
0 85 4 = 11.032777207082155
0 85 5 = 5.266724610918898
0 85 6 = 11.01292852183404
0 85 7 = 5.281458557037033
0 85 8 = 11.003698050182628
0 85 9 = 5.267553298336214
0 85 10 = 11.04585904244468
0 85 11 = 5.276555592321953
0 85 12 = 11.05260296595871
0 85 13 = 5.272695172597728
0 85 14 = 11.046741125385106
0 85 15 = 5.267424201116996
0 85 16 = 11.015129625442912
0 85 17 = 5.261883693676357
0 85 18 = 11.026345436329045
0 85 19 = 5.274489848394989
0 85 20 = 11.040464250092962
0 85 21 = 5.267731227106562
0 85 22 = 11.0131495179587
0 85 23 = 5.274620194124293
0 85 24 = 11.036387558176719
0 85 25 = 5.266744926823051
0 85 26 = 11.007339796464574
0 85 27 = 5.272739285982845
0 86 0 = 10.797785337683445
0 86 1 = 5.224101074944642
0 86 2 = 10.68852912053423
0 86 3 = 5.186474015918424
0 86 4 = 10.738185211304623
0 86 5 = 5.20642612000705
0 86 6 = 10.79693511335805
0 86 7 = 5.179889828863185
0 86 8 = 10.840896774108145
0 86 9 = 5.222145712805445
0 86 10 = 10.761360729902496
0 86 11 = 5.180707180416091
0 86 12 = 10.694219529299934
0 86 13 = 5.162381358564282
0 86 14 = 10.707829912531984
0 86 15 = 5.17918719170215
0 86 16 = 10.816949472091194
0 86 17 = 5.234749098984324
0 86 18 = 10.853338789125289
0 86 19 = 5.19009895575759
0 86 20 = 10.74657895663814
0 86 21 = 5.191443242704628
0 86 22 = 10.81623182816093
0 86 23 = 5.234652150369962
0 86 24 = 10.774712609187603
0 86 25 = 5.1724602591303155
0 86 26 = 10.879202206136478
0 86 27 = 5.2243510967094755
0 87 0 = 10.388079759990335
0 87 1 = 5.0546139972896915
0 87 2 = 10.450165290123554
0 87 3 = 5.100967948770096
0 87 4 = 10.382095259408324
0 87 5 = 5.057940977923897
0 87 6 = 10.373953605716359
0 87 7 = 5.0932179650668425
0 87 8 = 10.27999646772182
0 87 9 = 5.065961816128492
0 87 10 = 10.41254245065045
0 87 11 = 5.101144035695786
0 87 12 = 10.455624899730577
0 87 13 = 5.071942778054216
0 87 14 = 10.429089446148232
0 87 15 = 5.053318253842177
0 87 16 = 10.296149268881894
0 87 17 = 5.048787100685761
0 87 18 = 10.39474528611129
0 87 19 = 5.089350189740081
0 87 20 = 10.413799759712187
0 87 21 = 5.09203379698113
0 87 22 = 10.28299953503514
0 87 23 = 5.0892596577433755
0 87 24 = 10.40024283024807
0 87 25 = 5.059061469399015
0 87 26 = 10.281041295440337
0 87 27 = 5.101063511852759
0 88 0 = 9.642185834754478
0 88 1 = 4.745035362528882
0 88 2 = 9.613315941491912
0 88 3 = 4.754627489831285
0 88 4 = 9.677521553821697
0 88 5 = 4.796239026924712
0 88 6 = 9.775864563339065
0 88 7 = 4.7323464746155794
0 88 8 = 9.798535360651426
0 88 9 = 4.800018801449912
0 88 10 = 9.607447132707822
0 88 11 = 4.746547661663898
0 88 12 = 9.672682584842159
0 88 13 = 4.756722370382561
0 88 14 = 9.60578012252639
0 88 15 = 4.735926302188115
0 88 16 = 9.742307657712349
0 88 17 = 4.801927743422243
0 88 18 = 9.753231524560865
0 88 19 = 4.743776816342223
0 88 20 = 9.640235102786859
0 88 21 = 4.780211996327595
0 88 22 = 9.72851577558624
0 88 23 = 4.773651177934556
0 88 24 = 9.764848903819939
0 88 25 = 4.773095803425532
0 88 26 = 9.797838901731303
0 88 27 = 4.786197027133228
0 89 0 = 8.563377394862675
0 89 1 = 3.9961105729440543
0 89 2 = 8.574618253265799
0 89 3 = 4.00403866730267
0 89 4 = 8.569728130601483
0 89 5 = 3.9954837784664274
0 89 6 = 8.571874106830505
0 89 7 = 4.000726504395568
0 89 8 = 8.55364907927729
0 89 9 = 3.999279290414538
0 89 10 = 8.561882932636205
0 89 11 = 4.006971489867493
0 89 12 = 8.578332586527043
0 89 13 = 4.004192131198051
0 89 14 = 8.563675603233987
0 89 15 = 3.9988682989156388
0 89 16 = 8.534228915456152
0 89 17 = 3.9948574680124627
0 89 18 = 8.56089074325441
0 89 19 = 3.997687800196435
0 89 20 = 8.56688808957707
0 89 21 = 4.004053969793894
0 89 22 = 8.545026715360237
0 89 23 = 3.9951210491353084
0 89 24 = 8.558669488280959
0 89 25 = 4.003861436539387
0 89 26 = 8.539461081013574
0 89 27 = 4.007110098354423
0 90 0 = 1.4663863725054438
0 90 1 = 6.274639365669839
0 90 2 = 1.467986181547819
0 90 3 = 6.2738844271417085
0 90 4 = 1.4668544033048543
0 90 5 = 6.283005301976018
0 90 6 = 1.4679943826749762
0 90 7 = 6.282569360218158
0 90 8 = 1.466959878534309
0 90 9 = 6.288255973549743
0 90 10 = 1.4674715019349491
0 90 11 = 6.287598043846786
0 90 12 = 1.4671183744931664
0 90 13 = 6.282252013408785
0 90 14 = 1.4676792013958186
0 90 15 = 6.276966944790587
0 90 16 = 1.4661387873649823
0 90 17 = 6.279783476094826
0 90 18 = 1.46740830044235
0 90 19 = 6.286529185101271
0 90 20 = 1.4666015373818437
0 90 21 = 6.27327070156301
0 90 22 = 1.4681619084045305
0 90 23 = 6.2723859143665015
0 90 24 = 1.4683127155771267
0 90 25 = 6.287404467780375
0 90 26 = 1.4664089182022684
0 90 27 = 6.277085874152165
0 91 0 = 1.6523834370693686
0 91 1 = 6.603018307185183
0 91 2 = 1.6517993214719242
0 91 3 = 6.605436333328509
0 91 4 = 1.6531670045841826
0 91 5 = 6.596381207309861
0 91 6 = 1.653531247151612
0 91 7 = 6.596601279431197
0 91 8 = 1.649921957130843
0 91 9 = 6.622255549558653
0 91 10 = 1.6524390310343202
0 91 11 = 6.596586021865468
0 91 12 = 1.649442845361191
0 91 13 = 6.624420177080297
0 91 14 = 1.6497209342616934
0 91 15 = 6.598878078206351
0 91 16 = 1.6501536108234975
0 91 17 = 6.593206006100876
0 91 18 = 1.652982837538994
0 91 19 = 6.615298619453831
0 91 20 = 1.6517963107106717
0 91 21 = 6.620231755903153
0 91 22 = 1.6523970122517346
0 91 23 = 6.5917668941487415
0 91 24 = 1.6531128885326676
0 91 25 = 6.629180768077629
0 91 26 = 1.651864379898553
0 91 27 = 6.618989245057916
0 92 0 = 1.7531480027779456
0 92 1 = 6.795214821409098
0 92 2 = 1.7546342541707993
0 92 3 = 6.797009836368255
0 92 4 = 1.753376460445622
0 92 5 = 6.814743983367729
0 92 6 = 1.7558467159541968
0 92 7 = 6.815794351730949
0 92 8 = 1.754819311241885
0 92 9 = 6.842473174180498
0 92 10 = 1.7570179791605516
0 92 11 = 6.834411787395718
0 92 12 = 1.7519786238212025
0 92 13 = 6.818087029751032
0 92 14 = 1.7554069308501417
0 92 15 = 6.810844206190915
0 92 16 = 1.7508973455451895
0 92 17 = 6.814704921891604
0 92 18 = 1.7559649554320276
0 92 19 = 6.836291747283046
0 92 20 = 1.7513320189161714
0 92 21 = 6.7993240369112495
0 92 22 = 1.7522001659786552
0 92 23 = 6.7926253533459136
0 92 24 = 1.7552866408244816
0 92 25 = 6.843205652357351
0 92 26 = 1.7518903259908962
0 92 27 = 6.811948975343743
0 93 0 = 1.8197902335704566
0 93 1 = 6.949746843112489
0 93 2 = 1.8167035719820597
0 93 3 = 6.951053665400166
0 93 4 = 1.817877031133886
0 93 5 = 6.940274985742523
0 93 6 = 1.8194625963167275
0 93 7 = 6.944160636994632
0 93 8 = 1.8174393751843347
0 93 9 = 6.9669628591826855
0 93 10 = 1.8200214963035912
0 93 11 = 6.946795057487757
0 93 12 = 1.8145922437641742
0 93 13 = 6.962758458379401
0 93 14 = 1.8179286459309787
0 93 15 = 6.954390685202876
0 93 16 = 1.81692533331293
0 93 17 = 6.946893892307813
0 93 18 = 1.8195276178203577
0 93 19 = 6.963784035841499
0 93 20 = 1.8168948601369765
0 93 21 = 6.964934740237518
0 93 22 = 1.815778478759296
0 93 23 = 6.944777110058906
0 93 24 = 1.8179081360390743
0 93 25 = 6.979316178950393
0 93 26 = 1.8173461390097096
0 93 27 = 6.968485924483182
0 94 0 = 1.7156603645911976
0 94 1 = 6.7985066069405855
0 94 2 = 1.7151536396531561
0 94 3 = 6.797836070694551
0 94 4 = 1.7147317104959765
0 94 5 = 6.80494908129751
0 94 6 = 1.7158458512820773
0 94 7 = 6.807221081337534
0 94 8 = 1.7160439140240102
0 94 9 = 6.811971013580555
0 94 10 = 1.7164031067983085
0 94 11 = 6.813897426295
0 94 12 = 1.714737970433773
0 94 13 = 6.801672924396884
0 94 14 = 1.7170266292907401
0 94 15 = 6.806601005761258
0 94 16 = 1.7143844205799987
0 94 17 = 6.808374058651286
0 94 18 = 1.7154832521454617
0 94 19 = 6.811936844274069
0 94 20 = 1.7146547377173413
0 94 21 = 6.79718269465859
0 94 22 = 1.714399742642053
0 94 23 = 6.8004883163677645
0 94 24 = 1.7155446884735468
0 94 25 = 6.8139876374374175
0 94 26 = 1.7144663978712267
0 94 27 = 6.802005203709225
0 95 0 = 9.489171901077421
0 95 1 = 4.331864418475508
0 95 2 = 9.502807333380932
0 95 3 = 4.3356638763422755
0 95 4 = 9.497655027037105
0 95 5 = 4.335172191722463
0 95 6 = 9.492060675536166
0 95 7 = 4.337324539881408
0 95 8 = 9.486049604755383
0 95 9 = 4.333299586217285
0 95 10 = 9.493395641458857
0 95 11 = 4.337102329977759
0 95 12 = 9.50200354227156
0 95 13 = 4.339504555701756
0 95 14 = 9.500645494489808
0 95 15 = 4.337810945722069
0 95 16 = 9.489010183493647
0 95 17 = 4.332081773941134
0 95 18 = 9.484851978964494
0 95 19 = 4.3360069066283256
0 95 20 = 9.496336660398176
0 95 21 = 4.336587261609074
0 95 22 = 9.488574430132639
0 95 23 = 4.3306433267838615
0 95 24 = 9.493384073640893
0 95 25 = 4.3391978229325945
0 95 26 = 9.48083118465538
0 95 27 = 4.332762640442588
0 96 0 = 9.592931794589862
0 96 1 = 4.464898503683292
0 96 2 = 9.593650558504846
0 96 3 = 4.4643253164704
0 96 4 = 9.602206864104183
0 96 5 = 4.473842384168672
0 96 6 = 9.606843795905313
0 96 7 = 4.466705584002486
0 96 8 = 9.617167175657762
0 96 9 = 4.469577084985792
0 96 10 = 9.58830216542899
0 96 11 = 4.465709085002669
0 96 12 = 9.59606849040366
0 96 13 = 4.4743280886088295
0 96 14 = 9.596336476624622
0 96 15 = 4.474403158571251
0 96 16 = 9.615543905218205
0 96 17 = 4.472944475055904
0 96 18 = 9.590137239814883
0 96 19 = 4.464878748988518
0 96 20 = 9.592223643028776
0 96 21 = 4.4681436799632905
0 96 22 = 9.618801915579427
0 96 23 = 4.46220668208549
0 96 24 = 9.601684013046674
0 96 25 = 4.474779924988454
0 96 26 = 9.613068248661916
0 96 27 = 4.461979822868341
0 97 0 = 9.228256607620612
0 97 1 = 4.337046604857114
0 97 2 = 9.245173229823758
0 97 3 = 4.33516778914566
0 97 4 = 9.232818251810363
0 97 5 = 4.330861357420505
0 97 6 = 9.204210054846643
0 97 7 = 4.339333229800627
0 97 8 = 9.20760907412488
0 97 9 = 4.325648274082827
0 97 10 = 9.23574034440433
0 97 11 = 4.3377350245007635
0 97 12 = 9.228460534921942
0 97 13 = 4.342544063669501
0 97 14 = 9.242161214314708
0 97 15 = 4.344859431279567
0 97 16 = 9.215928552591178
0 97 17 = 4.324052069618808
0 97 18 = 9.198427060742663
0 97 19 = 4.336482895800932
0 97 20 = 9.235679849813208
0 97 21 = 4.33099394672446
0 97 22 = 9.222785951835894
0 97 23 = 4.3243802102661215
0 97 24 = 9.209453709182855
0 97 25 = 4.341269670782919
0 97 26 = 9.199263500427463
0 97 27 = 4.326297445179701
0 98 0 = 8.567199573342535
0 98 1 = 4.004011930134246
0 98 2 = 8.556477872646505
0 98 3 = 3.9951073146681284
0 98 4 = 8.557616506550199
0 98 5 = 3.9957225730233934
0 98 6 = 8.550616957960427
0 98 7 = 3.997403654513222
0 98 8 = 8.565908898179023
0 98 9 = 3.995440879712956
0 98 10 = 8.565480848455872
0 98 11 = 3.994196534318294
0 98 12 = 8.54389404965523
0 98 13 = 3.9993235835275907
0 98 14 = 8.561504546280279
0 98 15 = 4.004740264813907
0 98 16 = 8.57207994313682
0 98 17 = 4.001006731152744
0 98 18 = 8.552576237473334
0 98 19 = 3.9957502140323715
0 98 20 = 8.558285406134624
0 98 21 = 3.9921362398072553
0 98 22 = 8.57767232589074
0 98 23 = 3.9977077890658097
0 98 24 = 8.547611585321354
0 98 25 = 3.9951705230319585
0 98 26 = 8.570666477782204
0 98 27 = 3.9913927423473803
0 99 0 = 7.929305445400388
0 99 1 = 3.64186580833622
0 99 2 = 7.934912220400297
0 99 3 = 3.64013162492131
0 99 4 = 7.924373431270307
0 99 5 = 3.635188584149574
0 99 6 = 7.911287980473145
0 99 7 = 3.642828263083832
0 99 8 = 7.909201271944339
0 99 9 = 3.6349681239221283
0 99 10 = 7.934824264450538
0 99 11 = 3.6408188223075655
0 99 12 = 7.924434175845413
0 99 13 = 3.6398679756959162
0 99 14 = 7.934850489427412
0 99 15 = 3.642287378265677
0 99 16 = 7.918223979871925
0 99 17 = 3.634657729613637
0 99 18 = 7.9167194140519115
0 99 19 = 3.6419209063324454
0 99 20 = 7.929982118027162
0 99 21 = 3.637117767297384
0 99 22 = 7.918372585041938
0 99 23 = 3.638615674002004
0 99 24 = 7.915158537795133
0 99 25 = 3.6377970474447054
0 99 26 = 7.90976391652068
0 99 27 = 3.6364542899056294
