0 0 0 0 0.001
0 1 0 0 0.001
0 2 0 0.038461538461538464 0.03846153843623522
0 3 0 0 0.001
0 4 0 0 0.001
0 5 0 0.019230769230769232 0.01926999226961124
0 6 0 0 0.001
0 7 0 0.019230769230769232 0.01926999226961124
0 8 0 0 0.001
0 9 0 0 0.001
0 10 0 0 0.001
0 11 0 0 0.001
0 12 0 0 0.001
0 13 0 0 0.001
0 14 0 0 0.001
0 15 0 0 0.001
0 16 0 0 0.001
0 17 0 0.038461538461538464 0.03846153843623522
0 18 0 0 0.001
0 19 0 0 0.001
0 20 0 0.038461538461538464 0.03846153843623522
0 21 0 0 0.001
0 22 0 0 0.001
0 23 0 0.038461538461538464 0.03846153843623522
0 24 0 0.038461538461538464 0.03846153843623522
0 25 0 0.038461538461538464 0.03846153843623522
0 26 0 0 0.001
0 27 0 0.019230769230769232 0.01926999226961124
0 28 0 0.038461538461538464 0.03846153843623522
0 29 0 0.019230769230769232 0.01926999226961124
0 30 0 0.019230769230769232 0.01926999226961124
0 31 0 0.038461538461538464 0.03846153843623522
0 32 0 0 0.001
0 33 0 0 0.001
0 34 0 0.019230769230769232 0.01926999226961124
0 35 0 0.019230769230769232 0.01926999226961124
0 36 0 0.019230769230769232 0.01926999226961124
0 37 0 0 0.001
0 38 0 0.019230769230769232 0.01926999226961124
0 39 0 0 0.001
0 40 0 0.038461538461538464 0.03846153843623522
0 41 0 0 0.001
0 42 0 0 0.001
0 43 0 0 0.001
0 44 0 0.019230769230769232 0.01926999226961124
0 45 0 0.019230769230769232 0.01926999226961124
0 46 0 0.019230769230769232 0.01926999226961124
0 47 0 0.019230769230769232 0.01926999226961124
0 48 0 0 0.001
0 49 0 0 0.001
0 50 0 0 0.001
0 51 0 0 0.001
0 52 0 0 0.001
0 53 0 0 0.001
0 54 0 0 0.001
0 55 0 0 0.001
0 56 0 0 0.001
0 57 0 0 0.001
0 58 0 0 0.001
0 59 0 0 0.001
0 60 0 0 0.001
0 61 0 0 0.001
0 62 0 0.019230769230769232 0.01926999226961124
0 63 0 0 0.001
0 64 0 0.019230769230769232 0.01926999226961124
0 65 0 0 0.001
0 66 0 0.038461538461538464 0.03846153843623522
0 67 0 0.019230769230769232 0.01926999226961124
0 68 0 0 0.001
0 69 0 0 0.001
0 70 0 0 0.001
0 71 0 0.019230769230769232 0.01926999226961124
0 72 0 0.019230769230769232 0.01926999226961124
0 73 0 0 0.001
0 74 0 0.057692307692307696 0.05769230769229268
0 75 0 0.019230769230769232 0.01926999226961124
0 76 0 0.057692307692307696 0.05769230769229268
0 77 0 0 0.001
0 78 0 0.019230769230769232 0.01926999226961124
0 79 0 0 0.001
0 80 0 0 0.001
0 81 0 0 0.001
0 82 0 0.057692307692307696 0.05769230769229268
0 83 0 0.038461538461538464 0.03846153843623522
0 84 0 0 0.001
0 85 0 0.019230769230769232 0.01926999226961124
0 86 0 0 0.001
0 87 0 0 0.001
0 88 0 0 0.001
0 89 0 0 0.001
0 90 0 0 0.001
0 91 0 0 0.001
0 92 0 0.019230769230769232 0.01926999226961124
0 93 0 0 0.001
0 94 0 0.038461538461538464 0.03846153843623522
0 95 0 0 0.001
0 96 0 0 0.001
0 97 0 0.038461538461538464 0.03846153843623522
0 98 0 0 0.001
0 99 0 0.019230769230769232 0.01926999226961124
0 100 0 0.019230769230769232 0.01926999226961124
0 101 0 0 0.001
0 102 0 0 0.001
0 103 0 0.019230769230769232 0.01926999226961124
0 104 0 0.019230769230769232 0.01926999226961124
0 105 0 0.019230769230769232 0.01926999226961124
0 106 0 0.019230769230769232 0.01926999226961124
0 107 0 0 0.001
0 108 0 0 0.001
0 109 0 0 0.001
0 110 0 0 0.001
0 111 0 0 0.001
0 112 0 0 0.001
0 113 0 0 0.001
0 114 0 0.019230769230769232 0.01926999226961124
0 115 0 0.019230769230769232 0.01926999226961124
0 116 0 0.019230769230769232 0.01926999226961124
0 117 0 0.038461538461538464 0.03846153843623522
0 118 0 0 0.001
0 119 0 0.019230769230769232 0.01926999226961124
0 120 0 0 0.001
0 121 0 0 0.001
0 122 0 0.019230769230769232 0.01926999226961124
0 123 0 0.019230769230769232 0.01926999226961124
0 124 0 0 0.001
0 125 0 0.019230769230769232 0.01926999226961124
0 126 0 0.019230769230769232 0.01926999226961124
0 127 0 0.019230769230769232 0.01926999226961124
0 128 0 0.019230769230769232 0.01926999226961124
0 129 0 0 0.001
0 130 0 0 0.001
0 131 0 0.019230769230769232 0.01926999226961124
0 132 0 0.019230769230769232 0.01926999226961124
0 133 0 0 0.001
0 134 0 0 0.001
0 135 0 0.038461538461538464 0.03846153843623522
0 136 0 0 0.001
0 137 0 0 0.001
0 138 0 0.019230769230769232 0.01926999226961124
0 139 0 0.038461538461538464 0.03846153843623522
0 140 0 0 0.001
0 141 0 0 0.001
0 142 0 0 0.001
0 143 0 0 0.001
0 144 0 0 0.001
0 145 0 0.038461538461538464 0.03846153843623522
0 146 0 0 0.001
0 147 0 0.019230769230769232 0.01926999226961124
0 148 0 0 0.001
0 149 0 0.019230769230769232 0.01926999226961124
0 150 0 0 0.001
0 151 0 0.019230769230769232 0.01926999226961124
0 152 0 0 0.001
0 153 0 0 0.001
0 154 0 0 0.001
0 155 0 0 0.001
0 156 0 0 0.001
0 157 0 0.019230769230769232 0.01926999226961124
0 158 0 0 0.001
0 159 0 0.019230769230769232 0.01926999226961124
0 160 0 0 0.001
0 161 0 0 0.001
0 162 0 0.019230769230769232 0.01926999226961124
0 163 0 0.038461538461538464 0.03846153843623522
0 164 0 0 0.001
0 165 0 0 0.001
0 166 0 0.019230769230769232 0.01926999226961124
0 167 0 0 0.001
0 168 0 0 0.001
0 169 0 0.038461538461538464 0.03846153843623522
0 170 0 0 0.001
0 171 0 0.019230769230769232 0.01926999226961124
0 172 0 0 0.001
0 173 0 0 0.001
0 174 0 0 0.001
0 175 0 0 0.001
0 176 0 0.057692307692307696 0.05769230769229268
0 177 0 0 0.001
0 178 0 0 0.001
0 179 0 0.019230769230769232 0.01926999226961124
0 180 0 0 0.001
0 181 0 0 0.001
0 182 0 0.038461538461538464 0.03846153843623522
0 183 0 0.019230769230769232 0.01926999226961124
0 184 0 0.019230769230769232 0.01926999226961124
0 185 0 0 0.001
0 186 0 0.019230769230769232 0.01926999226961124
0 187 0 0 0.001
0 188 0 0.019230769230769232 0.01926999226961124
0 189 0 0 0.001
0 190 0 0 0.001
0 191 0 0.019230769230769232 0.01926999226961124
0 192 0 0.01904761904761905 0.0191336988897507
0 193 0 0.01904761904761905 0.0191336988897507
0 194 0 0 0.001
0 195 0 0.01904761904761905 0.0191336988897507
0 196 0 0 0.001
0 197 0 0.01904761904761905 0.0191336988897507
0 198 0 0 0.001
0 199 0 0.01904761904761905 0.0191336988897507
0 200 0 0.0380952380952381 0.0380952380562773
0 201 0 0 0.001
0 202 0 0 0.001
0 203 0 0 0.001
0 204 0 0 0.001
0 205 0 0 0.001
0 206 0 0.01904761904761905 0.0191336988897507
0 207 0 0 0.001
0 208 0 0 0.001
0 209 0 0 0.001
0 210 0 0 0.001
0 211 0 0.01904761904761905 0.0191336988897507
0 212 0 0 0.001
0 213 0 0 0.001
0 214 0 0.01904761904761905 0.0191336988897507
0 215 0 0 0.001
0 216 0 0 0.001
0 217 0 0 0.001
0 218 0 0.05714285714285714 0.057142857142856884
0 219 0 0.01904761904761905 0.0191336988897507
0 220 0 0.01904761904761905 0.0191336988897507
0 221 0 0.0380952380952381 0.0380952380562773
0 222 0 0.0380952380952381 0.0380952380562773
0 223 0 0.01904761904761905 0.0191336988897507
0 224 0 0 0.001
0 225 0 0.01904761904761905 0.0191336988897507
0 226 0 0 0.001
0 227 0 0 0.001
0 228 0 0 0.001
0 229 0 0.0380952380952381 0.0380952380562773
0 230 0 0.01904761904761905 0.0191336988897507
0 231 0 0 0.001
0 232 0 0 0.001
0 233 0 0.01904761904761905 0.0191336988897507
0 234 0 0 0.001
0 235 0 0 0.001
0 236 0 0.01904761904761905 0.0191336988897507
0 237 0 0 0.001
0 238 0 0 0.001
0 239 0 0.01904761904761905 0.0191336988897507
0 240 0 0.01904761904761905 0.0191336988897507
0 241 0 0 0.001
0 242 0 0 0.001
0 243 0 0 0.001
0 244 0 0.01904761904761905 0.0191336988897507
0 245 0 0 0.001
0 246 0 0 0.001
0 247 0 0 0.001
0 248 0 0.01904761904761905 0.0191336988897507
0 249 0 0 0.001
0 250 0 0 0.001
0 251 0 0.01904761904761905 0.0191336988897507
0 252 0 0.01904761904761905 0.0191336988897507
0 253 0 0 0.001
0 254 0 0 0.001
0 255 0 0 0.001
0 256 0 0.01904761904761905 0.0191336988897507
0 257 0 0.01904761904761905 0.0191336988897507
0 258 0 0 0.001
0 259 0 0 0.001
0 260 0 0.01904761904761905 0.0191336988897507
0 261 0 0 0.001
0 262 0 0.0380952380952381 0.0380952380562773
0 263 0 0.01904761904761905 0.0191336988897507
0 264 0 0.01904761904761905 0.0191336988897507
0 265 0 0.01904761904761905 0.0191336988897507
0 266 0 0 0.001
0 267 0 0 0.001
0 268 0 0 0.001
0 269 0 0 0.001
0 270 0 0.01904761904761905 0.0191336988897507
0 271 0 0 0.001
0 272 0 0 0.001
0 273 0 0.01904761904761905 0.0191336988897507
0 274 0 0 0.001
0 275 0 0 0.001
0 276 0 0.01904761904761905 0.0191336988897507
0 277 0 0.0380952380952381 0.0380952380562773
0 278 0 0.01904761904761905 0.0191336988897507
0 279 0 0.01904761904761905 0.0191336988897507
0 280 0 0.01904761904761905 0.0191336988897507
0 281 0 0 0.001
0 282 0 0.01904761904761905 0.0191336988897507
0 283 0 0 0.001
0 284 0 0 0.001
0 285 0 0.05714285714285714 0.057142857142856884
0 286 0 0.01904761904761905 0.0191336988897507
0 287 0 0 0.001
0 288 0 0 0.001
0 289 0 0 0.001
0 290 0 0 0.001
0 291 0 0.01904761904761905 0.0191336988897507
0 292 0 0 0.001
0 293 0 0.0380952380952381 0.0380952380562773
0 294 0 0 0.001
0 295 0 0 0.001
0 296 0 0.01904761904761905 0.0191336988897507
0 297 0 0.0380952380952381 0.0380952380562773
0 298 0 0 0.001
0 299 0 0 0.001
0 300 0 0 0.001
0 301 0 0.01904761904761905 0.0191336988897507
0 302 0 0.01904761904761905 0.0191336988897507
0 303 0 0 0.001
0 304 0 0 0.001
0 305 0 0 0.001
0 306 0 0 0.001
0 307 0 0 0.001
0 308 0 0 0.001
0 309 0 0.01904761904761905 0.0191336988897507
0 310 0 0 0.001
0 311 0 0.01904761904761905 0.0191336988897507
0 312 0 0.01904761904761905 0.0191336988897507
0 313 0 0 0.001
0 314 0 0.0380952380952381 0.0380952380562773
0 315 0 0.05714285714285714 0.057142857142856884
0 316 0 0.01904761904761905 0.0191336988897507
0 317 0 0.01904761904761905 0.0191336988897507
0 318 0 0.0380952380952381 0.0380952380562773
0 319 0 0 0.001
0 320 0 0.0380952380952381 0.0380952380562773
0 321 0 0.01904761904761905 0.0191336988897507
0 322 0 0.01904761904761905 0.0191336988897507
0 323 0 0 0.001
0 324 0 0.01904761904761905 0.0191336988897507
0 325 0 0.0380952380952381 0.0380952380562773
0 326 0 0 0.001
0 327 0 0.01904761904761905 0.0191336988897507
0 328 0 0.01904761904761905 0.0191336988897507
0 329 0 0.0380952380952381 0.0380952380562773
0 330 0 0 0.001
0 331 0 0 0.001
0 332 0 0.01904761904761905 0.0191336988897507
0 333 0 0.01904761904761905 0.0191336988897507
0 334 0 0.01904761904761905 0.0191336988897507
0 335 0 0.01904761904761905 0.0191336988897507
1 0 0 0 0.001
1 1 0 0 0.001
1 2 0 0.019230769230769232 0.01926999226961124
1 3 0 0 0.001
1 4 0 0.038461538461538464 0.03846153843623522
1 5 0 0 0.001
1 6 0 0 0.001
1 7 0 0 0.001
1 8 0 0 0.001
1 9 0 0 0.001
1 10 0 0 0.001
1 11 0 0 0.001
1 12 0 0 0.001
1 13 0 0 0.001
1 14 0 0 0.001
1 15 0 0 0.001
1 16 0 0 0.001
1 17 0 0 0.001
1 18 0 0 0.001
1 19 0 0 0.001
1 20 0 0 0.001
1 21 0 0 0.001
1 22 0 0 0.001
1 23 0 0 0.001
1 24 0 0 0.001
1 25 0 0 0.001
1 26 0 0.019230769230769232 0.01926999226961124
1 27 0 0 0.001
1 28 0 0.038461538461538464 0.03846153843623522
1 29 0 0 0.001
1 30 0 0.019230769230769232 0.01926999226961124
1 31 0 0.019230769230769232 0.01926999226961124
1 32 0 0 0.001
1 33 0 0 0.001
1 34 0 0 0.001
1 35 0 0 0.001
1 36 0 0.019230769230769232 0.01926999226961124
1 37 0 0 0.001
1 38 0 0.019230769230769232 0.01926999226961124
1 39 0 0 0.001
1 40 0 0 0.001
1 41 0 0 0.001
1 42 0 0 0.001
1 43 0 0 0.001
1 44 0 0.038461538461538464 0.03846153843623522
1 45 0 0 0.001
1 46 0 0.019230769230769232 0.01926999226961124
1 47 0 0 0.001
1 48 0 0 0.001
1 49 0 0 0.001
1 50 0 0 0.001
1 51 0 0 0.001
1 52 0 0 0.001
1 53 0 0 0.001
1 54 0 0 0.001
1 55 0 0 0.001
1 56 0 0.019230769230769232 0.01926999226961124
1 57 0 0 0.001
1 58 0 0.019230769230769232 0.01926999226961124
1 59 0 0 0.001
1 60 0 0 0.001
1 61 0 0 0.001
1 62 0 0 0.001
1 63 0 0 0.001
1 64 0 0 0.001
1 65 0 0 0.001
1 66 0 0.019230769230769232 0.01926999226961124
1 67 0 0 0.001
1 68 0 0 0.001
1 69 0 0 0.001
1 70 0 0.019230769230769232 0.01926999226961124
1 71 0 0 0.001
1 72 0 0 0.001
1 73 0 0.038461538461538464 0.03846153843623522
1 74 0 0 0.001
1 75 0 0 0.001
1 76 0 0.019230769230769232 0.01926999226961124
1 77 0 0.019230769230769232 0.01926999226961124
1 78 0 0 0.001
1 79 0 0 0.001
1 80 0 0 0.001
1 81 0 0 0.001
1 82 0 0 0.001
1 83 0 0 0.001
1 84 0 0 0.001
1 85 0 0.038461538461538464 0.03846153843623522
1 86 0 0 0.001
1 87 0 0.019230769230769232 0.01926999226961124
1 88 0 0 0.001
1 89 0 0 0.001
1 90 0 0 0.001
1 91 0 0 0.001
1 92 0 0.038461538461538464 0.03846153843623522
1 93 0 0.019230769230769232 0.01926999226961124
1 94 0 0 0.001
1 95 0 0 0.001
1 96 0 0 0.001
1 97 0 0 0.001
1 98 0 0.038461538461538464 0.03846153843623522
1 99 0 0 0.001
1 100 0 0 0.001
1 101 0 0 0.001
1 102 0 0 0.001
1 103 0 0 0.001
1 104 0 0 0.001
1 105 0 0 0.001
1 106 0 0 0.001
1 107 0 0 0.001
1 108 0 0 0.001
1 109 0 0 0.001
1 110 0 0.019230769230769232 0.01926999226961124
1 111 0 0 0.001
1 112 0 0 0.001
1 113 0 0 0.001
1 114 0 0 0.001
1 115 0 0 0.001
1 116 0 0 0.001
1 117 0 0 0.001
1 118 0 0 0.001
1 119 0 0 0.001
1 120 0 0.038461538461538464 0.03846153843623522
1 121 0 0.019230769230769232 0.01926999226961124
1 122 0 0 0.001
1 123 0 0 0.001
1 124 0 0.038461538461538464 0.03846153843623522
1 125 0 0.019230769230769232 0.01926999226961124
1 126 0 0 0.001
1 127 0 0 0.001
1 128 0 0 0.001
1 129 0 0 0.001
1 130 0 0.019230769230769232 0.01926999226961124
1 131 0 0 0.001
1 132 0 0 0.001
1 133 0 0 0.001
1 134 0 0 0.001
1 135 0 0 0.001
1 136 0 0 0.001
1 137 0 0.019230769230769232 0.01926999226961124
1 138 0 0 0.001
1 139 0 0 0.001
1 140 0 0 0.001
1 141 0 0 0.001
1 142 0 0 0.001
1 143 0 0 0.001
1 144 0 0.019230769230769232 0.01926999226961124
1 145 0 0 0.001
1 146 0 0 0.001
1 147 0 0 0.001
1 148 0 0 0.001
1 149 0 0.019230769230769232 0.01926999226961124
1 150 0 0 0.001
1 151 0 0.019230769230769232 0.01926999226961124
1 152 0 0 0.001
1 153 0 0 0.001
1 154 0 0 0.001
1 155 0 0.019230769230769232 0.01926999226961124
1 156 0 0 0.001
1 157 0 0 0.001
1 158 0 0 0.001
1 159 0 0 0.001
1 160 0 0 0.001
1 161 0 0 0.001
1 162 0 0 0.001
1 163 0 0 0.001
1 164 0 0 0.001
1 165 0 0 0.001
1 166 0 0 0.001
1 167 0 0.019230769230769232 0.01926999226961124
1 168 0 0.019230769230769232 0.01926999226961124
1 169 0 0.019230769230769232 0.01926999226961124
1 170 0 0.019230769230769232 0.01926999226961124
1 171 0 0 0.001
1 172 0 0 0.001
1 173 0 0 0.001
1 174 0 0 0.001
1 175 0 0.019230769230769232 0.01926999226961124
1 176 0 0 0.001
1 177 0 0.019230769230769232 0.01926999226961124
1 178 0 0 0.001
1 179 0 0 0.001
1 180 0 0 0.001
1 181 0 0.019230769230769232 0.01926999226961124
1 182 0 0.019230769230769232 0.01926999226961124
1 183 0 0.038461538461538464 0.03846153843623522
1 184 0 0 0.001
1 185 0 0 0.001
1 186 0 0 0.001
1 187 0 0.019230769230769232 0.01926999226961124
1 188 0 0 0.001
1 189 0 0 0.001
1 190 0 0.019230769230769232 0.01926999226961124
1 191 0 0 0.001
1 192 0 0 0.001
1 193 0 0 0.001
1 194 0 0.01904761904761905 0.0191336988897507
1 195 0 0 0.001
1 196 0 0 0.001
1 197 0 0 0.001
1 198 0 0 0.001
1 199 0 0 0.001
1 200 0 0 0.001
1 201 0 0 0.001
1 202 0 0 0.001
1 203 0 0 0.001
1 204 0 0 0.001
1 205 0 0 0.001
1 206 0 0 0.001
1 207 0 0.01904761904761905 0.0191336988897507
1 208 0 0 0.001
1 209 0 0.01904761904761905 0.0191336988897507
1 210 0 0 0.001
1 211 0 0 0.001
1 212 0 0 0.001
1 213 0 0 0.001
1 214 0 0.01904761904761905 0.0191336988897507
1 215 0 0.05714285714285714 0.057142857142856884
1 216 0 0.01904761904761905 0.0191336988897507
1 217 0 0.01904761904761905 0.0191336988897507
1 218 0 0.01904761904761905 0.0191336988897507
1 219 0 0 0.001
1 220 0 0.0380952380952381 0.0380952380562773
1 221 0 0.01904761904761905 0.0191336988897507
1 222 0 0 0.001
1 223 0 0 0.001
1 224 0 0 0.001
1 225 0 0.01904761904761905 0.0191336988897507
1 226 0 0 0.001
1 227 0 0 0.001
1 228 0 0 0.001
1 229 0 0 0.001
1 230 0 0 0.001
1 231 0 0.01904761904761905 0.0191336988897507
1 232 0 0 0.001
1 233 0 0.01904761904761905 0.0191336988897507
1 234 0 0 0.001
1 235 0 0 0.001
1 236 0 0.01904761904761905 0.0191336988897507
1 237 0 0.01904761904761905 0.0191336988897507
1 238 0 0 0.001
1 239 0 0 0.001
1 240 0 0 0.001
1 241 0 0 0.001
1 242 0 0 0.001
1 243 0 0 0.001
1 244 0 0 0.001
1 245 0 0 0.001
1 246 0 0 0.001
1 247 0 0 0.001
1 248 0 0 0.001
1 249 0 0 0.001
1 250 0 0 0.001
1 251 0 0 0.001
1 252 0 0 0.001
1 253 0 0 0.001
1 254 0 0 0.001
1 255 0 0.01904761904761905 0.0191336988897507
1 256 0 0 0.001
1 257 0 0 0.001
1 258 0 0.01904761904761905 0.0191336988897507
1 259 0 0 0.001
1 260 0 0 0.001
1 261 0 0 0.001
1 262 0 0 0.001
1 263 0 0 0.001
1 264 0 0.0380952380952381 0.0380952380562773
1 265 0 0 0.001
1 266 0 0 0.001
1 267 0 0.01904761904761905 0.0191336988897507
1 268 0 0.01904761904761905 0.0191336988897507
1 269 0 0 0.001
1 270 0 0 0.001
1 271 0 0.01904761904761905 0.0191336988897507
1 272 0 0.01904761904761905 0.0191336988897507
1 273 0 0 0.001
1 274 0 0.01904761904761905 0.0191336988897507
1 275 0 0 0.001
1 276 0 0 0.001
1 277 0 0 0.001
1 278 0 0 0.001
1 279 0 0.01904761904761905 0.0191336988897507
1 280 0 0 0.001
1 281 0 0 0.001
1 282 0 0 0.001
1 283 0 0.01904761904761905 0.0191336988897507
1 284 0 0.01904761904761905 0.0191336988897507
1 285 0 0 0.001
1 286 0 0.01904761904761905 0.0191336988897507
1 287 0 0 0.001
1 288 0 0.01904761904761905 0.0191336988897507
1 289 0 0 0.001
1 290 0 0 0.001
1 291 0 0 0.001
1 292 0 0 0.001
1 293 0 0 0.001
1 294 0 0.01904761904761905 0.0191336988897507
1 295 0 0 0.001
1 296 0 0.01904761904761905 0.0191336988897507
1 297 0 0.01904761904761905 0.0191336988897507
1 298 0 0.01904761904761905 0.0191336988897507
1 299 0 0 0.001
1 300 0 0 0.001
1 301 0 0 0.001
1 302 0 0 0.001
1 303 0 0 0.001
1 304 0 0 0.001
1 305 0 0 0.001
1 306 0 0 0.001
1 307 0 0 0.001
1 308 0 0 0.001
1 309 0 0 0.001
1 310 0 0 0.001
1 311 0 0 0.001
1 312 0 0 0.001
1 313 0 0.01904761904761905 0.0191336988897507
1 314 0 0 0.001
1 315 0 0.01904761904761905 0.0191336988897507
1 316 0 0 0.001
1 317 0 0 0.001
1 318 0 0 0.001
1 319 0 0 0.001
1 320 0 0.01904761904761905 0.0191336988897507
1 321 0 0.01904761904761905 0.0191336988897507
1 322 0 0 0.001
1 323 0 0 0.001
1 324 0 0.01904761904761905 0.0191336988897507
1 325 0 0 0.001
1 326 0 0 0.001
1 327 0 0 0.001
1 328 0 0.01904761904761905 0.0191336988897507
1 329 0 0 0.001
1 330 0 0 0.001
1 331 0 0 0.001
1 332 0 0 0.001
1 333 0 0 0.001
1 334 0 0.0380952380952381 0.0380952380562773
1 335 0 0 0.001
2 0 0 0.019230769230769232 0.01926999226961124
2 1 0 0 0.001
2 2 0 0.019230769230769232 0.01926999226961124
2 3 0 0 0.001
2 4 0 0 0.001
2 5 0 0 0.001
2 6 0 0 0.001
2 7 0 0.019230769230769232 0.01926999226961124
2 8 0 0 0.001
2 9 0 0 0.001
2 10 0 0 0.001
2 11 0 0 0.001
2 12 0 0 0.001
2 13 0 0.019230769230769232 0.01926999226961124
2 14 0 0 0.001
2 15 0 0 0.001
2 16 0 0 0.001
2 17 0 0 0.001
2 18 0 0 0.001
2 19 0 0 0.001
2 20 0 0 0.001
2 21 0 0 0.001
2 22 0 0.019230769230769232 0.01926999226961124
2 23 0 0 0.001
2 24 0 0.057692307692307696 0.05769230769229268
2 25 0 0 0.001
2 26 0 0.07692307692307693 0.076923063726071
2 27 0 0.019230769230769232 0.01926999226961124
2 28 0 0.019230769230769232 0.01926999226961124
2 29 0 0.019230769230769232 0.01926999226961124
2 30 0 0.019230769230769232 0.01926999226961124
2 31 0 0 0.001
2 32 0 0 0.001
2 33 0 0 0.001
2 34 0 0.019230769230769232 0.01926999226961124
2 35 0 0 0.001
2 36 0 0.057692307692307696 0.05769230769229268
2 37 0 0.019230769230769232 0.01926999226961124
2 38 0 0 0.001
2 39 0 0.019230769230769232 0.01926999226961124
2 40 0 0 0.001
2 41 0 0 0.001
2 42 0 0 0.001
2 43 0 0 0.001
2 44 0 0.019230769230769232 0.01926999226961124
2 45 0 0 0.001
2 46 0 0 0.001
2 47 0 0 0.001
2 48 0 0 0.001
2 49 0 0 0.001
2 50 0 0 0.001
2 51 0 0.019230769230769232 0.01926999226961124
2 52 0 0.019230769230769232 0.01926999226961124
2 53 0 0 0.001
2 54 0 0.019230769230769232 0.01926999226961124
2 55 0 0 0.001
2 56 0 0 0.001
2 57 0 0 0.001
2 58 0 0 0.001
2 59 0 0 0.001
2 60 0 0 0.001
2 61 0 0 0.001
2 62 0 0 0.001
2 63 0 0 0.001
2 64 0 0.019230769230769232 0.01926999226961124
2 65 0 0.019230769230769232 0.01926999226961124
2 66 0 0.019230769230769232 0.01926999226961124
2 67 0 0 0.001
2 68 0 0.038461538461538464 0.03846153843623522
2 69 0 0.019230769230769232 0.01926999226961124
2 70 0 0.019230769230769232 0.01926999226961124
2 71 0 0 0.001
2 72 0 0 0.001
2 73 0 0.057692307692307696 0.05769230769229268
2 74 0 0 0.001
2 75 0 0 0.001
2 76 0 0.019230769230769232 0.01926999226961124
2 77 0 0.019230769230769232 0.01926999226961124
2 78 0 0 0.001
2 79 0 0 0.001
2 80 0 0.019230769230769232 0.01926999226961124
2 81 0 0 0.001
2 82 0 0 0.001
2 83 0 0.019230769230769232 0.01926999226961124
2 84 0 0 0.001
2 85 0 0 0.001
2 86 0 0.019230769230769232 0.01926999226961124
2 87 0 0 0.001
2 88 0 0.019230769230769232 0.01926999226961124
2 89 0 0 0.001
2 90 0 0 0.001
2 91 0 0.019230769230769232 0.01926999226961124
2 92 0 0 0.001
2 93 0 0.038461538461538464 0.03846153843623522
2 94 0 0.019230769230769232 0.01926999226961124
2 95 0 0 0.001
2 96 0 0.019230769230769232 0.01926999226961124
2 97 0 0.019230769230769232 0.01926999226961124
2 98 0 0 0.001
2 99 0 0 0.001
2 100 0 0.038461538461538464 0.03846153843623522
2 101 0 0 0.001
2 102 0 0 0.001
2 103 0 0 0.001
2 104 0 0 0.001
2 105 0 0 0.001
2 106 0 0 0.001
2 107 0 0 0.001
2 108 0 0.019230769230769232 0.01926999226961124
2 109 0 0 0.001
2 110 0 0.019230769230769232 0.01926999226961124
2 111 0 0 0.001
2 112 0 0 0.001
2 113 0 0 0.001
2 114 0 0.019230769230769232 0.01926999226961124
2 115 0 0 0.001
2 116 0 0 0.001
2 117 0 0 0.001
2 118 0 0 0.001
2 119 0 0.019230769230769232 0.01926999226961124
2 120 0 0.038461538461538464 0.03846153843623522
2 121 0 0.019230769230769232 0.01926999226961124
2 122 0 0.038461538461538464 0.03846153843623522
2 123 0 0 0.001
2 124 0 0.019230769230769232 0.01926999226961124
2 125 0 0.019230769230769232 0.01926999226961124
2 126 0 0 0.001
2 127 0 0.019230769230769232 0.01926999226961124
2 128 0 0 0.001
2 129 0 0.019230769230769232 0.01926999226961124
2 130 0 0 0.001
2 131 0 0.038461538461538464 0.03846153843623522
2 132 0 0.019230769230769232 0.01926999226961124
2 133 0 0 0.001
2 134 0 0.019230769230769232 0.01926999226961124
2 135 0 0.038461538461538464 0.03846153843623522
2 136 0 0.038461538461538464 0.03846153843623522
2 137 0 0.038461538461538464 0.03846153843623522
2 138 0 0 0.001
2 139 0 0 0.001
2 140 0 0 0.001
2 141 0 0 0.001
2 142 0 0 0.001
2 143 0 0.019230769230769232 0.01926999226961124
2 144 0 0 0.001
2 145 0 0 0.001
2 146 0 0.019230769230769232 0.01926999226961124
2 147 0 0.019230769230769232 0.01926999226961124
2 148 0 0 0.001
2 149 0 0.038461538461538464 0.03846153843623522
2 150 0 0 0.001
2 151 0 0 0.001
2 152 0 0 0.001
2 153 0 0 0.001
2 154 0 0 0.001
2 155 0 0 0.001
2 156 0 0 0.001
2 157 0 0 0.001
2 158 0 0 0.001
2 159 0 0 0.001
2 160 0 0 0.001
2 161 0 0 0.001
2 162 0 0 0.001
2 163 0 0.038461538461538464 0.03846153843623522
2 164 0 0 0.001
2 165 0 0.019230769230769232 0.01926999226961124
2 166 0 0 0.001
2 167 0 0.019230769230769232 0.01926999226961124
2 168 0 0.019230769230769232 0.01926999226961124
2 169 0 0.019230769230769232 0.01926999226961124
2 170 0 0.038461538461538464 0.03846153843623522
2 171 0 0.019230769230769232 0.01926999226961124
2 172 0 0.038461538461538464 0.03846153843623522
2 173 0 0.057692307692307696 0.05769230769229268
2 174 0 0 0.001
2 175 0 0 0.001
2 176 0 0 0.001
2 177 0 0.019230769230769232 0.01926999226961124
2 178 0 0 0.001
2 179 0 0.019230769230769232 0.01926999226961124
2 180 0 0 0.001
2 181 0 0.057692307692307696 0.05769230769229268
2 182 0 0.019230769230769232 0.01926999226961124
2 183 0 0.038461538461538464 0.03846153843623522
2 184 0 0.019230769230769232 0.01926999226961124
2 185 0 0.038461538461538464 0.03846153843623522
2 186 0 0 0.001
2 187 0 0 0.001
2 188 0 0 0.001
2 189 0 0 0.001
2 190 0 0 0.001
2 191 0 0.057692307692307696 0.05769230769229268
2 192 0 0 0.001
2 193 0 0 0.001
2 194 0 0 0.001
2 195 0 0 0.001
2 196 0 0.01904761904761905 0.0191336988897507
2 197 0 0 0.001
2 198 0 0 0.001
2 199 0 0 0.001
2 200 0 0 0.001
2 201 0 0 0.001
2 202 0 0 0.001
2 203 0 0 0.001
2 204 0 0 0.001
2 205 0 0.01904761904761905 0.0191336988897507
2 206 0 0.01904761904761905 0.0191336988897507
2 207 0 0 0.001
2 208 0 0 0.001
2 209 0 0 0.001
2 210 0 0 0.001
2 211 0 0 0.001
2 212 0 0 0.001
2 213 0 0 0.001
2 214 0 0 0.001
2 215 0 0.01904761904761905 0.0191336988897507
2 216 0 0 0.001
2 217 0 0.01904761904761905 0.0191336988897507
2 218 0 0 0.001
2 219 0 0.01904761904761905 0.0191336988897507
2 220 0 0 0.001
2 221 0 0 0.001
2 222 0 0 0.001
2 223 0 0.01904761904761905 0.0191336988897507
2 224 0 0.01904761904761905 0.0191336988897507
2 225 0 0 0.001
2 226 0 0.01904761904761905 0.0191336988897507
2 227 0 0 0.001
2 228 0 0.01904761904761905 0.0191336988897507
2 229 0 0 0.001
2 230 0 0 0.001
2 231 0 0.01904761904761905 0.0191336988897507
2 232 0 0.01904761904761905 0.0191336988897507
2 233 0 0.01904761904761905 0.0191336988897507
2 234 0 0 0.001
2 235 0 0 0.001
2 236 0 0.05714285714285714 0.057142857142856884
2 237 0 0.01904761904761905 0.0191336988897507
2 238 0 0 0.001
2 239 0 0 0.001
2 240 0 0 0.001
2 241 0 0 0.001
2 242 0 0.01904761904761905 0.0191336988897507
2 243 0 0 0.001
2 244 0 0 0.001
2 245 0 0 0.001
2 246 0 0 0.001
2 247 0 0 0.001
2 248 0 0 0.001
2 249 0 0 0.001
2 250 0 0 0.001
2 251 0 0 0.001
2 252 0 0 0.001
2 253 0 0 0.001
2 254 0 0 0.001
2 255 0 0 0.001
2 256 0 0.01904761904761905 0.0191336988897507
2 257 0 0.01904761904761905 0.0191336988897507
2 258 0 0 0.001
2 259 0 0.01904761904761905 0.0191336988897507
2 260 0 0.0380952380952381 0.0380952380562773
2 261 0 0 0.001
2 262 0 0.01904761904761905 0.0191336988897507
2 263 0 0 0.001
2 264 0 0.01904761904761905 0.0191336988897507
2 265 0 0 0.001
2 266 0 0.0380952380952381 0.0380952380562773
2 267 0 0.0380952380952381 0.0380952380562773
2 268 0 0.01904761904761905 0.0191336988897507
2 269 0 0.01904761904761905 0.0191336988897507
2 270 0 0.01904761904761905 0.0191336988897507
2 271 0 0.01904761904761905 0.0191336988897507
2 272 0 0 0.001
2 273 0 0 0.001
2 274 0 0 0.001
2 275 0 0 0.001
2 276 0 0 0.001
2 277 0 0.0380952380952381 0.0380952380562773
2 278 0 0 0.001
2 279 0 0 0.001
2 280 0 0 0.001
2 281 0 0.01904761904761905 0.0191336988897507
2 282 0 0 0.001
2 283 0 0 0.001
2 284 0 0.01904761904761905 0.0191336988897507
2 285 0 0 0.001
2 286 0 0.01904761904761905 0.0191336988897507
2 287 0 0.01904761904761905 0.0191336988897507
2 288 0 0 0.001
2 289 0 0 0.001
2 290 0 0 0.001
2 291 0 0 0.001
2 292 0 0 0.001
2 293 0 0 0.001
2 294 0 0 0.001
2 295 0 0 0.001
2 296 0 0 0.001
2 297 0 0 0.001
2 298 0 0.01904761904761905 0.0191336988897507
2 299 0 0 0.001
2 300 0 0 0.001
2 301 0 0.0380952380952381 0.0380952380562773
2 302 0 0 0.001
2 303 0 0 0.001
2 304 0 0.01904761904761905 0.0191336988897507
2 305 0 0 0.001
2 306 0 0 0.001
2 307 0 0.01904761904761905 0.0191336988897507
2 308 0 0 0.001
2 309 0 0 0.001
2 310 0 0 0.001
2 311 0 0.01904761904761905 0.0191336988897507
2 312 0 0.01904761904761905 0.0191336988897507
2 313 0 0 0.001
2 314 0 0.01904761904761905 0.0191336988897507
2 315 0 0.0380952380952381 0.0380952380562773
2 316 0 0 0.001
2 317 0 0.01904761904761905 0.0191336988897507
2 318 0 0.01904761904761905 0.0191336988897507
2 319 0 0.01904761904761905 0.0191336988897507
2 320 0 0 0.001
2 321 0 0.01904761904761905 0.0191336988897507
2 322 0 0 0.001
2 323 0 0.01904761904761905 0.0191336988897507
2 324 0 0 0.001
2 325 0 0 0.001
2 326 0 0 0.001
2 327 0 0 0.001
2 328 0 0 0.001
2 329 0 0 0.001
2 330 0 0 0.001
2 331 0 0 0.001
2 332 0 0 0.001
2 333 0 0.01904761904761905 0.0191336988897507
2 334 0 0.01904761904761905 0.0191336988897507
2 335 0 0 0.001
