0 0 0.5 0.5 0.5091638860804375
0 1 0.1 0.06 0.09139210527295483
0 2 0.5 0.6 0.513394972067968
0 3 0.1 0.05 0.08915923259513261
0 4 0.5 0.58 0.512553085615147
0 5 0.1 0.15 0.10951160711997944
0 6 0.5 0.5 0.5091638860804375
0 7 0.1 0.1 0.10001315113115153
0 8 0.5 0.54 0.5108628685934481
0 9 0.1 0.08 0.09592865592988711
0 10 0.5 0.62 0.5142347425632309
0 11 0.1 0.09 0.09798782750338886
0 12 0.5 0.53 0.5104389532251924
0 13 0.1 0.09 0.09798782750338886
0 14 0.5 0.39 0.5044445360413065
0 15 0.1 0.12 0.10394836439077566
0 16 0.5 0.41 0.5053079060355674
0 17 0.1 0.11 0.10200124001434768
0 18 0.5 0.63 0.5146538414190555
0 19 0.1 0.14 0.1077062000743445
0 20 0.5 0.59 0.5129742947917628
0 21 0.1 0.16 0.11126558693908561
0 22 0.5 0.46 0.5074559103509145
0 23 0.1 0.09 0.09798782750338886
0 24 0.5 0.64 0.5150724196512371
0 25 0.1 0.1 0.10001315113115153
0 26 0.5 0.52 0.510014486703924
0 27 0.1 0.08 0.09592865592988711
