0 0 0 = 3.8046605293586158
0 0 1 = 10.58636173758903
0 0 2 = 3.800157952115104
0 0 3 = 10.544943361517705
0 0 4 = 3.671449402293549
0 0 5 = 10.611286946315314
0 0 6 = 3.8129584202509856
0 0 7 = 10.578756078564968
0 0 8 = 3.759603067625096
0 0 9 = 10.573617127428308
0 0 10 = 3.749588094073318
0 0 11 = 10.60837651343995
0 0 12 = 3.795229895152865
0 0 13 = 10.592010900631552
0 0 14 = 3.797549926647956
0 0 15 = 10.522923556654602
0 0 16 = 3.770792487314989
0 0 17 = 10.571152605486722
0 0 18 = 3.738913135771029
0 0 19 = 10.618260424080633
0 0 20 = 3.8125597998527265
0 0 21 = 10.580962984860403
0 0 22 = 3.7344170596178183
0 0 23 = 10.54202454126409
0 0 24 = 3.7893882113212607
0 0 25 = 10.518779856837957
0 0 26 = 3.746829838052044
0 0 27 = 10.602869079926622
0 1 0 = 3.7777131419581966
0 1 1 = 10.56404094773912
0 1 2 = 3.7611623000989467
0 1 3 = 10.5325434528993
0 1 4 = 3.7923068070578707
0 1 5 = 10.592251113702744
0 1 6 = 3.7921138008601583
0 1 7 = 10.597851512025128
0 1 8 = 3.79355018147312
0 1 9 = 10.578466092946321
0 1 10 = 3.79375620815932
0 1 11 = 10.575177538802215
0 1 12 = 3.7047513132592322
0 1 13 = 10.561335320305474
0 1 14 = 3.836027099259503
0 1 15 = 10.531946279648137
0 1 16 = 3.829910108602467
0 1 17 = 10.487573949251232
0 1 18 = 3.710974922049937
0 1 19 = 10.618547469045582
0 1 20 = 3.755474193572617
0 1 21 = 10.589644557843274
0 1 22 = 3.688146457459957
0 1 23 = 10.575895955350457
0 1 24 = 3.7605864196354406
0 1 25 = 10.56391776940562
0 1 26 = 3.7112463497038433
0 1 27 = 10.518316524822696
0 2 0 = 3.7891519042239747
0 2 1 = 10.554569237348078
0 2 2 = 3.7493681660727836
0 2 3 = 10.600489301527682
0 2 4 = 3.723881761169034
0 2 5 = 10.564314864545551
0 2 6 = 3.7436245760208693
0 2 7 = 10.566896999859928
0 2 8 = 3.7297199306872715
0 2 9 = 10.600108965390335
0 2 10 = 3.7715985489262676
0 2 11 = 10.535409939021706
0 2 12 = 3.709619775230601
0 2 13 = 10.568644220147226
0 2 14 = 3.7735479434983046
0 2 15 = 10.541209473947301
0 2 16 = 3.7225985712731697
0 2 17 = 10.529947451799726
0 2 18 = 3.753461924880537
0 2 19 = 10.571559311919158
0 2 20 = 3.795934031531008
0 2 21 = 10.609854610014942
0 2 22 = 3.710855049949253
0 2 23 = 10.593342117446694
0 2 24 = 3.775014007662599
0 2 25 = 10.55615918483314
0 2 26 = 3.7662543963208854
0 2 27 = 10.639875839171939
0 3 0 = 3.6880676648855713
0 3 1 = 10.546420948609693
0 3 2 = 3.731405875169454
0 3 3 = 10.60073971368103
0 3 4 = 3.761505312705323
0 3 5 = 10.559982643026954
0 3 6 = 3.787341189346293
0 3 7 = 10.630337225064226
0 3 8 = 3.7794666099072836
0 3 9 = 10.617446902029279
0 3 10 = 3.7833589588317578
0 3 11 = 10.591587510452676
0 3 12 = 3.7237599695325727
0 3 13 = 10.512979107039762
0 3 14 = 3.7778629427260713
0 3 15 = 10.553190781795841
0 3 16 = 3.770653611881786
0 3 17 = 10.556221060324742
0 3 18 = 3.732456119675108
0 3 19 = 10.520065546222538
0 3 20 = 3.842136520941423
0 3 21 = 10.536675848045231
0 3 22 = 3.7614867135180434
0 3 23 = 10.617286721064966
0 3 24 = 3.7863304322607965
0 3 25 = 10.582775095603008
0 3 26 = 3.78717464888964
0 3 27 = 10.57603704599926
0 4 0 = 3.766144138336212
0 4 1 = 10.501723142499293
0 4 2 = 3.7090059714672945
0 4 3 = 10.611796945269358
0 4 4 = 3.7831563814339684
0 4 5 = 10.61787328654501
0 4 6 = 3.757664561622268
0 4 7 = 10.578600773108569
0 4 8 = 3.791380682112567
0 4 9 = 10.59895717058812
0 4 10 = 3.7894428300471645
0 4 11 = 10.580920402038773
0 4 12 = 3.75907398559371
0 4 13 = 10.512548039967621
0 4 14 = 3.7382378438018806
0 4 15 = 10.580189687745426
0 4 16 = 3.7263001339121193
0 4 17 = 10.563793550558845
0 4 18 = 3.8064473572978357
0 4 19 = 10.560870402546552
0 4 20 = 3.7390064140359947
0 4 21 = 10.683245598231698
0 4 22 = 3.721785435379105
0 4 23 = 10.578303308151932
0 4 24 = 3.751565434536918
0 4 25 = 10.538725504273598
0 4 26 = 3.744412072531125
0 4 27 = 10.581972415146542
0 5 0 = 3.0397164692052003
0 5 1 = 7.458170266019529
0 5 2 = 2.933967931084006
0 5 3 = 7.49549020842604
0 5 4 = 3.004415821578119
0 5 5 = 7.513359790066457
0 5 6 = 2.999993544683249
0 5 7 = 7.467139489144905
0 5 8 = 3.0275040765089134
0 5 9 = 7.449218074338087
0 5 10 = 3.003160566602615
0 5 11 = 7.5721693569953485
0 5 12 = 2.987738189336559
0 5 13 = 7.496980427148744
0 5 14 = 3.0353185023902913
0 5 15 = 7.554317205708845
0 5 16 = 2.9727525073631704
0 5 17 = 7.520909884211192
0 5 18 = 2.9474368242847495
0 5 19 = 7.5582263523708795
0 5 20 = 3.028625123705421
0 5 21 = 7.46086508287068
0 5 22 = 3.0237446504612033
0 5 23 = 7.525840042197232
0 5 24 = 2.9885909423890884
0 5 25 = 7.593201661939567
0 5 26 = 2.9833088377674786
0 5 27 = 7.532104726187924
0 6 0 = 3.0437294860147563
0 6 1 = 7.516090476253969
0 6 2 = 2.9453729897672747
0 6 3 = 7.492484521280748
0 6 4 = 3.0054645516353706
0 6 5 = 7.508285437830656
0 6 6 = 3.0059826546963646
0 6 7 = 7.487400959993552
0 6 8 = 2.970370950262722
0 6 9 = 7.495113740989448
0 6 10 = 3.0089020951668766
0 6 11 = 7.615750447453415
0 6 12 = 3.0301606904280356
0 6 13 = 7.555988457877178
0 6 14 = 3.040598352487678
0 6 15 = 7.574383922510412
0 6 16 = 2.965458876872118
0 6 17 = 7.54156129398222
0 6 18 = 3.0085308276597846
0 6 19 = 7.540845503565765
0 6 20 = 3.024375997038353
0 6 21 = 7.499148298453733
0 6 22 = 3.0370284488193873
0 6 23 = 7.480700746149655
0 6 24 = 3.0141925333884383
0 6 25 = 7.545060387887479
0 6 26 = 3.063748525430907
0 6 27 = 7.485596936031015
0 7 0 = 3.027138639755855
0 7 1 = 7.526049898123426
0 7 2 = 3.0263749190885174
0 7 3 = 7.499115874908045
0 7 4 = 2.9964294047620723
0 7 5 = 7.493637723468768
0 7 6 = 3.0101596537098354
0 7 7 = 7.515984310901457
0 7 8 = 2.9924374348037523
0 7 9 = 7.500261678198671
0 7 10 = 2.9722437240829
0 7 11 = 7.545235159952424
0 7 12 = 2.934966395008046
0 7 13 = 7.457203744549416
0 7 14 = 2.9942398943462853
0 7 15 = 7.5150660921656876
0 7 16 = 2.9810386881985664
0 7 17 = 7.55389466381924
0 7 18 = 2.9763247667873474
0 7 19 = 7.516792260088941
0 7 20 = 3.0786519847420406
0 7 21 = 7.471776406174431
0 7 22 = 2.987327467439774
0 7 23 = 7.514583513275097
0 7 24 = 2.9786375010595942
0 7 25 = 7.524110265258827
0 7 26 = 3.04070038180663
0 7 27 = 7.490745815449235
0 8 0 = 3.042337620208311
0 8 1 = 7.45931249326272
0 8 2 = 2.9287193180450637
0 8 3 = 7.593665176797663
0 8 4 = 3.063843294786607
0 8 5 = 7.49233508974345
0 8 6 = 3.087843926870613
0 8 7 = 7.503246547465397
0 8 8 = 3.00435635442487
0 8 9 = 7.602772381987803
0 8 10 = 2.9777938264812978
0 8 11 = 7.595560856494353
0 8 12 = 2.9458521214301063
0 8 13 = 7.494680851985852
0 8 14 = 3.0380262775312006
0 8 15 = 7.559303648427194
0 8 16 = 3.050814831522334
0 8 17 = 7.491106798367614
0 8 18 = 3.037505572541279
0 8 19 = 7.535456270708117
0 8 20 = 2.9422943578644696
0 8 21 = 7.536434117905479
0 8 22 = 2.962386615428135
0 8 23 = 7.513206715159796
0 8 24 = 3.0456896585319733
0 8 25 = 7.557417601189571
0 8 26 = 2.9918954170448826
0 8 27 = 7.523702515051118
0 9 0 = 3.0250339863843236
0 9 1 = 7.594501556159677
0 9 2 = 2.9988564392631414
0 9 3 = 7.515732193018147
0 9 4 = 2.994366971911456
0 9 5 = 7.497480898018394
0 9 6 = 2.9965691160295513
0 9 7 = 7.4516485884715165
0 9 8 = 3.0162672271843856
0 9 9 = 7.53242357331531
0 9 10 = 2.999115802776454
0 9 11 = 7.552407956965458
0 9 12 = 2.979884524540001
0 9 13 = 7.5058557149837695
0 9 14 = 2.9810654876508056
0 9 15 = 7.507862114017331
0 9 16 = 2.9917557984313663
0 9 17 = 7.522325043529696
0 9 18 = 3.004895264067582
0 9 19 = 7.521781707509726
0 9 20 = 2.9954505368773314
0 9 21 = 7.598250865879792
0 9 22 = 3.0160611221420717
0 9 23 = 7.529080905182525
0 9 24 = 3.055256499065267
0 9 25 = 7.490931850682155
0 9 26 = 2.9916585391509734
0 9 27 = 7.530717450037983
0 10 0 = 3.759928709711202
0 10 1 = 10.557023722042679
0 10 2 = 3.714298113593437
0 10 3 = 10.517451409400449
0 10 4 = 3.6986598592790223
0 10 5 = 10.559105521533676
0 10 6 = 3.811284875579567
0 10 7 = 10.496847927894276
0 10 8 = 3.8027990290409925
0 10 9 = 10.50663770197833
0 10 10 = 3.7468847864743537
0 10 11 = 10.53350439428158
0 10 12 = 3.795878974120111
0 10 13 = 10.49228516073838
0 10 14 = 3.774333498817156
0 10 15 = 10.566567723503843
0 10 16 = 3.7549411219210964
0 10 17 = 10.459778302849523
0 10 18 = 3.730873463509764
0 10 19 = 10.53403625613722
0 10 20 = 3.770810640631427
0 10 21 = 10.546135001048974
0 10 22 = 3.75273393868444
0 10 23 = 10.526326415215252
0 10 24 = 3.7780789328998576
0 10 25 = 10.538447494781296
0 10 26 = 3.767442371820222
0 10 27 = 10.513257977986209
0 11 0 = 3.770313894645604
0 11 1 = 10.534684600107576
0 11 2 = 3.742034522662129
0 11 3 = 10.50357610382369
0 11 4 = 3.704374600906804
0 11 5 = 10.494527793860554
0 11 6 = 3.697347419850757
0 11 7 = 10.501464371375521
0 11 8 = 3.788232552413074
0 11 9 = 10.48849272334136
0 11 10 = 3.807326079706657
0 11 11 = 10.516658675936291
0 11 12 = 3.7132533084588744
0 11 13 = 10.581698691156172
0 11 14 = 3.7570352187201794
0 11 15 = 10.48037529341395
0 11 16 = 3.7555328073704417
0 11 17 = 10.494786371706237
0 11 18 = 3.707712583773037
0 11 19 = 10.480207628627891
0 11 20 = 3.6784754941096502
0 11 21 = 10.471543362551882
0 11 22 = 3.6997383630646583
0 11 23 = 10.516424287953573
0 11 24 = 3.7112314042097005
0 11 25 = 10.509581553474886
0 11 26 = 3.7223741329941205
0 11 27 = 10.53273415686286
0 12 0 = 3.804816114038884
0 12 1 = 10.56961856996248
0 12 2 = 3.805995936466857
0 12 3 = 10.52624637690337
0 12 4 = 3.738396932034573
0 12 5 = 10.469092701297404
0 12 6 = 3.8055485109675704
0 12 7 = 10.581867100437842
0 12 8 = 3.7766638048428938
0 12 9 = 10.523953964832629
0 12 10 = 3.7646386570972434
0 12 11 = 10.5564536915521
0 12 12 = 3.822547710925885
0 12 13 = 10.547397281948856
0 12 14 = 3.7976494379118737
0 12 15 = 10.54565126520948
0 12 16 = 3.6966100333765888
0 12 17 = 10.519092635277953
0 12 18 = 3.7853843550557116
0 12 19 = 10.508629903250627
0 12 20 = 3.814159980333531
0 12 21 = 10.528847957273353
0 12 22 = 3.693438806054866
0 12 23 = 10.526559566028043
0 12 24 = 3.7584879948906367
0 12 25 = 10.552721601124611
0 12 26 = 3.7527945520691564
0 12 27 = 10.53142933297223
0 13 0 = 3.6506167210761586
0 13 1 = 10.50450168997596
0 13 2 = 3.6925870404305896
0 13 3 = 10.483605007931825
0 13 4 = 3.722735864307271
0 13 5 = 10.511463964544763
0 13 6 = 3.708842360263101
0 13 7 = 10.502873564300142
0 13 8 = 3.71404975499081
0 13 9 = 10.502981451384194
0 13 10 = 3.7473847805702074
0 13 11 = 10.44645329045388
0 13 12 = 3.748395291553854
0 13 13 = 10.490384536791531
0 13 14 = 3.7637069268081564
0 13 15 = 10.52188414067504
0 13 16 = 3.7153744363954715
0 13 17 = 10.501766797363898
0 13 18 = 3.7437180911641654
0 13 19 = 10.526355402290388
0 13 20 = 3.752139983018078
0 13 21 = 10.513524146981764
0 13 22 = 3.62998243330549
0 13 23 = 10.50886511887453
0 13 24 = 3.744037466445759
0 13 25 = 10.46077628408998
0 13 26 = 3.7322000764227723
0 13 27 = 10.509785905032713
0 14 0 = 3.734241738984928
0 14 1 = 10.510839856706442
0 14 2 = 3.7736262012636392
0 14 3 = 10.575545584202787
0 14 4 = 3.7476886506090024
0 14 5 = 10.513890495990639
0 14 6 = 3.7117285436703216
0 14 7 = 10.53508127991759
0 14 8 = 3.7269689662318255
0 14 9 = 10.501170960224721
0 14 10 = 3.7900524417201615
0 14 11 = 10.48370296681755
0 14 12 = 3.7174359764515694
0 14 13 = 10.530327978957146
0 14 14 = 3.671979442009366
0 14 15 = 10.559645362612486
0 14 16 = 3.6880622439463915
0 14 17 = 10.473891211488336
0 14 18 = 3.6895061294035476
0 14 19 = 10.531191513285691
0 14 20 = 3.7063280000915237
0 14 21 = 10.559854237450043
0 14 22 = 3.746274421865038
0 14 23 = 10.562629358818134
0 14 24 = 3.7843124861663795
0 14 25 = 10.583496052303438
0 14 26 = 3.8033704689298284
0 14 27 = 10.473223114592262
0 15 0 = 2.983351858361065
0 15 1 = 7.480617192906264
0 15 2 = 3.0059449182127467
0 15 3 = 7.500606398358821
0 15 4 = 2.988923280787768
0 15 5 = 7.443770607185533
0 15 6 = 3.0422593173534263
0 15 7 = 7.443097784641944
0 15 8 = 2.9980124066497202
0 15 9 = 7.465155957488475
0 15 10 = 2.997728412257649
0 15 11 = 7.470366172019743
0 15 12 = 3.020006389815453
0 15 13 = 7.464746542649431
0 15 14 = 3.0133873102593656
0 15 15 = 7.511075054729206
0 15 16 = 2.995772006180494
0 15 17 = 7.51666592653708
0 15 18 = 2.990187077044135
0 15 19 = 7.500315921556547
0 15 20 = 2.9519673125771675
0 15 21 = 7.5057410241709155
0 15 22 = 3.0456027387813065
0 15 23 = 7.526806501681186
0 15 24 = 2.9390063210017034
0 15 25 = 7.456327021651455
0 15 26 = 3.03361174550091
0 15 27 = 7.507165016596337
0 16 0 = 3.0044952025494074
0 16 1 = 7.5216382804272905
0 16 2 = 2.9712183826886687
0 16 3 = 7.505619104273058
0 16 4 = 3.084803857246103
0 16 5 = 7.448758314531333
0 16 6 = 3.075022661050706
0 16 7 = 7.444167958965197
0 16 8 = 3.0109364421731275
0 16 9 = 7.515038363815758
0 16 10 = 3.076009924919137
0 16 11 = 7.494157299161251
0 16 12 = 2.990591260730002
0 16 13 = 7.4964522771737
0 16 14 = 2.987585253208977
0 16 15 = 7.521979882431903
0 16 16 = 3.061726673127997
0 16 17 = 7.531570533288606
0 16 18 = 2.9943515199277613
0 16 19 = 7.526005304586403
0 16 20 = 3.059242553888772
0 16 21 = 7.501232003702171
0 16 22 = 3.0716110298064287
0 16 23 = 7.47918973873066
0 16 24 = 2.963183421383788
0 16 25 = 7.557566489411254
0 16 26 = 2.98808984432658
0 16 27 = 7.497951592414066
0 17 0 = 3.0118599778733093
0 17 1 = 7.548564589183256
0 17 2 = 2.993527475918521
0 17 3 = 7.544955831188298
0 17 4 = 3.0137594885927386
0 17 5 = 7.529835632995236
0 17 6 = 3.0213502931391147
0 17 7 = 7.564689972821955
0 17 8 = 2.9635032950077465
0 17 9 = 7.554195258914926
0 17 10 = 2.9858074033337814
0 17 11 = 7.489860952419629
0 17 12 = 2.9860274149091537
0 17 13 = 7.5554624838118345
0 17 14 = 3.0373633506490507
0 17 15 = 7.56655079211653
0 17 16 = 2.959555653151863
0 17 17 = 7.517421881458977
0 17 18 = 2.9744904981883753
0 17 19 = 7.529258789561895
0 17 20 = 2.9616701357400053
0 17 21 = 7.501137865407566
0 17 22 = 3.0169565514368792
0 17 23 = 7.533181337188145
0 17 24 = 2.977226995856202
0 17 25 = 7.555987152697723
0 17 26 = 2.9488610075749255
0 17 27 = 7.4958110826382764
0 18 0 = 2.991657148179234
0 18 1 = 7.546516711041493
0 18 2 = 3.016995322506307
0 18 3 = 7.543605492892565
0 18 4 = 3.0486202797167596
0 18 5 = 7.550847186315912
0 18 6 = 3.0445419306332364
0 18 7 = 7.5730852202395305
0 18 8 = 2.9582982733424776
0 18 9 = 7.536874624957247
0 18 10 = 2.9736688389360104
0 18 11 = 7.539164963143974
0 18 12 = 3.0063823491482475
0 18 13 = 7.521943597237206
0 18 14 = 2.998677833514533
0 18 15 = 7.48037997548298
0 18 16 = 3.042601785968028
0 18 17 = 7.535427271775144
0 18 18 = 2.986248471345482
0 18 19 = 7.573571322111444
0 18 20 = 2.9720292695973836
0 18 21 = 7.561226392287468
0 18 22 = 2.9865946231772558
0 18 23 = 7.587576827269954
0 18 24 = 2.9877045453033735
0 18 25 = 7.565910762731191
0 18 26 = 2.98485376957595
0 18 27 = 7.580401371012368
0 19 0 = 2.982793956029473
0 19 1 = 7.5185613840844185
0 19 2 = 3.0170926976401327
0 19 3 = 7.528415925194647
0 19 4 = 2.958026717348841
0 19 5 = 7.536230803182245
0 19 6 = 2.98217782038409
0 19 7 = 7.561123587008626
0 19 8 = 3.0112052314631637
0 19 9 = 7.499797110921957
0 19 10 = 3.0243797855209595
0 19 11 = 7.579590380991402
0 19 12 = 2.9576528985650326
0 19 13 = 7.5097808893076285
0 19 14 = 2.999877484045183
0 19 15 = 7.494200862073153
0 19 16 = 3.0127031162227094
0 19 17 = 7.559485736726229
0 19 18 = 2.9764144096449696
0 19 19 = 7.540307204439896
0 19 20 = 3.0438089331525005
0 19 21 = 7.461457980179911
0 19 22 = 2.9482151850734843
0 19 23 = 7.54366745590004
0 19 24 = 2.984302437757242
0 19 25 = 7.55142690747922
0 19 26 = 2.9574391854585422
0 19 27 = 7.603179253883753
0 20 0 = 3.783837320578889
0 20 1 = 10.611330079178844
0 20 2 = 3.7250533355170394
0 20 3 = 10.60335181704775
0 20 4 = 3.6935636410172306
0 20 5 = 10.543107775977852
0 20 6 = 3.731839741770162
0 20 7 = 10.555057332292295
0 20 8 = 3.802992955408742
0 20 9 = 10.563590589774067
0 20 10 = 3.779364655799032
0 20 11 = 10.515734967632858
0 20 12 = 3.7861484560065843
0 20 13 = 10.540684528828903
0 20 14 = 3.7436675348886768
0 20 15 = 10.536091421985073
0 20 16 = 3.7588123190855587
0 20 17 = 10.513957352917666
0 20 18 = 3.7706317738477453
0 20 19 = 10.54561163277664
0 20 20 = 3.7447862518810595
0 20 21 = 10.595212172915213
0 20 22 = 3.715443784684663
0 20 23 = 10.561336105745085
0 20 24 = 3.768118049232259
0 20 25 = 10.5617838595811
0 20 26 = 3.757521433717239
0 20 27 = 10.571358163816571
0 21 0 = 3.7476548126393574
0 21 1 = 10.56195829688296
0 21 2 = 3.7538814587839675
0 21 3 = 10.552258996847103
0 21 4 = 3.7180501982763716
0 21 5 = 10.57237201727144
0 21 6 = 3.731630231613739
0 21 7 = 10.535523034573883
0 21 8 = 3.6819605352065086
0 21 9 = 10.5575062639163
0 21 10 = 3.745709408826411
0 21 11 = 10.531551925757144
0 21 12 = 3.748876623916259
0 21 13 = 10.582247675689771
0 21 14 = 3.7159839965348453
0 21 15 = 10.54799193121332
0 21 16 = 3.7813627131064598
0 21 17 = 10.55309361310453
0 21 18 = 3.7516915773317847
0 21 19 = 10.547495377066584
0 21 20 = 3.7779836002262135
0 21 21 = 10.566505796753097
0 21 22 = 3.6382851317771485
0 21 23 = 10.51821786518274
0 21 24 = 3.753224351238489
0 21 25 = 10.58245642620799
0 21 26 = 3.7573417731499297
0 21 27 = 10.496563047593645
0 22 0 = 3.7550647606354235
0 22 1 = 10.526008230544447
0 22 2 = 3.814229401432075
0 22 3 = 10.548590551249799
0 22 4 = 3.754982525681356
0 22 5 = 10.486728430433388
0 22 6 = 3.7489134137255165
0 22 7 = 10.503729697230426
0 22 8 = 3.794666902309983
0 22 9 = 10.561854916710011
0 22 10 = 3.7711587724966456
0 22 11 = 10.496368205592079
0 22 12 = 3.7266943918985422
0 22 13 = 10.55672120214618
0 22 14 = 3.8022589435383924
0 22 15 = 10.561076747167407
0 22 16 = 3.6931139793548575
0 22 17 = 10.485941249995834
0 22 18 = 3.7932274212290076
0 22 19 = 10.499462502826217
0 22 20 = 3.7622463594725715
0 22 21 = 10.516792200223183
0 22 22 = 3.7935170929481594
0 22 23 = 10.48247118730005
0 22 24 = 3.7160260399046323
0 22 25 = 10.531279320565334
0 22 26 = 3.737114140941309
0 22 27 = 10.519832486511005
0 23 0 = 3.7329549778886717
0 23 1 = 10.549130037570905
0 23 2 = 3.724121549852961
0 23 3 = 10.584900127544161
0 23 4 = 3.7418752764591723
0 23 5 = 10.5046226879396
0 23 6 = 3.7372711879030405
0 23 7 = 10.567364492736337
0 23 8 = 3.767092642890079
0 23 9 = 10.532224296762834
0 23 10 = 3.76096001539639
0 23 11 = 10.50760419672037
0 23 12 = 3.7529102172895774
0 23 13 = 10.563720450958417
0 23 14 = 3.7688434761204066
0 23 15 = 10.577646763467984
0 23 16 = 3.7711469629060974
0 23 17 = 10.496144262091303
0 23 18 = 3.7234700513831442
0 23 19 = 10.554624935368384
0 23 20 = 3.7641087469308974
0 23 21 = 10.541560766828932
0 23 22 = 3.7467752886524632
0 23 23 = 10.537554992824088
0 23 24 = 3.6893546084866338
0 23 25 = 10.533108483140827
0 23 26 = 3.7116975334025426
0 23 27 = 10.596228765128663
0 24 0 = 3.7473801465588217
0 24 1 = 10.542153354922203
0 24 2 = 3.718804322139177
0 24 3 = 10.547347685852097
0 24 4 = 3.710143390960813
0 24 5 = 10.565402370178383
0 24 6 = 3.7716675150835743
0 24 7 = 10.456677017094654
0 24 8 = 3.709496269545813
0 24 9 = 10.535843332402754
0 24 10 = 3.7689413669351377
0 24 11 = 10.525939775405213
0 24 12 = 3.7439014540149937
0 24 13 = 10.51125531894041
0 24 14 = 3.7067995162170204
0 24 15 = 10.529995215359193
0 24 16 = 3.7217239170249767
0 24 17 = 10.522612033582257
0 24 18 = 3.6840042510823134
0 24 19 = 10.501064946492042
0 24 20 = 3.7146394938876606
0 24 21 = 10.54120569337747
0 24 22 = 3.7679937879729892
0 24 23 = 10.530239154935325
0 24 24 = 3.7224496069538677
0 24 25 = 10.457836611941621
0 24 26 = 3.7183729382208446
0 24 27 = 10.500730024152979
0 25 0 = 3.053122627510667
0 25 1 = 7.591039999946571
0 25 2 = 2.98856035432217
0 25 3 = 7.494730369128808
0 25 4 = 3.0263819440689814
0 25 5 = 7.510903673164421
0 25 6 = 3.100395985527869
0 25 7 = 7.567481505235666
0 25 8 = 2.944154435591066
0 25 9 = 7.555804924873511
0 25 10 = 2.952498507213537
0 25 11 = 7.4917521387824575
0 25 12 = 2.95591760426382
0 25 13 = 7.510263002477201
0 25 14 = 3.0295274030748747
0 25 15 = 7.502686233628886
0 25 16 = 3.0368394038347595
0 25 17 = 7.536728535290282
0 25 18 = 3.002416272094492
0 25 19 = 7.566063850117335
0 25 20 = 3.0060893815558636
0 25 21 = 7.498401231108483
0 25 22 = 3.0211825402138275
0 25 23 = 7.555468437477158
0 25 24 = 3.0020158556553724
0 25 25 = 7.512601720685187
0 25 26 = 2.960746462638835
0 25 27 = 7.54403970231098
0 26 0 = 3.017900211965193
0 26 1 = 7.5145684409286835
0 26 2 = 3.0000606026187024
0 26 3 = 7.498839392068785
0 26 4 = 3.028010719511064
0 26 5 = 7.528008799686881
0 26 6 = 3.0652004518022884
0 26 7 = 7.575123294087438
0 26 8 = 3.0038494322577685
0 26 9 = 7.595036738332361
0 26 10 = 3.0014837014033513
0 26 11 = 7.497637020421408
0 26 12 = 2.9796407217203966
0 26 13 = 7.550693653349708
0 26 14 = 3.00246128429439
0 26 15 = 7.539267639290463
0 26 16 = 3.036136002900415
0 26 17 = 7.503166396795734
0 26 18 = 2.9949506100224554
0 26 19 = 7.553283909742155
0 26 20 = 3.0120556778727665
0 26 21 = 7.48047324129201
0 26 22 = 3.0044765707811605
0 26 23 = 7.575233346560766
0 26 24 = 3.0242610964748873
0 26 25 = 7.612520667136657
0 26 26 = 3.0306902068937065
0 26 27 = 7.546411063665599
0 27 0 = 3.064839181826643
0 27 1 = 7.528898765096081
0 27 2 = 2.9823731283997836
0 27 3 = 7.524338602188073
0 27 4 = 2.9984726141303657
0 27 5 = 7.508575745330756
0 27 6 = 2.9938693026090513
0 27 7 = 7.602838935576421
0 27 8 = 2.999824645395527
0 27 9 = 7.568785149739033
0 27 10 = 3.0140993216314804
0 27 11 = 7.536429035234784
0 27 12 = 3.0133749784188835
0 27 13 = 7.548779849013428
0 27 14 = 3.023765065637728
0 27 15 = 7.505786316503049
0 27 16 = 2.9851527184721904
0 27 17 = 7.558844668417416
0 27 18 = 2.987907389285148
0 27 19 = 7.526896269999866
0 27 20 = 2.961043833999553
0 27 21 = 7.53132085515839
0 27 22 = 3.0131531842816233
0 27 23 = 7.513586290058654
0 27 24 = 2.9792578114628236
0 27 25 = 7.57274956687159
0 27 26 = 3.0092631105737864
0 27 27 = 7.511134211228905
0 28 0 = 3.013049067863265
0 28 1 = 7.525480040466648
0 28 2 = 3.0188652912790426
0 28 3 = 7.552271493754882
0 28 4 = 2.9513431464681634
0 28 5 = 7.543868102386737
0 28 6 = 3.1140198940820083
0 28 7 = 7.54290720530531
0 28 8 = 3.0294224859200662
0 28 9 = 7.536672928720999
0 28 10 = 2.9392961126757267
0 28 11 = 7.585778872182929
0 28 12 = 2.9405143897185604
0 28 13 = 7.51803607832551
0 28 14 = 3.007837869978186
0 28 15 = 7.534986138530348
0 28 16 = 3.065503467908938
0 28 17 = 7.532272214130414
0 28 18 = 3.02042001835433
0 28 19 = 7.546748317002322
0 28 20 = 3.019768996249931
0 28 21 = 7.478266657004159
0 28 22 = 3.0261916473789587
0 28 23 = 7.528303187297897
0 28 24 = 2.9972911130745845
0 28 25 = 7.544619518502338
0 28 26 = 2.993734695297004
0 28 27 = 7.596267392717495
0 29 0 = 2.972665339313919
0 29 1 = 7.499802879947815
0 29 2 = 3.077358687038269
0 29 3 = 7.512326623548797
0 29 4 = 3.0326636231783444
0 29 5 = 7.500267109875174
0 29 6 = 3.0373452565894596
0 29 7 = 7.562617337710798
0 29 8 = 3.0230262768322262
0 29 9 = 7.45082475805343
0 29 10 = 3.002268802030851
0 29 11 = 7.49465828221361
0 29 12 = 3.0296442190423476
0 29 13 = 7.541338006090271
0 29 14 = 2.9784918668383678
0 29 15 = 7.503265009892482
0 29 16 = 2.9588547032527464
0 29 17 = 7.5920707355662485
0 29 18 = 2.996369439527613
0 29 19 = 7.565343625847778
0 29 20 = 2.9560041856633053
0 29 21 = 7.492865201853245
0 29 22 = 2.9899660278301057
0 29 23 = 7.5473193966333625
0 29 24 = 3.0042242856514036
0 29 25 = 7.558567211303724
0 29 26 = 3.064046981735728
0 29 27 = 7.508125279565232
0 30 0 = 3.709474502074591
0 30 1 = 10.60165030229143
0 30 2 = 3.6981201205437917
0 30 3 = 10.563180102064255
0 30 4 = 3.7504436777113215
0 30 5 = 10.638824427643103
0 30 6 = 3.7148249609129733
0 30 7 = 10.656356565303062
0 30 8 = 3.685899384144475
0 30 9 = 10.610597159337853
0 30 10 = 3.781897775555086
0 30 11 = 10.650412143136581
0 30 12 = 3.78004442220749
0 30 13 = 10.604962472473966
0 30 14 = 3.7637154434618267
0 30 15 = 10.563911710881822
0 30 16 = 3.7431537504879695
0 30 17 = 10.625087016286846
0 30 18 = 3.7219814898276216
0 30 19 = 10.618175532214368
0 30 20 = 3.703887713916991
0 30 21 = 10.613818016900309
0 30 22 = 3.7564262969184257
0 30 23 = 10.628447987059692
0 30 24 = 3.706062380921677
0 30 25 = 10.609045887323653
0 30 26 = 3.7171639904990172
0 30 27 = 10.663853076011993
0 31 0 = 3.731602992983225
0 31 1 = 10.612905684276953
0 31 2 = 3.7100250933885364
0 31 3 = 10.570242316542283
0 31 4 = 3.7343501297299957
0 31 5 = 10.570018888733332
0 31 6 = 3.705361960438641
0 31 7 = 10.690835951565164
0 31 8 = 3.736789997035283
0 31 9 = 10.610320320059607
0 31 10 = 3.7770760443249465
0 31 11 = 10.602987524404355
0 31 12 = 3.786238227064078
0 31 13 = 10.571110079642802
0 31 14 = 3.73494181155849
0 31 15 = 10.656652758839392
0 31 16 = 3.7092517022456355
0 31 17 = 10.594764851382605
0 31 18 = 3.6543021117298875
0 31 19 = 10.65979401734909
0 31 20 = 3.785817662465982
0 31 21 = 10.635161883650706
0 31 22 = 3.788533600646033
0 31 23 = 10.63355499871246
0 31 24 = 3.7154639322679914
0 31 25 = 10.60565505195204
0 31 26 = 3.747612493561488
0 31 27 = 10.618023589286752
0 32 0 = 3.7671433977564472
0 32 1 = 10.559527296244337
0 32 2 = 3.7758050923703688
0 32 3 = 10.57687707602725
0 32 4 = 3.7159040643409003
0 32 5 = 10.599881293743396
0 32 6 = 3.701186732631839
0 32 7 = 10.589157472683793
0 32 8 = 3.7498184160854118
0 32 9 = 10.576620348821047
0 32 10 = 3.7726388463404024
0 32 11 = 10.568817496500364
0 32 12 = 3.6775142140856447
0 32 13 = 10.616863023820681
0 32 14 = 3.773644808234098
0 32 15 = 10.639785171465986
0 32 16 = 3.7002483223654794
0 32 17 = 10.55286033273014
0 32 18 = 3.7147247117473063
0 32 19 = 10.546350378160229
0 32 20 = 3.7572986770373342
0 32 21 = 10.524436402880726
0 32 22 = 3.7729533718085944
0 32 23 = 10.593112125246547
0 32 24 = 3.7201515828189073
0 32 25 = 10.524735699111002
0 32 26 = 3.7657303669913533
0 32 27 = 10.589257540025514
0 33 0 = 3.69157314626251
0 33 1 = 10.632093508920448
0 33 2 = 3.7142923080816748
0 33 3 = 10.650274166952164
0 33 4 = 3.7104704009273672
0 33 5 = 10.61351651037466
0 33 6 = 3.7500649564595903
0 33 7 = 10.56762488997749
0 33 8 = 3.726430417710729
0 33 9 = 10.571907348934902
0 33 10 = 3.7451312684402835
0 33 11 = 10.62224359182288
0 33 12 = 3.736965349427362
0 33 13 = 10.618104114576733
0 33 14 = 3.7346739267023845
0 33 15 = 10.625143376645452
0 33 16 = 3.758576805952658
0 33 17 = 10.655454573334618
0 33 18 = 3.7373582266182552
0 33 19 = 10.579027728555067
0 33 20 = 3.756183625295322
0 33 21 = 10.623808248579014
0 33 22 = 3.704571286156034
0 33 23 = 10.624881073798019
0 33 24 = 3.724703628413422
0 33 25 = 10.57944232246975
0 33 26 = 3.714467464892196
0 33 27 = 10.608053101667593
0 34 0 = 3.714333020987455
0 34 1 = 10.667760237302549
0 34 2 = 3.75619642903327
0 34 3 = 10.642174646561521
0 34 4 = 3.7448492505274844
0 34 5 = 10.654188687211493
0 34 6 = 3.6902075076426
0 34 7 = 10.639334545438443
0 34 8 = 3.730363538947574
0 34 9 = 10.614122384745352
0 34 10 = 3.7482206193636274
0 34 11 = 10.579476108833417
0 34 12 = 3.7557823095625116
0 34 13 = 10.655529432178907
0 34 14 = 3.7099077105072626
0 34 15 = 10.575224288021282
0 34 16 = 3.7808114671373287
0 34 17 = 10.569399672237525
0 34 18 = 3.764457107334058
0 34 19 = 10.548020273353819
0 34 20 = 3.679503586464127
0 34 21 = 10.58908060111796
0 34 22 = 3.7616009289570402
0 34 23 = 10.5375996087386
0 34 24 = 3.7510790029676677
0 34 25 = 10.631046853260916
0 34 26 = 3.759994646792253
0 34 27 = 10.599529467336303
0 35 0 = 3.0525395369069757
0 35 1 = 7.591287040784961
0 35 2 = 3.0273007281701596
0 35 3 = 7.503370313869333
0 35 4 = 3.014005373181411
0 35 5 = 7.544168098847237
0 35 6 = 3.0503236643020104
0 35 7 = 7.569510790665123
0 35 8 = 3.00402878997958
0 35 9 = 7.553248131052501
0 35 10 = 3.031481020296925
0 35 11 = 7.50062257564977
0 35 12 = 3.019839717437787
0 35 13 = 7.4929828818129085
0 35 14 = 2.968664491952942
0 35 15 = 7.535386336797467
0 35 16 = 3.0255806567734753
0 35 17 = 7.627702588617362
0 35 18 = 3.0325036400450465
0 35 19 = 7.533796748025408
0 35 20 = 3.0331685526241765
0 35 21 = 7.531572940927478
0 35 22 = 3.0589762693001807
0 35 23 = 7.476882767195054
0 35 24 = 3.054222154323041
0 35 25 = 7.527619115545941
0 35 26 = 3.0683206034332033
0 35 27 = 7.617351521902102
0 36 0 = 2.9909321762360603
0 36 1 = 7.577641949906526
0 36 2 = 3.0180518216169934
0 36 3 = 7.563648190662771
0 36 4 = 3.0206499612961224
0 36 5 = 7.542866299492696
0 36 6 = 3.026886852876528
0 36 7 = 7.499340703988395
0 36 8 = 3.070007550081239
0 36 9 = 7.580989724552242
0 36 10 = 3.0791475948944473
0 36 11 = 7.579940238855256
0 36 12 = 2.98317154605082
0 36 13 = 7.482009321199348
0 36 14 = 2.998398199278545
0 36 15 = 7.507668403461757
0 36 16 = 3.001373600880934
0 36 17 = 7.524097621522741
0 36 18 = 3.0343824977429303
0 36 19 = 7.609933436429981
0 36 20 = 3.015320960553914
0 36 21 = 7.458081189512231
0 36 22 = 3.0154011302990344
0 36 23 = 7.508129313244761
0 36 24 = 3.078010722434536
0 36 25 = 7.568089138871311
0 36 26 = 3.058182523644408
0 36 27 = 7.531608293100134
0 37 0 = 3.0276965685217267
0 37 1 = 7.530282975232662
0 37 2 = 2.9815061293293135
0 37 3 = 7.5115888845034595
0 37 4 = 2.9708723196668
0 37 5 = 7.5570180290591855
0 37 6 = 2.984078090577189
0 37 7 = 7.54806795245983
0 37 8 = 3.053985188074162
0 37 9 = 7.555983801131101
0 37 10 = 3.043128149377215
0 37 11 = 7.5433483737498745
0 37 12 = 2.940173434412238
0 37 13 = 7.513449268298747
0 37 14 = 3.009019726082746
0 37 15 = 7.579727765394877
0 37 16 = 3.03836772252495
0 37 17 = 7.51492257552699
0 37 18 = 3.0036577646753133
0 37 19 = 7.508963634650409
0 37 20 = 2.944999679067587
0 37 21 = 7.575193586866026
0 37 22 = 3.002658295176941
0 37 23 = 7.583825878793029
0 37 24 = 2.9516871972225664
0 37 25 = 7.532170200821079
0 37 26 = 3.000737132912622
0 37 27 = 7.552395961727215
0 38 0 = 3.0326866032443993
0 38 1 = 7.543290631089909
0 38 2 = 3.0335905647893964
0 38 3 = 7.519684999039347
0 38 4 = 2.9704213802565698
0 38 5 = 7.528856190958905
0 38 6 = 3.0370433633074114
0 38 7 = 7.566598659689482
0 38 8 = 3.0399026986790076
0 38 9 = 7.5285549431859655
0 38 10 = 3.022094580647216
0 38 11 = 7.498464898121436
0 38 12 = 2.9897398722137516
0 38 13 = 7.562035543975045
0 38 14 = 2.984783373731981
0 38 15 = 7.534411972180644
0 38 16 = 3.0154352379064404
0 38 17 = 7.552252710677497
0 38 18 = 2.9637048674681594
0 38 19 = 7.588912911313561
0 38 20 = 3.0440160901877102
0 38 21 = 7.59874135341711
0 38 22 = 3.044107744947934
0 38 23 = 7.557914258513784
0 38 24 = 3.049512442458607
0 38 25 = 7.527118593604203
0 38 26 = 3.0149263957804977
0 38 27 = 7.54599583505847
0 39 0 = 3.066315442847602
0 39 1 = 7.523733675096185
0 39 2 = 3.0044431431730843
0 39 3 = 7.5314128325796625
0 39 4 = 3.030309562703878
0 39 5 = 7.5394266472680265
0 39 6 = 2.9918476745659053
0 39 7 = 7.503306658660536
0 39 8 = 2.978653639675533
0 39 9 = 7.514423867905575
0 39 10 = 3.0361114609696993
0 39 11 = 7.542042965422782
0 39 12 = 2.9400566160858936
0 39 13 = 7.596770430345157
0 39 14 = 2.963764410599115
0 39 15 = 7.5387087785248434
0 39 16 = 3.0352932137246182
0 39 17 = 7.595509113669882
0 39 18 = 2.9735820075034476
0 39 19 = 7.545889504771649
0 39 20 = 2.9761580054264214
0 39 21 = 7.534129139837733
0 39 22 = 2.9474985820244175
0 39 23 = 7.511953422765548
0 39 24 = 3.0788114989646007
0 39 25 = 7.5329192289091464
0 39 26 = 2.969448997152261
0 39 27 = 7.53357768727166
0 40 0 = 3.7020946840705253
0 40 1 = 10.57902952155241
0 40 2 = 3.72563913282284
0 40 3 = 10.594593509432382
0 40 4 = 3.7068843509310625
0 40 5 = 10.614935137462087
0 40 6 = 3.7200015365232324
0 40 7 = 10.569332623454464
0 40 8 = 3.7825741081037916
0 40 9 = 10.65472754624647
0 40 10 = 3.7356774460485793
0 40 11 = 10.60963820820369
0 40 12 = 3.71552637634941
0 40 13 = 10.54401474348241
0 40 14 = 3.6945620699730006
0 40 15 = 10.610702199507697
0 40 16 = 3.718551118958542
0 40 17 = 10.698730581839024
0 40 18 = 3.7237582818338626
0 40 19 = 10.632016178281633
0 40 20 = 3.6855963688590685
0 40 21 = 10.581514561066909
0 40 22 = 3.7581128564912096
0 40 23 = 10.630833999220991
0 40 24 = 3.7645304130585884
0 40 25 = 10.593210153857692
0 40 26 = 3.7159019799432
0 40 27 = 10.613768824703797
0 41 0 = 3.725857240850524
0 41 1 = 10.594765951182085
0 41 2 = 3.741785063878516
0 41 3 = 10.58641317832186
0 41 4 = 3.784363124724457
0 41 5 = 10.661919190841836
0 41 6 = 3.7242391079306283
0 41 7 = 10.603365346982798
0 41 8 = 3.7686486884684975
0 41 9 = 10.620666521966662
0 41 10 = 3.7627235251841933
0 41 11 = 10.647019229345391
0 41 12 = 3.758475526758831
0 41 13 = 10.618019458994745
0 41 14 = 3.7431146786783107
0 41 15 = 10.538322909080922
0 41 16 = 3.735947439020526
0 41 17 = 10.662583429899954
0 41 18 = 3.6911449855935867
0 41 19 = 10.667697563821097
0 41 20 = 3.710537690049611
0 41 21 = 10.550353276455457
0 41 22 = 3.770782264979109
0 41 23 = 10.643009751951373
0 41 24 = 3.7760619422376913
0 41 25 = 10.619617552803295
0 41 26 = 3.714981812215958
0 41 27 = 10.605173214726634
0 42 0 = 3.7637206562413623
0 42 1 = 10.591628769180597
0 42 2 = 3.743198359735071
0 42 3 = 10.544142267804606
0 42 4 = 3.7770774982545827
0 42 5 = 10.624379998375295
0 42 6 = 3.78544541838445
0 42 7 = 10.589027234503712
0 42 8 = 3.7536319107240304
0 42 9 = 10.606386121842135
0 42 10 = 3.7692509192579964
0 42 11 = 10.483028149036958
0 42 12 = 3.7364229397169377
0 42 13 = 10.599358756691348
0 42 14 = 3.746716361607648
0 42 15 = 10.613090623442048
0 42 16 = 3.808797906154081
0 42 17 = 10.62363898062722
0 42 18 = 3.7792059337840724
0 42 19 = 10.57804445758592
0 42 20 = 3.793305949291295
0 42 21 = 10.596215334127287
0 42 22 = 3.783101610552547
0 42 23 = 10.559088043984163
0 42 24 = 3.7963555694056925
0 42 25 = 10.592602589689644
0 42 26 = 3.7405444499128593
0 42 27 = 10.58572544364232
0 43 0 = 3.810318772806242
0 43 1 = 10.633943149918382
0 43 2 = 3.7546880213639837
0 43 3 = 10.605510298030556
0 43 4 = 3.753427655613873
0 43 5 = 10.633746742702069
0 43 6 = 3.8020928952158535
0 43 7 = 10.59324359238477
0 43 8 = 3.7905061575569134
0 43 9 = 10.639574759000146
0 43 10 = 3.7880777741750062
0 43 11 = 10.56419586972535
0 43 12 = 3.749145506423961
0 43 13 = 10.611958253822408
0 43 14 = 3.7104884440008914
0 43 15 = 10.54265356330095
0 43 16 = 3.7621254143858787
0 43 17 = 10.667628771604985
0 43 18 = 3.759770004041993
0 43 19 = 10.619225661748091
0 43 20 = 3.7406514369381227
0 43 21 = 10.546794339569553
0 43 22 = 3.750788275313772
0 43 23 = 10.568682494407435
0 43 24 = 3.768432730207646
0 43 25 = 10.580432607054883
0 43 26 = 3.7396208334360383
0 43 27 = 10.595932541327354
0 44 0 = 3.790214625023287
0 44 1 = 10.58903343541024
0 44 2 = 3.714408541332488
0 44 3 = 10.618112161404802
0 44 4 = 3.7513714291618814
0 44 5 = 10.598911693607405
0 44 6 = 3.7409195834764173
0 44 7 = 10.561809356430118
0 44 8 = 3.706666759631567
0 44 9 = 10.54928958861674
0 44 10 = 3.784973997951784
0 44 11 = 10.56721239570164
0 44 12 = 3.7841983344886603
0 44 13 = 10.574267492172906
0 44 14 = 3.7567528113382895
0 44 15 = 10.532719346154659
0 44 16 = 3.8083008053815774
0 44 17 = 10.518363074618541
0 44 18 = 3.753629194238102
0 44 19 = 10.567293725371595
0 44 20 = 3.8243669576488717
0 44 21 = 10.532894072028057
0 44 22 = 3.743599703675525
0 44 23 = 10.491652157311266
0 44 24 = 3.700456686803316
0 44 25 = 10.585529002211016
0 44 26 = 3.7561622175949214
0 44 27 = 10.584209840700348
0 45 0 = 2.975538802142674
0 45 1 = 7.531639488488754
0 45 2 = 3.001912748532526
0 45 3 = 7.55641432988061
0 45 4 = 3.004839645890422
0 45 5 = 7.534655491156813
0 45 6 = 3.0050160966548467
0 45 7 = 7.512721341827843
0 45 8 = 2.9569397548015783
0 45 9 = 7.525196486404717
0 45 10 = 3.0652145114725764
0 45 11 = 7.507706401507785
0 45 12 = 3.0215916970436885
0 45 13 = 7.561655554868081
0 45 14 = 2.991947811533584
0 45 15 = 7.477049274882691
0 45 16 = 2.978751876404132
0 45 17 = 7.578749915820919
0 45 18 = 2.9958492592597183
0 45 19 = 7.5147335117186564
0 45 20 = 2.966176999986111
0 45 21 = 7.489872391621868
0 45 22 = 3.0581350757491776
0 45 23 = 7.527642824297643
0 45 24 = 2.9962897902586674
0 45 25 = 7.517817762949009
0 45 26 = 2.9778951161444334
0 45 27 = 7.5350638800431895
0 46 0 = 2.980590508068134
0 46 1 = 7.574769763783376
0 46 2 = 3.0129640337665764
0 46 3 = 7.4895499255597215
0 46 4 = 2.9444711064363185
0 46 5 = 7.526701053703546
0 46 6 = 3.033033279083351
0 46 7 = 7.538848657094874
0 46 8 = 2.9944392363447605
0 46 9 = 7.533319704721978
0 46 10 = 3.0417626487921123
0 46 11 = 7.557535556978569
0 46 12 = 2.9903461678256424
0 46 13 = 7.590534416427713
0 46 14 = 3.041661023819899
0 46 15 = 7.505477345873527
0 46 16 = 2.9780249640266523
0 46 17 = 7.456770088959374
0 46 18 = 3.0006470750038403
0 46 19 = 7.555401440343708
0 46 20 = 2.964166945157459
0 46 21 = 7.522044293392073
0 46 22 = 3.023838649060325
0 46 23 = 7.531068218404379
0 46 24 = 3.037391844700401
0 46 25 = 7.575143622589312
0 46 26 = 2.9925953904672737
0 46 27 = 7.448823102016582
0 47 0 = 2.9708672543346792
0 47 1 = 7.5282475442474075
0 47 2 = 2.947955878990525
0 47 3 = 7.555552114951769
0 47 4 = 2.933301310108237
0 47 5 = 7.485084370568324
0 47 6 = 2.9989880797160153
0 47 7 = 7.501514902739863
0 47 8 = 2.988285960253372
0 47 9 = 7.529185899645701
0 47 10 = 3.0373841770698133
0 47 11 = 7.533383766686015
0 47 12 = 3.028025612392365
0 47 13 = 7.611763602088772
0 47 14 = 2.9872785819118213
0 47 15 = 7.557617736142507
0 47 16 = 3.006840200563846
0 47 17 = 7.539497305317645
0 47 18 = 3.031435012629505
0 47 19 = 7.521278582963987
0 47 20 = 3.003928456980644
0 47 21 = 7.5517846540829225
0 47 22 = 2.9456457716348936
0 47 23 = 7.58873323842977
0 47 24 = 3.014549773581671
0 47 25 = 7.519865575681697
0 47 26 = 3.005394986142178
0 47 27 = 7.493856312814031
0 48 0 = 2.9814519723448685
0 48 1 = 7.535744705892073
0 48 2 = 2.945397304014335
0 48 3 = 7.484486486443155
0 48 4 = 2.9933288464718872
0 48 5 = 7.560281053999164
0 48 6 = 2.999348443084928
0 48 7 = 7.465301599504148
0 48 8 = 2.962760835017878
0 48 9 = 7.593140824446761
0 48 10 = 2.978221395602813
0 48 11 = 7.548927481082774
0 48 12 = 3.036494630780959
0 48 13 = 7.50986687226352
0 48 14 = 2.967768570817089
0 48 15 = 7.495149562710654
0 48 16 = 3.0251423758229654
0 48 17 = 7.532468491844399
0 48 18 = 3.082504525231028
0 48 19 = 7.499704711697286
0 48 20 = 2.9706501631193563
0 48 21 = 7.505067876907532
0 48 22 = 3.0215246370073885
0 48 23 = 7.5748684048989485
0 48 24 = 3.0126094577196785
0 48 25 = 7.554715214524535
0 48 26 = 2.9495934316939443
0 48 27 = 7.55913262312935
0 49 0 = 2.973593392901152
0 49 1 = 7.498648026549976
0 49 2 = 2.998238051875652
0 49 3 = 7.503029541751453
0 49 4 = 3.018927376714629
0 49 5 = 7.511370953696929
0 49 6 = 2.9938265292470527
0 49 7 = 7.525402667101149
0 49 8 = 2.971631266828953
0 49 9 = 7.5392390856594025
0 49 10 = 2.997964986398308
0 49 11 = 7.4819049312091535
0 49 12 = 2.962665431920647
0 49 13 = 7.502143260127388
0 49 14 = 3.013424324899401
0 49 15 = 7.434277081528007
0 49 16 = 3.0297750788956836
0 49 17 = 7.502084791428854
0 49 18 = 2.9329119061265914
0 49 19 = 7.519908464848155
0 49 20 = 3.0732377811718616
0 49 21 = 7.531419532054007
0 49 22 = 2.996840437330237
0 49 23 = 7.533395647046925
0 49 24 = 3.00600129171875
0 49 25 = 7.541596177816006
0 49 26 = 2.9586887076931623
0 49 27 = 7.498513722541607
0 50 0 = 2.9713073935072996
0 50 1 = 7.50009996917834
0 50 2 = 3.0051271515845257
0 50 3 = 7.575866972448518
0 50 4 = 2.9977458050561747
0 50 5 = 7.589499336524349
0 50 6 = 2.9652223164719365
0 50 7 = 7.4893115484123145
0 50 8 = 3.0178299308846173
0 50 9 = 7.565402737568283
0 50 10 = 3.016356679544496
0 50 11 = 7.527936511774014
0 50 12 = 2.94657743991758
0 50 13 = 7.551568369455035
0 50 14 = 2.9327394858117395
0 50 15 = 7.609874536065001
0 50 16 = 2.960616363781012
0 50 17 = 7.5676414768529385
0 50 18 = 2.933252711459204
0 50 19 = 7.550652126103209
0 50 20 = 2.9616103314716518
0 50 21 = 7.507524802066557
0 50 22 = 3.0085017715026114
0 50 23 = 7.561053111685595
0 50 24 = 3.0396845411495654
0 50 25 = 7.5665464748881766
0 50 26 = 3.0431420543201813
0 50 27 = 7.53907547385922
0 51 0 = 2.95775283772095
0 51 1 = 7.624707950407345
0 51 2 = 2.983011719889172
0 51 3 = 7.588574336997018
0 51 4 = 3.019529560675416
0 51 5 = 7.594907483125731
0 51 6 = 3.010170432606336
0 51 7 = 7.5682950693700475
0 51 8 = 3.030540211263635
0 51 9 = 7.64211386698943
0 51 10 = 2.9688704422602648
0 51 11 = 7.590832637399798
0 51 12 = 2.982855796412204
0 51 13 = 7.677444686914077
0 51 14 = 2.9934441643083938
0 51 15 = 7.631455024800454
0 51 16 = 2.9297502942545943
0 51 17 = 7.582639867700327
0 51 18 = 2.975358884019412
0 51 19 = 7.633794877365504
0 51 20 = 3.0436417971825445
0 51 21 = 7.59342717055495
0 51 22 = 2.9617579117261585
0 51 23 = 7.594503957489039
0 51 24 = 3.0086281350334048
0 51 25 = 7.612888275771289
0 51 26 = 3.0262502047848723
0 51 27 = 7.6211672511062805
0 52 0 = 2.9648366822494143
0 52 1 = 7.5645282942277845
0 52 2 = 2.9591477299199718
0 52 3 = 7.615946754701299
0 52 4 = 2.9489937571203226
0 52 5 = 7.506089590000645
0 52 6 = 2.9890320708346203
0 52 7 = 7.605447333258771
0 52 8 = 3.0043563801309974
0 52 9 = 7.662576699433978
0 52 10 = 3.0206311102248367
0 52 11 = 7.615622398225039
0 52 12 = 2.970368696712254
0 52 13 = 7.608495153759574
0 52 14 = 2.9605977375491004
0 52 15 = 7.547447656275552
0 52 16 = 3.0310288205516778
0 52 17 = 7.545808290258303
0 52 18 = 2.962604488973944
0 52 19 = 7.613614811890645
0 52 20 = 3.025388774163807
0 52 21 = 7.591109012973312
0 52 22 = 2.980579551873597
0 52 23 = 7.622349938623015
0 52 24 = 3.0350100607139403
0 52 25 = 7.604719387346133
0 52 26 = 3.0176761586606085
0 52 27 = 7.556889173175059
0 53 0 = 3.0223270280285495
0 53 1 = 7.584459668974522
0 53 2 = 3.0098348998938893
0 53 3 = 7.5367941800822225
0 53 4 = 2.986832085102338
0 53 5 = 7.547554827369251
0 53 6 = 2.9573972949183456
0 53 7 = 7.533781374712223
0 53 8 = 2.952039723303291
0 53 9 = 7.585295586149959
0 53 10 = 2.987517576096195
0 53 11 = 7.549868763038726
0 53 12 = 2.951188555927027
0 53 13 = 7.508000490096058
0 53 14 = 3.041466964565951
0 53 15 = 7.549023385969208
0 53 16 = 2.9609962912855448
0 53 17 = 7.508624525717085
0 53 18 = 2.9436799206190827
0 53 19 = 7.5632549708753976
0 53 20 = 2.9551251393428064
0 53 21 = 7.634138044603111
0 53 22 = 2.96527087065001
0 53 23 = 7.6578769444888914
0 53 24 = 2.9811480497837297
0 53 25 = 7.579885280381035
0 53 26 = 2.9678266768409
0 53 27 = 7.556906869039071
0 54 0 = 3.0281724654712896
0 54 1 = 7.63599381684389
0 54 2 = 3.0436448594249637
0 54 3 = 7.537635054724969
0 54 4 = 2.9733400555251137
0 54 5 = 7.52839613774013
0 54 6 = 2.984377695074844
0 54 7 = 7.539489347417679
0 54 8 = 2.9698331816488404
0 54 9 = 7.590425546187514
0 54 10 = 3.0208973207780394
0 54 11 = 7.591979521702669
0 54 12 = 2.955434948116816
0 54 13 = 7.534012730693345
0 54 14 = 2.982202656324421
0 54 15 = 7.577544230588781
0 54 16 = 2.943790779571194
0 54 17 = 7.616633417938879
0 54 18 = 2.9900715738623327
0 54 19 = 7.564213466802771
0 54 20 = 2.9951115561485997
0 54 21 = 7.574244843217822
0 54 22 = 3.0408300500613885
0 54 23 = 7.552684340453891
0 54 24 = 2.9772974753037316
0 54 25 = 7.542560527572138
0 54 26 = 2.9870344602057575
0 54 27 = 7.663297997054274
0 55 0 = 3.7376746801512692
0 55 1 = 10.51553153697649
0 55 2 = 3.7291462620913634
0 55 3 = 10.5300645337531
0 55 4 = 3.7098224079236317
0 55 5 = 10.488925784330062
0 55 6 = 3.7700663100412415
0 55 7 = 10.591773069777123
0 55 8 = 3.737994157312229
0 55 9 = 10.582728678118198
0 55 10 = 3.7029822059385555
0 55 11 = 10.58510450277272
0 55 12 = 3.681527925235566
0 55 13 = 10.536190943819744
0 55 14 = 3.737410324251068
0 55 15 = 10.533145987566131
0 55 16 = 3.773225574193877
0 55 17 = 10.588499537608534
0 55 18 = 3.7577566032477407
0 55 19 = 10.550200406212673
0 55 20 = 3.774562738614586
0 55 21 = 10.50229111082537
0 55 22 = 3.7815372730976393
0 55 23 = 10.522192995759243
0 55 24 = 3.7331951957952256
0 55 25 = 10.505445513174786
0 55 26 = 3.758510992264451
0 55 27 = 10.551077412566746
0 56 0 = 3.7393434791229683
0 56 1 = 10.52233373269154
0 56 2 = 3.6675626013316545
0 56 3 = 10.577951271177321
0 56 4 = 3.70728417503591
0 56 5 = 10.554219268137924
0 56 6 = 3.7744830067812725
0 56 7 = 10.479693404685458
0 56 8 = 3.7914485624939145
0 56 9 = 10.507065922575832
0 56 10 = 3.753740460913358
0 56 11 = 10.540304704634615
0 56 12 = 3.762397320889617
0 56 13 = 10.550059367462232
0 56 14 = 3.7420317266207315
0 56 15 = 10.519107150466054
0 56 16 = 3.756644600006221
0 56 17 = 10.541346992624385
0 56 18 = 3.696586261836158
0 56 19 = 10.570183346536806
0 56 20 = 3.7695303511982146
0 56 21 = 10.5525942228741
0 56 22 = 3.7630873985913706
0 56 23 = 10.525637662294153
0 56 24 = 3.669967752122654
0 56 25 = 10.492002444669165
0 56 26 = 3.739946291272054
0 56 27 = 10.561237855609068
0 57 0 = 3.7240295440497424
0 57 1 = 10.600178759264828
0 57 2 = 3.7964262348018525
0 57 3 = 10.496780488293805
0 57 4 = 3.7965394209965977
0 57 5 = 10.545198556271163
0 57 6 = 3.7437816416349974
0 57 7 = 10.518461613592695
0 57 8 = 3.7539727030290098
0 57 9 = 10.522983231486409
0 57 10 = 3.6868335597476647
0 57 11 = 10.554163956515596
0 57 12 = 3.7837558264698647
0 57 13 = 10.564141662467595
0 57 14 = 3.758202986901461
0 57 15 = 10.50433939114999
0 57 16 = 3.656226406580244
0 57 17 = 10.587869243447782
0 57 18 = 3.728853934300293
0 57 19 = 10.561595938919385
0 57 20 = 3.7418367185175834
0 57 21 = 10.574702191483844
0 57 22 = 3.7942681873442883
0 57 23 = 10.547126892389944
0 57 24 = 3.7881482560434185
0 57 25 = 10.583640446262406
0 57 26 = 3.7454563307274493
0 57 27 = 10.519898400069309
0 58 0 = 3.7622514238511306
0 58 1 = 10.516249798183178
0 58 2 = 3.7484402032404227
0 58 3 = 10.544608423679048
0 58 4 = 3.7746378592970125
0 58 5 = 10.503866038506045
0 58 6 = 3.843123995555366
0 58 7 = 10.474799696326846
0 58 8 = 3.799856747125523
0 58 9 = 10.559004124008426
0 58 10 = 3.74773950122634
0 58 11 = 10.481463500560531
0 58 12 = 3.741106812328606
0 58 13 = 10.533042889657965
0 58 14 = 3.7286871788803624
0 58 15 = 10.517033004212701
0 58 16 = 3.760511404824275
0 58 17 = 10.553719207123471
0 58 18 = 3.7951513491241466
0 58 19 = 10.556221156285229
0 58 20 = 3.7567545634290846
0 58 21 = 10.479171037405473
0 58 22 = 3.7721875166472763
0 58 23 = 10.520514019413916
0 58 24 = 3.738743529713817
0 58 25 = 10.520609799184884
0 58 26 = 3.7361482882490176
0 58 27 = 10.517424032431016
0 59 0 = 3.7366068005509163
0 59 1 = 10.491653203013874
0 59 2 = 3.7524979964970244
0 59 3 = 10.474463124862707
0 59 4 = 3.7709210849988097
0 59 5 = 10.469457384881276
0 59 6 = 3.7537839007286453
0 59 7 = 10.5389048068538
0 59 8 = 3.7120891834463454
0 59 9 = 10.523299143116544
0 59 10 = 3.757220602930714
0 59 11 = 10.48053344080947
0 59 12 = 3.662620724681284
0 59 13 = 10.521562338588161
0 59 14 = 3.71888801436704
0 59 15 = 10.474713886757268
0 59 16 = 3.707114424509526
0 59 17 = 10.521494970000305
0 59 18 = 3.806808297667036
0 59 19 = 10.554725753988778
0 59 20 = 3.814721446474705
0 59 21 = 10.536774863555653
0 59 22 = 3.8408276363095863
0 59 23 = 10.492758060411928
0 59 24 = 3.747344223441513
0 59 25 = 10.468639210844112
0 59 26 = 3.790978246315585
0 59 27 = 10.471808099429015
0 60 0 = 2.999099238293087
0 60 1 = 7.63369350189143
0 60 2 = 2.998456445068503
0 60 3 = 7.633255608077554
0 60 4 = 2.9499978861146383
0 60 5 = 7.589035037644515
0 60 6 = 2.9811738537671153
0 60 7 = 7.563706301741592
0 60 8 = 2.9335059660194216
0 60 9 = 7.591647973112532
0 60 10 = 3.0408922585973728
0 60 11 = 7.561291068227491
0 60 12 = 2.9642626431050445
0 60 13 = 7.540313461693089
0 60 14 = 2.9874466943570948
0 60 15 = 7.6134551904027905
0 60 16 = 2.9617118237163305
0 60 17 = 7.53701743530692
0 60 18 = 3.0072877278461627
0 60 19 = 7.625780081466159
0 60 20 = 2.9440423794985158
0 60 21 = 7.603554862025026
0 60 22 = 3.06221733474394
0 60 23 = 7.6037755796583
0 60 24 = 2.987531221384794
0 60 25 = 7.672561093878469
0 60 26 = 2.9691856650373425
0 60 27 = 7.594817853125809
0 61 0 = 3.0014196353988916
0 61 1 = 7.569228720300525
0 61 2 = 2.9773815231534266
0 61 3 = 7.626502762366809
0 61 4 = 2.9837327127481386
0 61 5 = 7.707264802349829
0 61 6 = 2.9624253780074516
0 61 7 = 7.650060458507449
0 61 8 = 3.0033667663602523
0 61 9 = 7.641699480404159
0 61 10 = 2.9831048847893347
0 61 11 = 7.6512546751827655
0 61 12 = 2.975281950673286
0 61 13 = 7.649769339759612
0 61 14 = 2.987605609903388
0 61 15 = 7.617664389132969
0 61 16 = 2.9977807542829193
0 61 17 = 7.585599970669533
0 61 18 = 3.0459467451634494
0 61 19 = 7.646484009460324
0 61 20 = 3.0194117686581228
0 61 21 = 7.601675335314081
0 61 22 = 2.9385651700286095
0 61 23 = 7.611820354371804
0 61 24 = 3.012957165283201
0 61 25 = 7.624576732786346
0 61 26 = 2.9898726304391214
0 61 27 = 7.578850546911828
0 62 0 = 3.002978235504467
0 62 1 = 7.647858776347943
0 62 2 = 3.0803744547697867
0 62 3 = 7.6038450143270815
0 62 4 = 2.9541701057036835
0 62 5 = 7.577215948967435
0 62 6 = 3.077064460332602
0 62 7 = 7.623310189681353
0 62 8 = 2.9883687799250334
0 62 9 = 7.620900975912555
0 62 10 = 3.0577471741992572
0 62 11 = 7.679630486963313
0 62 12 = 2.988175286659935
0 62 13 = 7.628746337941999
0 62 14 = 3.029910148072001
0 62 15 = 7.586679809653415
0 62 16 = 2.974523979432168
0 62 17 = 7.628668076103901
0 62 18 = 3.0055609007243613
0 62 19 = 7.640042734760209
0 62 20 = 3.0552525875448366
0 62 21 = 7.617664374870671
0 62 22 = 3.025171493082875
0 62 23 = 7.609807806874124
0 62 24 = 3.0516739198374916
0 62 25 = 7.605116946558349
0 62 26 = 2.967683712883411
0 62 27 = 7.571219497972398
0 63 0 = 3.010999843132112
0 63 1 = 7.601344279683418
0 63 2 = 3.017362093538043
0 63 3 = 7.626363525879957
0 63 4 = 2.962161346477417
0 63 5 = 7.6212807916474326
0 63 6 = 2.9821655679101893
0 63 7 = 7.63662178537679
0 63 8 = 3.016746014546938
0 63 9 = 7.619082732722782
0 63 10 = 2.916345005841712
0 63 11 = 7.644500081239434
0 63 12 = 2.984314768532026
0 63 13 = 7.606736288282261
0 63 14 = 3.0241054763614184
0 63 15 = 7.583437339096386
0 63 16 = 2.9992828325820224
0 63 17 = 7.557022582705722
0 63 18 = 3.0088508887966285
0 63 19 = 7.594173180385336
0 63 20 = 2.989460168804879
0 63 21 = 7.617172140584634
0 63 22 = 2.989973425907039
0 63 23 = 7.56980959978845
0 63 24 = 2.98290484171864
0 63 25 = 7.618766190496167
0 63 26 = 3.006058203883993
0 63 27 = 7.599353021427287
0 64 0 = 2.9842595471778295
0 64 1 = 7.607389644227818
0 64 2 = 2.9326977323372274
0 64 3 = 7.553979269573819
0 64 4 = 3.0219472014145508
0 64 5 = 7.520928708946467
0 64 6 = 2.9617779261029615
0 64 7 = 7.5686588532922014
0 64 8 = 3.0038310710713323
0 64 9 = 7.656963809687648
0 64 10 = 3.048139433974042
0 64 11 = 7.574880620516561
0 64 12 = 3.039971113774939
0 64 13 = 7.5240067578680305
0 64 14 = 3.0384867043783172
0 64 15 = 7.6915700807029985
0 64 16 = 2.965204709913656
0 64 17 = 7.5739371291781
0 64 18 = 3.0165428688757316
0 64 19 = 7.5828106541586715
0 64 20 = 3.0127001503541173
0 64 21 = 7.588955302656039
0 64 22 = 3.0345903119696653
0 64 23 = 7.563389823653439
0 64 24 = 3.0511740007995267
0 64 25 = 7.604556919258693
0 64 26 = 2.923853922869031
0 64 27 = 7.571663993066661
0 65 0 = 3.7302455807686576
0 65 1 = 10.519211699773368
0 65 2 = 3.7144985148955216
0 65 3 = 10.553140141359451
0 65 4 = 3.7136695408258054
0 65 5 = 10.624017459454196
0 65 6 = 3.7746224258854455
0 65 7 = 10.577123751011554
0 65 8 = 3.730573338226978
0 65 9 = 10.56407899169834
0 65 10 = 3.731121995915746
0 65 11 = 10.610210361456414
0 65 12 = 3.7483625534990983
0 65 13 = 10.584777033740481
0 65 14 = 3.713269611581764
0 65 15 = 10.482713725468223
0 65 16 = 3.7849683139346832
0 65 17 = 10.56330030153733
0 65 18 = 3.6860615094442317
0 65 19 = 10.61232928549611
0 65 20 = 3.741976254719205
0 65 21 = 10.586880935975712
0 65 22 = 3.845338009764557
0 65 23 = 10.530403884283777
0 65 24 = 3.7427292494225313
0 65 25 = 10.618593154446499
0 65 26 = 3.7544112955261872
0 65 27 = 10.536108266297237
0 66 0 = 3.73124211931993
0 66 1 = 10.528351668383209
0 66 2 = 3.753951601170572
0 66 3 = 10.533296682460783
0 66 4 = 3.67254048946796
0 66 5 = 10.546579159097362
0 66 6 = 3.7631086059858077
0 66 7 = 10.533177968328905
0 66 8 = 3.776649237033673
0 66 9 = 10.452411225965857
0 66 10 = 3.7271018612923603
0 66 11 = 10.505540695286134
0 66 12 = 3.742320923824288
0 66 13 = 10.542316504153103
0 66 14 = 3.793924144511005
0 66 15 = 10.557264475195081
0 66 16 = 3.791151750480497
0 66 17 = 10.542557442514456
0 66 18 = 3.7388900572735086
0 66 19 = 10.526147035576741
0 66 20 = 3.705873147780838
0 66 21 = 10.570266141977513
0 66 22 = 3.789091521053796
0 66 23 = 10.537558898112666
0 66 24 = 3.730974212494745
0 66 25 = 10.499816470293938
0 66 26 = 3.711578846234896
0 66 27 = 10.56163371123076
0 67 0 = 3.6925012124134966
0 67 1 = 10.585130505597018
0 67 2 = 3.679740888764212
0 67 3 = 10.485958042554579
0 67 4 = 3.7589278762853398
0 67 5 = 10.522121577700993
0 67 6 = 3.759467630962203
0 67 7 = 10.514431153731627
0 67 8 = 3.7138413935854206
0 67 9 = 10.514855128309897
0 67 10 = 3.732464988956228
0 67 11 = 10.530418812745989
0 67 12 = 3.7542465592786116
0 67 13 = 10.55144160882907
0 67 14 = 3.7625855575465565
0 67 15 = 10.512511780445594
0 67 16 = 3.73434122997193
0 67 17 = 10.542389308024049
0 67 18 = 3.73579852748253
0 67 19 = 10.534039882311227
0 67 20 = 3.753210480259133
0 67 21 = 10.579048631981259
0 67 22 = 3.744082075667384
0 67 23 = 10.524672923255784
0 67 24 = 3.6800868129563424
0 67 25 = 10.486581496600696
0 67 26 = 3.72679386486334
0 67 27 = 10.540362146696674
0 68 0 = 3.7364851337148117
0 68 1 = 10.516351110453824
0 68 2 = 3.71533520707784
0 68 3 = 10.51036092240962
0 68 4 = 3.7621537004514125
0 68 5 = 10.534826759838637
0 68 6 = 3.727896102750174
0 68 7 = 10.515234954429632
0 68 8 = 3.7978910325983706
0 68 9 = 10.51770178112111
0 68 10 = 3.80651659492734
0 68 11 = 10.555989635264533
0 68 12 = 3.7522039406140215
0 68 13 = 10.560182961872611
0 68 14 = 3.7260445061874385
0 68 15 = 10.523199259123245
0 68 16 = 3.738671994411999
0 68 17 = 10.505382960597649
0 68 18 = 3.7550041371751584
0 68 19 = 10.563120599207029
0 68 20 = 3.8206323518340928
0 68 21 = 10.535258095739563
0 68 22 = 3.793414962911537
0 68 23 = 10.532303876122944
0 68 24 = 3.7630909764189897
0 68 25 = 10.47127438096263
0 68 26 = 3.7630637450221487
0 68 27 = 10.548695598569456
0 69 0 = 3.735026694846458
0 69 1 = 10.578804811216378
0 69 2 = 3.796191568119732
0 69 3 = 10.58743865836514
0 69 4 = 3.7556794491652004
0 69 5 = 10.557054709710636
0 69 6 = 3.7450464557041427
0 69 7 = 10.543364396505412
0 69 8 = 3.7998092680854554
0 69 9 = 10.52683849569506
0 69 10 = 3.7785571055376597
0 69 11 = 10.517645605545237
0 69 12 = 3.826672665302857
0 69 13 = 10.502258239083798
0 69 14 = 3.755639547149385
0 69 15 = 10.532444255235529
0 69 16 = 3.788670160606188
0 69 17 = 10.525090176213833
0 69 18 = 3.694966523684583
0 69 19 = 10.55906147801444
0 69 20 = 3.775624603348966
0 69 21 = 10.500386180137694
0 69 22 = 3.7455733673998095
0 69 23 = 10.48303750327475
0 69 24 = 3.7732138589501645
0 69 25 = 10.54397833730284
0 69 26 = 3.7677087558755464
0 69 27 = 10.54414837653955
0 70 0 = 2.9648182855401206
0 70 1 = 7.617773461063314
0 70 2 = 3.020217957087243
0 70 3 = 7.56811093656869
0 70 4 = 2.9975010351481965
0 70 5 = 7.666955517151427
0 70 6 = 3.0300040247447138
0 70 7 = 7.494959052562031
0 70 8 = 3.043606279577667
0 70 9 = 7.610479644819575
0 70 10 = 3.0184362052638987
0 70 11 = 7.6009115352486765
0 70 12 = 2.9887736412161057
0 70 13 = 7.618406084609934
0 70 14 = 3.0260477017231566
0 70 15 = 7.615283660844781
0 70 16 = 2.993942966261855
0 70 17 = 7.60979675622637
0 70 18 = 2.94205573433153
0 70 19 = 7.590352663697072
0 70 20 = 3.0230575609275365
0 70 21 = 7.5615344148457675
0 70 22 = 3.0314658876481007
0 70 23 = 7.57703135559988
0 70 24 = 2.9955219016023023
0 70 25 = 7.663089870039407
0 70 26 = 2.963726867043447
0 70 27 = 7.591562603793292
0 71 0 = 3.0370712250870273
0 71 1 = 7.653052661304695
0 71 2 = 3.0131611943854373
0 71 3 = 7.617910853738348
0 71 4 = 3.01012434303772
0 71 5 = 7.651734421407688
0 71 6 = 3.0276092617935824
0 71 7 = 7.6027377226312565
0 71 8 = 2.9623389169798826
0 71 9 = 7.663353112223072
0 71 10 = 3.046083715312695
0 71 11 = 7.621251411245117
0 71 12 = 2.9867682962632007
0 71 13 = 7.6423974923574205
0 71 14 = 2.949256091846952
0 71 15 = 7.626425899604049
0 71 16 = 3.032562059109836
0 71 17 = 7.555405091371007
0 71 18 = 2.9988568377417955
0 71 19 = 7.682121939310807
0 71 20 = 2.986731864939715
0 71 21 = 7.610039642374271
0 71 22 = 3.057741855659203
0 71 23 = 7.62895525183991
0 71 24 = 3.004115471821521
0 71 25 = 7.612514659010304
0 71 26 = 3.0149248683626224
0 71 27 = 7.6835832091992735
0 72 0 = 2.9355735643359377
0 72 1 = 7.592032069715656
0 72 2 = 2.9793323776723146
0 72 3 = 7.640120867305718
0 72 4 = 3.0096922038833314
0 72 5 = 7.58829444224593
0 72 6 = 3.0042022197122624
0 72 7 = 7.624563699739434
0 72 8 = 2.9939939733542094
0 72 9 = 7.62812371260849
0 72 10 = 3.0187374021790165
0 72 11 = 7.626018755504496
0 72 12 = 2.961007699788919
0 72 13 = 7.595396531939736
0 72 14 = 2.9890920478449945
0 72 15 = 7.617395939227233
0 72 16 = 3.0137768397704927
0 72 17 = 7.642188847953046
0 72 18 = 2.9922372573907965
0 72 19 = 7.646290560577634
0 72 20 = 2.992049627669736
0 72 21 = 7.595759300380245
0 72 22 = 2.9881064041799603
0 72 23 = 7.629138972233281
0 72 24 = 3.016559982305889
0 72 25 = 7.713957370776445
0 72 26 = 3.0248524600009783
0 72 27 = 7.59046449535666
0 73 0 = 3.0085796855107363
0 73 1 = 7.636436478226209
0 73 2 = 2.959524811384943
0 73 3 = 7.692118813855461
0 73 4 = 3.001694739099274
0 73 5 = 7.662027610514237
0 73 6 = 3.0110649793392565
0 73 7 = 7.644790646821625
0 73 8 = 3.002319830246001
0 73 9 = 7.654307828850951
0 73 10 = 2.9176084734299006
0 73 11 = 7.626705499519859
0 73 12 = 3.009647422593572
0 73 13 = 7.611765954268308
0 73 14 = 2.988642572684471
0 73 15 = 7.6691424652875515
0 73 16 = 3.039111828923631
0 73 17 = 7.683989889654539
0 73 18 = 2.987371695303631
0 73 19 = 7.66839449475905
0 73 20 = 3.0365724467881763
0 73 21 = 7.687061175882692
0 73 22 = 3.0216585686070867
0 73 23 = 7.655206767105698
0 73 24 = 3.00684438165234
0 73 25 = 7.647976760583783
0 73 26 = 3.016006474262634
0 73 27 = 7.626745071055365
0 74 0 = 3.006104256641994
0 74 1 = 7.548678878584413
0 74 2 = 2.975125915738609
0 74 3 = 7.584157256287057
0 74 4 = 2.99246118259195
0 74 5 = 7.537117803131225
0 74 6 = 3.0387664746696297
0 74 7 = 7.644795321774508
0 74 8 = 3.0574305593091466
0 74 9 = 7.569149112846167
0 74 10 = 2.991716574112205
0 74 11 = 7.535631384128581
0 74 12 = 3.0329460099964476
0 74 13 = 7.615150502067973
0 74 14 = 2.9843464780340376
0 74 15 = 7.6212085026679794
0 74 16 = 2.974088878676593
0 74 17 = 7.684093979928544
0 74 18 = 3.0353214644952553
0 74 19 = 7.602680590481662
0 74 20 = 2.9872663628908716
0 74 21 = 7.559143700305798
0 74 22 = 2.931425665948422
0 74 23 = 7.526605395691347
0 74 24 = 2.978472166933253
0 74 25 = 7.565969877198847
0 74 26 = 3.0064229764768866
0 74 27 = 7.610194751064283
0 75 0 = 3.733008773669936
0 75 1 = 10.545674884278988
0 75 2 = 3.7641455771326875
0 75 3 = 10.55115733340308
0 75 4 = 3.7115359123228195
0 75 5 = 10.63242815976175
0 75 6 = 3.7963782236571504
0 75 7 = 10.59443967868607
0 75 8 = 3.742772366357122
0 75 9 = 10.604289420752806
0 75 10 = 3.6941314614832663
0 75 11 = 10.585082920536067
0 75 12 = 3.821425256165942
0 75 13 = 10.56540902614505
0 75 14 = 3.6932374001577455
0 75 15 = 10.607927388025978
0 75 16 = 3.709328841888768
0 75 17 = 10.603201369331815
0 75 18 = 3.7400740772629546
0 75 19 = 10.603946601010135
0 75 20 = 3.760801120246823
0 75 21 = 10.620628308871115
0 75 22 = 3.73726680047482
0 75 23 = 10.610699567054944
0 75 24 = 3.7176876965054952
0 75 25 = 10.578118761909176
0 75 26 = 3.7125663876540664
0 75 27 = 10.551560653461525
0 76 0 = 3.7425990550920543
0 76 1 = 10.629841193515146
0 76 2 = 3.8006748931812644
0 76 3 = 10.697786597004969
0 76 4 = 3.7147971273972016
0 76 5 = 10.646496530870374
0 76 6 = 3.76803850969119
0 76 7 = 10.625936276392292
0 76 8 = 3.7572142196115057
0 76 9 = 10.590952850489327
0 76 10 = 3.685201757703402
0 76 11 = 10.635811546330835
0 76 12 = 3.72900419686856
0 76 13 = 10.537120246307465
0 76 14 = 3.800336940186937
0 76 15 = 10.61124006102191
0 76 16 = 3.705160923310583
0 76 17 = 10.610076583738932
0 76 18 = 3.7226088532140618
0 76 19 = 10.671173476873939
0 76 20 = 3.727745845873884
0 76 21 = 10.630258997616142
0 76 22 = 3.7409578506279324
0 76 23 = 10.626281787777097
0 76 24 = 3.734082042703896
0 76 25 = 10.600926211008941
0 76 26 = 3.743966191737241
0 76 27 = 10.645109798023235
0 77 0 = 3.7000243374886255
0 77 1 = 10.634207390574
0 77 2 = 3.818580762273875
0 77 3 = 10.634453268142547
0 77 4 = 3.7400121911308877
0 77 5 = 10.599888381385975
0 77 6 = 3.7102921125632036
0 77 7 = 10.640688791016963
0 77 8 = 3.7323341061216198
0 77 9 = 10.576271883414304
0 77 10 = 3.7987528365636813
0 77 11 = 10.630486781685157
0 77 12 = 3.7641182717641963
0 77 13 = 10.665839403018289
0 77 14 = 3.7745362612176954
0 77 15 = 10.600770277009154
0 77 16 = 3.7532035501772167
0 77 17 = 10.611249404574249
0 77 18 = 3.7297658410832493
0 77 19 = 10.635777877718018
0 77 20 = 3.7451842997351923
0 77 21 = 10.57412122589727
0 77 22 = 3.735731211129008
0 77 23 = 10.603581521482182
0 77 24 = 3.8276721984936435
0 77 25 = 10.588264295402944
0 77 26 = 3.733852923443833
0 77 27 = 10.613551259728254
0 78 0 = 3.7511661183635097
0 78 1 = 10.56835941485659
0 78 2 = 3.7769867252354086
0 78 3 = 10.674376070109926
0 78 4 = 3.766370787652423
0 78 5 = 10.580486334784947
0 78 6 = 3.7363162211905383
0 78 7 = 10.614715644683967
0 78 8 = 3.762859216694529
0 78 9 = 10.594548996670396
0 78 10 = 3.799879806853857
0 78 11 = 10.564895950931893
0 78 12 = 3.777350317843971
0 78 13 = 10.608609430397664
0 78 14 = 3.762189537574288
0 78 15 = 10.623514402907222
0 78 16 = 3.7214334640649818
0 78 17 = 10.57058880665138
0 78 18 = 3.7069289598078927
0 78 19 = 10.612321007686253
0 78 20 = 3.734220567151756
0 78 21 = 10.606183226782978
0 78 22 = 3.701747368863065
0 78 23 = 10.603802996487847
0 78 24 = 3.760642702750089
0 78 25 = 10.608425185643386
0 78 26 = 3.8233302156938893
0 78 27 = 10.595778716044641
0 79 0 = 3.776813350143091
0 79 1 = 10.617694265153856
0 79 2 = 3.7688283783671586
0 79 3 = 10.696063616138336
0 79 4 = 3.776547728173427
0 79 5 = 10.5691171701693
0 79 6 = 3.7581569747638994
0 79 7 = 10.645238240116239
0 79 8 = 3.7486586197221143
0 79 9 = 10.60778144619274
0 79 10 = 3.7987887571752057
0 79 11 = 10.543209734521968
0 79 12 = 3.7722020866474804
0 79 13 = 10.516510332960582
0 79 14 = 3.806506860121481
0 79 15 = 10.52912327030634
0 79 16 = 3.702844173182235
0 79 17 = 10.610869755017918
0 79 18 = 3.7002710895835795
0 79 19 = 10.55169753361162
0 79 20 = 3.703298263122424
0 79 21 = 10.567341766105466
0 79 22 = 3.735123913183352
0 79 23 = 10.625156767943908
0 79 24 = 3.7630122943594935
0 79 25 = 10.614140373988988
0 79 26 = 3.8329930877120972
0 79 27 = 10.611132677793764
0 80 0 = 3.0253681146656617
0 80 1 = 7.652227948467807
0 80 2 = 2.9959249639099665
0 80 3 = 7.573919247096009
0 80 4 = 3.0295922900284995
0 80 5 = 7.610608153652337
0 80 6 = 2.9812599995188247
0 80 7 = 7.637318183515443
0 80 8 = 3.024553059941301
0 80 9 = 7.555138077516028
0 80 10 = 2.9453500875083978
0 80 11 = 7.649423669410552
0 80 12 = 3.0497348912294697
0 80 13 = 7.620845939364036
0 80 14 = 2.9832433715576427
0 80 15 = 7.59319975344211
0 80 16 = 2.974427717172653
0 80 17 = 7.57265838342383
0 80 18 = 2.96542308634361
0 80 19 = 7.586012523339733
0 80 20 = 3.063713017575642
0 80 21 = 7.568773312940208
0 80 22 = 2.997694997710918
0 80 23 = 7.550864761157078
0 80 24 = 3.0652776111607296
0 80 25 = 7.593035180227338
0 80 26 = 3.0002153360607
0 80 27 = 7.630828839587479
0 81 0 = 2.998723547963671
0 81 1 = 7.630234663230987
0 81 2 = 2.969879323775687
0 81 3 = 7.618406417762382
0 81 4 = 2.9899144597945426
0 81 5 = 7.631074435592071
0 81 6 = 2.9844824384893935
0 81 7 = 7.658357476603209
0 81 8 = 3.0637589251296307
0 81 9 = 7.662210548539952
0 81 10 = 2.9788295597268113
0 81 11 = 7.665095194404398
0 81 12 = 3.06467500418976
0 81 13 = 7.639824261052742
0 81 14 = 2.954849802897072
0 81 15 = 7.607619846884675
0 81 16 = 2.9773894409944566
0 81 17 = 7.61800430784616
0 81 18 = 2.965649784286545
0 81 19 = 7.624066254406801
0 81 20 = 2.9898018834633286
0 81 21 = 7.633300386404395
0 81 22 = 3.022819750638277
0 81 23 = 7.670666049113969
0 81 24 = 2.9567151645971306
0 81 25 = 7.653920747333315
0 81 26 = 3.030361677532761
0 81 27 = 7.715262683369913
0 82 0 = 3.005186174664005
0 82 1 = 7.572238500090993
0 82 2 = 2.979500576113173
0 82 3 = 7.621623520183077
0 82 4 = 2.985566124729307
0 82 5 = 7.694551522221708
0 82 6 = 3.016688427780129
0 82 7 = 7.679166830716841
0 82 8 = 2.9831275317557613
0 82 9 = 7.614578537137365
0 82 10 = 2.99230080347854
0 82 11 = 7.635037994354501
0 82 12 = 3.0165601895268925
0 82 13 = 7.56134535648454
0 82 14 = 3.0267037595344854
0 82 15 = 7.684177895113366
0 82 16 = 2.988676727064869
0 82 17 = 7.674500563811669
0 82 18 = 2.951578410783405
0 82 19 = 7.613168953826899
0 82 20 = 2.986126575695437
0 82 21 = 7.571608908226663
0 82 22 = 2.9891691558083404
0 82 23 = 7.6138673347868595
0 82 24 = 2.9802548433969474
0 82 25 = 7.656082258315884
0 82 26 = 3.020408629239304
0 82 27 = 7.659481434168197
0 83 0 = 2.9795814876531956
0 83 1 = 7.577710610271219
0 83 2 = 2.9752764747797564
0 83 3 = 7.633591390704164
0 83 4 = 2.964884191522196
0 83 5 = 7.6071446600344395
0 83 6 = 3.0184128964086248
0 83 7 = 7.641055715010367
0 83 8 = 3.0275745086406856
0 83 9 = 7.666905984968595
0 83 10 = 2.9961349105003143
0 83 11 = 7.663695492563286
0 83 12 = 3.007217651519002
0 83 13 = 7.626085316513704
0 83 14 = 2.9828675911248625
0 83 15 = 7.614286712722453
0 83 16 = 2.968859175492561
0 83 17 = 7.626600102608042
0 83 18 = 2.953584813714241
0 83 19 = 7.631643307693073
0 83 20 = 2.977538100143865
0 83 21 = 7.6408782172376375
0 83 22 = 2.94452163718277
0 83 23 = 7.582593409866932
0 83 24 = 3.0370839565024474
0 83 25 = 7.62620326666699
0 83 26 = 2.982205710125134
0 83 27 = 7.596225375638031
0 84 0 = 3.010722016300294
0 84 1 = 7.641019007083825
0 84 2 = 2.9907791792028835
0 84 3 = 7.627773248370947
0 84 4 = 2.9963354464799146
0 84 5 = 7.59919190253297
0 84 6 = 3.039437827858977
0 84 7 = 7.5978287018617605
0 84 8 = 2.950442393172194
0 84 9 = 7.582068844304249
0 84 10 = 2.996318655425928
0 84 11 = 7.55918558739116
0 84 12 = 2.997331014260275
0 84 13 = 7.4600747986455005
0 84 14 = 3.023087034267969
0 84 15 = 7.64904409933841
0 84 16 = 3.1177187474066153
0 84 17 = 7.556949087440751
0 84 18 = 2.998390160203098
0 84 19 = 7.502063290624056
0 84 20 = 2.9929661847105242
0 84 21 = 7.548443089901027
0 84 22 = 3.059164635772751
0 84 23 = 7.580581579295094
0 84 24 = 3.006747938545554
0 84 25 = 7.632500703186035
0 84 26 = 3.049592641748901
0 84 27 = 7.537780897271404
0 85 0 = 3.7495473860827158
0 85 1 = 10.637198803314563
0 85 2 = 3.789544334455141
0 85 3 = 10.638313235935538
0 85 4 = 3.7740720600444466
0 85 5 = 10.606094612995268
0 85 6 = 3.7872381086666462
0 85 7 = 10.557854051893612
0 85 8 = 3.801707801973356
0 85 9 = 10.636808508961558
0 85 10 = 3.7699685287762215
0 85 11 = 10.60501500400584
0 85 12 = 3.7979767893970595
0 85 13 = 10.545771926717697
0 85 14 = 3.7471667091086993
0 85 15 = 10.57045699931206
0 85 16 = 3.8050207018471998
0 85 17 = 10.562168728566045
0 85 18 = 3.753078964187026
0 85 19 = 10.605985183261616
0 85 20 = 3.7326209220895907
0 85 21 = 10.621600502144156
0 85 22 = 3.757865737476486
0 85 23 = 10.636534667024328
0 85 24 = 3.6991482650271883
0 85 25 = 10.605623377627534
0 85 26 = 3.7266263568550055
0 85 27 = 10.549442328389373
0 86 0 = 3.8269231116453613
0 86 1 = 10.716422573626813
0 86 2 = 3.784222984108078
0 86 3 = 10.707275376794065
0 86 4 = 3.7822240210774907
0 86 5 = 10.65686891160037
0 86 6 = 3.739150543932639
0 86 7 = 10.628179406469952
0 86 8 = 3.759521042731474
0 86 9 = 10.628103251586067
0 86 10 = 3.7293502421840454
0 86 11 = 10.630069514180981
0 86 12 = 3.74840114732221
0 86 13 = 10.59547130850761
0 86 14 = 3.7907194725541946
0 86 15 = 10.565680150534906
0 86 16 = 3.739430482037729
0 86 17 = 10.66702458369536
0 86 18 = 3.7749205622245885
0 86 19 = 10.588419700749318
0 86 20 = 3.78191677286836
0 86 21 = 10.5703814095089
0 86 22 = 3.7884031780185863
0 86 23 = 10.639176453051832
0 86 24 = 3.73606245531153
0 86 25 = 10.624324964939511
0 86 26 = 3.7409921442231924
0 86 27 = 10.574124480293335
0 87 0 = 3.7638694912314694
0 87 1 = 10.573357602883688
0 87 2 = 3.718899256601726
0 87 3 = 10.636879156049753
0 87 4 = 3.7600169807740897
0 87 5 = 10.56776196182997
0 87 6 = 3.770592984881732
0 87 7 = 10.580278361115916
0 87 8 = 3.715239427896105
0 87 9 = 10.633966459872427
0 87 10 = 3.718604017742549
0 87 11 = 10.60475848600219
0 87 12 = 3.7716568790658074
0 87 13 = 10.603158835240698
0 87 14 = 3.8106518714491955
0 87 15 = 10.652883615402514
0 87 16 = 3.745687866936145
0 87 17 = 10.638519625746355
0 87 18 = 3.7319980785920244
0 87 19 = 10.581495028450181
0 87 20 = 3.7315309429983397
0 87 21 = 10.573317599234814
0 87 22 = 3.7436232580441504
0 87 23 = 10.648519136720532
0 87 24 = 3.8327162464296496
0 87 25 = 10.583013901926524
0 87 26 = 3.7536026512918172
0 87 27 = 10.6444388954076
0 88 0 = 3.700453775756848
0 88 1 = 10.626748226191914
0 88 2 = 3.6850306909353385
0 88 3 = 10.694435729579382
0 88 4 = 3.7668801178508646
0 88 5 = 10.618141664938353
0 88 6 = 3.748994280411711
0 88 7 = 10.598145714120749
0 88 8 = 3.701714429492819
0 88 9 = 10.584284148268964
0 88 10 = 3.7762196229470493
0 88 11 = 10.60001219456653
0 88 12 = 3.7619598797390648
0 88 13 = 10.57792018623237
0 88 14 = 3.7785436960474303
0 88 15 = 10.64527017696014
0 88 16 = 3.7826789224790236
0 88 17 = 10.623821073323004
0 88 18 = 3.7205405407253354
0 88 19 = 10.660834931995119
0 88 20 = 3.7666918209197036
0 88 21 = 10.564235691594325
0 88 22 = 3.715042864074881
0 88 23 = 10.648723347361035
0 88 24 = 3.726464617799227
0 88 25 = 10.66960728327853
0 88 26 = 3.741949621510174
0 88 27 = 10.577777916752618
0 89 0 = 3.790176139804403
0 89 1 = 10.564484076129414
0 89 2 = 3.7733257158213696
0 89 3 = 10.538545912291115
0 89 4 = 3.7825022757887403
0 89 5 = 10.550931386669214
0 89 6 = 3.7802592814983798
0 89 7 = 10.624743233206598
0 89 8 = 3.7224976275544974
0 89 9 = 10.584718208069006
0 89 10 = 3.734406137863864
0 89 11 = 10.567620215133903
0 89 12 = 3.729388227321707
0 89 13 = 10.549227333457749
0 89 14 = 3.7772658088937248
0 89 15 = 10.613222885130481
0 89 16 = 3.700585366589423
0 89 17 = 10.539178436387923
0 89 18 = 3.8179704606955664
0 89 19 = 10.585559990279592
0 89 20 = 3.7096405710494333
0 89 21 = 10.547046406072457
0 89 22 = 3.7992272489843466
0 89 23 = 10.620486800270738
0 89 24 = 3.7769511289383186
0 89 25 = 10.601584535094343
0 89 26 = 3.8342758217415174
0 89 27 = 10.61823708272783
0 90 0 = 3.003823138035785
0 90 1 = 7.62402547651939
0 90 2 = 3.0289284211992236
0 90 3 = 7.557443701985572
0 90 4 = 2.9645045848885094
0 90 5 = 7.644669338973429
0 90 6 = 3.0127210592827307
0 90 7 = 7.621674304029609
0 90 8 = 2.9801216226393263
0 90 9 = 7.69497936696898
0 90 10 = 2.979526620426861
0 90 11 = 7.650789906652717
0 90 12 = 2.954304182731393
0 90 13 = 7.604305611397667
0 90 14 = 2.989776730563901
0 90 15 = 7.537944723936431
0 90 16 = 2.943682707514107
0 90 17 = 7.660685510687453
0 90 18 = 2.960221650074863
0 90 19 = 7.6839172479164
0 90 20 = 2.9900265124632766
0 90 21 = 7.607975501550474
0 90 22 = 3.0154842414344647
0 90 23 = 7.600194839013865
0 90 24 = 3.0229654555984187
0 90 25 = 7.63670128674636
0 90 26 = 3.0312107641740744
0 90 27 = 7.614500271037922
0 91 0 = 2.991150580088812
0 91 1 = 7.652080023950062
0 91 2 = 2.9529378264426267
0 91 3 = 7.582376203881861
0 91 4 = 3.022749082395963
0 91 5 = 7.646536528363872
0 91 6 = 2.965587142510541
0 91 7 = 7.581190831807889
0 91 8 = 3.002373307923468
0 91 9 = 7.648643675051235
0 91 10 = 2.9352109056783413
0 91 11 = 7.640382258493318
0 91 12 = 3.020108063278632
0 91 13 = 7.644950693666947
0 91 14 = 3.003301040633033
0 91 15 = 7.59665144452967
0 91 16 = 2.9160565945391412
0 91 17 = 7.618286014728588
0 91 18 = 2.9619419635240405
0 91 19 = 7.699564680752995
0 91 20 = 2.9673119362115385
0 91 21 = 7.590543678467895
0 91 22 = 2.9834207430356634
0 91 23 = 7.652424382677252
0 91 24 = 2.9936852123869717
0 91 25 = 7.728488882816897
0 91 26 = 3.0357510294248637
0 91 27 = 7.669232526105561
0 92 0 = 2.985217032499382
0 92 1 = 7.542298305576688
0 92 2 = 3.0211685576776413
0 92 3 = 7.578241487543623
0 92 4 = 3.041111265583274
0 92 5 = 7.5104797534304435
0 92 6 = 2.9900174848238414
0 92 7 = 7.592098827731768
0 92 8 = 3.0211301345459827
0 92 9 = 7.619048234315368
0 92 10 = 2.980295719301881
0 92 11 = 7.594392993933897
0 92 12 = 3.0519153755337074
0 92 13 = 7.574887510522654
0 92 14 = 3.0334169963611535
0 92 15 = 7.56302944832882
0 92 16 = 3.0400607485317566
0 92 17 = 7.602149013116019
0 92 18 = 3.0517324266241754
0 92 19 = 7.528773630762097
0 92 20 = 3.0461647020291758
0 92 21 = 7.5795438369634285
0 92 22 = 2.955803888991311
0 92 23 = 7.518087104121104
0 92 24 = 2.9924491133995494
0 92 25 = 7.622673528358883
0 92 26 = 3.013720964265562
0 92 27 = 7.612425905447324
0 93 0 = 2.962873030678595
0 93 1 = 7.566445695652611
0 93 2 = 3.007929647005181
0 93 3 = 7.548426384721368
0 93 4 = 2.9399045609633716
0 93 5 = 7.566004984905413
0 93 6 = 3.002770538857543
0 93 7 = 7.692797700303097
0 93 8 = 2.938970978299496
0 93 9 = 7.580831210563023
0 93 10 = 3.045657153686381
0 93 11 = 7.629969711322668
0 93 12 = 3.0280300659731054
0 93 13 = 7.648670681897317
0 93 14 = 3.0280861813232685
0 93 15 = 7.6198595334526535
0 93 16 = 2.9972510183117067
0 93 17 = 7.696263825299613
0 93 18 = 2.934063061071745
0 93 19 = 7.632535798484926
0 93 20 = 3.015258534760119
0 93 21 = 7.649595027289326
0 93 22 = 3.038214742731892
0 93 23 = 7.590659210934128
0 93 24 = 3.013639798617788
0 93 25 = 7.59893416463412
0 93 26 = 3.0912393127605915
0 93 27 = 7.5167160810424045
0 94 0 = 3.008104957044313
0 94 1 = 7.6110605467694326
0 94 2 = 2.937990256091149
0 94 3 = 7.5528777055806735
0 94 4 = 3.0136652513580247
0 94 5 = 7.624545262222196
0 94 6 = 3.0029709034574177
0 94 7 = 7.513766869502667
0 94 8 = 3.00408644649703
0 94 9 = 7.474948563783742
0 94 10 = 2.9606674559364343
0 94 11 = 7.572715317893703
0 94 12 = 3.020232941265252
0 94 13 = 7.605911443729274
0 94 14 = 2.963922904413112
0 94 15 = 7.596008311467797
0 94 16 = 3.0304630766054252
0 94 17 = 7.636349141000944
0 94 18 = 2.9429576492606233
0 94 19 = 7.569844948804578
0 94 20 = 2.920073845909868
0 94 21 = 7.543740047282735
0 94 22 = 3.016463931100733
0 94 23 = 7.609152392013647
0 94 24 = 2.9543699424626193
0 94 25 = 7.619549411492621
0 94 26 = 3.0463389956291254
0 94 27 = 7.639600230955086
0 95 0 = 3.726493013088506
0 95 1 = 10.630508153447815
0 95 2 = 3.7365852297558817
0 95 3 = 10.610840969382638
0 95 4 = 3.692718767899176
0 95 5 = 10.561615454661581
0 95 6 = 3.791305884976699
0 95 7 = 10.654712962112086
0 95 8 = 3.806065358525039
0 95 9 = 10.5567679922912
0 95 10 = 3.7500699315316757
0 95 11 = 10.59841698932409
0 95 12 = 3.6815066491729467
0 95 13 = 10.56436748236701
0 95 14 = 3.708566010511101
0 95 15 = 10.485413757142142
0 95 16 = 3.762872412205297
0 95 17 = 10.545080734820644
0 95 18 = 3.7609583685254453
0 95 19 = 10.605730490495834
0 95 20 = 3.7186878273438686
0 95 21 = 10.631589112338803
0 95 22 = 3.7691620565371635
0 95 23 = 10.644334047608218
0 95 24 = 3.7761489609274355
0 95 25 = 10.65303851363145
0 95 26 = 3.7329407532884105
0 95 27 = 10.617186941436684
0 96 0 = 3.748752043066722
0 96 1 = 10.550313737361757
0 96 2 = 3.7371016515445077
0 96 3 = 10.58442023545032
0 96 4 = 3.7189759127563273
0 96 5 = 10.537750459843233
0 96 6 = 3.754872730018793
0 96 7 = 10.569208112406608
0 96 8 = 3.7310833242340133
0 96 9 = 10.559319383960728
0 96 10 = 3.8129804759995602
0 96 11 = 10.536215617442593
0 96 12 = 3.725458278656778
0 96 13 = 10.552295137015319
0 96 14 = 3.7830483198073375
0 96 15 = 10.573342123646073
0 96 16 = 3.7677194530655593
0 96 17 = 10.532879892043667
0 96 18 = 3.806971573195262
0 96 19 = 10.591063649302452
0 96 20 = 3.764731921445793
0 96 21 = 10.674700414399787
0 96 22 = 3.721728222540952
0 96 23 = 10.589773794644232
0 96 24 = 3.7136105365707524
0 96 25 = 10.58420748775963
0 96 26 = 3.7910187448255592
0 96 27 = 10.616239270435514
0 97 0 = 3.7881892587370753
0 97 1 = 10.590089175961548
0 97 2 = 3.748215075625419
0 97 3 = 10.671823309985585
0 97 4 = 3.7988199145763235
0 97 5 = 10.569010657056175
0 97 6 = 3.752748530232151
0 97 7 = 10.6669128025242
0 97 8 = 3.7146691557991014
0 97 9 = 10.635170413537523
0 97 10 = 3.719882922667901
0 97 11 = 10.631335824845474
0 97 12 = 3.808953225058558
0 97 13 = 10.591838862844847
0 97 14 = 3.79465593321928
0 97 15 = 10.590542056869612
0 97 16 = 3.762364820028033
0 97 17 = 10.590532030864773
0 97 18 = 3.787056513319061
0 97 19 = 10.637990068476322
0 97 20 = 3.7940367661803918
0 97 21 = 10.542183003590257
0 97 22 = 3.7670345730541532
0 97 23 = 10.593770441396304
0 97 24 = 3.733834464110411
0 97 25 = 10.55688197116197
0 97 26 = 3.7590449140893383
0 97 27 = 10.549626449995321
0 98 0 = 3.762316338104285
0 98 1 = 10.659541493639267
0 98 2 = 3.7271533395418484
0 98 3 = 10.645717475144883
0 98 4 = 3.7044806949844897
0 98 5 = 10.56290397718337
0 98 6 = 3.712299014819122
0 98 7 = 10.60308588042075
0 98 8 = 3.740374548820691
0 98 9 = 10.598721147078658
0 98 10 = 3.76821723737162
0 98 11 = 10.599428738073977
0 98 12 = 3.7917618108535986
0 98 13 = 10.564006933551621
0 98 14 = 3.7752623622948978
0 98 15 = 10.57932167816857
0 98 16 = 3.7296068635713335
0 98 17 = 10.57285343365748
0 98 18 = 3.7955342005514443
0 98 19 = 10.61582987470073
0 98 20 = 3.7070670516455797
0 98 21 = 10.556840278488616
0 98 22 = 3.6904603772072018
0 98 23 = 10.553735709399993
0 98 24 = 3.7892717579728306
0 98 25 = 10.573305502971722
0 98 26 = 3.7723902606195496
0 98 27 = 10.576989111957019
0 99 0 = 3.7974699224898165
0 99 1 = 10.588315239417293
0 99 2 = 3.7503337262265157
0 99 3 = 10.580076363291123
0 99 4 = 3.7415055210267267
0 99 5 = 10.619480998856117
0 99 6 = 3.777201262719769
0 99 7 = 10.58666233909862
0 99 8 = 3.676626100588497
0 99 9 = 10.607656187813452
0 99 10 = 3.7089096485169035
0 99 11 = 10.5772827406087
0 99 12 = 3.7342113860932438
0 99 13 = 10.5493320211334
0 99 14 = 3.765261133866532
0 99 15 = 10.615649751774393
0 99 16 = 3.7698560357494975
0 99 17 = 10.60787684430023
0 99 18 = 3.815041133980083
0 99 19 = 10.632937822383331
0 99 20 = 3.7502853981057407
0 99 21 = 10.57353990080252
0 99 22 = 3.778178524575422
0 99 23 = 10.636428023955343
0 99 24 = 3.7546215650233843
0 99 25 = 10.526026028281692
0 99 26 = 3.7595661718868723
0 99 27 = 10.595016095903473
