0 0 0.1 0.09 0.08870168111043913
0 1 0.5 0.5 0.4641865759492663
0 2 0.1 0.05 0.07879803413260536
0 3 0.5 0.47 0.46279084159652406
0 4 0.1 0.09 0.08870168111043913
0 5 0.5 0.55 0.4664986890298851
0 6 0.1 0.07 0.0840975429399279
0 7 0.5 0.49 0.4637220466263906
0 8 0.1 0.07 0.0840975429399279
0 9 0.5 0.29 0.4542565443657649
0 10 0.1 0.12 0.09512846795084759
0 11 0.5 0.47 0.46279084159652406
0 12 0.1 0.12 0.09512846795084759
0 13 0.5 0.57 0.46741870464344487
0 14 0.1 0.11 0.09305936674780524
0 15 0.5 0.49 0.4637220466263906
0 16 0.1 0.08 0.0864261082342827
0 17 0.5 0.39 0.45903658483448195
0 18 0.1 0.07 0.0840975429399279
0 19 0.5 0.6 0.4687936596277611
0 20 0.1 0.09 0.08870168111043913
0 21 0.5 0.42 0.4604500539561369
0 22 0.1 0.06 0.08141440456782335
0 23 0.5 0.48 0.46325680358104476
0 24 0.1 0.1 0.09091528910045205
0 25 0.5 0.47 0.46279084159652406
0 26 0.1 0.13 0.09711930892173051
0 27 0.5 0.54 0.4660376551834754
