0 0 0 0 2.97141e-05
0 0 0 1 0.00081674
0 0 0 2 6.64358e-05
0 0 0 3 0.00609133
0 0 1 0 2.97141e-05
0 0 1 1 0.000351581
0 0 1 2 0.000134867
0 0 1 3 0.00562965
0 0 2 0 2.97141e-05
0 0 2 1 0.003094
0 0 2 2 8.78503e-05
0 0 2 3 0.00571587
0 0 3 0 2.97141e-05
0 0 3 1 0.000238672
0 0 3 2 0.000631625
0 0 3 3 0.00592468
0 0 4 0 2.97141e-05
0 0 4 1 0.0024516
0 0 4 2 9.81467e-05
0 0 4 3 0.00465842
0 0 5 0 2.96951e-05
0 0 5 1 0.00128413
0 0 5 2 6.50036e-05
0 0 5 3 0.00432218
0 0 6 0 2.97141e-05
0 0 6 1 0.00173013
0 0 6 2 0.000521912
0 0 6 3 0.00495183
0 0 7 0 2.96951e-05
0 0 7 1 0.00161031
0 0 7 2 6.06686e-05
0 0 7 3 0.00299645
0 0 8 0 2.96951e-05
0 0 8 1 0.000644186
0 0 8 2 0.000112868
0 0 8 3 0.00363367
0 0 9 0 2.96951e-05
0 0 9 1 0.000631757
0 0 9 2 0.000363354
0 0 9 3 0.00312964
0 0 10 0 2.96951e-05
0 0 10 1 0.000465207
0 0 10 2 0.00017712
0 0 10 3 0.00245974
0 0 11 0 2.96951e-05
0 0 11 1 0.000639111
0 0 11 2 0.000166363
0 0 11 3 0.00241069
0 0 12 0 2.96951e-05
0 0 12 1 0.00155395
0 0 12 2 0.000332884
0 0 12 3 0.00224547
0 0 13 0 2.96951e-05
0 0 13 1 0.00130675
0 0 13 2 5.93596e-05
0 0 13 3 0.00162341
0 0 14 0 2.96951e-05
0 0 14 1 0.00159311
0 0 14 2 2.96953e-05
0 0 14 3 0.00144889
0 0 15 0 2.96951e-05
0 0 15 1 0.00152178
0 0 15 2 4.24347e-05
0 0 15 3 0.00188765
0 0 16 0 2.96951e-05
0 0 16 1 0.00285227
0 0 16 2 0.00056666
0 0 16 3 0.00257568
0 0 17 0 2.96951e-05
0 0 17 1 0.00167044
0 0 17 2 6.30555e-05
0 0 17 3 0.00309733
0 0 18 0 2.96951e-05
0 0 18 1 0.00279324
0 0 18 2 0.000448447
0 0 18 3 0.00418406
0 0 19 0 2.97141e-05
0 0 19 1 0.00377828
0 0 19 2 7.00617e-05
0 0 19 3 0.00503585
0 0 20 0 3.35274e-05
0 0 20 1 0.00622773
0 0 20 2 0.000370913
0 0 20 3 0.00654985
0 0 21 0 3.53537e-05
0 0 21 1 0.00501502
0 0 21 2 0.000104482
0 0 21 3 0.00758402
0 0 22 0 3.91896e-05
0 0 22 1 0.00953352
0 0 22 2 0.00111915
0 0 22 3 0.00660326
0 0 23 0 4.41197e-05
0 0 23 1 0.00808663
0 0 23 2 9.20779e-05
0 0 23 3 0.00879169
0 0 24 0 5.57358e-05
0 0 24 1 0.00682872
0 0 24 2 8.00196e-05
0 0 24 3 0.00978768
0 0 25 0 5.56438e-05
0 0 25 1 0.0094316
0 0 25 2 0.000589947
0 0 25 3 0.0099965
0 0 26 0 5.41277e-05
0 0 26 1 0.0119229
0 0 26 2 0.000303484
0 0 26 3 0.00988974
0 0 27 0 5.8966e-05
0 0 27 1 0.00594487
0 0 27 2 8.53952e-05
0 0 27 3 0.0108021
0 0 28 0 5.56299e-05
0 0 28 1 0.0100058
0 0 28 2 0.00129962
0 0 28 3 0.0100254
0 0 29 0 4.24323e-05
0 0 29 1 0.00573673
0 0 29 2 9.75289e-05
0 0 29 3 0.00884522
0 0 30 0 5.04613e-05
0 0 30 1 0.00764274
0 0 30 2 8.32241e-05
0 0 30 3 0.00885709
0 0 31 0 4.7183e-05
0 0 31 1 0.00730141
0 0 31 2 0.00100003
0 0 31 3 0.00893362
0 0 32 0 4.79655e-05
0 0 32 1 0.00833885
0 0 32 2 9.97134e-05
0 0 32 3 0.00872306
0 0 33 0 4.75097e-05
0 0 33 1 0.00576957
0 0 33 2 0.000198531
0 0 33 3 0.0086058
0 0 34 0 4.75728e-05
0 0 34 1 0.00841163
0 0 34 2 0.00061859
0 0 34 3 0.00841968
0 0 35 0 4.06569e-05
0 0 35 1 0.00735091
0 0 35 2 6.79662e-05
0 0 35 3 0.00787781
0 0 36 0 3.9504e-05
0 0 36 1 0.00657988
0 0 36 2 7.78494e-05
0 0 36 3 0.00787647
0 0 37 0 3.36493e-05
0 0 37 1 0.0070283
0 0 37 2 8.90364e-05
0 0 37 3 0.00642927
0 0 38 0 3.28978e-05
0 0 38 1 0.00715201
0 0 38 2 7.38541e-05
0 0 38 3 0.00647509
0 0 39 0 2.97141e-05
0 0 39 1 0.00489141
0 0 39 2 0.00019704
0 0 39 3 0.00649396
0 0 40 0 2.97141e-05
0 0 40 1 0.00481296
0 0 40 2 0.00031344
0 0 40 3 0.00620658
0 0 41 0 3.11328e-05
0 0 41 1 0.00309507
0 0 41 2 9.73729e-05
0 0 41 3 0.00691678
0 0 42 0 3.01027e-05
0 0 42 1 0.00266658
0 0 42 2 0.000522736
0 0 42 3 0.00655415
0 0 43 0 2.97141e-05
0 0 43 1 0.00558258
0 0 43 2 0.000176161
0 0 43 3 0.00615232
0 0 44 0 3.183e-05
0 0 44 1 0.00331213
0 0 44 2 7.19072e-05
0 0 44 3 0.00735183
0 0 45 0 3.13067e-05
0 0 45 1 0.00231621
0 0 45 2 0.000104185
0 0 45 3 0.00718976
0 0 46 0 2.97141e-05
0 0 46 1 0.00293131
0 0 46 2 8.16197e-05
0 0 46 3 0.00532138
0 0 47 0 2.97141e-05
0 0 47 1 0.00189829
0 0 47 2 0.000222401
0 0 47 3 0.00608281
0 1 0 0 2.97141e-05
0 1 0 1 0.00153024
0 1 0 2 7.72457e-05
0 1 0 3 0.00550609
0 1 1 0 2.97141e-05
0 1 1 1 0.00150036
0 1 1 2 8.34959e-05
0 1 1 3 0.00580823
0 1 2 0 2.96951e-05
0 1 2 1 0.00143657
0 1 2 2 8.85991e-05
0 1 2 3 0.00442347
0 1 3 0 2.97141e-05
0 1 3 1 0.00174809
0 1 3 2 0.000109546
0 1 3 3 0.00443275
0 1 4 0 2.96951e-05
0 1 4 1 0.000596629
0 1 4 2 0.000253775
0 1 4 3 0.00336945
0 1 5 0 2.96951e-05
0 1 5 1 0.00111218
0 1 5 2 7.32521e-05
0 1 5 3 0.00367731
0 1 6 0 2.96951e-05
0 1 6 1 0.00196486
0 1 6 2 0.000774124
0 1 6 3 0.00250015
0 1 7 0 2.96951e-05
0 1 7 1 0.00118694
0 1 7 2 6.25566e-05
0 1 7 3 0.00264112
0 1 8 0 2.96951e-05
0 1 8 1 0.000922895
0 1 8 2 0.000101436
0 1 8 3 0.0020502
0 1 9 0 2.96951e-05
0 1 9 1 0.00184049
0 1 9 2 3.48186e-05
0 1 9 3 0.00167977
0 1 10 0 2.96951e-05
0 1 10 1 0.000461786
0 1 10 2 0.000103018
0 1 10 3 0.00190739
0 1 11 0 2.96951e-05
0 1 11 1 0.000933529
0 1 11 2 0.000101752
0 1 11 3 0.00174522
0 1 12 0 2.96951e-05
0 1 12 1 0.000218426
0 1 12 2 4.42811e-05
0 1 12 3 0.00187949
0 1 13 0 2.96951e-05
0 1 13 1 0.00124587
0 1 13 2 0.000127907
0 1 13 3 0.00143554
0 1 14 0 2.96951e-05
0 1 14 1 0.000671359
0 1 14 2 3.09915e-05
0 1 14 3 0.00203821
0 1 15 0 2.96951e-05
0 1 15 1 0.000821989
0 1 15 2 3.09218e-05
0 1 15 3 0.00148305
0 1 16 0 2.96951e-05
0 1 16 1 0.00161071
0 1 16 2 0.00185958
0 1 16 3 0.00182311
0 1 17 0 2.96951e-05
0 1 17 1 0.00424157
0 1 17 2 0.00057691
0 1 17 3 0.00193803
0 1 18 0 2.96951e-05
0 1 18 1 0.00286169
0 1 18 2 9.32396e-05
0 1 18 3 0.00342452
0 1 19 0 2.97141e-05
0 1 19 1 0.00472167
0 1 19 2 0.00012151
0 1 19 3 0.00511088
0 1 20 0 3.12516e-05
0 1 20 1 0.00659153
0 1 20 2 0.000958912
0 1 20 3 0.00583288
0 1 21 0 3.33537e-05
0 1 21 1 0.00440107
0 1 21 2 0.000753354
0 1 21 3 0.00686085
0 1 22 0 3.70515e-05
0 1 22 1 0.00424544
0 1 22 2 9.88579e-05
0 1 22 3 0.00769011
0 1 23 0 5.47088e-05
0 1 23 1 0.00521181
0 1 23 2 0.00081668
0 1 23 3 0.0106018
0 1 24 0 4.94719e-05
0 1 24 1 0.0104842
0 1 24 2 7.71535e-05
0 1 24 3 0.00900165
0 1 25 0 6.12328e-05
0 1 25 1 0.00628756
0 1 25 2 9.79714e-05
0 1 25 3 0.0110272
0 1 26 0 5.82872e-05
0 1 26 1 0.00789051
0 1 26 2 8.01224e-05
0 1 26 3 0.0114448
0 1 27 0 6.03203e-05
0 1 27 1 0.00931196
0 1 27 2 0.000113768
0 1 27 3 0.011152
0 1 28 0 5.62235e-05
0 1 28 1 0.00737502
0 1 28 2 0.000432047
0 1 28 3 0.0106706
0 1 29 0 5.70517e-05
0 1 29 1 0.00771099
0 1 29 2 0.000175529
0 1 29 3 0.0107031
0 1 30 0 5.01463e-05
0 1 30 1 0.00771442
0 1 30 2 0.00295122
0 1 30 3 0.00957718
0 1 31 0 5.32946e-05
0 1 31 1 0.00820499
0 1 31 2 0.00114986
0 1 31 3 0.00986884
0 1 32 0 5.22702e-05
0 1 32 1 0.00755653
0 1 32 2 0.000900754
0 1 32 3 0.00865552
0 1 33 0 4.66321e-05
0 1 33 1 0.00854399
0 1 33 2 0.000349784
0 1 33 3 0.00861625
0 1 34 0 3.75549e-05
0 1 34 1 0.00619852
0 1 34 2 7.23653e-05
0 1 34 3 0.0079207
0 1 35 0 3.74636e-05
0 1 35 1 0.00720026
0 1 35 2 0.000172073
0 1 35 3 0.00749791
0 1 36 0 3.57834e-05
0 1 36 1 0.00688215
0 1 36 2 7.10666e-05
0 1 36 3 0.00671414
0 1 37 0 3.54739e-05
0 1 37 1 0.0112468
0 1 37 2 8.21546e-05
0 1 37 3 0.0063793
0 1 38 0 4.02437e-05
0 1 38 1 0.00772019
0 1 38 2 6.60242e-05
0 1 38 3 0.00733431
0 1 39 0 4.05818e-05
0 1 39 1 0.00503447
0 1 39 2 0.000121205
0 1 39 3 0.00739808
0 1 40 0 3.81701e-05
0 1 40 1 0.00496046
0 1 40 2 8.52106e-05
0 1 40 3 0.00738882
0 1 41 0 3.43945e-05
0 1 41 1 0.0065835
0 1 41 2 0.000147339
0 1 41 3 0.00707846
0 1 42 0 3.63246e-05
0 1 42 1 0.00512067
0 1 42 2 8.19531e-05
0 1 42 3 0.00717157
0 1 43 0 3.66415e-05
0 1 43 1 0.00648862
0 1 43 2 0.00106955
0 1 43 3 0.00663909
0 1 44 0 2.97141e-05
0 1 44 1 0.00470157
0 1 44 2 6.1804e-05
0 1 44 3 0.00607558
0 1 45 0 2.97141e-05
0 1 45 1 0.00365522
0 1 45 2 9.19283e-05
0 1 45 3 0.00589716
0 1 46 0 2.97141e-05
0 1 46 1 0.00495648
0 1 46 2 6.9315e-05
0 1 46 3 0.00493861
0 1 47 0 2.97141e-05
0 1 47 1 0.00492067
0 1 47 2 6.71394e-05
0 1 47 3 0.00463257
0 2 0 0 2.96951e-05
0 2 0 1 0.00116237
0 2 0 2 0.000118991
0 2 0 3 0.00453984
0 2 1 0 2.97141e-05
0 2 1 1 0.0018724
0 2 1 2 6.2958e-05
0 2 1 3 0.0046336
0 2 2 0 2.96951e-05
0 2 2 1 0.00126231
0 2 2 2 6.9306e-05
0 2 2 3 0.00357125
0 2 3 0 2.96951e-05
0 2 3 1 0.00119158
0 2 3 2 5.83617e-05
0 2 3 3 0.00402776
0 2 4 0 2.96951e-05
0 2 4 1 0.00179743
0 2 4 2 6.39305e-05
0 2 4 3 0.00317298
0 2 5 0 2.96951e-05
0 2 5 1 0.000796536
0 2 5 2 0.000344964
0 2 5 3 0.00292482
0 2 6 0 2.96951e-05
0 2 6 1 0.00035573
0 2 6 2 0.000311
0 2 6 3 0.00264115
0 2 7 0 2.96951e-05
0 2 7 1 0.000417331
0 2 7 2 0.000877919
0 2 7 3 0.00171633
0 2 8 0 2.96951e-05
0 2 8 1 0.000373692
0 2 8 2 2.96952e-05
0 2 8 3 0.00199492
0 2 9 0 2.96951e-05
0 2 9 1 0.00106836
0 2 9 2 0.00121963
0 2 9 3 0.00158243
0 2 10 0 2.96951e-05
0 2 10 1 0.0010627
0 2 10 2 0.000116701
0 2 10 3 0.00142925
0 2 11 0 2.96951e-05
0 2 11 1 0.000478804
0 2 11 2 2.96952e-05
0 2 11 3 0.00153092
0 2 12 0 2.96951e-05
0 2 12 1 0.00101129
0 2 12 2 0.000153207
0 2 12 3 0.00146771
0 2 13 0 2.96951e-05
0 2 13 1 0.000226209
0 2 13 2 0.00030394
0 2 13 3 0.0015189
0 2 14 0 2.96951e-05
0 2 14 1 0.00105752
0 2 14 2 0.000125822
0 2 14 3 0.00135302
0 2 15 0 2.96951e-05
0 2 15 1 0.00145634
0 2 15 2 2.96952e-05
0 2 15 3 0.00142423
0 2 16 0 2.96951e-05
0 2 16 1 0.00220749
0 2 16 2 0.000289561
0 2 16 3 0.00167184
0 2 17 0 2.96951e-05
0 2 17 1 0.00221017
0 2 17 2 0.000728485
0 2 17 3 0.00215416
0 2 18 0 2.96951e-05
0 2 18 1 0.00363011
0 2 18 2 7.06344e-05
0 2 18 3 0.00332194
0 2 19 0 2.97141e-05
0 2 19 1 0.00423991
0 2 19 2 7.05588e-05
0 2 19 3 0.00433523
0 2 20 0 2.97141e-05
0 2 20 1 0.0045973
0 2 20 2 8.00927e-05
0 2 20 3 0.0053579
0 2 21 0 2.97141e-05
0 2 21 1 0.00423634
0 2 21 2 0.000120495
0 2 21 3 0.00665651
0 2 22 0 3.67857e-05
0 2 22 1 0.00514594
0 2 22 2 0.000377077
0 2 22 3 0.00720793
0 2 23 0 4.65894e-05
0 2 23 1 0.0050982
0 2 23 2 0.000247799
0 2 23 3 0.00917342
0 2 24 0 4.56048e-05
0 2 24 1 0.00439007
0 2 24 2 0.000746781
0 2 24 3 0.00926231
0 2 25 0 5.49697e-05
0 2 25 1 0.0102994
0 2 25 2 0.000122815
0 2 25 3 0.00973826
0 2 26 0 5.54226e-05
0 2 26 1 0.00614426
0 2 26 2 0.000244929
0 2 26 3 0.00991599
0 2 27 0 5.35413e-05
0 2 27 1 0.00520869
0 2 27 2 0.000191813
0 2 27 3 0.0108989
0 2 28 0 5.27781e-05
0 2 28 1 0.00779246
0 2 28 2 8.09684e-05
0 2 28 3 0.00987516
0 2 29 0 4.96135e-05
0 2 29 1 0.0104744
0 2 29 2 0.000584528
0 2 29 3 0.00939981
0 2 30 0 4.83278e-05
0 2 30 1 0.00967901
0 2 30 2 0.00031123
0 2 30 3 0.00953212
0 2 31 0 4.62816e-05
0 2 31 1 0.00545457
0 2 31 2 0.000674226
0 2 31 3 0.00880872
0 2 32 0 4.99133e-05
0 2 32 1 0.00862618
0 2 32 2 0.000116456
0 2 32 3 0.00920657
0 2 33 0 4.18917e-05
0 2 33 1 0.00739312
0 2 33 2 0.000121178
0 2 33 3 0.00838616
0 2 34 0 4.32401e-05
0 2 34 1 0.00589375
0 2 34 2 0.000118248
0 2 34 3 0.00813777
0 2 35 0 3.61736e-05
0 2 35 1 0.00497704
0 2 35 2 0.000761634
0 2 35 3 0.00731424
0 2 36 0 3.16709e-05
0 2 36 1 0.00581454
0 2 36 2 8.3922e-05
0 2 36 3 0.00688002
0 2 37 0 3.07845e-05
0 2 37 1 0.00538021
0 2 37 2 8.47486e-05
0 2 37 3 0.00652335
0 2 38 0 3.16631e-05
0 2 38 1 0.00510785
0 2 38 2 0.000755822
0 2 38 3 0.00644661
0 2 39 0 3.34952e-05
0 2 39 1 0.00450771
0 2 39 2 0.000121081
0 2 39 3 0.00731425
0 2 40 0 2.97141e-05
0 2 40 1 0.00505711
0 2 40 2 6.59318e-05
0 2 40 3 0.00580729
0 2 41 0 3.41727e-05
0 2 41 1 0.00514164
0 2 41 2 7.4814e-05
0 2 41 3 0.00675784
0 2 42 0 3.2355e-05
0 2 42 1 0.00416717
0 2 42 2 6.31265e-05
0 2 42 3 0.00666944
0 2 43 0 2.97141e-05
0 2 43 1 0.00523973
0 2 43 2 0.000159209
0 2 43 3 0.00572285
0 2 44 0 2.97141e-05
0 2 44 1 0.00327877
0 2 44 2 6.93368e-05
0 2 44 3 0.00626406
0 2 45 0 2.97141e-05
0 2 45 1 0.0041577
0 2 45 2 6.34883e-05
0 2 45 3 0.00558188
0 2 46 0 2.97141e-05
0 2 46 1 0.00218143
0 2 46 2 6.76399e-05
0 2 46 3 0.00580039
0 2 47 0 2.97141e-05
0 2 47 1 0.00219437
0 2 47 2 0.000135801
0 2 47 3 0.00477233
0 3 0 0 2.97141e-05
0 3 0 1 0.00259721
0 3 0 2 6.73251e-05
0 3 0 3 0.00464046
0 3 1 0 2.96951e-05
0 3 1 1 0.00239054
0 3 1 2 5.82044e-05
0 3 1 3 0.00421615
0 3 2 0 2.96951e-05
0 3 2 1 0.00240142
0 3 2 2 6.89788e-05
0 3 2 3 0.0037069
0 3 3 0 2.96951e-05
0 3 3 1 0.00370176
0 3 3 2 5.36537e-05
0 3 3 3 0.00367003
0 3 4 0 2.96951e-05
0 3 4 1 0.00143883
0 3 4 2 0.000118567
0 3 4 3 0.0025535
0 3 5 0 2.96951e-05
0 3 5 1 0.0011204
0 3 5 2 3.63414e-05
0 3 5 3 0.00302729
0 3 6 0 2.96951e-05
0 3 6 1 0.000738366
0 3 6 2 0.000101977
0 3 6 3 0.00271749
0 3 7 0 2.96951e-05
0 3 7 1 0.000875409
0 3 7 2 4.49955e-05
0 3 7 3 0.00235907
0 3 8 0 2.96951e-05
0 3 8 1 0.00197419
0 3 8 2 2.96953e-05
0 3 8 3 0.00206334
0 3 9 0 2.96951e-05
0 3 9 1 0.000468275
0 3 9 2 0.000401162
0 3 9 3 0.00174933
0 3 10 0 2.96951e-05
0 3 10 1 0.000905245
0 3 10 2 7.5726e-05
0 3 10 3 0.00184978
0 3 11 0 2.96951e-05
0 3 11 1 0.0010545
0 3 11 2 2.96952e-05
0 3 11 3 0.00148791
0 3 12 0 2.96951e-05
0 3 12 1 0.000841445
0 3 12 2 0.000203983
0 3 12 3 0.00150461
0 3 13 0 2.96951e-05
0 3 13 1 0.000524658
0 3 13 2 3.07165e-05
0 3 13 3 0.0015384
0 3 14 0 2.96951e-05
0 3 14 1 0.00109056
0 3 14 2 4.1751e-05
0 3 14 3 0.00147423
0 3 15 0 2.96951e-05
0 3 15 1 0.00207274
0 3 15 2 3.86225e-05
0 3 15 3 0.00143202
0 3 16 0 2.96951e-05
0 3 16 1 0.000353413
0 3 16 2 2.96952e-05
0 3 16 3 0.00221773
0 3 17 0 2.96951e-05
0 3 17 1 0.00173618
0 3 17 2 0.000193577
0 3 17 3 0.00225174
0 3 18 0 2.96951e-05
0 3 18 1 0.00470673
0 3 18 2 8.31972e-05
0 3 18 3 0.00316276
0 3 19 0 2.97141e-05
0 3 19 1 0.00252681
0 3 19 2 0.000112728
0 3 19 3 0.00534487
0 3 20 0 2.97141e-05
0 3 20 1 0.00488498
0 3 20 2 7.20044e-05
0 3 20 3 0.00598373
0 3 21 0 3.54542e-05
0 3 21 1 0.00618014
0 3 21 2 6.17798e-05
0 3 21 3 0.00717887
0 3 22 0 4.48614e-05
0 3 22 1 0.00184345
0 3 22 2 0.000148492
0 3 22 3 0.00966522
0 3 23 0 5.04633e-05
0 3 23 1 0.00491189
0 3 23 2 0.00112518
0 3 23 3 0.00875953
0 3 24 0 4.88567e-05
0 3 24 1 0.010255
0 3 24 2 0.000205922
0 3 24 3 0.00920349
0 3 25 0 5.67375e-05
0 3 25 1 0.00978886
0 3 25 2 0.00024925
0 3 25 3 0.0103875
0 3 26 0 6.23496e-05
0 3 26 1 0.0106923
0 3 26 2 0.000135083
0 3 26 3 0.0109594
0 3 27 0 5.15294e-05
0 3 27 1 0.00800734
0 3 27 2 0.00118621
0 3 27 3 0.0103025
0 3 28 0 5.72504e-05
0 3 28 1 0.00931064
0 3 28 2 0.000646579
0 3 28 3 0.0105744
0 3 29 0 5.76824e-05
0 3 29 1 0.0087923
0 3 29 2 9.28466e-05
0 3 29 3 0.0110498
0 3 30 0 5.26274e-05
0 3 30 1 0.00940801
0 3 30 2 0.000519243
0 3 30 3 0.00967487
0 3 31 0 5.53083e-05
0 3 31 1 0.0103709
0 3 31 2 0.000177038
0 3 31 3 0.00957619
0 3 32 0 4.91454e-05
0 3 32 1 0.00826132
0 3 32 2 0.000220558
0 3 32 3 0.00911717
0 3 33 0 4.20035e-05
0 3 33 1 0.011468
0 3 33 2 0.000214012
0 3 33 3 0.00788118
0 3 34 0 3.71639e-05
0 3 34 1 0.00751388
0 3 34 2 0.000783516
0 3 34 3 0.00722399
0 3 35 0 3.84771e-05
0 3 35 1 0.00847512
0 3 35 2 8.46139e-05
0 3 35 3 0.00672402
0 3 36 0 3.91386e-05
0 3 36 1 0.00839126
0 3 36 2 7.43403e-05
0 3 36 3 0.00805152
0 3 37 0 3.62887e-05
0 3 37 1 0.00831418
0 3 37 2 0.000105271
0 3 37 3 0.00728988
0 3 38 0 3.6332e-05
0 3 38 1 0.00510138
0 3 38 2 7.94533e-05
0 3 38 3 0.00807069
0 3 39 0 3.82591e-05
0 3 39 1 0.00385235
0 3 39 2 0.000113292
0 3 39 3 0.00775374
0 3 40 0 3.66788e-05
0 3 40 1 0.00372574
0 3 40 2 6.86837e-05
0 3 40 3 0.00733447
0 3 41 0 3.39841e-05
0 3 41 1 0.00599473
0 3 41 2 0.000101881
0 3 41 3 0.00683219
0 3 42 0 3.08482e-05
0 3 42 1 0.00654935
0 3 42 2 8.15535e-05
0 3 42 3 0.00680304
0 3 43 0 3.21296e-05
0 3 43 1 0.00408792
0 3 43 2 0.000581431
0 3 43 3 0.00632936
0 3 44 0 2.97141e-05
0 3 44 1 0.00410022
0 3 44 2 7.24497e-05
0 3 44 3 0.00662234
0 3 45 0 3.07903e-05
0 3 45 1 0.00300511
0 3 45 2 7.50188e-05
0 3 45 3 0.00678224
0 3 46 0 2.97141e-05
0 3 46 1 0.00362365
0 3 46 2 8.84567e-05
0 3 46 3 0.00562347
0 3 47 0 2.97141e-05
0 3 47 1 0.0044143
0 3 47 2 0.00141653
0 3 47 3 0.00533045
0 4 0 0 2.97141e-05
0 4 0 1 0.00157669
0 4 0 2 6.16461e-05
0 4 0 3 0.00473196
0 4 1 0 2.97141e-05
0 4 1 1 0.00241953
0 4 1 2 8.94201e-05
0 4 1 3 0.0049587
0 4 2 0 2.97141e-05
0 4 2 1 0.00186493
0 4 2 2 6.51013e-05
0 4 2 3 0.00492187
0 4 3 0 2.96951e-05
0 4 3 1 0.00058864
0 4 3 2 6.79674e-05
0 4 3 3 0.00384925
0 4 4 0 2.96951e-05
0 4 4 1 0.000424327
0 4 4 2 6.09914e-05
0 4 4 3 0.00369489
0 4 5 0 2.96951e-05
0 4 5 1 0.0036827
0 4 5 2 6.11236e-05
0 4 5 3 0.00244561
0 4 6 0 2.96951e-05
0 4 6 1 0.000939553
0 4 6 2 6.08356e-05
0 4 6 3 0.00243519
0 4 7 0 2.96951e-05
0 4 7 1 0.000302964
0 4 7 2 4.10365e-05
0 4 7 3 0.00257177
0 4 8 0 2.96951e-05
0 4 8 1 0.00112256
0 4 8 2 0.000106558
0 4 8 3 0.00305806
0 4 9 0 2.96951e-05
0 4 9 1 0.00208884
0 4 9 2 2.96952e-05
0 4 9 3 0.00228893
0 4 10 0 2.96951e-05
0 4 10 1 0.00231233
0 4 10 2 3.59798e-05
0 4 10 3 0.00182104
0 4 11 0 2.96951e-05
0 4 11 1 0.00208347
0 4 11 2 2.96953e-05
0 4 11 3 0.00179021
0 4 12 0 2.96951e-05
0 4 12 1 0.00140799
0 4 12 2 3.55731e-05
0 4 12 3 0.00152928
0 4 13 0 2.96951e-05
0 4 13 1 0.00127646
0 4 13 2 7.36166e-05
0 4 13 3 0.00165087
0 4 14 0 2.96951e-05
0 4 14 1 0.00113891
0 4 14 2 4.45083e-05
0 4 14 3 0.00143696
0 4 15 0 2.96951e-05
0 4 15 1 0.000498364
0 4 15 2 0.000157984
0 4 15 3 0.00148806
0 4 16 0 2.96951e-05
0 4 16 1 0.00315735
0 4 16 2 0.000238171
0 4 16 3 0.0019472
0 4 17 0 2.96951e-05
0 4 17 1 0.00200725
0 4 17 2 3.6892e-05
0 4 17 3 0.00303134
0 4 18 0 2.96951e-05
0 4 18 1 0.0031508
0 4 18 2 6.51118e-05
0 4 18 3 0.00352857
0 4 19 0 2.97141e-05
0 4 19 1 0.00461959
0 4 19 2 7.07897e-05
0 4 19 3 0.00452079
0 4 20 0 2.97141e-05
0 4 20 1 0.00536061
0 4 20 2 0.000987968
0 4 20 3 0.00524929
0 4 21 0 3.04311e-05
0 4 21 1 0.00497289
0 4 21 2 8.8825e-05
0 4 21 3 0.00704534
0 4 22 0 3.94101e-05
0 4 22 1 0.00846525
0 4 22 2 0.0010629
0 4 22 3 0.00738621
0 4 23 0 4.12578e-05
0 4 23 1 0.00744373
0 4 23 2 0.000262859
0 4 23 3 0.0080833
0 4 24 0 4.28808e-05
0 4 24 1 0.00666882
0 4 24 2 0.000105095
0 4 24 3 0.00859208
0 4 25 0 4.70307e-05
0 4 25 1 0.00739716
0 4 25 2 7.80075e-05
0 4 25 3 0.00923378
0 4 26 0 4.70569e-05
0 4 26 1 0.00777966
0 4 26 2 0.00110973
0 4 26 3 0.00825014
0 4 27 0 5.58282e-05
0 4 27 1 0.0075421
0 4 27 2 0.000197523
0 4 27 3 0.0103241
0 4 28 0 5.2624e-05
0 4 28 1 0.00553272
0 4 28 2 7.82503e-05
0 4 28 3 0.00983674
0 4 29 0 4.2283e-05
0 4 29 1 0.0114731
0 4 29 2 0.000453654
0 4 29 3 0.00801026
0 4 30 0 4.8923e-05
0 4 30 1 0.0037689
0 4 30 2 0.000665708
0 4 30 3 0.0100076
0 4 31 0 4.8728e-05
0 4 31 1 0.010725
0 4 31 2 7.1045e-05
0 4 31 3 0.00824712
0 4 32 0 4.03324e-05
0 4 32 1 0.00914356
0 4 32 2 0.000210684
0 4 32 3 0.00771621
0 4 33 0 4.30853e-05
0 4 33 1 0.0062842
0 4 33 2 0.000431872
0 4 33 3 0.00838638
0 4 34 0 2.97141e-05
0 4 34 1 0.00617658
0 4 34 2 7.70206e-05
0 4 34 3 0.00681232
0 4 35 0 3.77291e-05
0 4 35 1 0.0053805
0 4 35 2 0.00179731
0 4 35 3 0.00763011
0 4 36 0 3.5713e-05
0 4 36 1 0.00624164
0 4 36 2 6.71001e-05
0 4 36 3 0.00682771
0 4 37 0 3.64113e-05
0 4 37 1 0.00449972
0 4 37 2 6.80106e-05
0 4 37 3 0.00684887
0 4 38 0 3.24331e-05
0 4 38 1 0.00766256
0 4 38 2 9.12658e-05
0 4 38 3 0.00609421
0 4 39 0 3.46328e-05
0 4 39 1 0.00685589
0 4 39 2 8.50059e-05
0 4 39 3 0.00671021
0 4 40 0 2.97141e-05
0 4 40 1 0.0042635
0 4 40 2 0.000924585
0 4 40 3 0.0059522
0 4 41 0 3.54696e-05
0 4 41 1 0.00449032
0 4 41 2 8.90725e-05
0 4 41 3 0.00671461
0 4 42 0 2.97141e-05
0 4 42 1 0.00357807
0 4 42 2 8.89457e-05
0 4 42 3 0.00651296
0 4 43 0 3.2087e-05
0 4 43 1 0.00533704
0 4 43 2 6.20713e-05
0 4 43 3 0.00671055
0 4 44 0 2.97141e-05
0 4 44 1 0.0033359
0 4 44 2 9.72868e-05
0 4 44 3 0.00541716
0 4 45 0 2.97141e-05
0 4 45 1 0.00413356
0 4 45 2 7.02898e-05
0 4 45 3 0.00578489
0 4 46 0 2.97141e-05
0 4 46 1 0.00487083
0 4 46 2 6.47768e-05
0 4 46 3 0.00487124
0 4 47 0 2.97141e-05
0 4 47 1 0.00407
0 4 47 2 7.48244e-05
0 4 47 3 0.00559148
0 5 0 0 2.97141e-05
0 5 0 1 0.00201193
0 5 0 2 6.8934e-05
0 5 0 3 0.0051058
0 5 1 0 2.97141e-05
0 5 1 1 0.00241692
0 5 1 2 0.000310238
0 5 1 3 0.00535788
0 5 2 0 2.97141e-05
0 5 2 1 0.00254125
0 5 2 2 7.34942e-05
0 5 2 3 0.00419612
0 5 3 0 2.97141e-05
0 5 3 1 0.00290806
0 5 3 2 7.84606e-05
0 5 3 3 0.0042453
0 5 4 0 2.96951e-05
0 5 4 1 0.00270466
0 5 4 2 9.15699e-05
0 5 4 3 0.0034062
0 5 5 0 2.96951e-05
0 5 5 1 0.00280224
0 5 5 2 5.16153e-05
0 5 5 3 0.00353689
0 5 6 0 2.96951e-05
0 5 6 1 0.00257674
0 5 6 2 8.14902e-05
0 5 6 3 0.00324092
0 5 7 0 2.96951e-05
0 5 7 1 0.00367736
0 5 7 2 6.74126e-05
0 5 7 3 0.00328002
0 5 8 0 2.96951e-05
0 5 8 1 0.0018522
0 5 8 2 9.60202e-05
0 5 8 3 0.0029844
0 5 9 0 2.96951e-05
0 5 9 1 0.00252156
0 5 9 2 7.06895e-05
0 5 9 3 0.00325377
0 5 10 0 2.96951e-05
0 5 10 1 0.00273618
0 5 10 2 0.000929005
0 5 10 3 0.00187164
0 5 11 0 2.96951e-05
0 5 11 1 0.00263094
0 5 11 2 3.50893e-05
0 5 11 3 0.00189283
0 5 12 0 2.96951e-05
0 5 12 1 0.00332651
0 5 12 2 3.31547e-05
0 5 12 3 0.00243868
0 5 13 0 2.96951e-05
0 5 13 1 0.00294004
0 5 13 2 3.72297e-05
0 5 13 3 0.00258278
0 5 14 0 2.96951e-05
0 5 14 1 0.00387958
0 5 14 2 7.31735e-05
0 5 14 3 0.00203501
0 5 15 0 2.96951e-05
0 5 15 1 0.00405191
0 5 15 2 0.000215944
0 5 15 3 0.00165142
0 5 16 0 2.96951e-05
0 5 16 1 0.00479556
0 5 16 2 4.66559e-05
0 5 16 3 0.0017954
0 5 17 0 2.96951e-05
0 5 17 1 0.00385054
0 5 17 2 5.97879e-05
0 5 17 3 0.00239808
0 5 18 0 2.96951e-05
0 5 18 1 0.0046672
0 5 18 2 9.75058e-05
0 5 18 3 0.00314645
0 5 19 0 2.97141e-05
0 5 19 1 0.00477613
0 5 19 2 6.34478e-05
0 5 19 3 0.00416017
0 5 20 0 2.97141e-05
0 5 20 1 0.00509643
0 5 20 2 0.000977976
0 5 20 3 0.00536472
0 5 21 0 2.97141e-05
0 5 21 1 0.00408017
0 5 21 2 6.33381e-05
0 5 21 3 0.00515854
0 5 22 0 3.09263e-05
0 5 22 1 0.00291389
0 5 22 2 0.000134681
0 5 22 3 0.00733624
0 5 23 0 3.84792e-05
0 5 23 1 0.00335925
0 5 23 2 7.39047e-05
0 5 23 3 0.00787684
0 5 24 0 4.69557e-05
0 5 24 1 0.00449427
0 5 24 2 7.28145e-05
0 5 24 3 0.0088656
0 5 25 0 4.58468e-05
0 5 25 1 0.00357168
0 5 25 2 0.00257028
0 5 25 3 0.00901574
0 5 26 0 4.60129e-05
0 5 26 1 0.00375988
0 5 26 2 0.000164923
0 5 26 3 0.00946007
0 5 27 0 5.19216e-05
0 5 27 1 0.00629085
0 5 27 2 0.00022459
0 5 27 3 0.00921518
0 5 28 0 5.56366e-05
0 5 28 1 0.00518357
0 5 28 2 0.00103281
0 5 28 3 0.00984234
0 5 29 0 4.84215e-05
0 5 29 1 0.00564577
0 5 29 2 0.000602453
0 5 29 3 0.00863884
0 5 30 0 4.54528e-05
0 5 30 1 0.00201004
0 5 30 2 6.56164e-05
0 5 30 3 0.00994834
0 5 31 0 4.51451e-05
0 5 31 1 0.0061203
0 5 31 2 0.000132536
0 5 31 3 0.00884655
0 5 32 0 4.33171e-05
0 5 32 1 0.00820319
0 5 32 2 0.000150714
0 5 32 3 0.00832299
0 5 33 0 4.10836e-05
0 5 33 1 0.0075175
0 5 33 2 7.19891e-05
0 5 33 3 0.0072866
0 5 34 0 3.55791e-05
0 5 34 1 0.00580883
0 5 34 2 7.06709e-05
0 5 34 3 0.00690733
0 5 35 0 2.97141e-05
0 5 35 1 0.00414957
0 5 35 2 0.000128899
0 5 35 3 0.00612578
0 5 36 0 3.53845e-05
0 5 36 1 0.00218734
0 5 36 2 7.32599e-05
0 5 36 3 0.00748053
0 5 37 0 3.52036e-05
0 5 37 1 0.00364901
0 5 37 2 0.000107968
0 5 37 3 0.00722517
0 5 38 0 3.40105e-05
0 5 38 1 0.00319097
0 5 38 2 0.000376405
0 5 38 3 0.00745364
0 5 39 0 3.59336e-05
0 5 39 1 0.0050181
0 5 39 2 0.000110536
0 5 39 3 0.00665432
0 5 40 0 2.97141e-05
0 5 40 1 0.00456931
0 5 40 2 6.95056e-05
0 5 40 3 0.00660024
0 5 41 0 2.97141e-05
0 5 41 1 0.00191652
0 5 41 2 0.00213947
0 5 41 3 0.00634148
0 5 42 0 3.19279e-05
0 5 42 1 0.00239926
0 5 42 2 0.001626
0 5 42 3 0.0065799
0 5 43 0 2.97141e-05
0 5 43 1 0.0045271
0 5 43 2 6.80301e-05
0 5 43 3 0.0060899
0 5 44 0 3.67693e-05
0 5 44 1 0.00266054
0 5 44 2 0.000454629
0 5 44 3 0.00795007
0 5 45 0 2.97141e-05
0 5 45 1 0.00390575
0 5 45 2 6.55003e-05
0 5 45 3 0.00643609
0 5 46 0 3.19132e-05
0 5 46 1 0.00349381
0 5 46 2 7.29975e-05
0 5 46 3 0.00659342
0 5 47 0 2.97141e-05
0 5 47 1 0.00278747
0 5 47 2 7.43949e-05
0 5 47 3 0.00667333
0 6 0 0 2.97141e-05
0 6 0 1 0.00190168
0 6 0 2 0.000158907
0 6 0 3 0.00522905
0 6 1 0 2.97141e-05
0 6 1 1 0.00353093
0 6 1 2 5.9729e-05
0 6 1 3 0.00574736
0 6 2 0 2.97141e-05
0 6 2 1 0.00228901
0 6 2 2 0.00027173
0 6 2 3 0.00506564
0 6 3 0 2.97141e-05
0 6 3 1 0.0020092
0 6 3 2 7.90432e-05
0 6 3 3 0.00517151
0 6 4 0 2.96951e-05
0 6 4 1 0.00285085
0 6 4 2 9.58249e-05
0 6 4 3 0.0040468
0 6 5 0 2.97141e-05
0 6 5 1 0.000894859
0 6 5 2 7.45899e-05
0 6 5 3 0.00502399
0 6 6 0 2.96951e-05
0 6 6 1 0.00208089
0 6 6 2 6.71373e-05
0 6 6 3 0.00392741
0 6 7 0 2.97141e-05
0 6 7 1 0.00305749
0 6 7 2 0.0002281
0 6 7 3 0.00412761
0 6 8 0 2.96951e-05
0 6 8 1 0.00443425
0 6 8 2 6.00881e-05
0 6 8 3 0.0029071
0 6 9 0 2.96951e-05
0 6 9 1 0.00240123
0 6 9 2 6.36474e-05
0 6 9 3 0.00313361
0 6 10 0 2.96951e-05
0 6 10 1 0.00352265
0 6 10 2 6.8914e-05
0 6 10 3 0.00314478
0 6 11 0 2.96951e-05
0 6 11 1 0.00369916
0 6 11 2 0.000216821
0 6 11 3 0.00290555
0 6 12 0 2.96951e-05
0 6 12 1 0.00260987
0 6 12 2 4.2133e-05
0 6 12 3 0.002558
0 6 13 0 2.96951e-05
0 6 13 1 0.0021783
0 6 13 2 6.5439e-05
0 6 13 3 0.00271476
0 6 14 0 2.96951e-05
0 6 14 1 0.00369462
0 6 14 2 6.73492e-05
0 6 14 3 0.00252454
0 6 15 0 2.96951e-05
0 6 15 1 0.00306473
0 6 15 2 0.000194801
0 6 15 3 0.00247053
0 6 16 0 2.96951e-05
0 6 16 1 0.00555164
0 6 16 2 0.00103131
0 6 16 3 0.00196682
0 6 17 0 2.96951e-05
0 6 17 1 0.00312737
0 6 17 2 0.00292816
0 6 17 3 0.00314871
0 6 18 0 2.96951e-05
0 6 18 1 0.00393938
0 6 18 2 0.000665311
0 6 18 3 0.00362292
0 6 19 0 2.97141e-05
0 6 19 1 0.00333429
0 6 19 2 0.000143574
0 6 19 3 0.0045727
0 6 20 0 2.97141e-05
0 6 20 1 0.00542422
0 6 20 2 0.00112089
0 6 20 3 0.00532078
0 6 21 0 2.97141e-05
0 6 21 1 0.00339993
0 6 21 2 0.000921133
0 6 21 3 0.00555278
0 6 22 0 3.03252e-05
0 6 22 1 0.00546957
0 6 22 2 0.000410035
0 6 22 3 0.00590199
0 6 23 0 3.77636e-05
0 6 23 1 0.00636851
0 6 23 2 9.42694e-05
0 6 23 3 0.00697331
0 6 24 0 4.07459e-05
0 6 24 1 0.00220511
0 6 24 2 8.1842e-05
0 6 24 3 0.00879952
0 6 25 0 4.64104e-05
0 6 25 1 0.00452097
0 6 25 2 9.75767e-05
0 6 25 3 0.00897042
0 6 26 0 4.22561e-05
0 6 26 1 0.00258541
0 6 26 2 7.4334e-05
0 6 26 3 0.00916266
0 6 27 0 5.74554e-05
0 6 27 1 0.00409562
0 6 27 2 0.00108926
0 6 27 3 0.0107127
0 6 28 0 4.741e-05
0 6 28 1 0.00118868
0 6 28 2 8.05805e-05
0 6 28 3 0.0102653
0 6 29 0 5.27879e-05
0 6 29 1 0.00612535
0 6 29 2 0.000280174
0 6 29 3 0.00960757
0 6 30 0 4.64796e-05
0 6 30 1 0.00325552
0 6 30 2 8.61442e-05
0 6 30 3 0.00901498
0 6 31 0 4.56994e-05
0 6 31 1 0.00484878
0 6 31 2 0.000194236
0 6 31 3 0.00886325
0 6 32 0 4.17278e-05
0 6 32 1 0.0041003
0 6 32 2 9.99868e-05
0 6 32 3 0.00876364
0 6 33 0 3.73723e-05
0 6 33 1 0.00354773
0 6 33 2 0.00010015
0 6 33 3 0.00831571
0 6 34 0 3.3079e-05
0 6 34 1 0.0038933
0 6 34 2 7.06491e-05
0 6 34 3 0.00681456
0 6 35 0 3.10869e-05
0 6 35 1 0.0034016
0 6 35 2 7.34661e-05
0 6 35 3 0.00716265
0 6 36 0 3.93966e-05
0 6 36 1 0.00403304
0 6 36 2 8.97835e-05
0 6 36 3 0.00706027
0 6 37 0 3.51074e-05
0 6 37 1 0.00179462
0 6 37 2 7.09511e-05
0 6 37 3 0.00762027
0 6 38 0 3.34531e-05
0 6 38 1 0.00469257
0 6 38 2 8.18826e-05
0 6 38 3 0.00649121
0 6 39 0 3.30896e-05
0 6 39 1 0.00254034
0 6 39 2 6.85156e-05
0 6 39 3 0.0070619
0 6 40 0 2.97141e-05
0 6 40 1 0.00199615
0 6 40 2 7.0001e-05
0 6 40 3 0.00697253
0 6 41 0 3.15417e-05
0 6 41 1 0.00246575
0 6 41 2 0.00132023
0 6 41 3 0.00669897
0 6 42 0 3.096e-05
0 6 42 1 0.00456537
0 6 42 2 0.00010298
0 6 42 3 0.00590773
0 6 43 0 3.23226e-05
0 6 43 1 0.00200772
0 6 43 2 7.52707e-05
0 6 43 3 0.00793634
0 6 44 0 3.33434e-05
0 6 44 1 0.00231014
0 6 44 2 0.00118815
0 6 44 3 0.00690239
0 6 45 0 3.13902e-05
0 6 45 1 0.00194926
0 6 45 2 8.60312e-05
0 6 45 3 0.00727225
0 6 46 0 2.97141e-05
0 6 46 1 0.00122764
0 6 46 2 8.00456e-05
0 6 46 3 0.00628593
0 6 47 0 2.97141e-05
0 6 47 1 0.00166511
0 6 47 2 0.000113529
0 6 47 3 0.00621962
1 0 0 0 2.96951e-05
1 0 0 1 0.000645374
1 0 0 2 0.000471333
1 0 0 3 0.0015023
1 0 1 0 2.96951e-05
1 0 1 1 0.000152892
1 0 1 2 2.96952e-05
1 0 1 3 0.00126237
1 0 2 0 2.96951e-05
1 0 2 1 0.000661773
1 0 2 2 4.02632e-05
1 0 2 3 0.00132146
1 0 3 0 2.96951e-05
1 0 3 1 0.000505199
1 0 3 2 3.94486e-05
1 0 3 3 0.00135541
1 0 4 0 2.96951e-05
1 0 4 1 0.000720679
1 0 4 2 2.96952e-05
1 0 4 3 0.00123208
1 0 5 0 2.96951e-05
1 0 5 1 0.000756771
1 0 5 2 5.22533e-05
1 0 5 3 0.00116552
1 0 6 0 2.96951e-05
1 0 6 1 0.000108777
1 0 6 2 3.6133e-05
1 0 6 3 0.00143661
1 0 7 0 2.96951e-05
1 0 7 1 0.000875235
1 0 7 2 2.96953e-05
1 0 7 3 0.000638145
1 0 8 0 2.96951e-05
1 0 8 1 0.000977323
1 0 8 2 5.17321e-05
1 0 8 3 0.000933197
1 0 9 0 2.96951e-05
1 0 9 1 0.00124573
1 0 9 2 3.08971e-05
1 0 9 3 0.000793327
1 0 10 0 2.96951e-05
1 0 10 1 0.000360478
1 0 10 2 2.96952e-05
1 0 10 3 0.00067118
1 0 11 0 2.96951e-05
1 0 11 1 0.000297907
1 0 11 2 2.96953e-05
1 0 11 3 0.000677762
1 0 12 0 2.96951e-05
1 0 12 1 2.96952e-05
1 0 12 2 0.000109579
1 0 12 3 0.00100759
1 0 13 0 2.96951e-05
1 0 13 1 4.61879e-05
1 0 13 2 0.000691474
1 0 13 3 0.000802124
1 0 14 0 2.96951e-05
1 0 14 1 0.000412483
1 0 14 2 2.96952e-05
1 0 14 3 0.000652886
1 0 15 0 2.96951e-05
1 0 15 1 2.97675e-05
1 0 15 2 2.96953e-05
1 0 15 3 0.000677923
1 0 16 0 2.96951e-05
1 0 16 1 0.000636593
1 0 16 2 0.000106284
1 0 16 3 0.00101302
1 0 17 0 2.96951e-05
1 0 17 1 0.00106746
1 0 17 2 0.000444919
1 0 17 3 0.000764806
1 0 18 0 2.96951e-05
1 0 18 1 0.00120494
1 0 18 2 5.98887e-05
1 0 18 3 0.00143468
1 0 19 0 2.96951e-05
1 0 19 1 0.00133174
1 0 19 2 3.09558e-05
1 0 19 3 0.00153012
1 0 20 0 2.96951e-05
1 0 20 1 0.000787087
1 0 20 2 0.00334454
1 0 20 3 0.00237856
1 0 21 0 2.96951e-05
1 0 21 1 0.00220875
1 0 21 2 6.38775e-05
1 0 21 3 0.00292636
1 0 22 0 2.96951e-05
1 0 22 1 0.0023792
1 0 22 2 0.00193248
1 0 22 3 0.00350345
1 0 23 0 2.96951e-05
1 0 23 1 0.00462672
1 0 23 2 8.41021e-05
1 0 23 3 0.00436256
1 0 24 0 2.97141e-05
1 0 24 1 0.00165398
1 0 24 2 0.000100983
1 0 24 3 0.00476227
1 0 25 0 2.97141e-05
1 0 25 1 0.00334764
1 0 25 2 8.41601e-05
1 0 25 3 0.00478256
1 0 26 0 2.97141e-05
1 0 26 1 0.00392447
1 0 26 2 7.947e-05
1 0 26 3 0.00509429
1 0 27 0 2.97141e-05
1 0 27 1 0.00514659
1 0 27 2 0.0017052
1 0 27 3 0.00527322
1 0 28 0 2.97141e-05
1 0 28 1 0.00292239
1 0 28 2 0.000107942
1 0 28 3 0.00511398
1 0 29 0 2.97141e-05
1 0 29 1 0.00375368
1 0 29 2 0.00242899
1 0 29 3 0.00494121
1 0 30 0 2.96951e-05
1 0 30 1 0.00343099
1 0 30 2 0.000554979
1 0 30 3 0.00371761
1 0 31 0 2.96951e-05
1 0 31 1 0.00281291
1 0 31 2 0.000119557
1 0 31 3 0.00424817
1 0 32 0 2.96951e-05
1 0 32 1 0.00269475
1 0 32 2 7.27799e-05
1 0 32 3 0.00414017
1 0 33 0 2.97141e-05
1 0 33 1 0.00245265
1 0 33 2 7.41629e-05
1 0 33 3 0.00425247
1 0 34 0 2.96951e-05
1 0 34 1 0.00193904
1 0 34 2 0.000235053
1 0 34 3 0.00415503
1 0 35 0 2.96951e-05
1 0 35 1 0.00390771
1 0 35 2 6.17406e-05
1 0 35 3 0.00319593
1 0 36 0 2.96951e-05
1 0 36 1 0.00367073
1 0 36 2 6.81987e-05
1 0 36 3 0.00347733
1 0 37 0 2.96951e-05
1 0 37 1 0.00314437
1 0 37 2 0.000619253
1 0 37 3 0.00290106
1 0 38 0 2.96951e-05
1 0 38 1 0.00429313
1 0 38 2 2.96952e-05
1 0 38 3 0.00235053
1 0 39 0 2.96951e-05
1 0 39 1 0.0021054
1 0 39 2 3.5833e-05
1 0 39 3 0.00310461
1 0 40 0 2.96951e-05
1 0 40 1 0.00319026
1 0 40 2 6.69683e-05
1 0 40 3 0.00294703
1 0 41 0 2.96951e-05
1 0 41 1 0.00229095
1 0 41 2 0.000125968
1 0 41 3 0.00302989
1 0 42 0 2.96951e-05
1 0 42 1 0.00192949
1 0 42 2 0.000172476
1 0 42 3 0.00243791
1 0 43 0 2.96951e-05
1 0 43 1 0.00255545
1 0 43 2 5.8745e-05
1 0 43 3 0.00267836
1 0 44 0 2.96951e-05
1 0 44 1 0.00327218
1 0 44 2 7.87197e-05
1 0 44 3 0.00152709
1 0 45 0 2.96951e-05
1 0 45 1 0.0011068
1 0 45 2 0.000140573
1 0 45 3 0.00155908
1 0 46 0 2.96951e-05
1 0 46 1 0.000689399
1 0 46 2 0.00117176
1 0 46 3 0.00197485
1 0 47 0 2.96951e-05
1 0 47 1 0.000695459
1 0 47 2 0.000270222
1 0 47 3 0.00165794
1 1 0 0 2.96951e-05
1 1 0 1 0.00220017
1 1 0 2 6.39934e-05
1 1 0 3 0.00170852
1 1 1 0 2.96951e-05
1 1 1 1 0.000804
1 1 1 2 4.54225e-05
1 1 1 3 0.00161586
1 1 2 0 2.96951e-05
1 1 2 1 0.00113046
1 1 2 2 0.000160613
1 1 2 3 0.00143803
1 1 3 0 2.96951e-05
1 1 3 1 0.000114637
1 1 3 2 0.00011863
1 1 3 3 0.00139401
1 1 4 0 2.96951e-05
1 1 4 1 0.000773599
1 1 4 2 0.000150551
1 1 4 3 0.00135986
1 1 5 0 2.96951e-05
1 1 5 1 0.00067372
1 1 5 2 9.37642e-05
1 1 5 3 0.00100568
1 1 6 0 2.96951e-05
1 1 6 1 0.000937325
1 1 6 2 2.96952e-05
1 1 6 3 0.000651147
1 1 7 0 2.96951e-05
1 1 7 1 0.000605116
1 1 7 2 2.96953e-05
1 1 7 3 0.000865911
1 1 8 0 2.96951e-05
1 1 8 1 0.000881582
1 1 8 2 2.96952e-05
1 1 8 3 0.00102355
1 1 9 0 2.96951e-05
1 1 9 1 0.000722486
1 1 9 2 0.000405706
1 1 9 3 0.000820823
1 1 10 0 2.96951e-05
1 1 10 1 0.000140358
1 1 10 2 2.96952e-05
1 1 10 3 0.000665783
1 1 11 0 2.96951e-05
1 1 11 1 2.96993e-05
1 1 11 2 2.96952e-05
1 1 11 3 0.000689623
1 1 12 0 2.96951e-05
1 1 12 1 0.000626462
1 1 12 2 2.96953e-05
1 1 12 3 0.000629149
1 1 13 0 2.96951e-05
1 1 13 1 0.000710209
1 1 13 2 2.96953e-05
1 1 13 3 0.000639045
1 1 14 0 2.96951e-05
1 1 14 1 2.97434e-05
1 1 14 2 0.000146484
1 1 14 3 0.000690879
1 1 15 0 2.96951e-05
1 1 15 1 0.000321529
1 1 15 2 2.96952e-05
1 1 15 3 0.000626308
1 1 16 0 2.96951e-05
1 1 16 1 2.96952e-05
1 1 16 2 2.96952e-05
1 1 16 3 0.000730111
1 1 17 0 2.96951e-05
1 1 17 1 0.000717386
1 1 17 2 0.000623931
1 1 17 3 0.00119614
1 1 18 0 2.96951e-05
1 1 18 1 0.00105636
1 1 18 2 5.58532e-05
1 1 18 3 0.00141448
1 1 19 0 2.96951e-05
1 1 19 1 0.00190823
1 1 19 2 3.09427e-05
1 1 19 3 0.00143167
1 1 20 0 2.96951e-05
1 1 20 1 0.00143461
1 1 20 2 3.76209e-05
1 1 20 3 0.00246966
1 1 21 0 2.96951e-05
1 1 21 1 0.00291855
1 1 21 2 0.000287286
1 1 21 3 0.00267771
1 1 22 0 2.96951e-05
1 1 22 1 0.0023109
1 1 22 2 7.9361e-05
1 1 22 3 0.00260866
1 1 23 0 2.96951e-05
1 1 23 1 0.00332186
1 1 23 2 0.000158344
1 1 23 3 0.00329207
1 1 24 0 2.97141e-05
1 1 24 1 0.00404411
1 1 24 2 8.81712e-05
1 1 24 3 0.00426943
1 1 25 0 2.97141e-05
1 1 25 1 0.00352361
1 1 25 2 0.000311662
1 1 25 3 0.00452179
1 1 26 0 2.97141e-05
1 1 26 1 0.0030775
1 1 26 2 0.000159696
1 1 26 3 0.00442141
1 1 27 0 2.97141e-05
1 1 27 1 0.00348581
1 1 27 2 9.91886e-05
1 1 27 3 0.00495048
1 1 28 0 2.97141e-05
1 1 28 1 0.00429296
1 1 28 2 8.51621e-05
1 1 28 3 0.00418865
1 1 29 0 2.96951e-05
1 1 29 1 0.00313554
1 1 29 2 8.04792e-05
1 1 29 3 0.00380896
1 1 30 0 2.96951e-05
1 1 30 1 0.0042551
1 1 30 2 5.61179e-05
1 1 30 3 0.00308236
1 1 31 0 2.96951e-05
1 1 31 1 0.00304399
1 1 31 2 7.0728e-05
1 1 31 3 0.00349586
1 1 32 0 2.96951e-05
1 1 32 1 0.00336535
1 1 32 2 9.08895e-05
1 1 32 3 0.0029821
1 1 33 0 2.96951e-05
1 1 33 1 0.00413146
1 1 33 2 9.41266e-05
1 1 33 3 0.00323087
1 1 34 0 2.96951e-05
1 1 34 1 0.00266526
1 1 34 2 5.27523e-05
1 1 34 3 0.00260831
1 1 35 0 2.96951e-05
1 1 35 1 0.00193366
1 1 35 2 7.00204e-05
1 1 35 3 0.00325512
1 1 36 0 2.96951e-05
1 1 36 1 0.00211689
1 1 36 2 6.7167e-05
1 1 36 3 0.00306927
1 1 37 0 2.96951e-05
1 1 37 1 0.00260301
1 1 37 2 7.13574e-05
1 1 37 3 0.00282339
1 1 38 0 2.96951e-05
1 1 38 1 0.00268069
1 1 38 2 6.46993e-05
1 1 38 3 0.0024576
1 1 39 0 2.96951e-05
1 1 39 1 0.00333487
1 1 39 2 7.38352e-05
1 1 39 3 0.00304339
1 1 40 0 2.96951e-05
1 1 40 1 0.00364452
1 1 40 2 5.16682e-05
1 1 40 3 0.00153083
1 1 41 0 2.96951e-05
1 1 41 1 0.00196166
1 1 41 2 0.00106319
1 1 41 3 0.0025525
1 1 42 0 2.96951e-05
1 1 42 1 0.00349059
1 1 42 2 3.74092e-05
1 1 42 3 0.00163341
1 1 43 0 2.96951e-05
1 1 43 1 0.00106334
1 1 43 2 2.96952e-05
1 1 43 3 0.00240258
1 1 44 0 2.96951e-05
1 1 44 1 0.00166761
1 1 44 2 7.60079e-05
1 1 44 3 0.00179684
1 1 45 0 2.96951e-05
1 1 45 1 0.00102694
1 1 45 2 3.52496e-05
1 1 45 3 0.0018033
1 1 46 0 2.96951e-05
1 1 46 1 0.000810157
1 1 46 2 3.606e-05
1 1 46 3 0.001955
1 1 47 0 2.96951e-05
1 1 47 1 0.00145414
1 1 47 2 0.000134188
1 1 47 3 0.0014315
1 2 0 0 2.96951e-05
1 2 0 1 0.000418017
1 2 0 2 4.09185e-05
1 2 0 3 0.0015267
1 2 1 0 2.96951e-05
1 2 1 1 0.00128756
1 2 1 2 0.000155725
1 2 1 3 0.00144039
1 2 2 0 2.96951e-05
1 2 2 1 3.38659e-05
1 2 2 2 2.96952e-05
1 2 2 3 0.00152874
1 2 3 0 2.96951e-05
1 2 3 1 0.000740408
1 2 3 2 0.000285783
1 2 3 3 0.00122802
1 2 4 0 2.96951e-05
1 2 4 1 0.000912244
1 2 4 2 5.66571e-05
1 2 4 3 0.00133047
1 2 5 0 2.96951e-05
1 2 5 1 5.71068e-05
1 2 5 2 2.96952e-05
1 2 5 3 0.00127198
1 2 6 0 2.96951e-05
1 2 6 1 0.000277041
1 2 6 2 3.69235e-05
1 2 6 3 0.00114631
1 2 7 0 2.96951e-05
1 2 7 1 0.000481053
1 2 7 2 3.80573e-05
1 2 7 3 0.00108757
1 2 8 0 2.96951e-05
1 2 8 1 0.00042359
1 2 8 2 0.000453394
1 2 8 3 0.00103796
1 2 9 0 2.96951e-05
1 2 9 1 0.000291084
1 2 9 2 2.96952e-05
1 2 9 3 0.000690798
1 2 10 0 2.96951e-05
1 2 10 1 0.00022348
1 2 10 2 2.96952e-05
1 2 10 3 0.000667877
1 2 11 0 2.96951e-05
1 2 11 1 0.000524574
1 2 11 2 0.000390194
1 2 11 3 0.000658215
1 2 12 0 2.96951e-05
1 2 12 1 0.000289917
1 2 12 2 2.96952e-05
1 2 12 3 0.000781791
1 2 13 0 2.96951e-05
1 2 13 1 3.83053e-05
1 2 13 2 2.96952e-05
1 2 13 3 0.000374168
1 2 14 0 2.96951e-05
1 2 14 1 0.000768486
1 2 14 2 0.000202961
1 2 14 3 0.000716074
1 2 15 0 2.96951e-05
1 2 15 1 0.000735819
1 2 15 2 2.96952e-05
1 2 15 3 0.000505841
1 2 16 0 2.96951e-05
1 2 16 1 0.000768376
1 2 16 2 2.96953e-05
1 2 16 3 0.000733845
1 2 17 0 2.96951e-05
1 2 17 1 0.000564406
1 2 17 2 2.96952e-05
1 2 17 3 0.000627531
1 2 18 0 2.96951e-05
1 2 18 1 0.000636202
1 2 18 2 3.54897e-05
1 2 18 3 0.00101744
1 2 19 0 2.96951e-05
1 2 19 1 0.000915248
1 2 19 2 2.96952e-05
1 2 19 3 0.00138517
1 2 20 0 2.96951e-05
1 2 20 1 0.00122001
1 2 20 2 0.000437963
1 2 20 3 0.0017195
1 2 21 0 2.96951e-05
1 2 21 1 0.00319495
1 2 21 2 6.70213e-05
1 2 21 3 0.00282511
1 2 22 0 2.96951e-05
1 2 22 1 0.00139636
1 2 22 2 5.5207e-05
1 2 22 3 0.00313115
1 2 23 0 2.96951e-05
1 2 23 1 0.00257368
1 2 23 2 6.35164e-05
1 2 23 3 0.00344329
1 2 24 0 2.97141e-05
1 2 24 1 0.00288668
1 2 24 2 0.000283531
1 2 24 3 0.00404125
1 2 25 0 2.96951e-05
1 2 25 1 0.00452242
1 2 25 2 0.00118246
1 2 25 3 0.00351292
1 2 26 0 2.97141e-05
1 2 26 1 0.00310044
1 2 26 2 6.49685e-05
1 2 26 3 0.00430236
1 2 27 0 2.97141e-05
1 2 27 1 0.00443188
1 2 27 2 6.17541e-05
1 2 27 3 0.00358914
1 2 28 0 2.96951e-05
1 2 28 1 0.00503609
1 2 28 2 6.51207e-05
1 2 28 3 0.0034258
1 2 29 0 2.96951e-05
1 2 29 1 0.00296191
1 2 29 2 0.00045364
1 2 29 3 0.00427877
1 2 30 0 2.96951e-05
1 2 30 1 0.00330081
1 2 30 2 7.65996e-05
1 2 30 3 0.00325687
1 2 31 0 2.96951e-05
1 2 31 1 0.00267437
1 2 31 2 8.0146e-05
1 2 31 3 0.00345641
1 2 32 0 2.96951e-05
1 2 32 1 0.00335316
1 2 32 2 6.83864e-05
1 2 32 3 0.00259327
1 2 33 0 2.96951e-05
1 2 33 1 0.00476692
1 2 33 2 0.00124479
1 2 33 3 0.00284255
1 2 34 0 2.96951e-05
1 2 34 1 0.00290315
1 2 34 2 5.03836e-05
1 2 34 3 0.00333779
1 2 35 0 2.96951e-05
1 2 35 1 0.00284625
1 2 35 2 0.0023482
1 2 35 3 0.00191138
1 2 36 0 2.96951e-05
1 2 36 1 0.00246014
1 2 36 2 0.000356739
1 2 36 3 0.00226075
1 2 37 0 2.96951e-05
1 2 37 1 0.0019608
1 2 37 2 0.000883917
1 2 37 3 0.00307227
1 2 38 0 2.96951e-05
1 2 38 1 0.00266313
1 2 38 2 6.4092e-05
1 2 38 3 0.00245758
1 2 39 0 2.96951e-05
1 2 39 1 0.000837405
1 2 39 2 0.0001338
1 2 39 3 0.00274782
1 2 40 0 2.96951e-05
1 2 40 1 0.00169661
1 2 40 2 0.000109142
1 2 40 3 0.00279206
1 2 41 0 2.96951e-05
1 2 41 1 0.00284382
1 2 41 2 4.44412e-05
1 2 41 3 0.0016447
1 2 42 0 2.96951e-05
1 2 42 1 0.00250112
1 2 42 2 0.000422669
1 2 42 3 0.00281572
1 2 43 0 2.96951e-05
1 2 43 1 0.00213123
1 2 43 2 2.96952e-05
1 2 43 3 0.00172747
1 2 44 0 2.96951e-05
1 2 44 1 0.00126681
1 2 44 2 8.70123e-05
1 2 44 3 0.00230173
1 2 45 0 2.96951e-05
1 2 45 1 0.0011426
1 2 45 2 0.000591468
1 2 45 3 0.00193732
1 2 46 0 2.96951e-05
1 2 46 1 0.000686875
1 2 46 2 7.19835e-05
1 2 46 3 0.00188478
1 2 47 0 2.96951e-05
1 2 47 1 0.00166774
1 2 47 2 0.00189103
1 2 47 3 0.00184573
1 3 0 0 2.96951e-05
1 3 0 1 0.000670305
1 3 0 2 2.96953e-05
1 3 0 3 0.00213837
1 3 1 0 2.96951e-05
1 3 1 1 0.00150246
1 3 1 2 0.000935786
1 3 1 3 0.00170607
1 3 2 0 2.96951e-05
1 3 2 1 0.000823973
1 3 2 2 4.31447e-05
1 3 2 3 0.00149032
1 3 3 0 2.96951e-05
1 3 3 1 0.00114585
1 3 3 2 7.66896e-05
1 3 3 3 0.00145477
1 3 4 0 2.96951e-05
1 3 4 1 0.000649787
1 3 4 2 2.96952e-05
1 3 4 3 0.0010161
1 3 5 0 2.96951e-05
1 3 5 1 0.00116265
1 3 5 2 5.03306e-05
1 3 5 3 0.00125848
1 3 6 0 2.96951e-05
1 3 6 1 0.000609858
1 3 6 2 0.000598313
1 3 6 3 0.00142505
1 3 7 0 2.96951e-05
1 3 7 1 0.00063666
1 3 7 2 2.96952e-05
1 3 7 3 0.000721421
1 3 8 0 2.96951e-05
1 3 8 1 5.10377e-05
1 3 8 2 2.96952e-05
1 3 8 3 0.00135388
1 3 9 0 2.96951e-05
1 3 9 1 0.000276127
1 3 9 2 2.96952e-05
1 3 9 3 0.000823094
1 3 10 0 2.96951e-05
1 3 10 1 0.000755777
1 3 10 2 3.36202e-05
1 3 10 3 0.00104274
1 3 11 0 2.96951e-05
1 3 11 1 2.96952e-05
1 3 11 2 3.28275e-05
1 3 11 3 0.000962621
1 3 12 0 2.96951e-05
1 3 12 1 9.6836e-05
1 3 12 2 2.96952e-05
1 3 12 3 0.000657185
1 3 13 0 2.96951e-05
1 3 13 1 0.0003863
1 3 13 2 2.96952e-05
1 3 13 3 0.000625616
1 3 14 0 2.96951e-05
1 3 14 1 0.000110458
1 3 14 2 2.96953e-05
1 3 14 3 0.000668097
1 3 15 0 2.96951e-05
1 3 15 1 0.000625598
1 3 15 2 0.00133384
1 3 15 3 0.000477493
1 3 16 0 2.96951e-05
1 3 16 1 0.00144149
1 3 16 2 2.96952e-05
1 3 16 3 0.000611287
1 3 17 0 2.96951e-05
1 3 17 1 0.001084
1 3 17 2 0.000105981
1 3 17 3 0.0011351
1 3 18 0 2.96951e-05
1 3 18 1 0.00260298
1 3 18 2 0.000772674
1 3 18 3 0.000684121
1 3 19 0 2.96951e-05
1 3 19 1 0.00133494
1 3 19 2 0.0017577
1 3 19 3 0.00145564
1 3 20 0 2.96951e-05
1 3 20 1 0.00058458
1 3 20 2 3.83412e-05
1 3 20 3 0.00226267
1 3 21 0 2.96951e-05
1 3 21 1 0.00349157
1 3 21 2 6.47667e-05
1 3 21 3 0.00256391
1 3 22 0 2.96951e-05
1 3 22 1 0.00187785
1 3 22 2 7.65881e-05
1 3 22 3 0.00254499
1 3 23 0 2.96951e-05
1 3 23 1 0.00210674
1 3 23 2 5.6574e-05
1 3 23 3 0.00323867
1 3 24 0 2.96951e-05
1 3 24 1 0.00432592
1 3 24 2 0.000441902
1 3 24 3 0.00377911
1 3 25 0 2.96951e-05
1 3 25 1 0.00327555
1 3 25 2 6.89134e-05
1 3 25 3 0.00436214
1 3 26 0 2.96951e-05
1 3 26 1 0.00328685
1 3 26 2 6.54143e-05
1 3 26 3 0.00368365
1 3 27 0 2.96951e-05
1 3 27 1 0.00539142
1 3 27 2 7.43523e-05
1 3 27 3 0.00371226
1 3 28 0 2.96951e-05
1 3 28 1 0.00443431
1 3 28 2 0.000420007
1 3 28 3 0.00361553
1 3 29 0 2.97141e-05
1 3 29 1 0.00342108
1 3 29 2 8.57119e-05
1 3 29 3 0.00421899
1 3 30 0 2.96951e-05
1 3 30 1 0.00207759
1 3 30 2 7.86826e-05
1 3 30 3 0.00317177
1 3 31 0 2.96951e-05
1 3 31 1 0.00296933
1 3 31 2 8.14421e-05
1 3 31 3 0.00326512
1 3 32 0 2.96951e-05
1 3 32 1 0.00185268
1 3 32 2 6.81124e-05
1 3 32 3 0.00355655
1 3 33 0 2.96951e-05
1 3 33 1 0.00230354
1 3 33 2 8.76606e-05
1 3 33 3 0.00287554
1 3 34 0 2.96951e-05
1 3 34 1 0.0019406
1 3 34 2 6.55751e-05
1 3 34 3 0.00246169
1 3 35 0 2.96951e-05
1 3 35 1 0.000702378
1 3 35 2 6.67083e-05
1 3 35 3 0.00271281
1 3 36 0 2.96951e-05
1 3 36 1 0.00255525
1 3 36 2 2.96952e-05
1 3 36 3 0.00212138
1 3 37 0 2.96951e-05
1 3 37 1 0.0014188
1 3 37 2 9.3285e-05
1 3 37 3 0.00238048
1 3 38 0 2.96951e-05
1 3 38 1 0.000261054
1 3 38 2 0.00159006
1 3 38 3 0.00165386
1 3 39 0 2.96951e-05
1 3 39 1 0.00260925
1 3 39 2 7.78775e-05
1 3 39 3 0.00201041
1 3 40 0 2.96951e-05
1 3 40 1 0.00141608
1 3 40 2 0.000176416
1 3 40 3 0.00248011
1 3 41 0 2.96951e-05
1 3 41 1 0.00548034
1 3 41 2 6.0854e-05
1 3 41 3 0.00143785
1 3 42 0 2.96951e-05
1 3 42 1 0.00154686
1 3 42 2 3.12342e-05
1 3 42 3 0.00246984
1 3 43 0 2.96951e-05
1 3 43 1 0.00218537
1 3 43 2 0.000333874
1 3 43 3 0.00169596
1 3 44 0 2.96951e-05
1 3 44 1 0.000756544
1 3 44 2 8.95365e-05
1 3 44 3 0.00181622
1 3 45 0 2.96951e-05
1 3 45 1 2.96951e-05
1 3 45 2 5.99989e-05
1 3 45 3 0.00205147
1 3 46 0 2.96951e-05
1 3 46 1 0.000815962
1 3 46 2 5.90139e-05
1 3 46 3 0.00145068
1 3 47 0 2.96951e-05
1 3 47 1 0.000372248
1 3 47 2 5.22845e-05
1 3 47 3 0.00150396
1 4 0 0 2.96951e-05
1 4 0 1 0.000873124
1 4 0 2 2.96953e-05
1 4 0 3 0.00143154
1 4 1 0 2.96951e-05
1 4 1 1 0.00132553
1 4 1 2 4.3746e-05
1 4 1 3 0.00082526
1 4 2 0 2.96951e-05
1 4 2 1 0.000567186
1 4 2 2 2.96952e-05
1 4 2 3 0.00144116
1 4 3 0 2.96951e-05
1 4 3 1 0.00132249
1 4 3 2 0.000716696
1 4 3 3 0.000971652
1 4 4 0 2.96951e-05
1 4 4 1 2.96952e-05
1 4 4 2 3.25895e-05
1 4 4 3 0.00133028
1 4 5 0 2.96951e-05
1 4 5 1 0.00104268
1 4 5 2 2.96952e-05
1 4 5 3 0.000626053
1 4 6 0 2.96951e-05
1 4 6 1 5.71068e-05
1 4 6 2 0.00056965
1 4 6 3 0.00121124
1 4 7 0 2.96951e-05
1 4 7 1 0.000858244
1 4 7 2 0.000132341
1 4 7 3 0.00075781
1 4 8 0 2.96951e-05
1 4 8 1 0.000489095
1 4 8 2 2.96952e-05
1 4 8 3 0.00101644
1 4 9 0 2.96951e-05
1 4 9 1 0.000800608
1 4 9 2 2.96952e-05
1 4 9 3 0.000773324
1 4 10 0 2.96951e-05
1 4 10 1 0.00111728
1 4 10 2 4.16339e-05
1 4 10 3 0.000625826
1 4 11 0 2.96951e-05
1 4 11 1 0.000512619
1 4 11 2 2.96952e-05
1 4 11 3 0.000817744
1 4 12 0 2.96951e-05
1 4 12 1 0.000392869
1 4 12 2 0.000243438
1 4 12 3 0.000619997
1 4 13 0 2.96951e-05
1 4 13 1 0.00039055
1 4 13 2 0.000793783
1 4 13 3 0.000468504
1 4 14 0 2.96951e-05
1 4 14 1 3.83051e-05
1 4 14 2 2.96952e-05
1 4 14 3 0.000546993
1 4 15 0 2.96951e-05
1 4 15 1 3.83053e-05
1 4 15 2 0.000263648
1 4 15 3 0.000537293
1 4 16 0 2.96951e-05
1 4 16 1 0.000535934
1 4 16 2 2.96952e-05
1 4 16 3 0.000662999
1 4 17 0 2.96951e-05
1 4 17 1 0.000984952
1 4 17 2 5.4686e-05
1 4 17 3 0.000874609
1 4 18 0 2.96951e-05
1 4 18 1 0.00190465
1 4 18 2 7.32646e-05
1 4 18 3 0.00110716
1 4 19 0 2.96951e-05
1 4 19 1 0.00133824
1 4 19 2 5.8749e-05
1 4 19 3 0.00142448
1 4 20 0 2.96951e-05
1 4 20 1 0.00166918
1 4 20 2 0.00162793
1 4 20 3 0.00206538
1 4 21 0 2.96951e-05
1 4 21 1 0.00492021
1 4 21 2 0.000249218
1 4 21 3 0.00178954
1 4 22 0 2.96951e-05
1 4 22 1 0.00281644
1 4 22 2 0.000107534
1 4 22 3 0.00337777
1 4 23 0 2.96951e-05
1 4 23 1 0.00324375
1 4 23 2 7.29909e-05
1 4 23 3 0.00359012
1 4 24 0 2.96951e-05
1 4 24 1 0.00264923
1 4 24 2 6.97042e-05
1 4 24 3 0.00403089
1 4 25 0 2.96951e-05
1 4 25 1 0.0048959
1 4 25 2 6.84965e-05
1 4 25 3 0.00334445
1 4 26 0 2.97141e-05
1 4 26 1 0.0053834
1 4 26 2 8.33762e-05
1 4 26 3 0.00426545
1 4 27 0 2.97141e-05
1 4 27 1 0.0031858
1 4 27 2 0.000397955
1 4 27 3 0.00489657
1 4 28 0 2.97141e-05
1 4 28 1 0.00293436
1 4 28 2 8.2002e-05
1 4 28 3 0.00460227
1 4 29 0 2.96951e-05
1 4 29 1 0.00399349
1 4 29 2 6.95399e-05
1 4 29 3 0.00388694
1 4 30 0 2.96951e-05
1 4 30 1 0.00312535
1 4 30 2 6.92186e-05
1 4 30 3 0.00356236
1 4 31 0 2.96951e-05
1 4 31 1 0.00373373
1 4 31 2 7.72819e-05
1 4 31 3 0.00338155
1 4 32 0 2.96951e-05
1 4 32 1 0.00340964
1 4 32 2 6.8051e-05
1 4 32 3 0.00265056
1 4 33 0 2.96951e-05
1 4 33 1 0.00273958
1 4 33 2 6.05728e-05
1 4 33 3 0.00321871
1 4 34 0 2.96951e-05
1 4 34 1 0.00318977
1 4 34 2 0.000102879
1 4 34 3 0.0023192
1 4 35 0 2.96951e-05
1 4 35 1 0.00284844
1 4 35 2 6.48806e-05
1 4 35 3 0.00309504
1 4 36 0 2.96951e-05
1 4 36 1 0.00229701
1 4 36 2 0.000432124
1 4 36 3 0.00269782
1 4 37 0 2.96951e-05
1 4 37 1 0.00172119
1 4 37 2 6.91613e-05
1 4 37 3 0.00317858
1 4 38 0 2.96951e-05
1 4 38 1 0.00367798
1 4 38 2 6.3588e-05
1 4 38 3 0.00283092
1 4 39 0 2.96951e-05
1 4 39 1 0.00325235
1 4 39 2 2.96952e-05
1 4 39 3 0.00184449
1 4 40 0 2.96951e-05
1 4 40 1 0.00243121
1 4 40 2 4.02836e-05
1 4 40 3 0.00219724
1 4 41 0 2.96951e-05
1 4 41 1 0.00404146
1 4 41 2 4.55737e-05
1 4 41 3 0.00222135
1 4 42 0 2.96951e-05
1 4 42 1 0.00237522
1 4 42 2 6.59989e-05
1 4 42 3 0.00252898
1 4 43 0 2.96951e-05
1 4 43 1 0.00226006
1 4 43 2 0.00115978
1 4 43 3 0.00200772
1 4 44 0 2.96951e-05
1 4 44 1 0.000515212
1 4 44 2 0.00136678
1 4 44 3 0.00209404
1 4 45 0 2.96951e-05
1 4 45 1 0.00149847
1 4 45 2 0.00231465
1 4 45 3 0.00194016
1 4 46 0 3.00527e-05
1 4 46 1 0.00164835
1 4 46 2 5.28751e-05
1 4 46 3 0.00174246
1 4 47 0 2.96951e-05
1 4 47 1 0.00111854
1 4 47 2 4.8482e-05
1 4 47 3 0.00185285
1 5 0 0 2.96951e-05
1 5 0 1 0.00111116
1 5 0 2 3.17935e-05
1 5 0 3 0.0015162
1 5 1 0 2.96951e-05
1 5 1 1 0.00113071
1 5 1 2 6.02013e-05
1 5 1 3 0.00145866
1 5 2 0 2.96951e-05
1 5 2 1 0.000669887
1 5 2 2 4.76881e-05
1 5 2 3 0.00153306
1 5 3 0 2.96951e-05
1 5 3 1 0.00126788
1 5 3 2 0.000280757
1 5 3 3 0.00123362
1 5 4 0 2.96951e-05
1 5 4 1 0.00100114
1 5 4 2 2.96952e-05
1 5 4 3 0.00142767
1 5 5 0 2.96951e-05
1 5 5 1 0.000867421
1 5 5 2 4.72072e-05
1 5 5 3 0.00142679
1 5 6 0 2.96951e-05
1 5 6 1 0.00143077
1 5 6 2 5.7089e-05
1 5 6 3 0.00143986
1 5 7 0 2.96951e-05
1 5 7 1 0.000571324
1 5 7 2 2.96952e-05
1 5 7 3 0.00142751
1 5 8 0 2.96951e-05
1 5 8 1 0.00161422
1 5 8 2 2.96952e-05
1 5 8 3 0.00128264
1 5 9 0 2.96951e-05
1 5 9 1 0.000557695
1 5 9 2 2.96952e-05
1 5 9 3 0.00102552
1 5 10 0 2.96951e-05
1 5 10 1 6.68109e-05
1 5 10 2 3.95195e-05
1 5 10 3 0.00120162
1 5 11 0 2.96951e-05
1 5 11 1 0.00106203
1 5 11 2 2.96952e-05
1 5 11 3 0.000971532
1 5 12 0 2.96951e-05
1 5 12 1 0.00240805
1 5 12 2 2.96952e-05
1 5 12 3 0.000828432
1 5 13 0 2.96951e-05
1 5 13 1 0.00116799
1 5 13 2 6.16831e-05
1 5 13 3 0.000625486
1 5 14 0 2.96951e-05
1 5 14 1 0.00201361
1 5 14 2 2.96953e-05
1 5 14 3 0.000622065
1 5 15 0 2.96951e-05
1 5 15 1 0.00103384
1 5 15 2 2.96952e-05
1 5 15 3 0.000591383
1 5 16 0 2.96951e-05
1 5 16 1 0.00161881
1 5 16 2 0.000133962
1 5 16 3 0.000910654
1 5 17 0 2.96951e-05
1 5 17 1 0.0017073
1 5 17 2 0.000233253
1 5 17 3 0.000851606
1 5 18 0 2.96951e-05
1 5 18 1 0.0021497
1 5 18 2 3.15159e-05
1 5 18 3 0.00143636
1 5 19 0 2.96951e-05
1 5 19 1 0.00145278
1 5 19 2 0.00140179
1 5 19 3 0.00141173
1 5 20 0 2.96951e-05
1 5 20 1 0.000838909
1 5 20 2 0.000298974
1 5 20 3 0.00244341
1 5 21 0 2.96951e-05
1 5 21 1 0.00234597
1 5 21 2 4.07449e-05
1 5 21 3 0.00157779
1 5 22 0 2.96951e-05
1 5 22 1 0.0025293
1 5 22 2 7.11659e-05
1 5 22 3 0.0026041
1 5 23 0 2.96951e-05
1 5 23 1 0.0016042
1 5 23 2 0.000108961
1 5 23 3 0.00347974
1 5 24 0 2.96951e-05
1 5 24 1 0.00135995
1 5 24 2 8.84663e-05
1 5 24 3 0.00410554
1 5 25 0 2.97141e-05
1 5 25 1 0.00270803
1 5 25 2 0.000120116
1 5 25 3 0.00359323
1 5 26 0 2.96951e-05
1 5 26 1 0.000400163
1 5 26 2 0.000351284
1 5 26 3 0.00438327
1 5 27 0 2.96951e-05
1 5 27 1 0.00360699
1 5 27 2 0.000812957
1 5 27 3 0.00297831
1 5 28 0 2.96951e-05
1 5 28 1 0.00208169
1 5 28 2 0.000748255
1 5 28 3 0.0036366
1 5 29 0 2.97141e-05
1 5 29 1 0.00173483
1 5 29 2 9.18558e-05
1 5 29 3 0.00483914
1 5 30 0 2.96951e-05
1 5 30 1 0.00179771
1 5 30 2 0.000178481
1 5 30 3 0.00337434
1 5 31 0 2.96951e-05
1 5 31 1 0.00439406
1 5 31 2 6.77453e-05
1 5 31 3 0.00269415
1 5 32 0 2.96951e-05
1 5 32 1 0.00119243
1 5 32 2 5.90957e-05
1 5 32 3 0.00348567
1 5 33 0 2.96951e-05
1 5 33 1 0.00213547
1 5 33 2 7.411e-05
1 5 33 3 0.00377179
1 5 34 0 2.96951e-05
1 5 34 1 0.00195504
1 5 34 2 7.00729e-05
1 5 34 3 0.00298628
1 5 35 0 2.96951e-05
1 5 35 1 0.00316821
1 5 35 2 6.82901e-05
1 5 35 3 0.00309875
1 5 36 0 2.96951e-05
1 5 36 1 0.00147178
1 5 36 2 7.11849e-05
1 5 36 3 0.00319815
1 5 37 0 2.96951e-05
1 5 37 1 0.00170168
1 5 37 2 6.33278e-05
1 5 37 3 0.00260613
1 5 38 0 2.96951e-05
1 5 38 1 0.0010399
1 5 38 2 2.96952e-05
1 5 38 3 0.00240886
1 5 39 0 2.96951e-05
1 5 39 1 0.000795944
1 5 39 2 3.98413e-05
1 5 39 3 0.00247261
1 5 40 0 2.96951e-05
1 5 40 1 0.000586357
1 5 40 2 0.000451459
1 5 40 3 0.00214597
1 5 41 0 2.96951e-05
1 5 41 1 0.00181555
1 5 41 2 0.00138507
1 5 41 3 0.00242143
1 5 42 0 2.96951e-05
1 5 42 1 0.00106665
1 5 42 2 0.000180958
1 5 42 3 0.00214649
1 5 43 0 2.96951e-05
1 5 43 1 0.00210933
1 5 43 2 6.95172e-05
1 5 43 3 0.00208817
1 5 44 0 2.96951e-05
1 5 44 1 0.00240909
1 5 44 2 0.000180606
1 5 44 3 0.00144462
1 5 45 0 2.96951e-05
1 5 45 1 0.0017516
1 5 45 2 0.000105707
1 5 45 3 0.00146383
1 5 46 0 2.96951e-05
1 5 46 1 0.00220967
1 5 46 2 3.66006e-05
1 5 46 3 0.00167366
1 5 47 0 2.96951e-05
1 5 47 1 0.000755411
1 5 47 2 0.000249947
1 5 47 3 0.00174824
1 6 0 0 3.00527e-05
1 6 0 1 0.00147996
1 6 0 2 0.0011646
1 6 0 3 0.00173643
1 6 1 0 2.96951e-05
1 6 1 1 0.00168359
1 6 1 2 0.000437981
1 6 1 3 0.00144402
1 6 2 0 2.96951e-05
1 6 2 1 0.000538386
1 6 2 2 0.000395989
1 6 2 3 0.00149882
1 6 3 0 2.96951e-05
1 6 3 1 0.00106516
1 6 3 2 0.000648441
1 6 3 3 0.00145662
1 6 4 0 2.96951e-05
1 6 4 1 0.00109132
1 6 4 2 0.000442747
1 6 4 3 0.00124394
1 6 5 0 2.96951e-05
1 6 5 1 0.000493439
1 6 5 2 4.01826e-05
1 6 5 3 0.00152766
1 6 6 0 2.96951e-05
1 6 6 1 0.00102421
1 6 6 2 5.08744e-05
1 6 6 3 0.00141276
1 6 7 0 2.96951e-05
1 6 7 1 0.00108428
1 6 7 2 5.55355e-05
1 6 7 3 0.00144272
1 6 8 0 2.96951e-05
1 6 8 1 0.000799746
1 6 8 2 2.96952e-05
1 6 8 3 0.00103912
1 6 9 0 2.96951e-05
1 6 9 1 0.000837464
1 6 9 2 3.61465e-05
1 6 9 3 0.00143638
1 6 10 0 2.96951e-05
1 6 10 1 0.00161747
1 6 10 2 3.28756e-05
1 6 10 3 0.00111771
1 6 11 0 2.96951e-05
1 6 11 1 0.0022182
1 6 11 2 4.4612e-05
1 6 11 3 0.000621049
1 6 12 0 2.96951e-05
1 6 12 1 0.00103385
1 6 12 2 2.96952e-05
1 6 12 3 0.00120145
1 6 13 0 2.96951e-05
1 6 13 1 0.00172625
1 6 13 2 2.96952e-05
1 6 13 3 0.000623553
1 6 14 0 2.96951e-05
1 6 14 1 0.00129357
1 6 14 2 8.13135e-05
1 6 14 3 0.000805659
1 6 15 0 2.96951e-05
1 6 15 1 0.000194635
1 6 15 2 3.90912e-05
1 6 15 3 0.000690121
1 6 16 0 2.96951e-05
1 6 16 1 0.00145292
1 6 16 2 0.00040793
1 6 16 3 0.00086405
1 6 17 0 2.96951e-05
1 6 17 1 0.000965879
1 6 17 2 2.96953e-05
1 6 17 3 0.00112673
1 6 18 0 3.03209e-05
1 6 18 1 0.00189655
1 6 18 2 2.96952e-05
1 6 18 3 0.00111502
1 6 19 0 2.96951e-05
1 6 19 1 0.00200137
1 6 19 2 0.00103479
1 6 19 3 0.00144277
1 6 20 0 2.96951e-05
1 6 20 1 0.00168585
1 6 20 2 2.96952e-05
1 6 20 3 0.00145481
1 6 21 0 2.96951e-05
1 6 21 1 0.00188646
1 6 21 2 0.00101893
1 6 21 3 0.00148945
1 6 22 0 2.99633e-05
1 6 22 1 0.00232525
1 6 22 2 9.94236e-05
1 6 22 3 0.00217967
1 6 23 0 2.96951e-05
1 6 23 1 0.00152105
1 6 23 2 4.06337e-05
1 6 23 3 0.00263578
1 6 24 0 2.96951e-05
1 6 24 1 0.00136167
1 6 24 2 8.86473e-05
1 6 24 3 0.00267144
1 6 25 0 2.96951e-05
1 6 25 1 0.00220539
1 6 25 2 6.97431e-05
1 6 25 3 0.00383818
1 6 26 0 2.96951e-05
1 6 26 1 0.000494138
1 6 26 2 0.00167704
1 6 26 3 0.00375935
1 6 27 0 2.96951e-05
1 6 27 1 0.000613067
1 6 27 2 6.83356e-05
1 6 27 3 0.0041881
1 6 28 0 2.96951e-05
1 6 28 1 0.00162164
1 6 28 2 6.41719e-05
1 6 28 3 0.00365193
1 6 29 0 2.96951e-05
1 6 29 1 0.000366808
1 6 29 2 7.08385e-05
1 6 29 3 0.00412166
1 6 30 0 2.96951e-05
1 6 30 1 0.00205984
1 6 30 2 6.24292e-05
1 6 30 3 0.00286119
1 6 31 0 2.96951e-05
1 6 31 1 0.00210795
1 6 31 2 6.51042e-05
1 6 31 3 0.00366245
1 6 32 0 2.96951e-05
1 6 32 1 0.00115137
1 6 32 2 5.69225e-05
1 6 32 3 0.00364351
1 6 33 0 2.96951e-05
1 6 33 1 0.00213525
1 6 33 2 9.27305e-05
1 6 33 3 0.00263162
1 6 34 0 2.96951e-05
1 6 34 1 0.00230036
1 6 34 2 6.27179e-05
1 6 34 3 0.00256682
1 6 35 0 2.96951e-05
1 6 35 1 0.000632595
1 6 35 2 0.00120119
1 6 35 3 0.00239164
1 6 36 0 2.96951e-05
1 6 36 1 0.00298022
1 6 36 2 6.39339e-05
1 6 36 3 0.00281122
1 6 37 0 2.96951e-05
1 6 37 1 0.00188217
1 6 37 2 0.000475615
1 6 37 3 0.00205653
1 6 38 0 2.96951e-05
1 6 38 1 0.000624614
1 6 38 2 7.14852e-05
1 6 38 3 0.00220206
1 6 39 0 2.96951e-05
1 6 39 1 0.0015038
1 6 39 2 5.39124e-05
1 6 39 3 0.00228313
1 6 40 0 2.96951e-05
1 6 40 1 0.00103954
1 6 40 2 3.89491e-05
1 6 40 3 0.00203929
1 6 41 0 2.96951e-05
1 6 41 1 0.00127612
1 6 41 2 3.95776e-05
1 6 41 3 0.002032
1 6 42 0 2.96951e-05
1 6 42 1 0.0011658
1 6 42 2 0.000249777
1 6 42 3 0.00180645
1 6 43 0 2.96951e-05
1 6 43 1 0.00181694
1 6 43 2 0.000834152
1 6 43 3 0.00157754
1 6 44 0 2.96951e-05
1 6 44 1 0.00166457
1 6 44 2 4.4618e-05
1 6 44 3 0.00144446
1 6 45 0 2.96951e-05
1 6 45 1 0.000784248
1 6 45 2 3.13812e-05
1 6 45 3 0.00148672
1 6 46 0 2.96951e-05
1 6 46 1 0.000863872
1 6 46 2 2.96952e-05
1 6 46 3 0.00143961
1 6 47 0 2.96951e-05
1 6 47 1 0.00061204
1 6 47 2 3.51935e-05
1 6 47 3 0.00104953
2 0 0 0 2.97141e-05
2 0 0 1 0.00229081
2 0 0 2 7.88618e-05
2 0 0 3 0.00424941
2 0 1 0 2.96951e-05
2 0 1 1 0.000786878
2 0 1 2 8.2105e-05
2 0 1 3 0.00412971
2 0 2 0 2.97141e-05
2 0 2 1 0.000112562
2 0 2 2 0.000230643
2 0 2 3 0.00448329
2 0 3 0 2.96951e-05
2 0 3 1 0.00174401
2 0 3 2 6.72488e-05
2 0 3 3 0.00336174
2 0 4 0 2.96951e-05
2 0 4 1 0.0013689
2 0 4 2 0.000816903
2 0 4 3 0.003298
2 0 5 0 2.96951e-05
2 0 5 1 0.00095027
2 0 5 2 7.45291e-05
2 0 5 3 0.00333747
2 0 6 0 2.96951e-05
2 0 6 1 0.000249382
2 0 6 2 6.35391e-05
2 0 6 3 0.00394252
2 0 7 0 2.96951e-05
2 0 7 1 0.00062877
2 0 7 2 4.80853e-05
2 0 7 3 0.00231002
2 0 8 0 2.96951e-05
2 0 8 1 0.000606629
2 0 8 2 0.000308513
2 0 8 3 0.00257895
2 0 9 0 2.96951e-05
2 0 9 1 0.00100127
2 0 9 2 6.46418e-05
2 0 9 3 0.00248825
2 0 10 0 2.96951e-05
2 0 10 1 0.00163927
2 0 10 2 0.000127443
2 0 10 3 0.0014573
2 0 11 0 3.03209e-05
2 0 11 1 5.71068e-05
2 0 11 2 0.000274978
2 0 11 3 0.00150667
2 0 12 0 2.96951e-05
2 0 12 1 0.00125014
2 0 12 2 0.000569822
2 0 12 3 0.00207157
2 0 13 0 2.96951e-05
2 0 13 1 0.00101112
2 0 13 2 0.00113139
2 0 13 3 0.00145149
2 0 14 0 2.96951e-05
2 0 14 1 0.000803001
2 0 14 2 2.96952e-05
2 0 14 3 0.00152888
2 0 15 0 2.96951e-05
2 0 15 1 0.000697575
2 0 15 2 0.000686125
2 0 15 3 0.00151051
2 0 16 0 2.96951e-05
2 0 16 1 0.00139956
2 0 16 2 2.96952e-05
2 0 16 3 0.00144401
2 0 17 0 2.96951e-05
2 0 17 1 0.00205217
2 0 17 2 3.30119e-05
2 0 17 3 0.00187651
2 0 18 0 2.96951e-05
2 0 18 1 0.00299641
2 0 18 2 8.00884e-05
2 0 18 3 0.00341658
2 0 19 0 2.97141e-05
2 0 19 1 0.0037775
2 0 19 2 0.00126533
2 0 19 3 0.00488667
2 0 20 0 2.97141e-05
2 0 20 1 0.00467855
2 0 20 2 0.00386643
2 0 20 3 0.00485925
2 0 21 0 3.1376e-05
2 0 21 1 0.00248281
2 0 21 2 0.000142874
2 0 21 3 0.00664099
2 0 22 0 4.21623e-05
2 0 22 1 0.00683337
2 0 22 2 0.000178185
2 0 22 3 0.00724409
2 0 23 0 4.1185e-05
2 0 23 1 0.00842996
2 0 23 2 7.47727e-05
2 0 23 3 0.00798906
2 0 24 0 5.0459e-05
2 0 24 1 0.00846013
2 0 24 2 8.6242e-05
2 0 24 3 0.00863067
2 0 25 0 4.8691e-05
2 0 25 1 0.00737512
2 0 25 2 9.02306e-05
2 0 25 3 0.00885352
2 0 26 0 4.38586e-05
2 0 26 1 0.00469335
2 0 26 2 0.000105532
2 0 26 3 0.00919492
2 0 27 0 5.92227e-05
2 0 27 1 0.00954276
2 0 27 2 0.000209774
2 0 27 3 0.0101249
2 0 28 0 4.7955e-05
2 0 28 1 0.00603821
2 0 28 2 8.47594e-05
2 0 28 3 0.00976887
2 0 29 0 5.1152e-05
2 0 29 1 0.0075712
2 0 29 2 0.000103409
2 0 29 3 0.00960754
2 0 30 0 4.56551e-05
2 0 30 1 0.0059491
2 0 30 2 9.58853e-05
2 0 30 3 0.00851038
2 0 31 0 4.45555e-05
2 0 31 1 0.00801195
2 0 31 2 0.000327874
2 0 31 3 0.00766218
2 0 32 0 4.18488e-05
2 0 32 1 0.00774267
2 0 32 2 0.00016323
2 0 32 3 0.00762977
2 0 33 0 4.81757e-05
2 0 33 1 0.00587668
2 0 33 2 0.000190217
2 0 33 3 0.0085794
2 0 34 0 3.10065e-05
2 0 34 1 0.00569437
2 0 34 2 0.000379146
2 0 34 3 0.00661008
2 0 35 0 3.36405e-05
2 0 35 1 0.00567811
2 0 35 2 0.000133249
2 0 35 3 0.0062592
2 0 36 0 2.97141e-05
2 0 36 1 0.00504418
2 0 36 2 0.000103309
2 0 36 3 0.00642042
2 0 37 0 3.65217e-05
2 0 37 1 0.00319077
2 0 37 2 0.000183708
2 0 37 3 0.00728598
2 0 38 0 3.9651e-05
2 0 38 1 0.0074468
2 0 38 2 0.000106726
2 0 38 3 0.0067046
2 0 39 0 3.29416e-05
2 0 39 1 0.00452222
2 0 39 2 8.12399e-05
2 0 39 3 0.00649326
2 0 40 0 3.01778e-05
2 0 40 1 0.0063104
2 0 40 2 6.35222e-05
2 0 40 3 0.00619769
2 0 41 0 3.25525e-05
2 0 41 1 0.00443666
2 0 41 2 6.75736e-05
2 0 41 3 0.00667368
2 0 42 0 2.97141e-05
2 0 42 1 0.00523466
2 0 42 2 7.74474e-05
2 0 42 3 0.00562106
2 0 43 0 2.97141e-05
2 0 43 1 0.00414406
2 0 43 2 8.49352e-05
2 0 43 3 0.00631063
2 0 44 0 2.97141e-05
2 0 44 1 0.00152979
2 0 44 2 0.000110471
2 0 44 3 0.00574644
2 0 45 0 2.97141e-05
2 0 45 1 0.00125683
2 0 45 2 7.41065e-05
2 0 45 3 0.00534961
2 0 46 0 2.97141e-05
2 0 46 1 0.00117845
2 0 46 2 9.37995e-05
2 0 46 3 0.00534143
2 0 47 0 2.96951e-05
2 0 47 1 0.00161253
2 0 47 2 6.42352e-05
2 0 47 3 0.00424416
2 1 0 0 2.97141e-05
2 1 0 1 0.00411926
2 1 0 2 6.40002e-05
2 1 0 3 0.00455491
2 1 1 0 2.97141e-05
2 1 1 1 0.00180263
2 1 1 2 0.00131996
2 1 1 3 0.00412852
2 1 2 0 2.97141e-05
2 1 2 1 0.00074499
2 1 2 2 7.38862e-05
2 1 2 3 0.00441105
2 1 3 0 2.96951e-05
2 1 3 1 0.00172381
2 1 3 2 0.00129071
2 1 3 3 0.00368669
2 1 4 0 2.96951e-05
2 1 4 1 0.00162847
2 1 4 2 7.46151e-05
2 1 4 3 0.00324274
2 1 5 0 2.96951e-05
2 1 5 1 0.000947584
2 1 5 2 9.0544e-05
2 1 5 3 0.00350334
2 1 6 0 2.96951e-05
2 1 6 1 0.000949585
2 1 6 2 0.000917253
2 1 6 3 0.00217664
2 1 7 0 2.97225e-05
2 1 7 1 8.1069e-05
2 1 7 2 0.000578616
2 1 7 3 0.00312988
2 1 8 0 2.96951e-05
2 1 8 1 0.000700018
2 1 8 2 4.7478e-05
2 1 8 3 0.00181709
2 1 9 0 2.96951e-05
2 1 9 1 0.000884061
2 1 9 2 2.96952e-05
2 1 9 3 0.00187904
2 1 10 0 2.96951e-05
2 1 10 1 0.000816456
2 1 10 2 2.96953e-05
2 1 10 3 0.00142146
2 1 11 0 2.96951e-05
2 1 11 1 0.000439485
2 1 11 2 5.39179e-05
2 1 11 3 0.00151534
2 1 12 0 2.96951e-05
2 1 12 1 2.96951e-05
2 1 12 2 0.000397882
2 1 12 3 0.00149452
2 1 13 0 2.96951e-05
2 1 13 1 2.96952e-05
2 1 13 2 2.96953e-05
2 1 13 3 0.0014988
2 1 14 0 2.96951e-05
2 1 14 1 0.00024845
2 1 14 2 0.000511342
2 1 14 3 0.00144729
2 1 15 0 2.96951e-05
2 1 15 1 0.000484494
2 1 15 2 2.96952e-05
2 1 15 3 0.00120242
2 1 16 0 2.96951e-05
2 1 16 1 0.00250606
2 1 16 2 3.70904e-05
2 1 16 3 0.00137016
2 1 17 0 2.96951e-05
2 1 17 1 0.000711395
2 1 17 2 0.00210769
2 1 17 3 0.00170989
2 1 18 0 2.96951e-05
2 1 18 1 0.00113511
2 1 18 2 6.8234e-05
2 1 18 3 0.00326457
2 1 19 0 2.96951e-05
2 1 19 1 0.00384764
2 1 19 2 5.80506e-05
2 1 19 3 0.00353377
2 1 20 0 2.97141e-05
2 1 20 1 0.00384282
2 1 20 2 7.73338e-05
2 1 20 3 0.00425016
2 1 21 0 2.97141e-05
2 1 21 1 0.00410601
2 1 21 2 0.000983139
2 1 21 3 0.00518698
2 1 22 0 2.97141e-05
2 1 22 1 0.00383402
2 1 22 2 0.00124406
2 1 22 3 0.00641866
2 1 23 0 4.2298e-05
2 1 23 1 0.00353264
2 1 23 2 9.85331e-05
2 1 23 3 0.0077759
2 1 24 0 3.66044e-05
2 1 24 1 0.00763714
2 1 24 2 9.0881e-05
2 1 24 3 0.00728717
2 1 25 0 4.33886e-05
2 1 25 1 0.00592355
2 1 25 2 9.50898e-05
2 1 25 3 0.00866054
2 1 26 0 4.98188e-05
2 1 26 1 0.00475333
2 1 26 2 0.000124105
2 1 26 3 0.00858607
2 1 27 0 5.0286e-05
2 1 27 1 0.0050156
2 1 27 2 0.000432413
2 1 27 3 0.00905272
2 1 28 0 4.26953e-05
2 1 28 1 0.00794014
2 1 28 2 0.000713343
2 1 28 3 0.00805589
2 1 29 0 4.67616e-05
2 1 29 1 0.0039329
2 1 29 2 9.98924e-05
2 1 29 3 0.0089949
2 1 30 0 3.99451e-05
2 1 30 1 0.00721047
2 1 30 2 0.000684289
2 1 30 3 0.00741063
2 1 31 0 4.59846e-05
2 1 31 1 0.00540993
2 1 31 2 8.99926e-05
2 1 31 3 0.00750376
2 1 32 0 3.78057e-05
2 1 32 1 0.00747596
2 1 32 2 0.000805634
2 1 32 3 0.00684146
2 1 33 0 3.66582e-05
2 1 33 1 0.0071082
2 1 33 2 7.71662e-05
2 1 33 3 0.00713824
2 1 34 0 2.97141e-05
2 1 34 1 0.00570494
2 1 34 2 7.11124e-05
2 1 34 3 0.00629583
2 1 35 0 3.1864e-05
2 1 35 1 0.00503858
2 1 35 2 9.84204e-05
2 1 35 3 0.00653017
2 1 36 0 2.98492e-05
2 1 36 1 0.00294395
2 1 36 2 9.48856e-05
2 1 36 3 0.00626329
2 1 37 0 2.97141e-05
2 1 37 1 0.00328383
2 1 37 2 0.000107679
2 1 37 3 0.00528681
2 1 38 0 3.00933e-05
2 1 38 1 0.00458629
2 1 38 2 7.90652e-05
2 1 38 3 0.00583839
2 1 39 0 2.97141e-05
2 1 39 1 0.00609252
2 1 39 2 6.52444e-05
2 1 39 3 0.00567549
2 1 40 0 3.06722e-05
2 1 40 1 0.0069211
2 1 40 2 0.000247645
2 1 40 3 0.00536539
2 1 41 0 2.97141e-05
2 1 41 1 0.00308902
2 1 41 2 9.11964e-05
2 1 41 3 0.00548593
2 1 42 0 2.97141e-05
2 1 42 1 0.00309801
2 1 42 2 0.000226064
2 1 42 3 0.00570593
2 1 43 0 2.97141e-05
2 1 43 1 0.00395275
2 1 43 2 0.000848244
2 1 43 3 0.00558554
2 1 44 0 3.09574e-05
2 1 44 1 0.00112913
2 1 44 2 0.000145249
2 1 44 3 0.00691235
2 1 45 0 2.97141e-05
2 1 45 1 0.00187613
2 1 45 2 7.57097e-05
2 1 45 3 0.00667898
2 1 46 0 2.97141e-05
2 1 46 1 0.00273173
2 1 46 2 7.8864e-05
2 1 46 3 0.00549608
2 1 47 0 2.97141e-05
2 1 47 1 0.00229107
2 1 47 2 6.74213e-05
2 1 47 3 0.00572824
2 2 0 0 2.97141e-05
2 2 0 1 0.00219612
2 2 0 2 6.6828e-05
2 2 0 3 0.00593464
2 2 1 0 2.97141e-05
2 2 1 1 0.00227289
2 2 1 2 6.83173e-05
2 2 1 3 0.00532901
2 2 2 0 2.96951e-05
2 2 2 1 0.00111454
2 2 2 2 8.08872e-05
2 2 2 3 0.00469584
2 2 3 0 2.96951e-05
2 2 3 1 0.00363882
2 2 3 2 6.61398e-05
2 2 3 3 0.00364737
2 2 4 0 2.97141e-05
2 2 4 1 0.0014503
2 2 4 2 6.6451e-05
2 2 4 3 0.00437405
2 2 5 0 2.96951e-05
2 2 5 1 0.00050485
2 2 5 2 0.00191238
2 2 5 3 0.00370814
2 2 6 0 2.96951e-05
2 2 6 1 0.000236705
2 2 6 2 6.7364e-05
2 2 6 3 0.00371653
2 2 7 0 2.96951e-05
2 2 7 1 0.000525021
2 2 7 2 3.68785e-05
2 2 7 3 0.00285472
2 2 8 0 2.96951e-05
2 2 8 1 0.00165503
2 2 8 2 0.0012792
2 2 8 3 0.00277424
2 2 9 0 2.96951e-05
2 2 9 1 0.000506476
2 2 9 2 0.000437051
2 2 9 3 0.00200364
2 2 10 0 2.96951e-05
2 2 10 1 0.000675153
2 2 10 2 0.000122229
2 2 10 3 0.00151935
2 2 11 0 2.96951e-05
2 2 11 1 0.00164841
2 2 11 2 5.85011e-05
2 2 11 3 0.00142377
2 2 12 0 2.96951e-05
2 2 12 1 0.000467308
2 2 12 2 7.51861e-05
2 2 12 3 0.00149539
2 2 13 0 2.96951e-05
2 2 13 1 0.000843891
2 2 13 2 5.51139e-05
2 2 13 3 0.0014345
2 2 14 0 2.96951e-05
2 2 14 1 0.00105593
2 2 14 2 2.96953e-05
2 2 14 3 0.00147439
2 2 15 0 2.96951e-05
2 2 15 1 0.000837119
2 2 15 2 3.82431e-05
2 2 15 3 0.00142496
2 2 16 0 2.96951e-05
2 2 16 1 0.00154903
2 2 16 2 0.000113516
2 2 16 3 0.00149465
2 2 17 0 2.96951e-05
2 2 17 1 0.00174414
2 2 17 2 5.94362e-05
2 2 17 3 0.00205132
2 2 18 0 2.96951e-05
2 2 18 1 0.00138858
2 2 18 2 0.000342842
2 2 18 3 0.00323696
2 2 19 0 2.97141e-05
2 2 19 1 0.00209763
2 2 19 2 0.000467168
2 2 19 3 0.00428599
2 2 20 0 2.97141e-05
2 2 20 1 0.00427525
2 2 20 2 7.15732e-05
2 2 20 3 0.00413452
2 2 21 0 2.97141e-05
2 2 21 1 0.00360807
2 2 21 2 0.00105255
2 2 21 3 0.00456009
2 2 22 0 3.31327e-05
2 2 22 1 0.00859302
2 2 22 2 6.51896e-05
2 2 22 3 0.00572249
2 2 23 0 4.1107e-05
2 2 23 1 0.0040432
2 2 23 2 9.16589e-05
2 2 23 3 0.00798041
2 2 24 0 4.27046e-05
2 2 24 1 0.00856392
2 2 24 2 0.000365293
2 2 24 3 0.00799984
2 2 25 0 4.01255e-05
2 2 25 1 0.00886644
2 2 25 2 0.000815914
2 2 25 3 0.0076494
2 2 26 0 4.84923e-05
2 2 26 1 0.00738575
2 2 26 2 0.000159318
2 2 26 3 0.00909804
2 2 27 0 5.22728e-05
2 2 27 1 0.00445767
2 2 27 2 0.000107924
2 2 27 3 0.0105108
2 2 28 0 4.08004e-05
2 2 28 1 0.00752159
2 2 28 2 7.68871e-05
2 2 28 3 0.00806404
2 2 29 0 3.85328e-05
2 2 29 1 0.00822673
2 2 29 2 7.78597e-05
2 2 29 3 0.0077671
2 2 30 0 4.26051e-05
2 2 30 1 0.00767659
2 2 30 2 5.90882e-05
2 2 30 3 0.00752363
2 2 31 0 3.67672e-05
2 2 31 1 0.00892266
2 2 31 2 7.29308e-05
2 2 31 3 0.00682859
2 2 32 0 3.18489e-05
2 2 32 1 0.00964989
2 2 32 2 7.66648e-05
2 2 32 3 0.00591217
2 2 33 0 3.63465e-05
2 2 33 1 0.00430757
2 2 33 2 0.000139055
2 2 33 3 0.00714768
2 2 34 0 3.20874e-05
2 2 34 1 0.00194109
2 2 34 2 7.66013e-05
2 2 34 3 0.00679294
2 2 35 0 2.97141e-05
2 2 35 1 0.00553563
2 2 35 2 7.41211e-05
2 2 35 3 0.00592371
2 2 36 0 2.97141e-05
2 2 36 1 0.00497874
2 2 36 2 0.00019015
2 2 36 3 0.00580142
2 2 37 0 2.97141e-05
2 2 37 1 0.00397075
2 2 37 2 6.95418e-05
2 2 37 3 0.00626571
2 2 38 0 3.15785e-05
2 2 38 1 0.00701202
2 2 38 2 6.95798e-05
2 2 38 3 0.00591496
2 2 39 0 2.97141e-05
2 2 39 1 0.00681716
2 2 39 2 0.000739659
2 2 39 3 0.00580596
2 2 40 0 3.11799e-05
2 2 40 1 0.00559001
2 2 40 2 8.6715e-05
2 2 40 3 0.00605765
2 2 41 0 2.97141e-05
2 2 41 1 0.00455614
2 2 41 2 0.000256998
2 2 41 3 0.00592186
2 2 42 0 2.97141e-05
2 2 42 1 0.00498309
2 2 42 2 7.90419e-05
2 2 42 3 0.00507631
2 2 43 0 2.97141e-05
2 2 43 1 0.00176875
2 2 43 2 8.01953e-05
2 2 43 3 0.00567135
2 2 44 0 2.97141e-05
2 2 44 1 0.00350796
2 2 44 2 0.000108749
2 2 44 3 0.00552144
2 2 45 0 2.97141e-05
2 2 45 1 0.000867513
2 2 45 2 8.24576e-05
2 2 45 3 0.00474883
2 2 46 0 2.97141e-05
2 2 46 1 0.00190133
2 2 46 2 6.25112e-05
2 2 46 3 0.00484971
2 2 47 0 2.97141e-05
2 2 47 1 0.00161695
2 2 47 2 0.000120432
2 2 47 3 0.00464854
2 3 0 0 2.96951e-05
2 3 0 1 0.000956207
2 3 0 2 0.000106114
2 3 0 3 0.00444444
2 3 1 0 2.97141e-05
2 3 1 1 0.00134925
2 3 1 2 6.35585e-05
2 3 1 3 0.00507001
2 3 2 0 2.96951e-05
2 3 2 1 0.00155313
2 3 2 2 6.48472e-05
2 3 2 3 0.00350071
2 3 3 0 2.96951e-05
2 3 3 1 0.000791693
2 3 3 2 8.23814e-05
2 3 3 3 0.00352417
2 3 4 0 2.96951e-05
2 3 4 1 0.00100184
2 3 4 2 8.45787e-05
2 3 4 3 0.00347912
2 3 5 0 2.96951e-05
2 3 5 1 0.00129924
2 3 5 2 0.000155519
2 3 5 3 0.00350926
2 3 6 0 2.96951e-05
2 3 6 1 0.000922912
2 3 6 2 0.00355471
2 3 6 3 0.00200867
2 3 7 0 2.96951e-05
2 3 7 1 0.0011956
2 3 7 2 7.7374e-05
2 3 7 3 0.00296118
2 3 8 0 2.96951e-05
2 3 8 1 0.00107897
2 3 8 2 0.000825969
2 3 8 3 0.00176288
2 3 9 0 2.96951e-05
2 3 9 1 0.00115891
2 3 9 2 3.76139e-05
2 3 9 3 0.00234432
2 3 10 0 2.96951e-05
2 3 10 1 0.000583073
2 3 10 2 4.08089e-05
2 3 10 3 0.00201554
2 3 11 0 2.96951e-05
2 3 11 1 0.000538084
2 3 11 2 3.79257e-05
2 3 11 3 0.00151011
2 3 12 0 2.96951e-05
2 3 12 1 0.00108675
2 3 12 2 0.000579475
2 3 12 3 0.00152936
2 3 13 0 2.96951e-05
2 3 13 1 0.000202313
2 3 13 2 3.44876e-05
2 3 13 3 0.00148884
2 3 14 0 2.96951e-05
2 3 14 1 5.71068e-05
2 3 14 2 2.96952e-05
2 3 14 3 0.00143053
2 3 15 0 2.96951e-05
2 3 15 1 7.14743e-05
2 3 15 2 0.00155169
2 3 15 3 0.00147969
2 3 16 0 2.96951e-05
2 3 16 1 9.29047e-05
2 3 16 2 5.56295e-05
2 3 16 3 0.00150576
2 3 17 0 2.96951e-05
2 3 17 1 0.000917596
2 3 17 2 2.96952e-05
2 3 17 3 0.00150933
2 3 18 0 2.96951e-05
2 3 18 1 0.00119147
2 3 18 2 0.000138381
2 3 18 3 0.00272599
2 3 19 0 2.96951e-05
2 3 19 1 0.0025421
2 3 19 2 6.9315e-05
2 3 19 3 0.00334549
2 3 20 0 2.97141e-05
2 3 20 1 0.00293888
2 3 20 2 0.000245152
2 3 20 3 0.00500258
2 3 21 0 2.97141e-05
2 3 21 1 0.00312056
2 3 21 2 8.03295e-05
2 3 21 3 0.00483049
2 3 22 0 3.31335e-05
2 3 22 1 0.002931
2 3 22 2 0.000264243
2 3 22 3 0.00686973
2 3 23 0 3.05354e-05
2 3 23 1 0.00475836
2 3 23 2 0.000102416
2 3 23 3 0.00548551
2 3 24 0 4.12638e-05
2 3 24 1 0.00662585
2 3 24 2 8.85791e-05
2 3 24 3 0.00749148
2 3 25 0 3.52228e-05
2 3 25 1 0.00373814
2 3 25 2 0.000481869
2 3 25 3 0.00762598
2 3 26 0 4.14495e-05
2 3 26 1 0.00488724
2 3 26 2 8.53922e-05
2 3 26 3 0.00851808
2 3 27 0 4.14069e-05
2 3 27 1 0.00495376
2 3 27 2 0.000885511
2 3 27 3 0.00901249
2 3 28 0 3.57622e-05
2 3 28 1 0.00396637
2 3 28 2 0.000147073
2 3 28 3 0.00770364
2 3 29 0 4.2737e-05
2 3 29 1 0.00560721
2 3 29 2 0.000102151
2 3 29 3 0.00794619
2 3 30 0 3.63669e-05
2 3 30 1 0.00347557
2 3 30 2 0.000553341
2 3 30 3 0.00728794
2 3 31 0 3.71379e-05
2 3 31 1 0.00416919
2 3 31 2 0.00039725
2 3 31 3 0.00720388
2 3 32 0 2.98041e-05
2 3 32 1 0.00538949
2 3 32 2 0.000106727
2 3 32 3 0.00652523
2 3 33 0 3.18787e-05
2 3 33 1 0.00627332
2 3 33 2 7.73813e-05
2 3 33 3 0.00691088
2 3 34 0 3.01842e-05
2 3 34 1 0.00398929
2 3 34 2 7.71346e-05
2 3 34 3 0.0060016
2 3 35 0 2.97141e-05
2 3 35 1 0.00517387
2 3 35 2 8.40958e-05
2 3 35 3 0.00577326
2 3 36 0 3.44501e-05
2 3 36 1 0.00602427
2 3 36 2 7.69393e-05
2 3 36 3 0.00627297
2 3 37 0 2.97141e-05
2 3 37 1 0.0032867
2 3 37 2 0.00119517
2 3 37 3 0.00540393
2 3 38 0 2.97141e-05
2 3 38 1 0.00476595
2 3 38 2 6.65427e-05
2 3 38 3 0.00564329
2 3 39 0 2.97141e-05
2 3 39 1 0.00277038
2 3 39 2 9.31972e-05
2 3 39 3 0.00506353
2 3 40 0 2.97141e-05
2 3 40 1 0.00455409
2 3 40 2 0.000641619
2 3 40 3 0.00537207
2 3 41 0 2.97141e-05
2 3 41 1 0.00341569
2 3 41 2 6.60664e-05
2 3 41 3 0.00447127
2 3 42 0 2.97141e-05
2 3 42 1 0.00222188
2 3 42 2 6.96879e-05
2 3 42 3 0.00504012
2 3 43 0 2.97141e-05
2 3 43 1 0.00283288
2 3 43 2 7.53826e-05
2 3 43 3 0.00542246
2 3 44 0 2.97141e-05
2 3 44 1 0.00236865
2 3 44 2 0.000118679
2 3 44 3 0.00460589
2 3 45 0 2.97141e-05
2 3 45 1 0.00296974
2 3 45 2 0.000374944
2 3 45 3 0.00520904
2 3 46 0 2.97141e-05
2 3 46 1 0.00195876
2 3 46 2 7.28861e-05
2 3 46 3 0.00519527
2 3 47 0 2.97141e-05
2 3 47 1 0.00292799
2 3 47 2 0.000700857
2 3 47 3 0.00480693
2 4 0 0 2.97141e-05
2 4 0 1 0.00147322
2 4 0 2 7.41234e-05
2 4 0 3 0.00515377
2 4 1 0 2.97141e-05
2 4 1 1 0.00172634
2 4 1 2 0.000143733
2 4 1 3 0.00413165
2 4 2 0 2.96951e-05
2 4 2 1 0.00129915
2 4 2 2 8.7523e-05
2 4 2 3 0.00429052
2 4 3 0 2.96951e-05
2 4 3 1 0.00117907
2 4 3 2 8.97593e-05
2 4 3 3 0.00407033
2 4 4 0 2.96951e-05
2 4 4 1 0.00244773
2 4 4 2 6.76052e-05
2 4 4 3 0.00365316
2 4 5 0 2.96951e-05
2 4 5 1 0.00368512
2 4 5 2 0.00058725
2 4 5 3 0.0032032
2 4 6 0 2.96951e-05
2 4 6 1 0.000377913
2 4 6 2 5.02013e-05
2 4 6 3 0.00317831
2 4 7 0 2.96951e-05
2 4 7 1 0.00105618
2 4 7 2 6.04869e-05
2 4 7 3 0.00304666
2 4 8 0 2.96951e-05
2 4 8 1 5.01692e-05
2 4 8 2 2.96952e-05
2 4 8 3 0.00298295
2 4 9 0 2.96951e-05
2 4 9 1 0.00122516
2 4 9 2 0.00155278
2 4 9 3 0.00180803
2 4 10 0 2.96951e-05
2 4 10 1 0.00223542
2 4 10 2 4.80742e-05
2 4 10 3 0.00143916
2 4 11 0 2.96951e-05
2 4 11 1 0.000800197
2 4 11 2 3.57206e-05
2 4 11 3 0.00191659
2 4 12 0 2.96951e-05
2 4 12 1 0.000740611
2 4 12 2 3.00281e-05
2 4 12 3 0.00152392
2 4 13 0 2.96951e-05
2 4 13 1 0.000505766
2 4 13 2 3.37738e-05
2 4 13 3 0.0015052
2 4 14 0 2.96951e-05
2 4 14 1 0.00033855
2 4 14 2 4.63246e-05
2 4 14 3 0.00149329
2 4 15 0 2.96951e-05
2 4 15 1 2.96951e-05
2 4 15 2 2.96952e-05
2 4 15 3 0.00103079
2 4 16 0 2.96951e-05
2 4 16 1 0.000873577
2 4 16 2 2.96952e-05
2 4 16 3 0.00163795
2 4 17 0 2.96951e-05
2 4 17 1 0.0015936
2 4 17 2 4.14457e-05
2 4 17 3 0.00183776
2 4 18 0 2.96951e-05
2 4 18 1 0.000891082
2 4 18 2 8.00378e-05
2 4 18 3 0.00340961
2 4 19 0 2.96951e-05
2 4 19 1 0.00373723
2 4 19 2 0.000278466
2 4 19 3 0.00340134
2 4 20 0 2.97141e-05
2 4 20 1 0.00178706
2 4 20 2 0.00148784
2 4 20 3 0.00447789
2 4 21 0 2.97141e-05
2 4 21 1 0.00540627
2 4 21 2 0.000143576
2 4 21 3 0.0056606
2 4 22 0 3.28605e-05
2 4 22 1 0.00650105
2 4 22 2 0.000114982
2 4 22 3 0.00599428
2 4 23 0 2.97141e-05
2 4 23 1 0.00479448
2 4 23 2 0.000209659
2 4 23 3 0.00628372
2 4 24 0 3.29588e-05
2 4 24 1 0.00704182
2 4 24 2 7.02726e-05
2 4 24 3 0.00676521
2 4 25 0 4.69368e-05
2 4 25 1 0.00224966
2 4 25 2 0.000333743
2 4 25 3 0.00879463
2 4 26 0 4.60765e-05
2 4 26 1 0.00745702
2 4 26 2 0.000132125
2 4 26 3 0.00839904
2 4 27 0 4.72413e-05
2 4 27 1 0.00882344
2 4 27 2 0.00140234
2 4 27 3 0.00775198
2 4 28 0 4.51678e-05
2 4 28 1 0.00841925
2 4 28 2 8.65318e-05
2 4 28 3 0.00755677
2 4 29 0 4.4134e-05
2 4 29 1 0.00640717
2 4 29 2 0.00017326
2 4 29 3 0.00778286
2 4 30 0 4.45376e-05
2 4 30 1 0.00509637
2 4 30 2 0.00131149
2 4 30 3 0.00863998
2 4 31 0 3.65707e-05
2 4 31 1 0.00332965
2 4 31 2 7.63728e-05
2 4 31 3 0.00799844
2 4 32 0 4.05786e-05
2 4 32 1 0.00651019
2 4 32 2 0.000499517
2 4 32 3 0.00724057
2 4 33 0 4.42624e-05
2 4 33 1 0.00674211
2 4 33 2 7.30371e-05
2 4 33 3 0.00786497
2 4 34 0 2.97141e-05
2 4 34 1 0.0060082
2 4 34 2 7.1087e-05
2 4 34 3 0.0060592
2 4 35 0 2.97141e-05
2 4 35 1 0.00549204
2 4 35 2 6.92249e-05
2 4 35 3 0.00534956
2 4 36 0 2.97141e-05
2 4 36 1 0.00435815
2 4 36 2 7.7069e-05
2 4 36 3 0.00589622
2 4 37 0 2.97141e-05
2 4 37 1 0.00335955
2 4 37 2 8.53023e-05
2 4 37 3 0.00559278
2 4 38 0 2.97141e-05
2 4 38 1 0.00341159
2 4 38 2 6.83852e-05
2 4 38 3 0.00585987
2 4 39 0 2.97141e-05
2 4 39 1 0.00347141
2 4 39 2 7.03751e-05
2 4 39 3 0.00570977
2 4 40 0 3.38628e-05
2 4 40 1 0.0032001
2 4 40 2 9.04871e-05
2 4 40 3 0.00628686
2 4 41 0 2.97141e-05
2 4 41 1 0.00444998
2 4 41 2 7.06264e-05
2 4 41 3 0.00557557
2 4 42 0 2.96951e-05
2 4 42 1 0.0036342
2 4 42 2 8.87955e-05
2 4 42 3 0.00415928
2 4 43 0 2.97141e-05
2 4 43 1 0.000287777
2 4 43 2 7.10343e-05
2 4 43 3 0.00550218
2 4 44 0 2.97141e-05
2 4 44 1 0.00209255
2 4 44 2 5.95966e-05
2 4 44 3 0.00541539
2 4 45 0 2.97141e-05
2 4 45 1 0.00451579
2 4 45 2 6.1558e-05
2 4 45 3 0.00482339
2 4 46 0 2.96951e-05
2 4 46 1 0.000882255
2 4 46 2 7.13881e-05
2 4 46 3 0.00410622
2 4 47 0 2.97141e-05
2 4 47 1 0.00177449
2 4 47 2 6.86699e-05
2 4 47 3 0.0038255
2 5 0 0 2.96951e-05
2 5 0 1 0.00302566
2 5 0 2 5.60787e-05
2 5 0 3 0.00356378
2 5 1 0 2.96951e-05
2 5 1 1 0.00351249
2 5 1 2 8.58725e-05
2 5 1 3 0.00353522
2 5 2 0 2.96951e-05
2 5 2 1 0.00160461
2 5 2 2 0.000118491
2 5 2 3 0.00298226
2 5 3 0 2.96951e-05
2 5 3 1 0.000425907
2 5 3 2 0.000103871
2 5 3 3 0.00381243
2 5 4 0 2.96951e-05
2 5 4 1 0.0014959
2 5 4 2 6.77013e-05
2 5 4 3 0.00337805
2 5 5 0 2.96951e-05
2 5 5 1 0.00100141
2 5 5 2 5.70337e-05
2 5 5 3 0.00346361
2 5 6 0 2.96951e-05
2 5 6 1 0.00254533
2 5 6 2 9.29106e-05
2 5 6 3 0.00228677
2 5 7 0 2.96951e-05
2 5 7 1 0.00251826
2 5 7 2 9.49276e-05
2 5 7 3 0.0022387
2 5 8 0 2.96951e-05
2 5 8 1 0.00249892
2 5 8 2 6.79645e-05
2 5 8 3 0.00274746
2 5 9 0 2.96951e-05
2 5 9 1 0.00146217
2 5 9 2 6.19641e-05
2 5 9 3 0.00182806
2 5 10 0 2.96951e-05
2 5 10 1 0.00441713
2 5 10 2 2.96952e-05
2 5 10 3 0.00142904
2 5 11 0 2.96951e-05
2 5 11 1 0.00249621
2 5 11 2 2.96952e-05
2 5 11 3 0.00160944
2 5 12 0 2.96951e-05
2 5 12 1 0.00336083
2 5 12 2 2.96952e-05
2 5 12 3 0.00176291
2 5 13 0 2.96951e-05
2 5 13 1 0.00311969
2 5 13 2 5.76039e-05
2 5 13 3 0.00148852
2 5 14 0 2.96951e-05
2 5 14 1 0.00140736
2 5 14 2 2.96953e-05
2 5 14 3 0.00143133
2 5 15 0 2.96951e-05
2 5 15 1 0.00142848
2 5 15 2 2.96952e-05
2 5 15 3 0.00143688
2 5 16 0 2.96951e-05
2 5 16 1 0.00323447
2 5 16 2 3.74664e-05
2 5 16 3 0.00143833
2 5 17 0 2.96951e-05
2 5 17 1 0.00340717
2 5 17 2 0.00021086
2 5 17 3 0.00173736
2 5 18 0 2.96951e-05
2 5 18 1 0.00323613
2 5 18 2 7.02214e-05
2 5 18 3 0.00271524
2 5 19 0 2.96951e-05
2 5 19 1 0.00328828
2 5 19 2 9.27231e-05
2 5 19 3 0.0031234
2 5 20 0 2.96951e-05
2 5 20 1 0.00590608
2 5 20 2 7.16802e-05
2 5 20 3 0.00364832
2 5 21 0 2.97141e-05
2 5 21 1 0.00110468
2 5 21 2 4.95301e-05
2 5 21 3 0.00460841
2 5 22 0 3.01539e-05
2 5 22 1 0.00333832
2 5 22 2 0.000643136
2 5 22 3 0.00573585
2 5 23 0 2.97748e-05
2 5 23 1 0.00416801
2 5 23 2 0.000231462
2 5 23 3 0.00667513
2 5 24 0 3.3533e-05
2 5 24 1 0.00476377
2 5 24 2 8.42222e-05
2 5 24 3 0.00704379
2 5 25 0 4.71307e-05
2 5 25 1 0.00227526
2 5 25 2 7.94998e-05
2 5 25 3 0.00867268
2 5 26 0 4.79251e-05
2 5 26 1 0.00309613
2 5 26 2 0.000405472
2 5 26 3 0.00909069
2 5 27 0 5.59794e-05
2 5 27 1 0.00795753
2 5 27 2 0.000110244
2 5 27 3 0.00945982
2 5 28 0 4.58622e-05
2 5 28 1 0.00428796
2 5 28 2 9.66651e-05
2 5 28 3 0.00879638
2 5 29 0 4.41191e-05
2 5 29 1 0.00669638
2 5 29 2 0.000100875
2 5 29 3 0.00799149
2 5 30 0 4.35239e-05
2 5 30 1 0.00332192
2 5 30 2 0.000548144
2 5 30 3 0.00833809
2 5 31 0 3.83627e-05
2 5 31 1 0.00697607
2 5 31 2 9.39036e-05
2 5 31 3 0.00739567
2 5 32 0 4.06376e-05
2 5 32 1 0.0037861
2 5 32 2 0.000558754
2 5 32 3 0.00792157
2 5 33 0 3.4069e-05
2 5 33 1 0.00284721
2 5 33 2 9.40534e-05
2 5 33 3 0.00725964
2 5 34 0 3.42604e-05
2 5 34 1 0.00334291
2 5 34 2 0.000131888
2 5 34 3 0.00706993
2 5 35 0 2.97842e-05
2 5 35 1 0.00299829
2 5 35 2 7.76031e-05
2 5 35 3 0.0063019
2 5 36 0 3.20702e-05
2 5 36 1 0.00337653
2 5 36 2 0.0014316
2 5 36 3 0.00668427
2 5 37 0 2.97141e-05
2 5 37 1 0.00240004
2 5 37 2 0.000101449
2 5 37 3 0.0066925
2 5 38 0 3.14651e-05
2 5 38 1 0.00192924
2 5 38 2 6.73664e-05
2 5 38 3 0.00649986
2 5 39 0 3.2353e-05
2 5 39 1 0.00237796
2 5 39 2 9.84626e-05
2 5 39 3 0.00714105
2 5 40 0 3.17811e-05
2 5 40 1 0.00154897
2 5 40 2 8.4851e-05
2 5 40 3 0.00631036
2 5 41 0 3.61081e-05
2 5 41 1 0.00171624
2 5 41 2 7.21083e-05
2 5 41 3 0.00712963
2 5 42 0 2.97141e-05
2 5 42 1 0.0014951
2 5 42 2 6.81055e-05
2 5 42 3 0.00556664
2 5 43 0 2.97141e-05
2 5 43 1 0.00128657
2 5 43 2 0.000410651
2 5 43 3 0.00570362
2 5 44 0 2.97141e-05
2 5 44 1 0.00253404
2 5 44 2 7.08568e-05
2 5 44 3 0.00442545
2 5 45 0 2.97141e-05
2 5 45 1 0.00304485
2 5 45 2 0.000102255
2 5 45 3 0.00443172
2 5 46 0 2.97141e-05
2 5 46 1 0.000652131
2 5 46 2 0.00011411
2 5 46 3 0.00447918
2 5 47 0 2.97141e-05
2 5 47 1 0.00187138
2 5 47 2 6.71086e-05
2 5 47 3 0.00428523
2 6 0 0 2.97141e-05
2 6 0 1 0.00133297
2 6 0 2 5.80147e-05
2 6 0 3 0.00448041
2 6 1 0 2.96951e-05
2 6 1 1 0.00190642
2 6 1 2 6.46264e-05
2 6 1 3 0.00405929
2 6 2 0 2.96951e-05
2 6 2 1 0.000859939
2 6 2 2 0.000634883
2 6 2 3 0.00402376
2 6 3 0 2.97141e-05
2 6 3 1 0.00206143
2 6 3 2 6.11621e-05
2 6 3 3 0.0041361
2 6 4 0 2.96951e-05
2 6 4 1 0.000108181
2 6 4 2 6.47683e-05
2 6 4 3 0.00383753
2 6 5 0 2.96951e-05
2 6 5 1 0.00158624
2 6 5 2 6.23598e-05
2 6 5 3 0.00395984
2 6 6 0 2.96951e-05
2 6 6 1 0.00240275
2 6 6 2 6.50652e-05
2 6 6 3 0.00357089
2 6 7 0 2.96951e-05
2 6 7 1 6.8836e-05
2 6 7 2 4.04646e-05
2 6 7 3 0.00280344
2 6 8 0 2.96951e-05
2 6 8 1 0.00146126
2 6 8 2 7.87948e-05
2 6 8 3 0.00311206
2 6 9 0 2.96951e-05
2 6 9 1 0.0030189
2 6 9 2 7.05753e-05
2 6 9 3 0.00273092
2 6 10 0 2.96951e-05
2 6 10 1 0.00236963
2 6 10 2 0.00103452
2 6 10 3 0.00284172
2 6 11 0 2.96951e-05
2 6 11 1 0.00378773
2 6 11 2 0.00179202
2 6 11 3 0.00177287
2 6 12 0 2.96951e-05
2 6 12 1 0.0035831
2 6 12 2 3.00552e-05
2 6 12 3 0.00142701
2 6 13 0 2.96951e-05
2 6 13 1 0.00143373
2 6 13 2 3.49091e-05
2 6 13 3 0.00195525
2 6 14 0 2.96951e-05
2 6 14 1 0.00192515
2 6 14 2 0.00116521
2 6 14 3 0.00144409
2 6 15 0 2.96951e-05
2 6 15 1 0.00139381
2 6 15 2 2.96952e-05
2 6 15 3 0.00124277
2 6 16 0 2.96951e-05
2 6 16 1 0.00144033
2 6 16 2 0.0017975
2 6 16 3 0.00141772
2 6 17 0 2.96951e-05
2 6 17 1 0.00187498
2 6 17 2 2.96953e-05
2 6 17 3 0.00198034
2 6 18 0 2.96951e-05
2 6 18 1 0.00212876
2 6 18 2 8.4558e-05
2 6 18 3 0.00215811
2 6 19 0 2.96951e-05
2 6 19 1 0.00238165
2 6 19 2 0.000574125
2 6 19 3 0.00309536
2 6 20 0 2.96951e-05
2 6 20 1 0.00195167
2 6 20 2 5.41506e-05
2 6 20 3 0.00410584
2 6 21 0 2.97141e-05
2 6 21 1 0.00238149
2 6 21 2 0.000585893
2 6 21 3 0.00447469
2 6 22 0 2.97141e-05
2 6 22 1 0.00213641
2 6 22 2 0.000233116
2 6 22 3 0.00571143
2 6 23 0 2.97141e-05
2 6 23 1 0.00349309
2 6 23 2 0.000148846
2 6 23 3 0.00544263
2 6 24 0 3.22811e-05
2 6 24 1 0.00204762
2 6 24 2 0.00115233
2 6 24 3 0.00664749
2 6 25 0 2.97141e-05
2 6 25 1 0.00101561
2 6 25 2 0.00103875
2 6 25 3 0.00644648
2 6 26 0 3.96352e-05
2 6 26 1 0.00339459
2 6 26 2 8.59398e-05
2 6 26 3 0.00747903
2 6 27 0 3.8652e-05
2 6 27 1 0.0016764
2 6 27 2 8.80542e-05
2 6 27 3 0.00822266
2 6 28 0 3.388e-05
2 6 28 1 0.00273725
2 6 28 2 8.03582e-05
2 6 28 3 0.00677767
2 6 29 0 3.18073e-05
2 6 29 1 0.0028573
2 6 29 2 6.42571e-05
2 6 29 3 0.00669799
2 6 30 0 3.62269e-05
2 6 30 1 0.00235135
2 6 30 2 6.12267e-05
2 6 30 3 0.00664244
2 6 31 0 3.31686e-05
2 6 31 1 0.00194369
2 6 31 2 7.24557e-05
2 6 31 3 0.00677866
2 6 32 0 2.97141e-05
2 6 32 1 0.0012631
2 6 32 2 9.31071e-05
2 6 32 3 0.00633414
2 6 33 0 3.00928e-05
2 6 33 1 0.000615109
2 6 33 2 0.000105886
2 6 33 3 0.00666441
2 6 34 0 3.20403e-05
2 6 34 1 0.00180451
2 6 34 2 6.55379e-05
2 6 34 3 0.00578493
2 6 35 0 2.97141e-05
2 6 35 1 0.004213
2 6 35 2 7.5619e-05
2 6 35 3 0.00500008
2 6 36 0 2.97141e-05
2 6 36 1 0.00447661
2 6 36 2 7.22041e-05
2 6 36 3 0.00448939
2 6 37 0 2.97141e-05
2 6 37 1 0.00136949
2 6 37 2 0.000107399
2 6 37 3 0.00618022
2 6 38 0 2.97141e-05
2 6 38 1 0.00127331
2 6 38 2 6.69296e-05
2 6 38 3 0.00565557
2 6 39 0 2.97141e-05
2 6 39 1 0.00278807
2 6 39 2 0.000135394
2 6 39 3 0.00524168
2 6 40 0 2.97141e-05
2 6 40 1 0.00173793
2 6 40 2 7.46719e-05
2 6 40 3 0.0052714
2 6 41 0 2.97141e-05
2 6 41 1 0.00211266
2 6 41 2 7.18429e-05
2 6 41 3 0.005095
2 6 42 0 2.97141e-05
2 6 42 1 0.00167814
2 6 42 2 0.000115301
2 6 42 3 0.00475545
2 6 43 0 2.97141e-05
2 6 43 1 0.00425303
2 6 43 2 9.93445e-05
2 6 43 3 0.00417334
2 6 44 0 2.97141e-05
2 6 44 1 0.00177924
2 6 44 2 7.13857e-05
2 6 44 3 0.00425673
2 6 45 0 2.97141e-05
2 6 45 1 0.00122875
2 6 45 2 0.000125502
2 6 45 3 0.00484071
2 6 46 0 2.97141e-05
2 6 46 1 0.000889905
2 6 46 2 7.13312e-05
2 6 46 3 0.00485811
2 6 47 0 2.97141e-05
2 6 47 1 0.00231204
2 6 47 2 9.25698e-05
2 6 47 3 0.00403764
