0 0 0 0 0.0328681
0 0 0 1 0.937543
0 0 0 2 3.31705
0 0 0 3 0.118703
0 0 0 4 6.36066
0 0 0 5 7.3725
0 0 0 6 0.0328681
0 0 0 7 0.881951
0 0 0 8 3.25117
0 0 0 9 0.118703
0 0 0 10 6.47343
0 0 0 11 7.42673
0 0 0 12 0.0328681
0 0 0 13 0.879031
0 0 0 14 3.39251
0 0 0 15 0.116506
0 0 0 16 6.47603
0 0 0 17 7.39529
0 0 0 18 0.0328681
0 0 0 19 0.927936
0 0 0 20 3.38707
0 0 0 21 0.121401
0 0 0 22 6.57168
0 0 0 23 7.61603
0 0 0 24 0.0328681
0 0 0 25 0.919946
0 0 0 26 3.26495
0 0 0 27 0.113772
0 0 0 28 6.62426
0 0 0 29 7.83511
0 0 0 30 0.0328681
0 0 0 31 1.00726
0 0 0 32 3.19519
0 0 0 33 0.118703
0 0 0 34 6.37046
0 0 0 35 7.32287
0 0 0 36 0.0328681
0 0 0 37 0.94073
0 0 0 38 3.29049
0 0 0 39 0.11488
0 0 0 40 6.49155
0 0 0 41 7.58644
0 0 0 42 0.0328681
0 0 0 43 0.97238
0 0 0 44 3.42633
0 0 0 45 0.113772
0 0 0 46 6.51263
0 0 0 47 7.79096
0 0 0 48 0.0328681
0 0 0 49 0.929009
0 0 0 50 3.15617
0 0 0 51 0.119081
0 0 0 52 6.43498
0 0 0 53 7.53312
0 0 0 54 0.0328681
0 0 0 55 0.940517
0 0 0 56 3.22946
0 0 0 57 0.113772
0 0 0 58 6.52647
0 0 0 59 7.67222
0 0 0 60 0.0328681
0 0 0 61 0.905843
0 0 0 62 3.36183
0 0 0 63 0.113772
0 0 0 64 6.50922
0 0 0 65 7.68304
0 0 0 66 0.0328681
0 0 0 67 0.949217
0 0 0 68 3.34552
0 0 0 69 0.118703
0 0 0 70 6.26724
0 0 0 71 7.23737
0 0 0 72 0.0328681
0 0 0 73 0.947891
0 0 0 74 3.43322
0 0 0 75 0.118703
0 0 0 76 6.42961
0 0 0 77 7.3561
0 0 0 78 0.0328681
0 0 0 79 0.890265
0 0 0 80 3.39266
0 0 0 81 0.118703
0 0 0 82 6.45322
0 0 0 83 7.49782
0 0 0 84 0.104938
0 0 0 85 0.805922
0 0 0 86 1.60063
0 0 0 87 0.376534
0 0 0 88 2.6675
0 0 0 89 3.4016
0 0 0 90 0.109389
0 0 0 91 0.850776
0 0 0 92 1.6555
0 0 0 93 0.386848
0 0 0 94 2.65423
0 0 0 95 3.35896
0 0 0 96 0.107374
0 0 0 97 0.87355
0 0 0 98 1.7485
0 0 0 99 0.384118
0 0 1 0 0.118703
0 0 1 1 6.36066
0 0 1 2 7.3725
0 0 1 3 0.0328681
0 0 1 4 0.881951
0 0 1 5 3.25117
0 0 1 6 0.118703
0 0 1 7 6.47343
0 0 1 8 7.42673
0 0 1 9 0.0328681
0 0 1 10 0.879031
0 0 1 11 3.39251
0 0 1 12 0.116506
0 0 1 13 6.47603
0 0 1 14 7.39529
0 0 1 15 0.0328681
0 0 1 16 0.927936
0 0 1 17 3.38707
0 0 1 18 0.121401
0 0 1 19 6.57168
0 0 1 20 7.61603
0 0 1 21 0.0328681
0 0 1 22 0.919946
0 0 1 23 3.26495
0 0 1 24 0.113772
0 0 1 25 6.62426
0 0 1 26 7.83511
0 0 1 27 0.0328681
0 0 1 28 1.00726
0 0 1 29 3.19519
0 0 1 30 0.118703
0 0 1 31 6.37046
0 0 1 32 7.32287
0 0 1 33 0.0328681
0 0 1 34 0.94073
0 0 1 35 3.29049
0 0 1 36 0.11488
0 0 1 37 6.49155
0 0 1 38 7.58644
0 0 1 39 0.0328681
0 0 1 40 0.97238
0 0 1 41 3.42633
0 0 1 42 0.113772
0 0 1 43 6.51263
0 0 1 44 7.79096
0 0 1 45 0.0328681
0 0 1 46 0.929009
0 0 1 47 3.15617
0 0 1 48 0.119081
0 0 1 49 6.43498
0 0 1 50 7.53312
0 0 1 51 0.0328681
0 0 1 52 0.940517
0 0 1 53 3.22946
0 0 1 54 0.113772
0 0 1 55 6.52647
0 0 1 56 7.67222
0 0 1 57 0.0328681
0 0 1 58 0.905843
0 0 1 59 3.36183
0 0 1 60 0.113772
0 0 1 61 6.50922
0 0 1 62 7.68304
0 0 1 63 0.0328681
0 0 1 64 0.949217
0 0 1 65 3.34552
0 0 1 66 0.118703
0 0 1 67 6.26724
0 0 1 68 7.23737
0 0 1 69 0.0328681
0 0 1 70 0.947891
0 0 1 71 3.43322
0 0 1 72 0.118703
0 0 1 73 6.42961
0 0 1 74 7.3561
0 0 1 75 0.0328681
0 0 1 76 0.890265
0 0 1 77 3.39266
0 0 1 78 0.118703
0 0 1 79 6.45322
0 0 1 80 7.49782
0 0 1 81 0.104938
0 0 1 82 0.805922
0 0 1 83 1.60063
0 0 1 84 0.376534
0 0 1 85 2.6675
0 0 1 86 3.4016
0 0 1 87 0.109389
0 0 1 88 0.850776
0 0 1 89 1.6555
0 0 1 90 0.386848
0 0 1 91 2.65423
0 0 1 92 3.35896
0 0 1 93 0.107374
0 0 1 94 0.87355
0 0 1 95 1.7485
0 0 1 96 0.384118
0 0 1 97 2.66585
0 0 1 98 3.40678
0 0 1 99 0.0967235
0 0 2 0 0.0328681
0 0 2 1 0.881951
0 0 2 2 3.25117
0 0 2 3 0.118703
0 0 2 4 6.47343
0 0 2 5 7.42673
0 0 2 6 0.0328681
0 0 2 7 0.879031
0 0 2 8 3.39251
0 0 2 9 0.116506
0 0 2 10 6.47603
0 0 2 11 7.39529
0 0 2 12 0.0328681
0 0 2 13 0.927936
0 0 2 14 3.38707
0 0 2 15 0.121401
0 0 2 16 6.57168
0 0 2 17 7.61603
0 0 2 18 0.0328681
0 0 2 19 0.919946
0 0 2 20 3.26495
0 0 2 21 0.113772
0 0 2 22 6.62426
0 0 2 23 7.83511
0 0 2 24 0.0328681
0 0 2 25 1.00726
0 0 2 26 3.19519
0 0 2 27 0.118703
0 0 2 28 6.37046
0 0 2 29 7.32287
0 0 2 30 0.0328681
0 0 2 31 0.94073
0 0 2 32 3.29049
0 0 2 33 0.11488
0 0 2 34 6.49155
0 0 2 35 7.58644
0 0 2 36 0.0328681
0 0 2 37 0.97238
0 0 2 38 3.42633
0 0 2 39 0.113772
0 0 2 40 6.51263
0 0 2 41 7.79096
0 0 2 42 0.0328681
0 0 2 43 0.929009
0 0 2 44 3.15617
0 0 2 45 0.119081
0 0 2 46 6.43498
0 0 2 47 7.53312
0 0 2 48 0.0328681
0 0 2 49 0.940517
0 0 2 50 3.22946
0 0 2 51 0.113772
0 0 2 52 6.52647
0 0 2 53 7.67222
0 0 2 54 0.0328681
0 0 2 55 0.905843
0 0 2 56 3.36183
0 0 2 57 0.113772
0 0 2 58 6.50922
0 0 2 59 7.68304
0 0 2 60 0.0328681
0 0 2 61 0.949217
0 0 2 62 3.34552
0 0 2 63 0.118703
0 0 2 64 6.26724
0 0 2 65 7.23737
0 0 2 66 0.0328681
0 0 2 67 0.947891
0 0 2 68 3.43322
0 0 2 69 0.118703
0 0 2 70 6.42961
0 0 2 71 7.3561
0 0 2 72 0.0328681
0 0 2 73 0.890265
0 0 2 74 3.39266
0 0 2 75 0.118703
0 0 2 76 6.45322
0 0 2 77 7.49782
0 0 2 78 0.104938
0 0 2 79 0.805922
0 0 2 80 1.60063
0 0 2 81 0.376534
0 0 2 82 2.6675
0 0 2 83 3.4016
0 0 2 84 0.109389
0 0 2 85 0.850776
0 0 2 86 1.6555
0 0 2 87 0.386848
0 0 2 88 2.65423
0 0 2 89 3.35896
0 0 2 90 0.107374
0 0 2 91 0.87355
0 0 2 92 1.7485
0 0 2 93 0.384118
0 0 2 94 2.66585
0 0 2 95 3.40678
0 0 2 96 0.0967235
0 0 2 97 0.889774
0 0 2 98 1.73006
0 0 2 99 0.387843
0 0 3 0 0.118703
0 0 3 1 6.47343
0 0 3 2 7.42673
0 0 3 3 0.0328681
0 0 3 4 0.879031
0 0 3 5 3.39251
0 0 3 6 0.116506
0 0 3 7 6.47603
0 0 3 8 7.39529
0 0 3 9 0.0328681
0 0 3 10 0.927936
0 0 3 11 3.38707
0 0 3 12 0.121401
0 0 3 13 6.57168
0 0 3 14 7.61603
0 0 3 15 0.0328681
0 0 3 16 0.919946
0 0 3 17 3.26495
0 0 3 18 0.113772
0 0 3 19 6.62426
0 0 3 20 7.83511
0 0 3 21 0.0328681
0 0 3 22 1.00726
0 0 3 23 3.19519
0 0 3 24 0.118703
0 0 3 25 6.37046
0 0 3 26 7.32287
0 0 3 27 0.0328681
0 0 3 28 0.94073
0 0 3 29 3.29049
0 0 3 30 0.11488
0 0 3 31 6.49155
0 0 3 32 7.58644
0 0 3 33 0.0328681
0 0 3 34 0.97238
0 0 3 35 3.42633
0 0 3 36 0.113772
0 0 3 37 6.51263
0 0 3 38 7.79096
0 0 3 39 0.0328681
0 0 3 40 0.929009
0 0 3 41 3.15617
0 0 3 42 0.119081
0 0 3 43 6.43498
0 0 3 44 7.53312
0 0 3 45 0.0328681
0 0 3 46 0.940517
0 0 3 47 3.22946
0 0 3 48 0.113772
0 0 3 49 6.52647
0 0 3 50 7.67222
0 0 3 51 0.0328681
0 0 3 52 0.905843
0 0 3 53 3.36183
0 0 3 54 0.113772
0 0 3 55 6.50922
0 0 3 56 7.68304
0 0 3 57 0.0328681
0 0 3 58 0.949217
0 0 3 59 3.34552
0 0 3 60 0.118703
0 0 3 61 6.26724
0 0 3 62 7.23737
0 0 3 63 0.0328681
0 0 3 64 0.947891
0 0 3 65 3.43322
0 0 3 66 0.118703
0 0 3 67 6.42961
0 0 3 68 7.3561
0 0 3 69 0.0328681
0 0 3 70 0.890265
0 0 3 71 3.39266
0 0 3 72 0.118703
0 0 3 73 6.45322
0 0 3 74 7.49782
0 0 3 75 0.104938
0 0 3 76 0.805922
0 0 3 77 1.60063
0 0 3 78 0.376534
0 0 3 79 2.6675
0 0 3 80 3.4016
0 0 3 81 0.109389
0 0 3 82 0.850776
0 0 3 83 1.6555
0 0 3 84 0.386848
0 0 3 85 2.65423
0 0 3 86 3.35896
0 0 3 87 0.107374
0 0 3 88 0.87355
0 0 3 89 1.7485
0 0 3 90 0.384118
0 0 3 91 2.66585
0 0 3 92 3.40678
0 0 3 93 0.0967235
0 0 3 94 0.889774
0 0 3 95 1.73006
0 0 3 96 0.387843
0 0 3 97 2.66823
0 0 3 98 3.47418
0 0 3 99 0.103052
0 1 0 0 0.0328681
0 1 0 1 0.879031
0 1 0 2 3.39251
0 1 0 3 0.116506
0 1 0 4 6.47603
0 1 0 5 7.39529
0 1 0 6 0.0328681
0 1 0 7 0.927936
0 1 0 8 3.38707
0 1 0 9 0.121401
0 1 0 10 6.57168
0 1 0 11 7.61603
0 1 0 12 0.0328681
0 1 0 13 0.919946
0 1 0 14 3.26495
0 1 0 15 0.113772
0 1 0 16 6.62426
0 1 0 17 7.83511
0 1 0 18 0.0328681
0 1 0 19 1.00726
0 1 0 20 3.19519
0 1 0 21 0.118703
0 1 0 22 6.37046
0 1 0 23 7.32287
0 1 0 24 0.0328681
0 1 0 25 0.94073
0 1 0 26 3.29049
0 1 0 27 0.11488
0 1 0 28 6.49155
0 1 0 29 7.58644
0 1 0 30 0.0328681
0 1 0 31 0.97238
0 1 0 32 3.42633
0 1 0 33 0.113772
0 1 0 34 6.51263
0 1 0 35 7.79096
0 1 0 36 0.0328681
0 1 0 37 0.929009
0 1 0 38 3.15617
0 1 0 39 0.119081
0 1 0 40 6.43498
0 1 0 41 7.53312
0 1 0 42 0.0328681
0 1 0 43 0.940517
0 1 0 44 3.22946
0 1 0 45 0.113772
0 1 0 46 6.52647
0 1 0 47 7.67222
0 1 0 48 0.0328681
0 1 0 49 0.905843
0 1 0 50 3.36183
0 1 0 51 0.113772
0 1 0 52 6.50922
0 1 0 53 7.68304
0 1 0 54 0.0328681
0 1 0 55 0.949217
0 1 0 56 3.34552
0 1 0 57 0.118703
0 1 0 58 6.26724
0 1 0 59 7.23737
0 1 0 60 0.0328681
0 1 0 61 0.947891
0 1 0 62 3.43322
0 1 0 63 0.118703
0 1 0 64 6.42961
0 1 0 65 7.3561
0 1 0 66 0.0328681
0 1 0 67 0.890265
0 1 0 68 3.39266
0 1 0 69 0.118703
0 1 0 70 6.45322
0 1 0 71 7.49782
0 1 0 72 0.104938
0 1 0 73 0.805922
0 1 0 74 1.60063
0 1 0 75 0.376534
0 1 0 76 2.6675
0 1 0 77 3.4016
0 1 0 78 0.109389
0 1 0 79 0.850776
0 1 0 80 1.6555
0 1 0 81 0.386848
0 1 0 82 2.65423
0 1 0 83 3.35896
0 1 0 84 0.107374
0 1 0 85 0.87355
0 1 0 86 1.7485
0 1 0 87 0.384118
0 1 0 88 2.66585
0 1 0 89 3.40678
0 1 0 90 0.0967235
0 1 0 91 0.889774
0 1 0 92 1.73006
0 1 0 93 0.387843
0 1 0 94 2.66823
0 1 0 95 3.47418
0 1 0 96 0.103052
0 1 0 97 0.799928
0 1 0 98 1.50315
0 1 0 99 0.381038
0 1 1 0 0.116506
0 1 1 1 6.47603
0 1 1 2 7.39529
0 1 1 3 0.0328681
0 1 1 4 0.927936
0 1 1 5 3.38707
0 1 1 6 0.121401
0 1 1 7 6.57168
0 1 1 8 7.61603
0 1 1 9 0.0328681
0 1 1 10 0.919946
0 1 1 11 3.26495
0 1 1 12 0.113772
0 1 1 13 6.62426
0 1 1 14 7.83511
0 1 1 15 0.0328681
0 1 1 16 1.00726
0 1 1 17 3.19519
0 1 1 18 0.118703
0 1 1 19 6.37046
0 1 1 20 7.32287
0 1 1 21 0.0328681
0 1 1 22 0.94073
0 1 1 23 3.29049
0 1 1 24 0.11488
0 1 1 25 6.49155
0 1 1 26 7.58644
0 1 1 27 0.0328681
0 1 1 28 0.97238
0 1 1 29 3.42633
0 1 1 30 0.113772
0 1 1 31 6.51263
0 1 1 32 7.79096
0 1 1 33 0.0328681
0 1 1 34 0.929009
0 1 1 35 3.15617
0 1 1 36 0.119081
0 1 1 37 6.43498
0 1 1 38 7.53312
0 1 1 39 0.0328681
0 1 1 40 0.940517
0 1 1 41 3.22946
0 1 1 42 0.113772
0 1 1 43 6.52647
0 1 1 44 7.67222
0 1 1 45 0.0328681
0 1 1 46 0.905843
0 1 1 47 3.36183
0 1 1 48 0.113772
0 1 1 49 6.50922
0 1 1 50 7.68304
0 1 1 51 0.0328681
0 1 1 52 0.949217
0 1 1 53 3.34552
0 1 1 54 0.118703
0 1 1 55 6.26724
0 1 1 56 7.23737
0 1 1 57 0.0328681
0 1 1 58 0.947891
0 1 1 59 3.43322
0 1 1 60 0.118703
0 1 1 61 6.42961
0 1 1 62 7.3561
0 1 1 63 0.0328681
0 1 1 64 0.890265
0 1 1 65 3.39266
0 1 1 66 0.118703
0 1 1 67 6.45322
0 1 1 68 7.49782
0 1 1 69 0.104938
0 1 1 70 0.805922
0 1 1 71 1.60063
0 1 1 72 0.376534
0 1 1 73 2.6675
0 1 1 74 3.4016
0 1 1 75 0.109389
0 1 1 76 0.850776
0 1 1 77 1.6555
0 1 1 78 0.386848
0 1 1 79 2.65423
0 1 1 80 3.35896
0 1 1 81 0.107374
0 1 1 82 0.87355
0 1 1 83 1.7485
0 1 1 84 0.384118
0 1 1 85 2.66585
0 1 1 86 3.40678
0 1 1 87 0.0967235
0 1 1 88 0.889774
0 1 1 89 1.73006
0 1 1 90 0.387843
0 1 1 91 2.66823
0 1 1 92 3.47418
0 1 1 93 0.103052
0 1 1 94 0.799928
0 1 1 95 1.50315
0 1 1 96 0.381038
0 1 1 97 2.66651
0 1 1 98 3.46458
0 1 1 99 0.0942641
0 1 2 0 0.0328681
0 1 2 1 0.927936
0 1 2 2 3.38707
0 1 2 3 0.121401
0 1 2 4 6.57168
0 1 2 5 7.61603
0 1 2 6 0.0328681
0 1 2 7 0.919946
0 1 2 8 3.26495
0 1 2 9 0.113772
0 1 2 10 6.62426
0 1 2 11 7.83511
0 1 2 12 0.0328681
0 1 2 13 1.00726
0 1 2 14 3.19519
0 1 2 15 0.118703
0 1 2 16 6.37046
0 1 2 17 7.32287
0 1 2 18 0.0328681
0 1 2 19 0.94073
0 1 2 20 3.29049
0 1 2 21 0.11488
0 1 2 22 6.49155
0 1 2 23 7.58644
0 1 2 24 0.0328681
0 1 2 25 0.97238
0 1 2 26 3.42633
0 1 2 27 0.113772
0 1 2 28 6.51263
0 1 2 29 7.79096
0 1 2 30 0.0328681
0 1 2 31 0.929009
0 1 2 32 3.15617
0 1 2 33 0.119081
0 1 2 34 6.43498
0 1 2 35 7.53312
0 1 2 36 0.0328681
0 1 2 37 0.940517
0 1 2 38 3.22946
0 1 2 39 0.113772
0 1 2 40 6.52647
0 1 2 41 7.67222
0 1 2 42 0.0328681
0 1 2 43 0.905843
0 1 2 44 3.36183
0 1 2 45 0.113772
0 1 2 46 6.50922
0 1 2 47 7.68304
0 1 2 48 0.0328681
0 1 2 49 0.949217
0 1 2 50 3.34552
0 1 2 51 0.118703
0 1 2 52 6.26724
0 1 2 53 7.23737
0 1 2 54 0.0328681
0 1 2 55 0.947891
0 1 2 56 3.43322
0 1 2 57 0.118703
0 1 2 58 6.42961
0 1 2 59 7.3561
0 1 2 60 0.0328681
0 1 2 61 0.890265
0 1 2 62 3.39266
0 1 2 63 0.118703
0 1 2 64 6.45322
0 1 2 65 7.49782
0 1 2 66 0.104938
0 1 2 67 0.805922
0 1 2 68 1.60063
0 1 2 69 0.376534
0 1 2 70 2.6675
0 1 2 71 3.4016
0 1 2 72 0.109389
0 1 2 73 0.850776
0 1 2 74 1.6555
0 1 2 75 0.386848
0 1 2 76 2.65423
0 1 2 77 3.35896
0 1 2 78 0.107374
0 1 2 79 0.87355
0 1 2 80 1.7485
0 1 2 81 0.384118
0 1 2 82 2.66585
0 1 2 83 3.40678
0 1 2 84 0.0967235
0 1 2 85 0.889774
0 1 2 86 1.73006
0 1 2 87 0.387843
0 1 2 88 2.66823
0 1 2 89 3.47418
0 1 2 90 0.103052
0 1 2 91 0.799928
0 1 2 92 1.50315
0 1 2 93 0.381038
0 1 2 94 2.66651
0 1 2 95 3.46458
0 1 2 96 0.0942641
0 1 2 97 0.902587
0 1 2 98 1.76689
0 1 2 99 0.39749
0 1 3 0 0.121401
0 1 3 1 6.57168
0 1 3 2 7.61603
0 1 3 3 0.0328681
0 1 3 4 0.919946
0 1 3 5 3.26495
0 1 3 6 0.113772
0 1 3 7 6.62426
0 1 3 8 7.83511
0 1 3 9 0.0328681
0 1 3 10 1.00726
0 1 3 11 3.19519
0 1 3 12 0.118703
0 1 3 13 6.37046
0 1 3 14 7.32287
0 1 3 15 0.0328681
0 1 3 16 0.94073
0 1 3 17 3.29049
0 1 3 18 0.11488
0 1 3 19 6.49155
0 1 3 20 7.58644
0 1 3 21 0.0328681
0 1 3 22 0.97238
0 1 3 23 3.42633
0 1 3 24 0.113772
0 1 3 25 6.51263
0 1 3 26 7.79096
0 1 3 27 0.0328681
0 1 3 28 0.929009
0 1 3 29 3.15617
0 1 3 30 0.119081
0 1 3 31 6.43498
0 1 3 32 7.53312
0 1 3 33 0.0328681
0 1 3 34 0.940517
0 1 3 35 3.22946
0 1 3 36 0.113772
0 1 3 37 6.52647
0 1 3 38 7.67222
0 1 3 39 0.0328681
0 1 3 40 0.905843
0 1 3 41 3.36183
0 1 3 42 0.113772
0 1 3 43 6.50922
0 1 3 44 7.68304
0 1 3 45 0.0328681
0 1 3 46 0.949217
0 1 3 47 3.34552
0 1 3 48 0.118703
0 1 3 49 6.26724
0 1 3 50 7.23737
0 1 3 51 0.0328681
0 1 3 52 0.947891
0 1 3 53 3.43322
0 1 3 54 0.118703
0 1 3 55 6.42961
0 1 3 56 7.3561
0 1 3 57 0.0328681
0 1 3 58 0.890265
0 1 3 59 3.39266
0 1 3 60 0.118703
0 1 3 61 6.45322
0 1 3 62 7.49782
0 1 3 63 0.104938
0 1 3 64 0.805922
0 1 3 65 1.60063
0 1 3 66 0.376534
0 1 3 67 2.6675
0 1 3 68 3.4016
0 1 3 69 0.109389
0 1 3 70 0.850776
0 1 3 71 1.6555
0 1 3 72 0.386848
0 1 3 73 2.65423
0 1 3 74 3.35896
0 1 3 75 0.107374
0 1 3 76 0.87355
0 1 3 77 1.7485
0 1 3 78 0.384118
0 1 3 79 2.66585
0 1 3 80 3.40678
0 1 3 81 0.0967235
0 1 3 82 0.889774
0 1 3 83 1.73006
0 1 3 84 0.387843
0 1 3 85 2.66823
0 1 3 86 3.47418
0 1 3 87 0.103052
0 1 3 88 0.799928
0 1 3 89 1.50315
0 1 3 90 0.381038
0 1 3 91 2.66651
0 1 3 92 3.46458
0 1 3 93 0.0942641
0 1 3 94 0.902587
0 1 3 95 1.76689
0 1 3 96 0.39749
0 1 3 97 2.73198
0 1 3 98 3.49089
0 1 3 99 0.10453
0 2 0 0 0.0328681
0 2 0 1 0.919946
0 2 0 2 3.26495
0 2 0 3 0.113772
0 2 0 4 6.62426
0 2 0 5 7.83511
0 2 0 6 0.0328681
0 2 0 7 1.00726
0 2 0 8 3.19519
0 2 0 9 0.118703
0 2 0 10 6.37046
0 2 0 11 7.32287
0 2 0 12 0.0328681
0 2 0 13 0.94073
0 2 0 14 3.29049
0 2 0 15 0.11488
0 2 0 16 6.49155
0 2 0 17 7.58644
0 2 0 18 0.0328681
0 2 0 19 0.97238
0 2 0 20 3.42633
0 2 0 21 0.113772
0 2 0 22 6.51263
0 2 0 23 7.79096
0 2 0 24 0.0328681
0 2 0 25 0.929009
0 2 0 26 3.15617
0 2 0 27 0.119081
0 2 0 28 6.43498
0 2 0 29 7.53312
0 2 0 30 0.0328681
0 2 0 31 0.940517
0 2 0 32 3.22946
0 2 0 33 0.113772
0 2 0 34 6.52647
0 2 0 35 7.67222
0 2 0 36 0.0328681
0 2 0 37 0.905843
0 2 0 38 3.36183
0 2 0 39 0.113772
0 2 0 40 6.50922
0 2 0 41 7.68304
0 2 0 42 0.0328681
0 2 0 43 0.949217
0 2 0 44 3.34552
0 2 0 45 0.118703
0 2 0 46 6.26724
0 2 0 47 7.23737
0 2 0 48 0.0328681
0 2 0 49 0.947891
0 2 0 50 3.43322
0 2 0 51 0.118703
0 2 0 52 6.42961
0 2 0 53 7.3561
0 2 0 54 0.0328681
0 2 0 55 0.890265
0 2 0 56 3.39266
0 2 0 57 0.118703
0 2 0 58 6.45322
0 2 0 59 7.49782
0 2 0 60 0.104938
0 2 0 61 0.805922
0 2 0 62 1.60063
0 2 0 63 0.376534
0 2 0 64 2.6675
0 2 0 65 3.4016
0 2 0 66 0.109389
0 2 0 67 0.850776
0 2 0 68 1.6555
0 2 0 69 0.386848
0 2 0 70 2.65423
0 2 0 71 3.35896
0 2 0 72 0.107374
0 2 0 73 0.87355
0 2 0 74 1.7485
0 2 0 75 0.384118
0 2 0 76 2.66585
0 2 0 77 3.40678
0 2 0 78 0.0967235
0 2 0 79 0.889774
0 2 0 80 1.73006
0 2 0 81 0.387843
0 2 0 82 2.66823
0 2 0 83 3.47418
0 2 0 84 0.103052
0 2 0 85 0.799928
0 2 0 86 1.50315
0 2 0 87 0.381038
0 2 0 88 2.66651
0 2 0 89 3.46458
0 2 0 90 0.0942641
0 2 0 91 0.902587
0 2 0 92 1.76689
0 2 0 93 0.39749
0 2 0 94 2.73198
0 2 0 95 3.49089
0 2 0 96 0.10453
0 2 0 97 0.899035
0 2 0 98 1.80909
0 2 0 99 0.384588
0 2 1 0 0.113772
0 2 1 1 6.62426
0 2 1 2 7.83511
0 2 1 3 0.0328681
0 2 1 4 1.00726
0 2 1 5 3.19519
0 2 1 6 0.118703
0 2 1 7 6.37046
0 2 1 8 7.32287
0 2 1 9 0.0328681
0 2 1 10 0.94073
0 2 1 11 3.29049
0 2 1 12 0.11488
0 2 1 13 6.49155
0 2 1 14 7.58644
0 2 1 15 0.0328681
0 2 1 16 0.97238
0 2 1 17 3.42633
0 2 1 18 0.113772
0 2 1 19 6.51263
0 2 1 20 7.79096
0 2 1 21 0.0328681
0 2 1 22 0.929009
0 2 1 23 3.15617
0 2 1 24 0.119081
0 2 1 25 6.43498
0 2 1 26 7.53312
0 2 1 27 0.0328681
0 2 1 28 0.940517
0 2 1 29 3.22946
0 2 1 30 0.113772
0 2 1 31 6.52647
0 2 1 32 7.67222
0 2 1 33 0.0328681
0 2 1 34 0.905843
0 2 1 35 3.36183
0 2 1 36 0.113772
0 2 1 37 6.50922
0 2 1 38 7.68304
0 2 1 39 0.0328681
0 2 1 40 0.949217
0 2 1 41 3.34552
0 2 1 42 0.118703
0 2 1 43 6.26724
0 2 1 44 7.23737
0 2 1 45 0.0328681
0 2 1 46 0.947891
0 2 1 47 3.43322
0 2 1 48 0.118703
0 2 1 49 6.42961
0 2 1 50 7.3561
0 2 1 51 0.0328681
0 2 1 52 0.890265
0 2 1 53 3.39266
0 2 1 54 0.118703
0 2 1 55 6.45322
0 2 1 56 7.49782
0 2 1 57 0.104938
0 2 1 58 0.805922
0 2 1 59 1.60063
0 2 1 60 0.376534
0 2 1 61 2.6675
0 2 1 62 3.4016
0 2 1 63 0.109389
0 2 1 64 0.850776
0 2 1 65 1.6555
0 2 1 66 0.386848
0 2 1 67 2.65423
0 2 1 68 3.35896
0 2 1 69 0.107374
0 2 1 70 0.87355
0 2 1 71 1.7485
0 2 1 72 0.384118
0 2 1 73 2.66585
0 2 1 74 3.40678
0 2 1 75 0.0967235
0 2 1 76 0.889774
0 2 1 77 1.73006
0 2 1 78 0.387843
0 2 1 79 2.66823
0 2 1 80 3.47418
0 2 1 81 0.103052
0 2 1 82 0.799928
0 2 1 83 1.50315
0 2 1 84 0.381038
0 2 1 85 2.66651
0 2 1 86 3.46458
0 2 1 87 0.0942641
0 2 1 88 0.902587
0 2 1 89 1.76689
0 2 1 90 0.39749
0 2 1 91 2.73198
0 2 1 92 3.49089
0 2 1 93 0.10453
0 2 1 94 0.899035
0 2 1 95 1.80909
0 2 1 96 0.384588
0 2 1 97 2.67327
0 2 1 98 3.49131
0 2 1 99 0.109972
0 2 2 0 0.0328681
0 2 2 1 1.00726
0 2 2 2 3.19519
0 2 2 3 0.118703
0 2 2 4 6.37046
0 2 2 5 7.32287
0 2 2 6 0.0328681
0 2 2 7 0.94073
0 2 2 8 3.29049
0 2 2 9 0.11488
0 2 2 10 6.49155
0 2 2 11 7.58644
0 2 2 12 0.0328681
0 2 2 13 0.97238
0 2 2 14 3.42633
0 2 2 15 0.113772
0 2 2 16 6.51263
0 2 2 17 7.79096
0 2 2 18 0.0328681
0 2 2 19 0.929009
0 2 2 20 3.15617
0 2 2 21 0.119081
0 2 2 22 6.43498
0 2 2 23 7.53312
0 2 2 24 0.0328681
0 2 2 25 0.940517
0 2 2 26 3.22946
0 2 2 27 0.113772
0 2 2 28 6.52647
0 2 2 29 7.67222
0 2 2 30 0.0328681
0 2 2 31 0.905843
0 2 2 32 3.36183
0 2 2 33 0.113772
0 2 2 34 6.50922
0 2 2 35 7.68304
0 2 2 36 0.0328681
0 2 2 37 0.949217
0 2 2 38 3.34552
0 2 2 39 0.118703
0 2 2 40 6.26724
0 2 2 41 7.23737
0 2 2 42 0.0328681
0 2 2 43 0.947891
0 2 2 44 3.43322
0 2 2 45 0.118703
0 2 2 46 6.42961
0 2 2 47 7.3561
0 2 2 48 0.0328681
0 2 2 49 0.890265
0 2 2 50 3.39266
0 2 2 51 0.118703
0 2 2 52 6.45322
0 2 2 53 7.49782
0 2 2 54 0.104938
0 2 2 55 0.805922
0 2 2 56 1.60063
0 2 2 57 0.376534
0 2 2 58 2.6675
0 2 2 59 3.4016
0 2 2 60 0.109389
0 2 2 61 0.850776
0 2 2 62 1.6555
0 2 2 63 0.386848
0 2 2 64 2.65423
0 2 2 65 3.35896
0 2 2 66 0.107374
0 2 2 67 0.87355
0 2 2 68 1.7485
0 2 2 69 0.384118
0 2 2 70 2.66585
0 2 2 71 3.40678
0 2 2 72 0.0967235
0 2 2 73 0.889774
0 2 2 74 1.73006
0 2 2 75 0.387843
0 2 2 76 2.66823
0 2 2 77 3.47418
0 2 2 78 0.103052
0 2 2 79 0.799928
0 2 2 80 1.50315
0 2 2 81 0.381038
0 2 2 82 2.66651
0 2 2 83 3.46458
0 2 2 84 0.0942641
0 2 2 85 0.902587
0 2 2 86 1.76689
0 2 2 87 0.39749
0 2 2 88 2.73198
0 2 2 89 3.49089
0 2 2 90 0.10453
0 2 2 91 0.899035
0 2 2 92 1.80909
0 2 2 93 0.384588
0 2 2 94 2.67327
0 2 2 95 3.49131
0 2 2 96 0.109972
0 2 2 97 0.862634
0 2 2 98 1.76049
0 2 2 99 0.38686
0 2 3 0 0.118703
0 2 3 1 6.37046
0 2 3 2 7.32287
0 2 3 3 0.0328681
0 2 3 4 0.94073
0 2 3 5 3.29049
0 2 3 6 0.11488
0 2 3 7 6.49155
0 2 3 8 7.58644
0 2 3 9 0.0328681
0 2 3 10 0.97238
0 2 3 11 3.42633
0 2 3 12 0.113772
0 2 3 13 6.51263
0 2 3 14 7.79096
0 2 3 15 0.0328681
0 2 3 16 0.929009
0 2 3 17 3.15617
0 2 3 18 0.119081
0 2 3 19 6.43498
0 2 3 20 7.53312
0 2 3 21 0.0328681
0 2 3 22 0.940517
0 2 3 23 3.22946
0 2 3 24 0.113772
0 2 3 25 6.52647
0 2 3 26 7.67222
0 2 3 27 0.0328681
0 2 3 28 0.905843
0 2 3 29 3.36183
0 2 3 30 0.113772
0 2 3 31 6.50922
0 2 3 32 7.68304
0 2 3 33 0.0328681
0 2 3 34 0.949217
0 2 3 35 3.34552
0 2 3 36 0.118703
0 2 3 37 6.26724
0 2 3 38 7.23737
0 2 3 39 0.0328681
0 2 3 40 0.947891
0 2 3 41 3.43322
0 2 3 42 0.118703
0 2 3 43 6.42961
0 2 3 44 7.3561
0 2 3 45 0.0328681
0 2 3 46 0.890265
0 2 3 47 3.39266
0 2 3 48 0.118703
0 2 3 49 6.45322
0 2 3 50 7.49782
0 2 3 51 0.104938
0 2 3 52 0.805922
0 2 3 53 1.60063
0 2 3 54 0.376534
0 2 3 55 2.6675
0 2 3 56 3.4016
0 2 3 57 0.109389
0 2 3 58 0.850776
0 2 3 59 1.6555
0 2 3 60 0.386848
0 2 3 61 2.65423
0 2 3 62 3.35896
0 2 3 63 0.107374
0 2 3 64 0.87355
0 2 3 65 1.7485
0 2 3 66 0.384118
0 2 3 67 2.66585
0 2 3 68 3.40678
0 2 3 69 0.0967235
0 2 3 70 0.889774
0 2 3 71 1.73006
0 2 3 72 0.387843
0 2 3 73 2.66823
0 2 3 74 3.47418
0 2 3 75 0.103052
0 2 3 76 0.799928
0 2 3 77 1.50315
0 2 3 78 0.381038
0 2 3 79 2.66651
0 2 3 80 3.46458
0 2 3 81 0.0942641
0 2 3 82 0.902587
0 2 3 83 1.76689
0 2 3 84 0.39749
0 2 3 85 2.73198
0 2 3 86 3.49089
0 2 3 87 0.10453
0 2 3 88 0.899035
0 2 3 89 1.80909
0 2 3 90 0.384588
0 2 3 91 2.67327
0 2 3 92 3.49131
0 2 3 93 0.109972
0 2 3 94 0.862634
0 2 3 95 1.76049
0 2 3 96 0.38686
0 2 3 97 2.68203
0 2 3 98 3.49599
0 2 3 99 0.156693
0 3 0 0 0.0328681
0 3 0 1 0.94073
0 3 0 2 3.29049
0 3 0 3 0.11488
0 3 0 4 6.49155
0 3 0 5 7.58644
0 3 0 6 0.0328681
0 3 0 7 0.97238
0 3 0 8 3.42633
0 3 0 9 0.113772
0 3 0 10 6.51263
0 3 0 11 7.79096
0 3 0 12 0.0328681
0 3 0 13 0.929009
0 3 0 14 3.15617
0 3 0 15 0.119081
0 3 0 16 6.43498
0 3 0 17 7.53312
0 3 0 18 0.0328681
0 3 0 19 0.940517
0 3 0 20 3.22946
0 3 0 21 0.113772
0 3 0 22 6.52647
0 3 0 23 7.67222
0 3 0 24 0.0328681
0 3 0 25 0.905843
0 3 0 26 3.36183
0 3 0 27 0.113772
0 3 0 28 6.50922
0 3 0 29 7.68304
0 3 0 30 0.0328681
0 3 0 31 0.949217
0 3 0 32 3.34552
0 3 0 33 0.118703
0 3 0 34 6.26724
0 3 0 35 7.23737
0 3 0 36 0.0328681
0 3 0 37 0.947891
0 3 0 38 3.43322
0 3 0 39 0.118703
0 3 0 40 6.42961
0 3 0 41 7.3561
0 3 0 42 0.0328681
0 3 0 43 0.890265
0 3 0 44 3.39266
0 3 0 45 0.118703
0 3 0 46 6.45322
0 3 0 47 7.49782
0 3 0 48 0.104938
0 3 0 49 0.805922
0 3 0 50 1.60063
0 3 0 51 0.376534
0 3 0 52 2.6675
0 3 0 53 3.4016
0 3 0 54 0.109389
0 3 0 55 0.850776
0 3 0 56 1.6555
0 3 0 57 0.386848
0 3 0 58 2.65423
0 3 0 59 3.35896
0 3 0 60 0.107374
0 3 0 61 0.87355
0 3 0 62 1.7485
0 3 0 63 0.384118
0 3 0 64 2.66585
0 3 0 65 3.40678
0 3 0 66 0.0967235
0 3 0 67 0.889774
0 3 0 68 1.73006
0 3 0 69 0.387843
0 3 0 70 2.66823
0 3 0 71 3.47418
0 3 0 72 0.103052
0 3 0 73 0.799928
0 3 0 74 1.50315
0 3 0 75 0.381038
0 3 0 76 2.66651
0 3 0 77 3.46458
0 3 0 78 0.0942641
0 3 0 79 0.902587
0 3 0 80 1.76689
0 3 0 81 0.39749
0 3 0 82 2.73198
0 3 0 83 3.49089
0 3 0 84 0.10453
0 3 0 85 0.899035
0 3 0 86 1.80909
0 3 0 87 0.384588
0 3 0 88 2.67327
0 3 0 89 3.49131
0 3 0 90 0.109972
0 3 0 91 0.862634
0 3 0 92 1.76049
0 3 0 93 0.38686
0 3 0 94 2.68203
0 3 0 95 3.49599
0 3 0 96 0.156693
0 3 0 97 0.733493
0 3 0 98 1.5046
0 3 0 99 0.385732
0 3 1 0 0.11488
0 3 1 1 6.49155
0 3 1 2 7.58644
0 3 1 3 0.0328681
0 3 1 4 0.97238
0 3 1 5 3.42633
0 3 1 6 0.113772
0 3 1 7 6.51263
0 3 1 8 7.79096
0 3 1 9 0.0328681
0 3 1 10 0.929009
0 3 1 11 3.15617
0 3 1 12 0.119081
0 3 1 13 6.43498
0 3 1 14 7.53312
0 3 1 15 0.0328681
0 3 1 16 0.940517
0 3 1 17 3.22946
0 3 1 18 0.113772
0 3 1 19 6.52647
0 3 1 20 7.67222
0 3 1 21 0.0328681
0 3 1 22 0.905843
0 3 1 23 3.36183
0 3 1 24 0.113772
0 3 1 25 6.50922
0 3 1 26 7.68304
0 3 1 27 0.0328681
0 3 1 28 0.949217
0 3 1 29 3.34552
0 3 1 30 0.118703
0 3 1 31 6.26724
0 3 1 32 7.23737
0 3 1 33 0.0328681
0 3 1 34 0.947891
0 3 1 35 3.43322
0 3 1 36 0.118703
0 3 1 37 6.42961
0 3 1 38 7.3561
0 3 1 39 0.0328681
0 3 1 40 0.890265
0 3 1 41 3.39266
0 3 1 42 0.118703
0 3 1 43 6.45322
0 3 1 44 7.49782
0 3 1 45 0.104938
0 3 1 46 0.805922
0 3 1 47 1.60063
0 3 1 48 0.376534
0 3 1 49 2.6675
0 3 1 50 3.4016
0 3 1 51 0.109389
0 3 1 52 0.850776
0 3 1 53 1.6555
0 3 1 54 0.386848
0 3 1 55 2.65423
0 3 1 56 3.35896
0 3 1 57 0.107374
0 3 1 58 0.87355
0 3 1 59 1.7485
0 3 1 60 0.384118
0 3 1 61 2.66585
0 3 1 62 3.40678
0 3 1 63 0.0967235
0 3 1 64 0.889774
0 3 1 65 1.73006
0 3 1 66 0.387843
0 3 1 67 2.66823
0 3 1 68 3.47418
0 3 1 69 0.103052
0 3 1 70 0.799928
0 3 1 71 1.50315
0 3 1 72 0.381038
0 3 1 73 2.66651
0 3 1 74 3.46458
0 3 1 75 0.0942641
0 3 1 76 0.902587
0 3 1 77 1.76689
0 3 1 78 0.39749
0 3 1 79 2.73198
0 3 1 80 3.49089
0 3 1 81 0.10453
0 3 1 82 0.899035
0 3 1 83 1.80909
0 3 1 84 0.384588
0 3 1 85 2.67327
0 3 1 86 3.49131
0 3 1 87 0.109972
0 3 1 88 0.862634
0 3 1 89 1.76049
0 3 1 90 0.38686
0 3 1 91 2.68203
0 3 1 92 3.49599
0 3 1 93 0.156693
0 3 1 94 0.733493
0 3 1 95 1.5046
0 3 1 96 0.385732
0 3 1 97 2.70868
0 3 1 98 3.49166
0 3 1 99 0.10628
0 3 2 0 0.0328681
0 3 2 1 0.97238
0 3 2 2 3.42633
0 3 2 3 0.113772
0 3 2 4 6.51263
0 3 2 5 7.79096
0 3 2 6 0.0328681
0 3 2 7 0.929009
0 3 2 8 3.15617
0 3 2 9 0.119081
0 3 2 10 6.43498
0 3 2 11 7.53312
0 3 2 12 0.0328681
0 3 2 13 0.940517
0 3 2 14 3.22946
0 3 2 15 0.113772
0 3 2 16 6.52647
0 3 2 17 7.67222
0 3 2 18 0.0328681
0 3 2 19 0.905843
0 3 2 20 3.36183
0 3 2 21 0.113772
0 3 2 22 6.50922
0 3 2 23 7.68304
0 3 2 24 0.0328681
0 3 2 25 0.949217
0 3 2 26 3.34552
0 3 2 27 0.118703
0 3 2 28 6.26724
0 3 2 29 7.23737
0 3 2 30 0.0328681
0 3 2 31 0.947891
0 3 2 32 3.43322
0 3 2 33 0.118703
0 3 2 34 6.42961
0 3 2 35 7.3561
0 3 2 36 0.0328681
0 3 2 37 0.890265
0 3 2 38 3.39266
0 3 2 39 0.118703
0 3 2 40 6.45322
0 3 2 41 7.49782
0 3 2 42 0.104938
0 3 2 43 0.805922
0 3 2 44 1.60063
0 3 2 45 0.376534
0 3 2 46 2.6675
0 3 2 47 3.4016
0 3 2 48 0.109389
0 3 2 49 0.850776
0 3 2 50 1.6555
0 3 2 51 0.386848
0 3 2 52 2.65423
0 3 2 53 3.35896
0 3 2 54 0.107374
0 3 2 55 0.87355
0 3 2 56 1.7485
0 3 2 57 0.384118
0 3 2 58 2.66585
0 3 2 59 3.40678
0 3 2 60 0.0967235
0 3 2 61 0.889774
0 3 2 62 1.73006
0 3 2 63 0.387843
0 3 2 64 2.66823
0 3 2 65 3.47418
0 3 2 66 0.103052
0 3 2 67 0.799928
0 3 2 68 1.50315
0 3 2 69 0.381038
0 3 2 70 2.66651
0 3 2 71 3.46458
0 3 2 72 0.0942641
0 3 2 73 0.902587
0 3 2 74 1.76689
0 3 2 75 0.39749
0 3 2 76 2.73198
0 3 2 77 3.49089
0 3 2 78 0.10453
0 3 2 79 0.899035
0 3 2 80 1.80909
0 3 2 81 0.384588
0 3 2 82 2.67327
0 3 2 83 3.49131
0 3 2 84 0.109972
0 3 2 85 0.862634
0 3 2 86 1.76049
0 3 2 87 0.38686
0 3 2 88 2.68203
0 3 2 89 3.49599
0 3 2 90 0.156693
0 3 2 91 0.733493
0 3 2 92 1.5046
0 3 2 93 0.385732
0 3 2 94 2.70868
0 3 2 95 3.49166
0 3 2 96 0.10628
0 3 2 97 0.862881
0 3 2 98 1.60825
0 3 2 99 0.396912
0 3 3 0 0.113772
0 3 3 1 6.51263
0 3 3 2 7.79096
0 3 3 3 0.0328681
0 3 3 4 0.929009
0 3 3 5 3.15617
0 3 3 6 0.119081
0 3 3 7 6.43498
0 3 3 8 7.53312
0 3 3 9 0.0328681
0 3 3 10 0.940517
0 3 3 11 3.22946
0 3 3 12 0.113772
0 3 3 13 6.52647
0 3 3 14 7.67222
0 3 3 15 0.0328681
0 3 3 16 0.905843
0 3 3 17 3.36183
0 3 3 18 0.113772
0 3 3 19 6.50922
0 3 3 20 7.68304
0 3 3 21 0.0328681
0 3 3 22 0.949217
0 3 3 23 3.34552
0 3 3 24 0.118703
0 3 3 25 6.26724
0 3 3 26 7.23737
0 3 3 27 0.0328681
0 3 3 28 0.947891
0 3 3 29 3.43322
0 3 3 30 0.118703
0 3 3 31 6.42961
0 3 3 32 7.3561
0 3 3 33 0.0328681
0 3 3 34 0.890265
0 3 3 35 3.39266
0 3 3 36 0.118703
0 3 3 37 6.45322
0 3 3 38 7.49782
0 3 3 39 0.104938
0 3 3 40 0.805922
0 3 3 41 1.60063
0 3 3 42 0.376534
0 3 3 43 2.6675
0 3 3 44 3.4016
0 3 3 45 0.109389
0 3 3 46 0.850776
0 3 3 47 1.6555
0 3 3 48 0.386848
0 3 3 49 2.65423
0 3 3 50 3.35896
0 3 3 51 0.107374
0 3 3 52 0.87355
0 3 3 53 1.7485
0 3 3 54 0.384118
0 3 3 55 2.66585
0 3 3 56 3.40678
0 3 3 57 0.0967235
0 3 3 58 0.889774
0 3 3 59 1.73006
0 3 3 60 0.387843
0 3 3 61 2.66823
0 3 3 62 3.47418
0 3 3 63 0.103052
0 3 3 64 0.799928
0 3 3 65 1.50315
0 3 3 66 0.381038
0 3 3 67 2.66651
0 3 3 68 3.46458
0 3 3 69 0.0942641
0 3 3 70 0.902587
0 3 3 71 1.76689
0 3 3 72 0.39749
0 3 3 73 2.73198
0 3 3 74 3.49089
0 3 3 75 0.10453
0 3 3 76 0.899035
0 3 3 77 1.80909
0 3 3 78 0.384588
0 3 3 79 2.67327
0 3 3 80 3.49131
0 3 3 81 0.109972
0 3 3 82 0.862634
0 3 3 83 1.76049
0 3 3 84 0.38686
0 3 3 85 2.68203
0 3 3 86 3.49599
0 3 3 87 0.156693
0 3 3 88 0.733493
0 3 3 89 1.5046
0 3 3 90 0.385732
0 3 3 91 2.70868
0 3 3 92 3.49166
0 3 3 93 0.10628
0 3 3 94 0.862881
0 3 3 95 1.60825
0 3 3 96 0.396912
0 3 3 97 2.71045
0 3 3 98 3.44977
0 3 3 99 0.0986603
0 4 0 0 0.0328681
0 4 0 1 0.929009
0 4 0 2 3.15617
0 4 0 3 0.119081
0 4 0 4 6.43498
0 4 0 5 7.53312
0 4 0 6 0.0328681
0 4 0 7 0.940517
0 4 0 8 3.22946
0 4 0 9 0.113772
0 4 0 10 6.52647
0 4 0 11 7.67222
0 4 0 12 0.0328681
0 4 0 13 0.905843
0 4 0 14 3.36183
0 4 0 15 0.113772
0 4 0 16 6.50922
0 4 0 17 7.68304
0 4 0 18 0.0328681
0 4 0 19 0.949217
0 4 0 20 3.34552
0 4 0 21 0.118703
0 4 0 22 6.26724
0 4 0 23 7.23737
0 4 0 24 0.0328681
0 4 0 25 0.947891
0 4 0 26 3.43322
0 4 0 27 0.118703
0 4 0 28 6.42961
0 4 0 29 7.3561
0 4 0 30 0.0328681
0 4 0 31 0.890265
0 4 0 32 3.39266
0 4 0 33 0.118703
0 4 0 34 6.45322
0 4 0 35 7.49782
0 4 0 36 0.104938
0 4 0 37 0.805922
0 4 0 38 1.60063
0 4 0 39 0.376534
0 4 0 40 2.6675
0 4 0 41 3.4016
0 4 0 42 0.109389
0 4 0 43 0.850776
0 4 0 44 1.6555
0 4 0 45 0.386848
0 4 0 46 2.65423
0 4 0 47 3.35896
0 4 0 48 0.107374
0 4 0 49 0.87355
0 4 0 50 1.7485
0 4 0 51 0.384118
0 4 0 52 2.66585
0 4 0 53 3.40678
0 4 0 54 0.0967235
0 4 0 55 0.889774
0 4 0 56 1.73006
0 4 0 57 0.387843
0 4 0 58 2.66823
0 4 0 59 3.47418
0 4 0 60 0.103052
0 4 0 61 0.799928
0 4 0 62 1.50315
0 4 0 63 0.381038
0 4 0 64 2.66651
0 4 0 65 3.46458
0 4 0 66 0.0942641
0 4 0 67 0.902587
0 4 0 68 1.76689
0 4 0 69 0.39749
0 4 0 70 2.73198
0 4 0 71 3.49089
0 4 0 72 0.10453
0 4 0 73 0.899035
0 4 0 74 1.80909
0 4 0 75 0.384588
0 4 0 76 2.67327
0 4 0 77 3.49131
0 4 0 78 0.109972
0 4 0 79 0.862634
0 4 0 80 1.76049
0 4 0 81 0.38686
0 4 0 82 2.68203
0 4 0 83 3.49599
0 4 0 84 0.156693
0 4 0 85 0.733493
0 4 0 86 1.5046
0 4 0 87 0.385732
0 4 0 88 2.70868
0 4 0 89 3.49166
0 4 0 90 0.10628
0 4 0 91 0.862881
0 4 0 92 1.60825
0 4 0 93 0.396912
0 4 0 94 2.71045
0 4 0 95 3.44977
0 4 0 96 0.0986603
0 4 0 97 0.98261
0 4 0 98 1.88985
0 4 0 99 0.388053
0 4 1 0 0.119081
0 4 1 1 6.43498
0 4 1 2 7.53312
0 4 1 3 0.0328681
0 4 1 4 0.940517
0 4 1 5 3.22946
0 4 1 6 0.113772
0 4 1 7 6.52647
0 4 1 8 7.67222
0 4 1 9 0.0328681
0 4 1 10 0.905843
0 4 1 11 3.36183
0 4 1 12 0.113772
0 4 1 13 6.50922
0 4 1 14 7.68304
0 4 1 15 0.0328681
0 4 1 16 0.949217
0 4 1 17 3.34552
0 4 1 18 0.118703
0 4 1 19 6.26724
0 4 1 20 7.23737
0 4 1 21 0.0328681
0 4 1 22 0.947891
0 4 1 23 3.43322
0 4 1 24 0.118703
0 4 1 25 6.42961
0 4 1 26 7.3561
0 4 1 27 0.0328681
0 4 1 28 0.890265
0 4 1 29 3.39266
0 4 1 30 0.118703
0 4 1 31 6.45322
0 4 1 32 7.49782
0 4 1 33 0.104938
0 4 1 34 0.805922
0 4 1 35 1.60063
0 4 1 36 0.376534
0 4 1 37 2.6675
0 4 1 38 3.4016
0 4 1 39 0.109389
0 4 1 40 0.850776
0 4 1 41 1.6555
0 4 1 42 0.386848
0 4 1 43 2.65423
0 4 1 44 3.35896
0 4 1 45 0.107374
0 4 1 46 0.87355
0 4 1 47 1.7485
0 4 1 48 0.384118
0 4 1 49 2.66585
0 4 1 50 3.40678
0 4 1 51 0.0967235
0 4 1 52 0.889774
0 4 1 53 1.73006
0 4 1 54 0.387843
0 4 1 55 2.66823
0 4 1 56 3.47418
0 4 1 57 0.103052
0 4 1 58 0.799928
0 4 1 59 1.50315
0 4 1 60 0.381038
0 4 1 61 2.66651
0 4 1 62 3.46458
0 4 1 63 0.0942641
0 4 1 64 0.902587
0 4 1 65 1.76689
0 4 1 66 0.39749
0 4 1 67 2.73198
0 4 1 68 3.49089
0 4 1 69 0.10453
0 4 1 70 0.899035
0 4 1 71 1.80909
0 4 1 72 0.384588
0 4 1 73 2.67327
0 4 1 74 3.49131
0 4 1 75 0.109972
0 4 1 76 0.862634
0 4 1 77 1.76049
0 4 1 78 0.38686
0 4 1 79 2.68203
0 4 1 80 3.49599
0 4 1 81 0.156693
0 4 1 82 0.733493
0 4 1 83 1.5046
0 4 1 84 0.385732
0 4 1 85 2.70868
0 4 1 86 3.49166
0 4 1 87 0.10628
0 4 1 88 0.862881
0 4 1 89 1.60825
0 4 1 90 0.396912
0 4 1 91 2.71045
0 4 1 92 3.44977
0 4 1 93 0.0986603
0 4 1 94 0.98261
0 4 1 95 1.88985
0 4 1 96 0.388053
0 4 1 97 2.65746
0 4 1 98 3.40555
0 4 1 99 0.106762
0 4 2 0 0.0328681
0 4 2 1 0.940517
0 4 2 2 3.22946
0 4 2 3 0.113772
0 4 2 4 6.52647
0 4 2 5 7.67222
0 4 2 6 0.0328681
0 4 2 7 0.905843
0 4 2 8 3.36183
0 4 2 9 0.113772
0 4 2 10 6.50922
0 4 2 11 7.68304
0 4 2 12 0.0328681
0 4 2 13 0.949217
0 4 2 14 3.34552
0 4 2 15 0.118703
0 4 2 16 6.26724
0 4 2 17 7.23737
0 4 2 18 0.0328681
0 4 2 19 0.947891
0 4 2 20 3.43322
0 4 2 21 0.118703
0 4 2 22 6.42961
0 4 2 23 7.3561
0 4 2 24 0.0328681
0 4 2 25 0.890265
0 4 2 26 3.39266
0 4 2 27 0.118703
0 4 2 28 6.45322
0 4 2 29 7.49782
0 4 2 30 0.104938
0 4 2 31 0.805922
0 4 2 32 1.60063
0 4 2 33 0.376534
0 4 2 34 2.6675
0 4 2 35 3.4016
0 4 2 36 0.109389
0 4 2 37 0.850776
0 4 2 38 1.6555
0 4 2 39 0.386848
0 4 2 40 2.65423
0 4 2 41 3.35896
0 4 2 42 0.107374
0 4 2 43 0.87355
0 4 2 44 1.7485
0 4 2 45 0.384118
0 4 2 46 2.66585
0 4 2 47 3.40678
0 4 2 48 0.0967235
0 4 2 49 0.889774
0 4 2 50 1.73006
0 4 2 51 0.387843
0 4 2 52 2.66823
0 4 2 53 3.47418
0 4 2 54 0.103052
0 4 2 55 0.799928
0 4 2 56 1.50315
0 4 2 57 0.381038
0 4 2 58 2.66651
0 4 2 59 3.46458
0 4 2 60 0.0942641
0 4 2 61 0.902587
0 4 2 62 1.76689
0 4 2 63 0.39749
0 4 2 64 2.73198
0 4 2 65 3.49089
0 4 2 66 0.10453
0 4 2 67 0.899035
0 4 2 68 1.80909
0 4 2 69 0.384588
0 4 2 70 2.67327
0 4 2 71 3.49131
0 4 2 72 0.109972
0 4 2 73 0.862634
0 4 2 74 1.76049
0 4 2 75 0.38686
0 4 2 76 2.68203
0 4 2 77 3.49599
0 4 2 78 0.156693
0 4 2 79 0.733493
0 4 2 80 1.5046
0 4 2 81 0.385732
0 4 2 82 2.70868
0 4 2 83 3.49166
0 4 2 84 0.10628
0 4 2 85 0.862881
0 4 2 86 1.60825
0 4 2 87 0.396912
0 4 2 88 2.71045
0 4 2 89 3.44977
0 4 2 90 0.0986603
0 4 2 91 0.98261
0 4 2 92 1.88985
0 4 2 93 0.388053
0 4 2 94 2.65746
0 4 2 95 3.40555
0 4 2 96 0.106762
0 4 2 97 0.87245
0 4 2 98 1.67615
0 4 2 99 0.380814
0 4 3 0 0.113772
0 4 3 1 6.52647
0 4 3 2 7.67222
0 4 3 3 0.0328681
0 4 3 4 0.905843
0 4 3 5 3.36183
0 4 3 6 0.113772
0 4 3 7 6.50922
0 4 3 8 7.68304
0 4 3 9 0.0328681
0 4 3 10 0.949217
0 4 3 11 3.34552
0 4 3 12 0.118703
0 4 3 13 6.26724
0 4 3 14 7.23737
0 4 3 15 0.0328681
0 4 3 16 0.947891
0 4 3 17 3.43322
0 4 3 18 0.118703
0 4 3 19 6.42961
0 4 3 20 7.3561
0 4 3 21 0.0328681
0 4 3 22 0.890265
0 4 3 23 3.39266
0 4 3 24 0.118703
0 4 3 25 6.45322
0 4 3 26 7.49782
0 4 3 27 0.104938
0 4 3 28 0.805922
0 4 3 29 1.60063
0 4 3 30 0.376534
0 4 3 31 2.6675
0 4 3 32 3.4016
0 4 3 33 0.109389
0 4 3 34 0.850776
0 4 3 35 1.6555
0 4 3 36 0.386848
0 4 3 37 2.65423
0 4 3 38 3.35896
0 4 3 39 0.107374
0 4 3 40 0.87355
0 4 3 41 1.7485
0 4 3 42 0.384118
0 4 3 43 2.66585
0 4 3 44 3.40678
0 4 3 45 0.0967235
0 4 3 46 0.889774
0 4 3 47 1.73006
0 4 3 48 0.387843
0 4 3 49 2.66823
0 4 3 50 3.47418
0 4 3 51 0.103052
0 4 3 52 0.799928
0 4 3 53 1.50315
0 4 3 54 0.381038
0 4 3 55 2.66651
0 4 3 56 3.46458
0 4 3 57 0.0942641
0 4 3 58 0.902587
0 4 3 59 1.76689
0 4 3 60 0.39749
0 4 3 61 2.73198
0 4 3 62 3.49089
0 4 3 63 0.10453
0 4 3 64 0.899035
0 4 3 65 1.80909
0 4 3 66 0.384588
0 4 3 67 2.67327
0 4 3 68 3.49131
0 4 3 69 0.109972
0 4 3 70 0.862634
0 4 3 71 1.76049
0 4 3 72 0.38686
0 4 3 73 2.68203
0 4 3 74 3.49599
0 4 3 75 0.156693
0 4 3 76 0.733493
0 4 3 77 1.5046
0 4 3 78 0.385732
0 4 3 79 2.70868
0 4 3 80 3.49166
0 4 3 81 0.10628
0 4 3 82 0.862881
0 4 3 83 1.60825
0 4 3 84 0.396912
0 4 3 85 2.71045
0 4 3 86 3.44977
0 4 3 87 0.0986603
0 4 3 88 0.98261
0 4 3 89 1.88985
0 4 3 90 0.388053
0 4 3 91 2.65746
0 4 3 92 3.40555
0 4 3 93 0.106762
0 4 3 94 0.87245
0 4 3 95 1.67615
0 4 3 96 0.380814
0 4 3 97 2.7297
0 4 3 98 3.65208
0 4 3 99 0.156693
0 5 0 0 0.0328681
0 5 0 1 0.905843
0 5 0 2 3.36183
0 5 0 3 0.113772
0 5 0 4 6.50922
0 5 0 5 7.68304
0 5 0 6 0.0328681
0 5 0 7 0.949217
0 5 0 8 3.34552
0 5 0 9 0.118703
0 5 0 10 6.26724
0 5 0 11 7.23737
0 5 0 12 0.0328681
0 5 0 13 0.947891
0 5 0 14 3.43322
0 5 0 15 0.118703
0 5 0 16 6.42961
0 5 0 17 7.3561
0 5 0 18 0.0328681
0 5 0 19 0.890265
0 5 0 20 3.39266
0 5 0 21 0.118703
0 5 0 22 6.45322
0 5 0 23 7.49782
0 5 0 24 0.104938
0 5 0 25 0.805922
0 5 0 26 1.60063
0 5 0 27 0.376534
0 5 0 28 2.6675
0 5 0 29 3.4016
0 5 0 30 0.109389
0 5 0 31 0.850776
0 5 0 32 1.6555
0 5 0 33 0.386848
0 5 0 34 2.65423
0 5 0 35 3.35896
0 5 0 36 0.107374
0 5 0 37 0.87355
0 5 0 38 1.7485
0 5 0 39 0.384118
0 5 0 40 2.66585
0 5 0 41 3.40678
0 5 0 42 0.0967235
0 5 0 43 0.889774
0 5 0 44 1.73006
0 5 0 45 0.387843
0 5 0 46 2.66823
0 5 0 47 3.47418
0 5 0 48 0.103052
0 5 0 49 0.799928
0 5 0 50 1.50315
0 5 0 51 0.381038
0 5 0 52 2.66651
0 5 0 53 3.46458
0 5 0 54 0.0942641
0 5 0 55 0.902587
0 5 0 56 1.76689
0 5 0 57 0.39749
0 5 0 58 2.73198
0 5 0 59 3.49089
0 5 0 60 0.10453
0 5 0 61 0.899035
0 5 0 62 1.80909
0 5 0 63 0.384588
0 5 0 64 2.67327
0 5 0 65 3.49131
0 5 0 66 0.109972
0 5 0 67 0.862634
0 5 0 68 1.76049
0 5 0 69 0.38686
0 5 0 70 2.68203
0 5 0 71 3.49599
0 5 0 72 0.156693
0 5 0 73 0.733493
0 5 0 74 1.5046
0 5 0 75 0.385732
0 5 0 76 2.70868
0 5 0 77 3.49166
0 5 0 78 0.10628
0 5 0 79 0.862881
0 5 0 80 1.60825
0 5 0 81 0.396912
0 5 0 82 2.71045
0 5 0 83 3.44977
0 5 0 84 0.0986603
0 5 0 85 0.98261
0 5 0 86 1.88985
0 5 0 87 0.388053
0 5 0 88 2.65746
0 5 0 89 3.40555
0 5 0 90 0.106762
0 5 0 91 0.87245
0 5 0 92 1.67615
0 5 0 93 0.380814
0 5 0 94 2.7297
0 5 0 95 3.65208
0 5 0 96 0.156693
0 5 0 97 0.645088
0 5 0 98 1.28006
0 5 0 99 0.389769
0 5 1 0 0.113772
0 5 1 1 6.50922
0 5 1 2 7.68304
0 5 1 3 0.0328681
0 5 1 4 0.949217
0 5 1 5 3.34552
0 5 1 6 0.118703
0 5 1 7 6.26724
0 5 1 8 7.23737
0 5 1 9 0.0328681
0 5 1 10 0.947891
0 5 1 11 3.43322
0 5 1 12 0.118703
0 5 1 13 6.42961
0 5 1 14 7.3561
0 5 1 15 0.0328681
0 5 1 16 0.890265
0 5 1 17 3.39266
0 5 1 18 0.118703
0 5 1 19 6.45322
0 5 1 20 7.49782
0 5 1 21 0.104938
0 5 1 22 0.805922
0 5 1 23 1.60063
0 5 1 24 0.376534
0 5 1 25 2.6675
0 5 1 26 3.4016
0 5 1 27 0.109389
0 5 1 28 0.850776
0 5 1 29 1.6555
0 5 1 30 0.386848
0 5 1 31 2.65423
0 5 1 32 3.35896
0 5 1 33 0.107374
0 5 1 34 0.87355
0 5 1 35 1.7485
0 5 1 36 0.384118
0 5 1 37 2.66585
0 5 1 38 3.40678
0 5 1 39 0.0967235
0 5 1 40 0.889774
0 5 1 41 1.73006
0 5 1 42 0.387843
0 5 1 43 2.66823
0 5 1 44 3.47418
0 5 1 45 0.103052
0 5 1 46 0.799928
0 5 1 47 1.50315
0 5 1 48 0.381038
0 5 1 49 2.66651
0 5 1 50 3.46458
0 5 1 51 0.0942641
0 5 1 52 0.902587
0 5 1 53 1.76689
0 5 1 54 0.39749
0 5 1 55 2.73198
0 5 1 56 3.49089
0 5 1 57 0.10453
0 5 1 58 0.899035
0 5 1 59 1.80909
0 5 1 60 0.384588
0 5 1 61 2.67327
0 5 1 62 3.49131
0 5 1 63 0.109972
0 5 1 64 0.862634
0 5 1 65 1.76049
0 5 1 66 0.38686
0 5 1 67 2.68203
0 5 1 68 3.49599
0 5 1 69 0.156693
0 5 1 70 0.733493
0 5 1 71 1.5046
0 5 1 72 0.385732
0 5 1 73 2.70868
0 5 1 74 3.49166
0 5 1 75 0.10628
0 5 1 76 0.862881
0 5 1 77 1.60825
0 5 1 78 0.396912
0 5 1 79 2.71045
0 5 1 80 3.44977
0 5 1 81 0.0986603
0 5 1 82 0.98261
0 5 1 83 1.88985
0 5 1 84 0.388053
0 5 1 85 2.65746
0 5 1 86 3.40555
0 5 1 87 0.106762
0 5 1 88 0.87245
0 5 1 89 1.67615
0 5 1 90 0.380814
0 5 1 91 2.7297
0 5 1 92 3.65208
0 5 1 93 0.156693
0 5 1 94 0.645088
0 5 1 95 1.28006
0 5 1 96 0.389769
0 5 1 97 2.73882
0 5 1 98 3.55416
0 5 1 99 0.0977862
0 5 2 0 0.0328681
0 5 2 1 0.949217
0 5 2 2 3.34552
0 5 2 3 0.118703
0 5 2 4 6.26724
0 5 2 5 7.23737
0 5 2 6 0.0328681
0 5 2 7 0.947891
0 5 2 8 3.43322
0 5 2 9 0.118703
0 5 2 10 6.42961
0 5 2 11 7.3561
0 5 2 12 0.0328681
0 5 2 13 0.890265
0 5 2 14 3.39266
0 5 2 15 0.118703
0 5 2 16 6.45322
0 5 2 17 7.49782
0 5 2 18 0.104938
0 5 2 19 0.805922
0 5 2 20 1.60063
0 5 2 21 0.376534
0 5 2 22 2.6675
0 5 2 23 3.4016
0 5 2 24 0.109389
0 5 2 25 0.850776
0 5 2 26 1.6555
0 5 2 27 0.386848
0 5 2 28 2.65423
0 5 2 29 3.35896
0 5 2 30 0.107374
0 5 2 31 0.87355
0 5 2 32 1.7485
0 5 2 33 0.384118
0 5 2 34 2.66585
0 5 2 35 3.40678
0 5 2 36 0.0967235
0 5 2 37 0.889774
0 5 2 38 1.73006
0 5 2 39 0.387843
0 5 2 40 2.66823
0 5 2 41 3.47418
0 5 2 42 0.103052
0 5 2 43 0.799928
0 5 2 44 1.50315
0 5 2 45 0.381038
0 5 2 46 2.66651
0 5 2 47 3.46458
0 5 2 48 0.0942641
0 5 2 49 0.902587
0 5 2 50 1.76689
0 5 2 51 0.39749
0 5 2 52 2.73198
0 5 2 53 3.49089
0 5 2 54 0.10453
0 5 2 55 0.899035
0 5 2 56 1.80909
0 5 2 57 0.384588
0 5 2 58 2.67327
0 5 2 59 3.49131
0 5 2 60 0.109972
0 5 2 61 0.862634
0 5 2 62 1.76049
0 5 2 63 0.38686
0 5 2 64 2.68203
0 5 2 65 3.49599
0 5 2 66 0.156693
0 5 2 67 0.733493
0 5 2 68 1.5046
0 5 2 69 0.385732
0 5 2 70 2.70868
0 5 2 71 3.49166
0 5 2 72 0.10628
0 5 2 73 0.862881
0 5 2 74 1.60825
0 5 2 75 0.396912
0 5 2 76 2.71045
0 5 2 77 3.44977
0 5 2 78 0.0986603
0 5 2 79 0.98261
0 5 2 80 1.88985
0 5 2 81 0.388053
0 5 2 82 2.65746
0 5 2 83 3.40555
0 5 2 84 0.106762
0 5 2 85 0.87245
0 5 2 86 1.67615
0 5 2 87 0.380814
0 5 2 88 2.7297
0 5 2 89 3.65208
0 5 2 90 0.156693
0 5 2 91 0.645088
0 5 2 92 1.28006
0 5 2 93 0.389769
0 5 2 94 2.73882
0 5 2 95 3.55416
0 5 2 96 0.0977862
0 5 2 97 0.750638
0 5 2 98 1.39614
0 5 2 99 0.395966
0 5 3 0 0.118703
0 5 3 1 6.26724
0 5 3 2 7.23737
0 5 3 3 0.0328681
0 5 3 4 0.947891
0 5 3 5 3.43322
0 5 3 6 0.118703
0 5 3 7 6.42961
0 5 3 8 7.3561
0 5 3 9 0.0328681
0 5 3 10 0.890265
0 5 3 11 3.39266
0 5 3 12 0.118703
0 5 3 13 6.45322
0 5 3 14 7.49782
0 5 3 15 0.104938
0 5 3 16 0.805922
0 5 3 17 1.60063
0 5 3 18 0.376534
0 5 3 19 2.6675
0 5 3 20 3.4016
0 5 3 21 0.109389
0 5 3 22 0.850776
0 5 3 23 1.6555
0 5 3 24 0.386848
0 5 3 25 2.65423
0 5 3 26 3.35896
0 5 3 27 0.107374
0 5 3 28 0.87355
0 5 3 29 1.7485
0 5 3 30 0.384118
0 5 3 31 2.66585
0 5 3 32 3.40678
0 5 3 33 0.0967235
0 5 3 34 0.889774
0 5 3 35 1.73006
0 5 3 36 0.387843
0 5 3 37 2.66823
0 5 3 38 3.47418
0 5 3 39 0.103052
0 5 3 40 0.799928
0 5 3 41 1.50315
0 5 3 42 0.381038
0 5 3 43 2.66651
0 5 3 44 3.46458
0 5 3 45 0.0942641
0 5 3 46 0.902587
0 5 3 47 1.76689
0 5 3 48 0.39749
0 5 3 49 2.73198
0 5 3 50 3.49089
0 5 3 51 0.10453
0 5 3 52 0.899035
0 5 3 53 1.80909
0 5 3 54 0.384588
0 5 3 55 2.67327
0 5 3 56 3.49131
0 5 3 57 0.109972
0 5 3 58 0.862634
0 5 3 59 1.76049
0 5 3 60 0.38686
0 5 3 61 2.68203
0 5 3 62 3.49599
0 5 3 63 0.156693
0 5 3 64 0.733493
0 5 3 65 1.5046
0 5 3 66 0.385732
0 5 3 67 2.70868
0 5 3 68 3.49166
0 5 3 69 0.10628
0 5 3 70 0.862881
0 5 3 71 1.60825
0 5 3 72 0.396912
0 5 3 73 2.71045
0 5 3 74 3.44977
0 5 3 75 0.0986603
0 5 3 76 0.98261
0 5 3 77 1.88985
0 5 3 78 0.388053
0 5 3 79 2.65746
0 5 3 80 3.40555
0 5 3 81 0.106762
0 5 3 82 0.87245
0 5 3 83 1.67615
0 5 3 84 0.380814
0 5 3 85 2.7297
0 5 3 86 3.65208
0 5 3 87 0.156693
0 5 3 88 0.645088
0 5 3 89 1.28006
0 5 3 90 0.389769
0 5 3 91 2.73882
0 5 3 92 3.55416
0 5 3 93 0.0977862
0 5 3 94 0.750638
0 5 3 95 1.39614
0 5 3 96 0.395966
0 5 3 97 2.74372
0 5 3 98 3.52305
0 5 3 99 0.000834783
0 6 0 0 0.0328681
0 6 0 1 0.947891
0 6 0 2 3.43322
0 6 0 3 0.118703
0 6 0 4 6.42961
0 6 0 5 7.3561
0 6 0 6 0.0328681
0 6 0 7 0.890265
0 6 0 8 3.39266
0 6 0 9 0.118703
0 6 0 10 6.45322
0 6 0 11 7.49782
0 6 0 12 0.104938
0 6 0 13 0.805922
0 6 0 14 1.60063
0 6 0 15 0.376534
0 6 0 16 2.6675
0 6 0 17 3.4016
0 6 0 18 0.109389
0 6 0 19 0.850776
0 6 0 20 1.6555
0 6 0 21 0.386848
0 6 0 22 2.65423
0 6 0 23 3.35896
0 6 0 24 0.107374
0 6 0 25 0.87355
0 6 0 26 1.7485
0 6 0 27 0.384118
0 6 0 28 2.66585
0 6 0 29 3.40678
0 6 0 30 0.0967235
0 6 0 31 0.889774
0 6 0 32 1.73006
0 6 0 33 0.387843
0 6 0 34 2.66823
0 6 0 35 3.47418
0 6 0 36 0.103052
0 6 0 37 0.799928
0 6 0 38 1.50315
0 6 0 39 0.381038
0 6 0 40 2.66651
0 6 0 41 3.46458
0 6 0 42 0.0942641
0 6 0 43 0.902587
0 6 0 44 1.76689
0 6 0 45 0.39749
0 6 0 46 2.73198
0 6 0 47 3.49089
0 6 0 48 0.10453
0 6 0 49 0.899035
0 6 0 50 1.80909
0 6 0 51 0.384588
0 6 0 52 2.67327
0 6 0 53 3.49131
0 6 0 54 0.109972
0 6 0 55 0.862634
0 6 0 56 1.76049
0 6 0 57 0.38686
0 6 0 58 2.68203
0 6 0 59 3.49599
0 6 0 60 0.156693
0 6 0 61 0.733493
0 6 0 62 1.5046
0 6 0 63 0.385732
0 6 0 64 2.70868
0 6 0 65 3.49166
0 6 0 66 0.10628
0 6 0 67 0.862881
0 6 0 68 1.60825
0 6 0 69 0.396912
0 6 0 70 2.71045
0 6 0 71 3.44977
0 6 0 72 0.0986603
0 6 0 73 0.98261
0 6 0 74 1.88985
0 6 0 75 0.388053
0 6 0 76 2.65746
0 6 0 77 3.40555
0 6 0 78 0.106762
0 6 0 79 0.87245
0 6 0 80 1.67615
0 6 0 81 0.380814
0 6 0 82 2.7297
0 6 0 83 3.65208
0 6 0 84 0.156693
0 6 0 85 0.645088
0 6 0 86 1.28006
0 6 0 87 0.389769
0 6 0 88 2.73882
0 6 0 89 3.55416
0 6 0 90 0.0977862
0 6 0 91 0.750638
0 6 0 92 1.39614
0 6 0 93 0.395966
0 6 0 94 2.74372
0 6 0 95 3.52305
0 6 0 96 0.000834783
0 6 0 97 0.000116454
0 6 0 98 0.000113093
0 6 0 99 0.000834783
0 6 1 0 0.118703
0 6 1 1 6.42961
0 6 1 2 7.3561
0 6 1 3 0.0328681
0 6 1 4 0.890265
0 6 1 5 3.39266
0 6 1 6 0.118703
0 6 1 7 6.45322
0 6 1 8 7.49782
0 6 1 9 0.104938
0 6 1 10 0.805922
0 6 1 11 1.60063
0 6 1 12 0.376534
0 6 1 13 2.6675
0 6 1 14 3.4016
0 6 1 15 0.109389
0 6 1 16 0.850776
0 6 1 17 1.6555
0 6 1 18 0.386848
0 6 1 19 2.65423
0 6 1 20 3.35896
0 6 1 21 0.107374
0 6 1 22 0.87355
0 6 1 23 1.7485
0 6 1 24 0.384118
0 6 1 25 2.66585
0 6 1 26 3.40678
0 6 1 27 0.0967235
0 6 1 28 0.889774
0 6 1 29 1.73006
0 6 1 30 0.387843
0 6 1 31 2.66823
0 6 1 32 3.47418
0 6 1 33 0.103052
0 6 1 34 0.799928
0 6 1 35 1.50315
0 6 1 36 0.381038
0 6 1 37 2.66651
0 6 1 38 3.46458
0 6 1 39 0.0942641
0 6 1 40 0.902587
0 6 1 41 1.76689
0 6 1 42 0.39749
0 6 1 43 2.73198
0 6 1 44 3.49089
0 6 1 45 0.10453
0 6 1 46 0.899035
0 6 1 47 1.80909
0 6 1 48 0.384588
0 6 1 49 2.67327
0 6 1 50 3.49131
0 6 1 51 0.109972
0 6 1 52 0.862634
0 6 1 53 1.76049
0 6 1 54 0.38686
0 6 1 55 2.68203
0 6 1 56 3.49599
0 6 1 57 0.156693
0 6 1 58 0.733493
0 6 1 59 1.5046
0 6 1 60 0.385732
0 6 1 61 2.70868
0 6 1 62 3.49166
0 6 1 63 0.10628
0 6 1 64 0.862881
0 6 1 65 1.60825
0 6 1 66 0.396912
0 6 1 67 2.71045
0 6 1 68 3.44977
0 6 1 69 0.0986603
0 6 1 70 0.98261
0 6 1 71 1.88985
0 6 1 72 0.388053
0 6 1 73 2.65746
0 6 1 74 3.40555
0 6 1 75 0.106762
0 6 1 76 0.87245
0 6 1 77 1.67615
0 6 1 78 0.380814
0 6 1 79 2.7297
0 6 1 80 3.65208
0 6 1 81 0.156693
0 6 1 82 0.645088
0 6 1 83 1.28006
0 6 1 84 0.389769
0 6 1 85 2.73882
0 6 1 86 3.55416
0 6 1 87 0.0977862
0 6 1 88 0.750638
0 6 1 89 1.39614
0 6 1 90 0.395966
0 6 1 91 2.74372
0 6 1 92 3.52305
0 6 1 93 0.000834783
0 6 1 94 0.000116454
0 6 1 95 0.000113093
0 6 1 96 0.000834783
0 6 1 97 0.000116454
0 6 1 98 0.000113093
0 6 1 99 0.000834783
0 6 2 0 0.0328681
0 6 2 1 0.890265
0 6 2 2 3.39266
0 6 2 3 0.118703
0 6 2 4 6.45322
0 6 2 5 7.49782
0 6 2 6 0.104938
0 6 2 7 0.805922
0 6 2 8 1.60063
0 6 2 9 0.376534
0 6 2 10 2.6675
0 6 2 11 3.4016
0 6 2 12 0.109389
0 6 2 13 0.850776
0 6 2 14 1.6555
0 6 2 15 0.386848
0 6 2 16 2.65423
0 6 2 17 3.35896
0 6 2 18 0.107374
0 6 2 19 0.87355
0 6 2 20 1.7485
0 6 2 21 0.384118
0 6 2 22 2.66585
0 6 2 23 3.40678
0 6 2 24 0.0967235
0 6 2 25 0.889774
0 6 2 26 1.73006
0 6 2 27 0.387843
0 6 2 28 2.66823
0 6 2 29 3.47418
0 6 2 30 0.103052
0 6 2 31 0.799928
0 6 2 32 1.50315
0 6 2 33 0.381038
0 6 2 34 2.66651
0 6 2 35 3.46458
0 6 2 36 0.0942641
0 6 2 37 0.902587
0 6 2 38 1.76689
0 6 2 39 0.39749
0 6 2 40 2.73198
0 6 2 41 3.49089
0 6 2 42 0.10453
0 6 2 43 0.899035
0 6 2 44 1.80909
0 6 2 45 0.384588
0 6 2 46 2.67327
0 6 2 47 3.49131
0 6 2 48 0.109972
0 6 2 49 0.862634
0 6 2 50 1.76049
0 6 2 51 0.38686
0 6 2 52 2.68203
0 6 2 53 3.49599
0 6 2 54 0.156693
0 6 2 55 0.733493
0 6 2 56 1.5046
0 6 2 57 0.385732
0 6 2 58 2.70868
0 6 2 59 3.49166
0 6 2 60 0.10628
0 6 2 61 0.862881
0 6 2 62 1.60825
0 6 2 63 0.396912
0 6 2 64 2.71045
0 6 2 65 3.44977
0 6 2 66 0.0986603
0 6 2 67 0.98261
0 6 2 68 1.88985
0 6 2 69 0.388053
0 6 2 70 2.65746
0 6 2 71 3.40555
0 6 2 72 0.106762
0 6 2 73 0.87245
0 6 2 74 1.67615
0 6 2 75 0.380814
0 6 2 76 2.7297
0 6 2 77 3.65208
0 6 2 78 0.156693
0 6 2 79 0.645088
0 6 2 80 1.28006
0 6 2 81 0.389769
0 6 2 82 2.73882
0 6 2 83 3.55416
0 6 2 84 0.0977862
0 6 2 85 0.750638
0 6 2 86 1.39614
0 6 2 87 0.395966
0 6 2 88 2.74372
0 6 2 89 3.52305
0 6 2 90 0.000834783
0 6 2 91 0.000116454
0 6 2 92 0.000113093
0 6 2 93 0.000834783
0 6 2 94 0.000116454
0 6 2 95 0.000113093
0 6 2 96 0.000834783
0 6 2 97 0.000116454
0 6 2 98 0.000113093
0 6 2 99 0.000834783
0 6 3 0 0.118703
0 6 3 1 6.45322
0 6 3 2 7.49782
0 6 3 3 0.104938
0 6 3 4 0.805922
0 6 3 5 1.60063
0 6 3 6 0.376534
0 6 3 7 2.6675
0 6 3 8 3.4016
0 6 3 9 0.109389
0 6 3 10 0.850776
0 6 3 11 1.6555
0 6 3 12 0.386848
0 6 3 13 2.65423
0 6 3 14 3.35896
0 6 3 15 0.107374
0 6 3 16 0.87355
0 6 3 17 1.7485
0 6 3 18 0.384118
0 6 3 19 2.66585
0 6 3 20 3.40678
0 6 3 21 0.0967235
0 6 3 22 0.889774
0 6 3 23 1.73006
0 6 3 24 0.387843
0 6 3 25 2.66823
0 6 3 26 3.47418
0 6 3 27 0.103052
0 6 3 28 0.799928
0 6 3 29 1.50315
0 6 3 30 0.381038
0 6 3 31 2.66651
0 6 3 32 3.46458
0 6 3 33 0.0942641
0 6 3 34 0.902587
0 6 3 35 1.76689
0 6 3 36 0.39749
0 6 3 37 2.73198
0 6 3 38 3.49089
0 6 3 39 0.10453
0 6 3 40 0.899035
0 6 3 41 1.80909
0 6 3 42 0.384588
0 6 3 43 2.67327
0 6 3 44 3.49131
0 6 3 45 0.109972
0 6 3 46 0.862634
0 6 3 47 1.76049
0 6 3 48 0.38686
0 6 3 49 2.68203
0 6 3 50 3.49599
0 6 3 51 0.156693
0 6 3 52 0.733493
0 6 3 53 1.5046
0 6 3 54 0.385732
0 6 3 55 2.70868
0 6 3 56 3.49166
0 6 3 57 0.10628
0 6 3 58 0.862881
0 6 3 59 1.60825
0 6 3 60 0.396912
0 6 3 61 2.71045
0 6 3 62 3.44977
0 6 3 63 0.0986603
0 6 3 64 0.98261
0 6 3 65 1.88985
0 6 3 66 0.388053
0 6 3 67 2.65746
0 6 3 68 3.40555
0 6 3 69 0.106762
0 6 3 70 0.87245
0 6 3 71 1.67615
0 6 3 72 0.380814
0 6 3 73 2.7297
0 6 3 74 3.65208
0 6 3 75 0.156693
0 6 3 76 0.645088
0 6 3 77 1.28006
0 6 3 78 0.389769
0 6 3 79 2.73882
0 6 3 80 3.55416
0 6 3 81 0.0977862
0 6 3 82 0.750638
0 6 3 83 1.39614
0 6 3 84 0.395966
0 6 3 85 2.74372
0 6 3 86 3.52305
0 6 3 87 0.000834783
0 6 3 88 0.000116454
0 6 3 89 0.000113093
0 6 3 90 0.000834783
0 6 3 91 0.000116454
0 6 3 92 0.000113093
0 6 3 93 0.000834783
0 6 3 94 0.000116454
0 6 3 95 0.000113093
0 6 3 96 0.000834783
0 6 3 97 0.000116454
0 6 3 98 0.000113093
0 6 3 99 1.4854e-313
0 7 0 0 0.104938
0 7 0 1 0.805922
0 7 0 2 1.60063
0 7 0 3 0.376534
0 7 0 4 2.6675
0 7 0 5 3.4016
0 7 0 6 0.109389
0 7 0 7 0.850776
0 7 0 8 1.6555
0 7 0 9 0.386848
0 7 0 10 2.65423
0 7 0 11 3.35896
0 7 0 12 0.107374
0 7 0 13 0.87355
0 7 0 14 1.7485
0 7 0 15 0.384118
0 7 0 16 2.66585
0 7 0 17 3.40678
0 7 0 18 0.0967235
0 7 0 19 0.889774
0 7 0 20 1.73006
0 7 0 21 0.387843
0 7 0 22 2.66823
0 7 0 23 3.47418
0 7 0 24 0.103052
0 7 0 25 0.799928
0 7 0 26 1.50315
0 7 0 27 0.381038
0 7 0 28 2.66651
0 7 0 29 3.46458
0 7 0 30 0.0942641
0 7 0 31 0.902587
0 7 0 32 1.76689
0 7 0 33 0.39749
0 7 0 34 2.73198
0 7 0 35 3.49089
0 7 0 36 0.10453
0 7 0 37 0.899035
0 7 0 38 1.80909
0 7 0 39 0.384588
0 7 0 40 2.67327
0 7 0 41 3.49131
0 7 0 42 0.109972
0 7 0 43 0.862634
0 7 0 44 1.76049
0 7 0 45 0.38686
0 7 0 46 2.68203
0 7 0 47 3.49599
0 7 0 48 0.156693
0 7 0 49 0.733493
0 7 0 50 1.5046
0 7 0 51 0.385732
0 7 0 52 2.70868
0 7 0 53 3.49166
0 7 0 54 0.10628
0 7 0 55 0.862881
0 7 0 56 1.60825
0 7 0 57 0.396912
0 7 0 58 2.71045
0 7 0 59 3.44977
0 7 0 60 0.0986603
0 7 0 61 0.98261
0 7 0 62 1.88985
0 7 0 63 0.388053
0 7 0 64 2.65746
0 7 0 65 3.40555
0 7 0 66 0.106762
0 7 0 67 0.87245
0 7 0 68 1.67615
0 7 0 69 0.380814
0 7 0 70 2.7297
0 7 0 71 3.65208
0 7 0 72 0.156693
0 7 0 73 0.645088
0 7 0 74 1.28006
0 7 0 75 0.389769
0 7 0 76 2.73882
0 7 0 77 3.55416
0 7 0 78 0.0977862
0 7 0 79 0.750638
0 7 0 80 1.39614
0 7 0 81 0.395966
0 7 0 82 2.74372
0 7 0 83 3.52305
0 7 0 84 0.000834783
0 7 0 85 0.000116454
0 7 0 86 0.000113093
0 7 0 87 0.000834783
0 7 0 88 0.000116454
0 7 0 89 0.000113093
0 7 0 90 0.000834783
0 7 0 91 0.000116454
0 7 0 92 0.000113093
0 7 0 93 0.000834783
0 7 0 94 0.000116454
0 7 0 95 0.000113093
0 7 0 96 1.4854e-313
0 7 0 97 3.32506e-321
0 7 0 98 4.66562e-310
0 7 0 99 -2.66393e-289
0 7 1 0 0.376534
0 7 1 1 2.6675
0 7 1 2 3.4016
0 7 1 3 0.109389
0 7 1 4 0.850776
0 7 1 5 1.6555
0 7 1 6 0.386848
0 7 1 7 2.65423
0 7 1 8 3.35896
0 7 1 9 0.107374
0 7 1 10 0.87355
0 7 1 11 1.7485
0 7 1 12 0.384118
0 7 1 13 2.66585
0 7 1 14 3.40678
0 7 1 15 0.0967235
0 7 1 16 0.889774
0 7 1 17 1.73006
0 7 1 18 0.387843
0 7 1 19 2.66823
0 7 1 20 3.47418
0 7 1 21 0.103052
0 7 1 22 0.799928
0 7 1 23 1.50315
0 7 1 24 0.381038
0 7 1 25 2.66651
0 7 1 26 3.46458
0 7 1 27 0.0942641
0 7 1 28 0.902587
0 7 1 29 1.76689
0 7 1 30 0.39749
0 7 1 31 2.73198
0 7 1 32 3.49089
0 7 1 33 0.10453
0 7 1 34 0.899035
0 7 1 35 1.80909
0 7 1 36 0.384588
0 7 1 37 2.67327
0 7 1 38 3.49131
0 7 1 39 0.109972
0 7 1 40 0.862634
0 7 1 41 1.76049
0 7 1 42 0.38686
0 7 1 43 2.68203
0 7 1 44 3.49599
0 7 1 45 0.156693
0 7 1 46 0.733493
0 7 1 47 1.5046
0 7 1 48 0.385732
0 7 1 49 2.70868
0 7 1 50 3.49166
0 7 1 51 0.10628
0 7 1 52 0.862881
0 7 1 53 1.60825
0 7 1 54 0.396912
0 7 1 55 2.71045
0 7 1 56 3.44977
0 7 1 57 0.0986603
0 7 1 58 0.98261
0 7 1 59 1.88985
0 7 1 60 0.388053
0 7 1 61 2.65746
0 7 1 62 3.40555
0 7 1 63 0.106762
0 7 1 64 0.87245
0 7 1 65 1.67615
0 7 1 66 0.380814
0 7 1 67 2.7297
0 7 1 68 3.65208
0 7 1 69 0.156693
0 7 1 70 0.645088
0 7 1 71 1.28006
0 7 1 72 0.389769
0 7 1 73 2.73882
0 7 1 74 3.55416
0 7 1 75 0.0977862
0 7 1 76 0.750638
0 7 1 77 1.39614
0 7 1 78 0.395966
0 7 1 79 2.74372
0 7 1 80 3.52305
0 7 1 81 0.000834783
0 7 1 82 0.000116454
0 7 1 83 0.000113093
0 7 1 84 0.000834783
0 7 1 85 0.000116454
0 7 1 86 0.000113093
0 7 1 87 0.000834783
0 7 1 88 0.000116454
0 7 1 89 0.000113093
0 7 1 90 0.000834783
0 7 1 91 0.000116454
0 7 1 92 0.000113093
0 7 1 93 1.4854e-313
0 7 1 94 3.32506e-321
0 7 1 95 4.66562e-310
0 7 1 96 -2.66393e-289
0 7 1 97 0
0 7 1 98 0
0 7 1 99 0
0 7 2 0 0.109389
0 7 2 1 0.850776
0 7 2 2 1.6555
0 7 2 3 0.386848
0 7 2 4 2.65423
0 7 2 5 3.35896
0 7 2 6 0.107374
0 7 2 7 0.87355
0 7 2 8 1.7485
0 7 2 9 0.384118
0 7 2 10 2.66585
0 7 2 11 3.40678
0 7 2 12 0.0967235
0 7 2 13 0.889774
0 7 2 14 1.73006
0 7 2 15 0.387843
0 7 2 16 2.66823
0 7 2 17 3.47418
0 7 2 18 0.103052
0 7 2 19 0.799928
0 7 2 20 1.50315
0 7 2 21 0.381038
0 7 2 22 2.66651
0 7 2 23 3.46458
0 7 2 24 0.0942641
0 7 2 25 0.902587
0 7 2 26 1.76689
0 7 2 27 0.39749
0 7 2 28 2.73198
0 7 2 29 3.49089
0 7 2 30 0.10453
0 7 2 31 0.899035
0 7 2 32 1.80909
0 7 2 33 0.384588
0 7 2 34 2.67327
0 7 2 35 3.49131
0 7 2 36 0.109972
0 7 2 37 0.862634
0 7 2 38 1.76049
0 7 2 39 0.38686
0 7 2 40 2.68203
0 7 2 41 3.49599
0 7 2 42 0.156693
0 7 2 43 0.733493
0 7 2 44 1.5046
0 7 2 45 0.385732
0 7 2 46 2.70868
0 7 2 47 3.49166
0 7 2 48 0.10628
0 7 2 49 0.862881
0 7 2 50 1.60825
0 7 2 51 0.396912
0 7 2 52 2.71045
0 7 2 53 3.44977
0 7 2 54 0.0986603
0 7 2 55 0.98261
0 7 2 56 1.88985
0 7 2 57 0.388053
0 7 2 58 2.65746
0 7 2 59 3.40555
0 7 2 60 0.106762
0 7 2 61 0.87245
0 7 2 62 1.67615
0 7 2 63 0.380814
0 7 2 64 2.7297
0 7 2 65 3.65208
0 7 2 66 0.156693
0 7 2 67 0.645088
0 7 2 68 1.28006
0 7 2 69 0.389769
0 7 2 70 2.73882
0 7 2 71 3.55416
0 7 2 72 0.0977862
0 7 2 73 0.750638
0 7 2 74 1.39614
0 7 2 75 0.395966
0 7 2 76 2.74372
0 7 2 77 3.52305
0 7 2 78 0.000834783
0 7 2 79 0.000116454
0 7 2 80 0.000113093
0 7 2 81 0.000834783
0 7 2 82 0.000116454
0 7 2 83 0.000113093
0 7 2 84 0.000834783
0 7 2 85 0.000116454
0 7 2 86 0.000113093
0 7 2 87 0.000834783
0 7 2 88 0.000116454
0 7 2 89 0.000113093
0 7 2 90 1.4854e-313
0 7 2 91 3.32506e-321
0 7 2 92 4.66562e-310
0 7 2 93 -2.66393e-289
0 7 2 94 0
0 7 2 95 0
0 7 2 96 0
0 7 2 97 0
0 7 2 98 1.23516e-322
0 7 2 99 -nan
0 7 3 0 0.386848
0 7 3 1 2.65423
0 7 3 2 3.35896
0 7 3 3 0.107374
0 7 3 4 0.87355
0 7 3 5 1.7485
0 7 3 6 0.384118
0 7 3 7 2.66585
0 7 3 8 3.40678
0 7 3 9 0.0967235
0 7 3 10 0.889774
0 7 3 11 1.73006
0 7 3 12 0.387843
0 7 3 13 2.66823
0 7 3 14 3.47418
0 7 3 15 0.103052
0 7 3 16 0.799928
0 7 3 17 1.50315
0 7 3 18 0.381038
0 7 3 19 2.66651
0 7 3 20 3.46458
0 7 3 21 0.0942641
0 7 3 22 0.902587
0 7 3 23 1.76689
0 7 3 24 0.39749
0 7 3 25 2.73198
0 7 3 26 3.49089
0 7 3 27 0.10453
0 7 3 28 0.899035
0 7 3 29 1.80909
0 7 3 30 0.384588
0 7 3 31 2.67327
0 7 3 32 3.49131
0 7 3 33 0.109972
0 7 3 34 0.862634
0 7 3 35 1.76049
0 7 3 36 0.38686
0 7 3 37 2.68203
0 7 3 38 3.49599
0 7 3 39 0.156693
0 7 3 40 0.733493
0 7 3 41 1.5046
0 7 3 42 0.385732
0 7 3 43 2.70868
0 7 3 44 3.49166
0 7 3 45 0.10628
0 7 3 46 0.862881
0 7 3 47 1.60825
0 7 3 48 0.396912
0 7 3 49 2.71045
0 7 3 50 3.44977
0 7 3 51 0.0986603
0 7 3 52 0.98261
0 7 3 53 1.88985
0 7 3 54 0.388053
0 7 3 55 2.65746
0 7 3 56 3.40555
0 7 3 57 0.106762
0 7 3 58 0.87245
0 7 3 59 1.67615
0 7 3 60 0.380814
0 7 3 61 2.7297
0 7 3 62 3.65208
0 7 3 63 0.156693
0 7 3 64 0.645088
0 7 3 65 1.28006
0 7 3 66 0.389769
0 7 3 67 2.73882
0 7 3 68 3.55416
0 7 3 69 0.0977862
0 7 3 70 0.750638
0 7 3 71 1.39614
0 7 3 72 0.395966
0 7 3 73 2.74372
0 7 3 74 3.52305
0 7 3 75 0.000834783
0 7 3 76 0.000116454
0 7 3 77 0.000113093
0 7 3 78 0.000834783
0 7 3 79 0.000116454
0 7 3 80 0.000113093
0 7 3 81 0.000834783
0 7 3 82 0.000116454
0 7 3 83 0.000113093
0 7 3 84 0.000834783
0 7 3 85 0.000116454
0 7 3 86 0.000113093
0 7 3 87 1.4854e-313
0 7 3 88 3.32506e-321
0 7 3 89 4.66562e-310
0 7 3 90 -2.66393e-289
0 7 3 91 0
0 7 3 92 0
0 7 3 93 0
0 7 3 94 0
0 7 3 95 1.23516e-322
0 7 3 96 -nan
0 7 3 97 0
0 7 3 98 0
0 7 3 99 0
0 8 0 0 0.107374
0 8 0 1 0.87355
0 8 0 2 1.7485
0 8 0 3 0.384118
0 8 0 4 2.66585
0 8 0 5 3.40678
0 8 0 6 0.0967235
0 8 0 7 0.889774
0 8 0 8 1.73006
0 8 0 9 0.387843
0 8 0 10 2.66823
0 8 0 11 3.47418
0 8 0 12 0.103052
0 8 0 13 0.799928
0 8 0 14 1.50315
0 8 0 15 0.381038
0 8 0 16 2.66651
0 8 0 17 3.46458
0 8 0 18 0.0942641
0 8 0 19 0.902587
0 8 0 20 1.76689
0 8 0 21 0.39749
0 8 0 22 2.73198
0 8 0 23 3.49089
0 8 0 24 0.10453
0 8 0 25 0.899035
0 8 0 26 1.80909
0 8 0 27 0.384588
0 8 0 28 2.67327
0 8 0 29 3.49131
0 8 0 30 0.109972
0 8 0 31 0.862634
0 8 0 32 1.76049
0 8 0 33 0.38686
0 8 0 34 2.68203
0 8 0 35 3.49599
0 8 0 36 0.156693
0 8 0 37 0.733493
0 8 0 38 1.5046
0 8 0 39 0.385732
0 8 0 40 2.70868
0 8 0 41 3.49166
0 8 0 42 0.10628
0 8 0 43 0.862881
0 8 0 44 1.60825
0 8 0 45 0.396912
0 8 0 46 2.71045
0 8 0 47 3.44977
0 8 0 48 0.0986603
0 8 0 49 0.98261
0 8 0 50 1.88985
0 8 0 51 0.388053
0 8 0 52 2.65746
0 8 0 53 3.40555
0 8 0 54 0.106762
0 8 0 55 0.87245
0 8 0 56 1.67615
0 8 0 57 0.380814
0 8 0 58 2.7297
0 8 0 59 3.65208
0 8 0 60 0.156693
0 8 0 61 0.645088
0 8 0 62 1.28006
0 8 0 63 0.389769
0 8 0 64 2.73882
0 8 0 65 3.55416
0 8 0 66 0.0977862
0 8 0 67 0.750638
0 8 0 68 1.39614
0 8 0 69 0.395966
0 8 0 70 2.74372
0 8 0 71 3.52305
0 8 0 72 0.000834783
0 8 0 73 0.000116454
0 8 0 74 0.000113093
0 8 0 75 0.000834783
0 8 0 76 0.000116454
0 8 0 77 0.000113093
0 8 0 78 0.000834783
0 8 0 79 0.000116454
0 8 0 80 0.000113093
0 8 0 81 0.000834783
0 8 0 82 0.000116454
0 8 0 83 0.000113093
0 8 0 84 1.4854e-313
0 8 0 85 3.32506e-321
0 8 0 86 4.66562e-310
0 8 0 87 -2.66393e-289
0 8 0 88 0
0 8 0 89 0
0 8 0 90 0
0 8 0 91 0
0 8 0 92 1.23516e-322
0 8 0 93 -nan
0 8 0 94 0
0 8 0 95 0
0 8 0 96 0
0 8 0 97 0
0 8 0 98 0
0 8 0 99 -1
0 8 1 0 0.384118
0 8 1 1 2.66585
0 8 1 2 3.40678
0 8 1 3 0.0967235
0 8 1 4 0.889774
0 8 1 5 1.73006
0 8 1 6 0.387843
0 8 1 7 2.66823
0 8 1 8 3.47418
0 8 1 9 0.103052
0 8 1 10 0.799928
0 8 1 11 1.50315
0 8 1 12 0.381038
0 8 1 13 2.66651
0 8 1 14 3.46458
0 8 1 15 0.0942641
0 8 1 16 0.902587
0 8 1 17 1.76689
0 8 1 18 0.39749
0 8 1 19 2.73198
0 8 1 20 3.49089
0 8 1 21 0.10453
0 8 1 22 0.899035
0 8 1 23 1.80909
0 8 1 24 0.384588
0 8 1 25 2.67327
0 8 1 26 3.49131
0 8 1 27 0.109972
0 8 1 28 0.862634
0 8 1 29 1.76049
0 8 1 30 0.38686
0 8 1 31 2.68203
0 8 1 32 3.49599
0 8 1 33 0.156693
0 8 1 34 0.733493
0 8 1 35 1.5046
0 8 1 36 0.385732
0 8 1 37 2.70868
0 8 1 38 3.49166
0 8 1 39 0.10628
0 8 1 40 0.862881
0 8 1 41 1.60825
0 8 1 42 0.396912
0 8 1 43 2.71045
0 8 1 44 3.44977
0 8 1 45 0.0986603
0 8 1 46 0.98261
0 8 1 47 1.88985
0 8 1 48 0.388053
0 8 1 49 2.65746
0 8 1 50 3.40555
0 8 1 51 0.106762
0 8 1 52 0.87245
0 8 1 53 1.67615
0 8 1 54 0.380814
0 8 1 55 2.7297
0 8 1 56 3.65208
0 8 1 57 0.156693
0 8 1 58 0.645088
0 8 1 59 1.28006
0 8 1 60 0.389769
0 8 1 61 2.73882
0 8 1 62 3.55416
0 8 1 63 0.0977862
0 8 1 64 0.750638
0 8 1 65 1.39614
0 8 1 66 0.395966
0 8 1 67 2.74372
0 8 1 68 3.52305
0 8 1 69 0.000834783
0 8 1 70 0.000116454
0 8 1 71 0.000113093
0 8 1 72 0.000834783
0 8 1 73 0.000116454
0 8 1 74 0.000113093
0 8 1 75 0.000834783
0 8 1 76 0.000116454
0 8 1 77 0.000113093
0 8 1 78 0.000834783
0 8 1 79 0.000116454
0 8 1 80 0.000113093
0 8 1 81 1.4854e-313
0 8 1 82 3.32506e-321
0 8 1 83 4.66562e-310
0 8 1 84 -2.66393e-289
0 8 1 85 0
0 8 1 86 0
0 8 1 87 0
0 8 1 88 0
0 8 1 89 1.23516e-322
0 8 1 90 -nan
0 8 1 91 0
0 8 1 92 0
0 8 1 93 0
0 8 1 94 0
0 8 1 95 0
0 8 1 96 -1
0 8 1 97 -1
0 8 1 98 -1
0 8 1 99 -1
0 8 2 0 0.0967235
0 8 2 1 0.889774
0 8 2 2 1.73006
0 8 2 3 0.387843
0 8 2 4 2.66823
0 8 2 5 3.47418
0 8 2 6 0.103052
0 8 2 7 0.799928
0 8 2 8 1.50315
0 8 2 9 0.381038
0 8 2 10 2.66651
0 8 2 11 3.46458
0 8 2 12 0.0942641
0 8 2 13 0.902587
0 8 2 14 1.76689
0 8 2 15 0.39749
0 8 2 16 2.73198
0 8 2 17 3.49089
0 8 2 18 0.10453
0 8 2 19 0.899035
0 8 2 20 1.80909
0 8 2 21 0.384588
0 8 2 22 2.67327
0 8 2 23 3.49131
0 8 2 24 0.109972
0 8 2 25 0.862634
0 8 2 26 1.76049
0 8 2 27 0.38686
0 8 2 28 2.68203
0 8 2 29 3.49599
0 8 2 30 0.156693
0 8 2 31 0.733493
0 8 2 32 1.5046
0 8 2 33 0.385732
0 8 2 34 2.70868
0 8 2 35 3.49166
0 8 2 36 0.10628
0 8 2 37 0.862881
0 8 2 38 1.60825
0 8 2 39 0.396912
0 8 2 40 2.71045
0 8 2 41 3.44977
0 8 2 42 0.0986603
0 8 2 43 0.98261
0 8 2 44 1.88985
0 8 2 45 0.388053
0 8 2 46 2.65746
0 8 2 47 3.40555
0 8 2 48 0.106762
0 8 2 49 0.87245
0 8 2 50 1.67615
0 8 2 51 0.380814
0 8 2 52 2.7297
0 8 2 53 3.65208
0 8 2 54 0.156693
0 8 2 55 0.645088
0 8 2 56 1.28006
0 8 2 57 0.389769
0 8 2 58 2.73882
0 8 2 59 3.55416
0 8 2 60 0.0977862
0 8 2 61 0.750638
0 8 2 62 1.39614
0 8 2 63 0.395966
0 8 2 64 2.74372
0 8 2 65 3.52305
0 8 2 66 0.000834783
0 8 2 67 0.000116454
0 8 2 68 0.000113093
0 8 2 69 0.000834783
0 8 2 70 0.000116454
0 8 2 71 0.000113093
0 8 2 72 0.000834783
0 8 2 73 0.000116454
0 8 2 74 0.000113093
0 8 2 75 0.000834783
0 8 2 76 0.000116454
0 8 2 77 0.000113093
0 8 2 78 1.4854e-313
0 8 2 79 3.32506e-321
0 8 2 80 4.66562e-310
0 8 2 81 -2.66393e-289
0 8 2 82 0
0 8 2 83 0
0 8 2 84 0
0 8 2 85 0
0 8 2 86 1.23516e-322
0 8 2 87 -nan
0 8 2 88 0
0 8 2 89 0
0 8 2 90 0
0 8 2 91 0
0 8 2 92 0
0 8 2 93 -1
0 8 2 94 -1
0 8 2 95 -1
0 8 2 96 -1
0 8 2 97 -1
0 8 2 98 -1
0 8 2 99 -1
0 8 3 0 0.387843
0 8 3 1 2.66823
0 8 3 2 3.47418
0 8 3 3 0.103052
0 8 3 4 0.799928
0 8 3 5 1.50315
0 8 3 6 0.381038
0 8 3 7 2.66651
0 8 3 8 3.46458
0 8 3 9 0.0942641
0 8 3 10 0.902587
0 8 3 11 1.76689
0 8 3 12 0.39749
0 8 3 13 2.73198
0 8 3 14 3.49089
0 8 3 15 0.10453
0 8 3 16 0.899035
0 8 3 17 1.80909
0 8 3 18 0.384588
0 8 3 19 2.67327
0 8 3 20 3.49131
0 8 3 21 0.109972
0 8 3 22 0.862634
0 8 3 23 1.76049
0 8 3 24 0.38686
0 8 3 25 2.68203
0 8 3 26 3.49599
0 8 3 27 0.156693
0 8 3 28 0.733493
0 8 3 29 1.5046
0 8 3 30 0.385732
0 8 3 31 2.70868
0 8 3 32 3.49166
0 8 3 33 0.10628
0 8 3 34 0.862881
0 8 3 35 1.60825
0 8 3 36 0.396912
0 8 3 37 2.71045
0 8 3 38 3.44977
0 8 3 39 0.0986603
0 8 3 40 0.98261
0 8 3 41 1.88985
0 8 3 42 0.388053
0 8 3 43 2.65746
0 8 3 44 3.40555
0 8 3 45 0.106762
0 8 3 46 0.87245
0 8 3 47 1.67615
0 8 3 48 0.380814
0 8 3 49 2.7297
0 8 3 50 3.65208
0 8 3 51 0.156693
0 8 3 52 0.645088
0 8 3 53 1.28006
0 8 3 54 0.389769
0 8 3 55 2.73882
0 8 3 56 3.55416
0 8 3 57 0.0977862
0 8 3 58 0.750638
0 8 3 59 1.39614
0 8 3 60 0.395966
0 8 3 61 2.74372
0 8 3 62 3.52305
0 8 3 63 0.000834783
0 8 3 64 0.000116454
0 8 3 65 0.000113093
0 8 3 66 0.000834783
0 8 3 67 0.000116454
0 8 3 68 0.000113093
0 8 3 69 0.000834783
0 8 3 70 0.000116454
0 8 3 71 0.000113093
0 8 3 72 0.000834783
0 8 3 73 0.000116454
0 8 3 74 0.000113093
0 8 3 75 1.4854e-313
0 8 3 76 3.32506e-321
0 8 3 77 4.66562e-310
0 8 3 78 -2.66393e-289
0 8 3 79 0
0 8 3 80 0
0 8 3 81 0
0 8 3 82 0
0 8 3 83 1.23516e-322
0 8 3 84 -nan
0 8 3 85 0
0 8 3 86 0
0 8 3 87 0
0 8 3 88 0
0 8 3 89 0
0 8 3 90 -1
0 8 3 91 -1
0 8 3 92 -1
0 8 3 93 -1
0 8 3 94 -1
0 8 3 95 -1
0 8 3 96 -1
0 8 3 97 -1
0 8 3 98 -1
0 8 3 99 0
0 9 0 0 0.103052
0 9 0 1 0.799928
0 9 0 2 1.50315
0 9 0 3 0.381038
0 9 0 4 2.66651
0 9 0 5 3.46458
0 9 0 6 0.0942641
0 9 0 7 0.902587
0 9 0 8 1.76689
0 9 0 9 0.39749
0 9 0 10 2.73198
0 9 0 11 3.49089
0 9 0 12 0.10453
0 9 0 13 0.899035
0 9 0 14 1.80909
0 9 0 15 0.384588
0 9 0 16 2.67327
0 9 0 17 3.49131
0 9 0 18 0.109972
0 9 0 19 0.862634
0 9 0 20 1.76049
0 9 0 21 0.38686
0 9 0 22 2.68203
0 9 0 23 3.49599
0 9 0 24 0.156693
0 9 0 25 0.733493
0 9 0 26 1.5046
0 9 0 27 0.385732
0 9 0 28 2.70868
0 9 0 29 3.49166
0 9 0 30 0.10628
0 9 0 31 0.862881
0 9 0 32 1.60825
0 9 0 33 0.396912
0 9 0 34 2.71045
0 9 0 35 3.44977
0 9 0 36 0.0986603
0 9 0 37 0.98261
0 9 0 38 1.88985
0 9 0 39 0.388053
0 9 0 40 2.65746
0 9 0 41 3.40555
0 9 0 42 0.106762
0 9 0 43 0.87245
0 9 0 44 1.67615
0 9 0 45 0.380814
0 9 0 46 2.7297
0 9 0 47 3.65208
0 9 0 48 0.156693
0 9 0 49 0.645088
0 9 0 50 1.28006
0 9 0 51 0.389769
0 9 0 52 2.73882
0 9 0 53 3.55416
0 9 0 54 0.0977862
0 9 0 55 0.750638
0 9 0 56 1.39614
0 9 0 57 0.395966
0 9 0 58 2.74372
0 9 0 59 3.52305
0 9 0 60 0.000834783
0 9 0 61 0.000116454
0 9 0 62 0.000113093
0 9 0 63 0.000834783
0 9 0 64 0.000116454
0 9 0 65 0.000113093
0 9 0 66 0.000834783
0 9 0 67 0.000116454
0 9 0 68 0.000113093
0 9 0 69 0.000834783
0 9 0 70 0.000116454
0 9 0 71 0.000113093
0 9 0 72 1.4854e-313
0 9 0 73 3.32506e-321
0 9 0 74 4.66562e-310
0 9 0 75 -2.66393e-289
0 9 0 76 0
0 9 0 77 0
0 9 0 78 0
0 9 0 79 0
0 9 0 80 1.23516e-322
0 9 0 81 -nan
0 9 0 82 0
0 9 0 83 0
0 9 0 84 0
0 9 0 85 0
0 9 0 86 0
0 9 0 87 -1
0 9 0 88 -1
0 9 0 89 -1
0 9 0 90 -1
0 9 0 91 -1
0 9 0 92 -1
0 9 0 93 -1
0 9 0 94 -1
0 9 0 95 -1
0 9 0 96 0
0 9 0 97 0
0 9 0 98 0
0 9 0 99 0
0 9 1 0 0.381038
0 9 1 1 2.66651
0 9 1 2 3.46458
0 9 1 3 0.0942641
0 9 1 4 0.902587
0 9 1 5 1.76689
0 9 1 6 0.39749
0 9 1 7 2.73198
0 9 1 8 3.49089
0 9 1 9 0.10453
0 9 1 10 0.899035
0 9 1 11 1.80909
0 9 1 12 0.384588
0 9 1 13 2.67327
0 9 1 14 3.49131
0 9 1 15 0.109972
0 9 1 16 0.862634
0 9 1 17 1.76049
0 9 1 18 0.38686
0 9 1 19 2.68203
0 9 1 20 3.49599
0 9 1 21 0.156693
0 9 1 22 0.733493
0 9 1 23 1.5046
0 9 1 24 0.385732
0 9 1 25 2.70868
0 9 1 26 3.49166
0 9 1 27 0.10628
0 9 1 28 0.862881
0 9 1 29 1.60825
0 9 1 30 0.396912
0 9 1 31 2.71045
0 9 1 32 3.44977
0 9 1 33 0.0986603
0 9 1 34 0.98261
0 9 1 35 1.88985
0 9 1 36 0.388053
0 9 1 37 2.65746
0 9 1 38 3.40555
0 9 1 39 0.106762
0 9 1 40 0.87245
0 9 1 41 1.67615
0 9 1 42 0.380814
0 9 1 43 2.7297
0 9 1 44 3.65208
0 9 1 45 0.156693
0 9 1 46 0.645088
0 9 1 47 1.28006
0 9 1 48 0.389769
0 9 1 49 2.73882
0 9 1 50 3.55416
0 9 1 51 0.0977862
0 9 1 52 0.750638
0 9 1 53 1.39614
0 9 1 54 0.395966
0 9 1 55 2.74372
0 9 1 56 3.52305
0 9 1 57 0.000834783
0 9 1 58 0.000116454
0 9 1 59 0.000113093
0 9 1 60 0.000834783
0 9 1 61 0.000116454
0 9 1 62 0.000113093
0 9 1 63 0.000834783
0 9 1 64 0.000116454
0 9 1 65 0.000113093
0 9 1 66 0.000834783
0 9 1 67 0.000116454
0 9 1 68 0.000113093
0 9 1 69 1.4854e-313
0 9 1 70 3.32506e-321
0 9 1 71 4.66562e-310
0 9 1 72 -2.66393e-289
0 9 1 73 0
0 9 1 74 0
0 9 1 75 0
0 9 1 76 0
0 9 1 77 1.23516e-322
0 9 1 78 -nan
0 9 1 79 0
0 9 1 80 0
0 9 1 81 0
0 9 1 82 0
0 9 1 83 0
0 9 1 84 -1
0 9 1 85 -1
0 9 1 86 -1
0 9 1 87 -1
0 9 1 88 -1
0 9 1 89 -1
0 9 1 90 -1
0 9 1 91 -1
0 9 1 92 -1
0 9 1 93 0
0 9 1 94 0
0 9 1 95 0
0 9 1 96 0
0 9 1 97 -1
0 9 1 98 -1
0 9 1 99 -1
0 9 2 0 0.0942641
0 9 2 1 0.902587
0 9 2 2 1.76689
0 9 2 3 0.39749
0 9 2 4 2.73198
0 9 2 5 3.49089
0 9 2 6 0.10453
0 9 2 7 0.899035
0 9 2 8 1.80909
0 9 2 9 0.384588
0 9 2 10 2.67327
0 9 2 11 3.49131
0 9 2 12 0.109972
0 9 2 13 0.862634
0 9 2 14 1.76049
0 9 2 15 0.38686
0 9 2 16 2.68203
0 9 2 17 3.49599
0 9 2 18 0.156693
0 9 2 19 0.733493
0 9 2 20 1.5046
0 9 2 21 0.385732
0 9 2 22 2.70868
0 9 2 23 3.49166
0 9 2 24 0.10628
0 9 2 25 0.862881
0 9 2 26 1.60825
0 9 2 27 0.396912
0 9 2 28 2.71045
0 9 2 29 3.44977
0 9 2 30 0.0986603
0 9 2 31 0.98261
0 9 2 32 1.88985
0 9 2 33 0.388053
0 9 2 34 2.65746
0 9 2 35 3.40555
0 9 2 36 0.106762
0 9 2 37 0.87245
0 9 2 38 1.67615
0 9 2 39 0.380814
0 9 2 40 2.7297
0 9 2 41 3.65208
0 9 2 42 0.156693
0 9 2 43 0.645088
0 9 2 44 1.28006
0 9 2 45 0.389769
0 9 2 46 2.73882
0 9 2 47 3.55416
0 9 2 48 0.0977862
0 9 2 49 0.750638
0 9 2 50 1.39614
0 9 2 51 0.395966
0 9 2 52 2.74372
0 9 2 53 3.52305
0 9 2 54 0.000834783
0 9 2 55 0.000116454
0 9 2 56 0.000113093
0 9 2 57 0.000834783
0 9 2 58 0.000116454
0 9 2 59 0.000113093
0 9 2 60 0.000834783
0 9 2 61 0.000116454
0 9 2 62 0.000113093
0 9 2 63 0.000834783
0 9 2 64 0.000116454
0 9 2 65 0.000113093
0 9 2 66 1.4854e-313
0 9 2 67 3.32506e-321
0 9 2 68 4.66562e-310
0 9 2 69 -2.66393e-289
0 9 2 70 0
0 9 2 71 0
0 9 2 72 0
0 9 2 73 0
0 9 2 74 1.23516e-322
0 9 2 75 -nan
0 9 2 76 0
0 9 2 77 0
0 9 2 78 0
0 9 2 79 0
0 9 2 80 0
0 9 2 81 -1
0 9 2 82 -1
0 9 2 83 -1
0 9 2 84 -1
0 9 2 85 -1
0 9 2 86 -1
0 9 2 87 -1
0 9 2 88 -1
0 9 2 89 -1
0 9 2 90 0
0 9 2 91 0
0 9 2 92 0
0 9 2 93 0
0 9 2 94 -1
0 9 2 95 -1
0 9 2 96 -1
0 9 2 97 -1
0 9 2 98 -1
0 9 2 99 -1
0 9 3 0 0.39749
0 9 3 1 2.73198
0 9 3 2 3.49089
0 9 3 3 0.10453
0 9 3 4 0.899035
0 9 3 5 1.80909
0 9 3 6 0.384588
0 9 3 7 2.67327
0 9 3 8 3.49131
0 9 3 9 0.109972
0 9 3 10 0.862634
0 9 3 11 1.76049
0 9 3 12 0.38686
0 9 3 13 2.68203
0 9 3 14 3.49599
0 9 3 15 0.156693
0 9 3 16 0.733493
0 9 3 17 1.5046
0 9 3 18 0.385732
0 9 3 19 2.70868
0 9 3 20 3.49166
0 9 3 21 0.10628
0 9 3 22 0.862881
0 9 3 23 1.60825
0 9 3 24 0.396912
0 9 3 25 2.71045
0 9 3 26 3.44977
0 9 3 27 0.0986603
0 9 3 28 0.98261
0 9 3 29 1.88985
0 9 3 30 0.388053
0 9 3 31 2.65746
0 9 3 32 3.40555
0 9 3 33 0.106762
0 9 3 34 0.87245
0 9 3 35 1.67615
0 9 3 36 0.380814
0 9 3 37 2.7297
0 9 3 38 3.65208
0 9 3 39 0.156693
0 9 3 40 0.645088
0 9 3 41 1.28006
0 9 3 42 0.389769
0 9 3 43 2.73882
0 9 3 44 3.55416
0 9 3 45 0.0977862
0 9 3 46 0.750638
0 9 3 47 1.39614
0 9 3 48 0.395966
0 9 3 49 2.74372
0 9 3 50 3.52305
0 9 3 51 0.000834783
0 9 3 52 0.000116454
0 9 3 53 0.000113093
0 9 3 54 0.000834783
0 9 3 55 0.000116454
0 9 3 56 0.000113093
0 9 3 57 0.000834783
0 9 3 58 0.000116454
0 9 3 59 0.000113093
0 9 3 60 0.000834783
0 9 3 61 0.000116454
0 9 3 62 0.000113093
0 9 3 63 1.4854e-313
0 9 3 64 3.32506e-321
0 9 3 65 4.66562e-310
0 9 3 66 -2.66393e-289
0 9 3 67 0
0 9 3 68 0
0 9 3 69 0
0 9 3 70 0
0 9 3 71 1.23516e-322
0 9 3 72 -nan
0 9 3 73 0
0 9 3 74 0
0 9 3 75 0
0 9 3 76 0
0 9 3 77 0
0 9 3 78 -1
0 9 3 79 -1
0 9 3 80 -1
0 9 3 81 -1
0 9 3 82 -1
0 9 3 83 -1
0 9 3 84 -1
0 9 3 85 -1
0 9 3 86 -1
0 9 3 87 0
0 9 3 88 0
0 9 3 89 0
0 9 3 90 0
0 9 3 91 -1
0 9 3 92 -1
0 9 3 93 -1
0 9 3 94 -1
0 9 3 95 -1
0 9 3 96 -1
0 9 3 97 -1
0 9 3 98 -1
0 9 3 99 0
0 10 0 0 0.10453
0 10 0 1 0.899035
0 10 0 2 1.80909
0 10 0 3 0.384588
0 10 0 4 2.67327
0 10 0 5 3.49131
0 10 0 6 0.109972
0 10 0 7 0.862634
0 10 0 8 1.76049
0 10 0 9 0.38686
0 10 0 10 2.68203
0 10 0 11 3.49599
0 10 0 12 0.156693
0 10 0 13 0.733493
0 10 0 14 1.5046
0 10 0 15 0.385732
0 10 0 16 2.70868
0 10 0 17 3.49166
0 10 0 18 0.10628
0 10 0 19 0.862881
0 10 0 20 1.60825
0 10 0 21 0.396912
0 10 0 22 2.71045
0 10 0 23 3.44977
0 10 0 24 0.0986603
0 10 0 25 0.98261
0 10 0 26 1.88985
0 10 0 27 0.388053
0 10 0 28 2.65746
0 10 0 29 3.40555
0 10 0 30 0.106762
0 10 0 31 0.87245
0 10 0 32 1.67615
0 10 0 33 0.380814
0 10 0 34 2.7297
0 10 0 35 3.65208
0 10 0 36 0.156693
0 10 0 37 0.645088
0 10 0 38 1.28006
0 10 0 39 0.389769
0 10 0 40 2.73882
0 10 0 41 3.55416
0 10 0 42 0.0977862
0 10 0 43 0.750638
0 10 0 44 1.39614
0 10 0 45 0.395966
0 10 0 46 2.74372
0 10 0 47 3.52305
0 10 0 48 0.000834783
0 10 0 49 0.000116454
0 10 0 50 0.000113093
0 10 0 51 0.000834783
0 10 0 52 0.000116454
0 10 0 53 0.000113093
0 10 0 54 0.000834783
0 10 0 55 0.000116454
0 10 0 56 0.000113093
0 10 0 57 0.000834783
0 10 0 58 0.000116454
0 10 0 59 0.000113093
0 10 0 60 1.4854e-313
0 10 0 61 3.32506e-321
0 10 0 62 4.66562e-310
0 10 0 63 -2.66393e-289
0 10 0 64 0
0 10 0 65 0
0 10 0 66 0
0 10 0 67 0
0 10 0 68 1.23516e-322
0 10 0 69 -nan
0 10 0 70 0
0 10 0 71 0
0 10 0 72 0
0 10 0 73 0
0 10 0 74 0
0 10 0 75 -1
0 10 0 76 -1
0 10 0 77 -1
0 10 0 78 -1
0 10 0 79 -1
0 10 0 80 -1
0 10 0 81 -1
0 10 0 82 -1
0 10 0 83 -1
0 10 0 84 0
0 10 0 85 0
0 10 0 86 0
0 10 0 87 0
0 10 0 88 -1
0 10 0 89 -1
0 10 0 90 -1
0 10 0 91 -1
0 10 0 92 -1
0 10 0 93 -1
0 10 0 94 -1
0 10 0 95 -1
0 10 0 96 0
0 10 0 97 -nan
0 10 0 98 -nan
0 10 0 99 -nan
0 10 1 0 0.384588
0 10 1 1 2.67327
0 10 1 2 3.49131
0 10 1 3 0.109972
0 10 1 4 0.862634
0 10 1 5 1.76049
0 10 1 6 0.38686
0 10 1 7 2.68203
0 10 1 8 3.49599
0 10 1 9 0.156693
0 10 1 10 0.733493
0 10 1 11 1.5046
0 10 1 12 0.385732
0 10 1 13 2.70868
0 10 1 14 3.49166
0 10 1 15 0.10628
0 10 1 16 0.862881
0 10 1 17 1.60825
0 10 1 18 0.396912
0 10 1 19 2.71045
0 10 1 20 3.44977
0 10 1 21 0.0986603
0 10 1 22 0.98261
0 10 1 23 1.88985
0 10 1 24 0.388053
0 10 1 25 2.65746
0 10 1 26 3.40555
0 10 1 27 0.106762
0 10 1 28 0.87245
0 10 1 29 1.67615
0 10 1 30 0.380814
0 10 1 31 2.7297
0 10 1 32 3.65208
0 10 1 33 0.156693
0 10 1 34 0.645088
0 10 1 35 1.28006
0 10 1 36 0.389769
0 10 1 37 2.73882
0 10 1 38 3.55416
0 10 1 39 0.0977862
0 10 1 40 0.750638
0 10 1 41 1.39614
0 10 1 42 0.395966
0 10 1 43 2.74372
0 10 1 44 3.52305
0 10 1 45 0.000834783
0 10 1 46 0.000116454
0 10 1 47 0.000113093
0 10 1 48 0.000834783
0 10 1 49 0.000116454
0 10 1 50 0.000113093
0 10 1 51 0.000834783
0 10 1 52 0.000116454
0 10 1 53 0.000113093
0 10 1 54 0.000834783
0 10 1 55 0.000116454
0 10 1 56 0.000113093
0 10 1 57 1.4854e-313
0 10 1 58 3.32506e-321
0 10 1 59 4.66562e-310
0 10 1 60 -2.66393e-289
0 10 1 61 0
0 10 1 62 0
0 10 1 63 0
0 10 1 64 0
0 10 1 65 1.23516e-322
0 10 1 66 -nan
0 10 1 67 0
0 10 1 68 0
0 10 1 69 0
0 10 1 70 0
0 10 1 71 0
0 10 1 72 -1
0 10 1 73 -1
0 10 1 74 -1
0 10 1 75 -1
0 10 1 76 -1
0 10 1 77 -1
0 10 1 78 -1
0 10 1 79 -1
0 10 1 80 -1
0 10 1 81 0
0 10 1 82 0
0 10 1 83 0
0 10 1 84 0
0 10 1 85 -1
0 10 1 86 -1
0 10 1 87 -1
0 10 1 88 -1
0 10 1 89 -1
0 10 1 90 -1
0 10 1 91 -1
0 10 1 92 -1
0 10 1 93 0
0 10 1 94 -nan
0 10 1 95 -nan
0 10 1 96 -nan
0 10 1 97 -nan
0 10 1 98 -nan
0 10 1 99 0
0 10 2 0 0.109972
0 10 2 1 0.862634
0 10 2 2 1.76049
0 10 2 3 0.38686
0 10 2 4 2.68203
0 10 2 5 3.49599
0 10 2 6 0.156693
0 10 2 7 0.733493
0 10 2 8 1.5046
0 10 2 9 0.385732
0 10 2 10 2.70868
0 10 2 11 3.49166
0 10 2 12 0.10628
0 10 2 13 0.862881
0 10 2 14 1.60825
0 10 2 15 0.396912
0 10 2 16 2.71045
0 10 2 17 3.44977
0 10 2 18 0.0986603
0 10 2 19 0.98261
0 10 2 20 1.88985
0 10 2 21 0.388053
0 10 2 22 2.65746
0 10 2 23 3.40555
0 10 2 24 0.106762
0 10 2 25 0.87245
0 10 2 26 1.67615
0 10 2 27 0.380814
0 10 2 28 2.7297
0 10 2 29 3.65208
0 10 2 30 0.156693
0 10 2 31 0.645088
0 10 2 32 1.28006
0 10 2 33 0.389769
0 10 2 34 2.73882
0 10 2 35 3.55416
0 10 2 36 0.0977862
0 10 2 37 0.750638
0 10 2 38 1.39614
0 10 2 39 0.395966
0 10 2 40 2.74372
0 10 2 41 3.52305
0 10 2 42 0.000834783
0 10 2 43 0.000116454
0 10 2 44 0.000113093
0 10 2 45 0.000834783
0 10 2 46 0.000116454
0 10 2 47 0.000113093
0 10 2 48 0.000834783
0 10 2 49 0.000116454
0 10 2 50 0.000113093
0 10 2 51 0.000834783
0 10 2 52 0.000116454
0 10 2 53 0.000113093
0 10 2 54 1.4854e-313
0 10 2 55 3.32506e-321
0 10 2 56 4.66562e-310
0 10 2 57 -2.66393e-289
0 10 2 58 0
0 10 2 59 0
0 10 2 60 0
0 10 2 61 0
0 10 2 62 1.23516e-322
0 10 2 63 -nan
0 10 2 64 0
0 10 2 65 0
0 10 2 66 0
0 10 2 67 0
0 10 2 68 0
0 10 2 69 -1
0 10 2 70 -1
0 10 2 71 -1
0 10 2 72 -1
0 10 2 73 -1
0 10 2 74 -1
0 10 2 75 -1
0 10 2 76 -1
0 10 2 77 -1
0 10 2 78 0
0 10 2 79 0
0 10 2 80 0
0 10 2 81 0
0 10 2 82 -1
0 10 2 83 -1
0 10 2 84 -1
0 10 2 85 -1
0 10 2 86 -1
0 10 2 87 -1
0 10 2 88 -1
0 10 2 89 -1
0 10 2 90 0
0 10 2 91 -nan
0 10 2 92 -nan
0 10 2 93 -nan
0 10 2 94 -nan
0 10 2 95 -nan
0 10 2 96 0
0 10 2 97 0
0 10 2 98 0
0 10 2 99 0
0 10 3 0 0.38686
0 10 3 1 2.68203
0 10 3 2 3.49599
0 10 3 3 0.156693
0 10 3 4 0.733493
0 10 3 5 1.5046
0 10 3 6 0.385732
0 10 3 7 2.70868
0 10 3 8 3.49166
0 10 3 9 0.10628
0 10 3 10 0.862881
0 10 3 11 1.60825
0 10 3 12 0.396912
0 10 3 13 2.71045
0 10 3 14 3.44977
0 10 3 15 0.0986603
0 10 3 16 0.98261
0 10 3 17 1.88985
0 10 3 18 0.388053
0 10 3 19 2.65746
0 10 3 20 3.40555
0 10 3 21 0.106762
0 10 3 22 0.87245
0 10 3 23 1.67615
0 10 3 24 0.380814
0 10 3 25 2.7297
0 10 3 26 3.65208
0 10 3 27 0.156693
0 10 3 28 0.645088
0 10 3 29 1.28006
0 10 3 30 0.389769
0 10 3 31 2.73882
0 10 3 32 3.55416
0 10 3 33 0.0977862
0 10 3 34 0.750638
0 10 3 35 1.39614
0 10 3 36 0.395966
0 10 3 37 2.74372
0 10 3 38 3.52305
0 10 3 39 0.000834783
0 10 3 40 0.000116454
0 10 3 41 0.000113093
0 10 3 42 0.000834783
0 10 3 43 0.000116454
0 10 3 44 0.000113093
0 10 3 45 0.000834783
0 10 3 46 0.000116454
0 10 3 47 0.000113093
0 10 3 48 0.000834783
0 10 3 49 0.000116454
0 10 3 50 0.000113093
0 10 3 51 1.4854e-313
0 10 3 52 3.32506e-321
0 10 3 53 4.66562e-310
0 10 3 54 -2.66393e-289
0 10 3 55 0
0 10 3 56 0
0 10 3 57 0
0 10 3 58 0
0 10 3 59 1.23516e-322
0 10 3 60 -nan
0 10 3 61 0
0 10 3 62 0
0 10 3 63 0
0 10 3 64 0
0 10 3 65 0
0 10 3 66 -1
0 10 3 67 -1
0 10 3 68 -1
0 10 3 69 -1
0 10 3 70 -1
0 10 3 71 -1
0 10 3 72 -1
0 10 3 73 -1
0 10 3 74 -1
0 10 3 75 0
0 10 3 76 0
0 10 3 77 0
0 10 3 78 0
0 10 3 79 -1
0 10 3 80 -1
0 10 3 81 -1
0 10 3 82 -1
0 10 3 83 -1
0 10 3 84 -1
0 10 3 85 -1
0 10 3 86 -1
0 10 3 87 0
0 10 3 88 -nan
0 10 3 89 -nan
0 10 3 90 -nan
0 10 3 91 -nan
0 10 3 92 -nan
0 10 3 93 0
0 10 3 94 0
0 10 3 95 0
0 10 3 96 0
0 10 3 97 0
0 10 3 98 0
0 10 3 99 0
0 11 0 0 0.156693
0 11 0 1 0.733493
0 11 0 2 1.5046
0 11 0 3 0.385732
0 11 0 4 2.70868
0 11 0 5 3.49166
0 11 0 6 0.10628
0 11 0 7 0.862881
0 11 0 8 1.60825
0 11 0 9 0.396912
0 11 0 10 2.71045
0 11 0 11 3.44977
0 11 0 12 0.0986603
0 11 0 13 0.98261
0 11 0 14 1.88985
0 11 0 15 0.388053
0 11 0 16 2.65746
0 11 0 17 3.40555
0 11 0 18 0.106762
0 11 0 19 0.87245
0 11 0 20 1.67615
0 11 0 21 0.380814
0 11 0 22 2.7297
0 11 0 23 3.65208
0 11 0 24 0.156693
0 11 0 25 0.645088
0 11 0 26 1.28006
0 11 0 27 0.389769
0 11 0 28 2.73882
0 11 0 29 3.55416
0 11 0 30 0.0977862
0 11 0 31 0.750638
0 11 0 32 1.39614
0 11 0 33 0.395966
0 11 0 34 2.74372
0 11 0 35 3.52305
0 11 0 36 0.000834783
0 11 0 37 0.000116454
0 11 0 38 0.000113093
0 11 0 39 0.000834783
0 11 0 40 0.000116454
0 11 0 41 0.000113093
0 11 0 42 0.000834783
0 11 0 43 0.000116454
0 11 0 44 0.000113093
0 11 0 45 0.000834783
0 11 0 46 0.000116454
0 11 0 47 0.000113093
0 11 0 48 1.4854e-313
0 11 0 49 3.32506e-321
0 11 0 50 4.66562e-310
0 11 0 51 -2.66393e-289
0 11 0 52 0
0 11 0 53 0
0 11 0 54 0
0 11 0 55 0
0 11 0 56 1.23516e-322
0 11 0 57 -nan
0 11 0 58 0
0 11 0 59 0
0 11 0 60 0
0 11 0 61 0
0 11 0 62 0
0 11 0 63 -1
0 11 0 64 -1
0 11 0 65 -1
0 11 0 66 -1
0 11 0 67 -1
0 11 0 68 -1
0 11 0 69 -1
0 11 0 70 -1
0 11 0 71 -1
0 11 0 72 0
0 11 0 73 0
0 11 0 74 0
0 11 0 75 0
0 11 0 76 -1
0 11 0 77 -1
0 11 0 78 -1
0 11 0 79 -1
0 11 0 80 -1
0 11 0 81 -1
0 11 0 82 -1
0 11 0 83 -1
0 11 0 84 0
0 11 0 85 -nan
0 11 0 86 -nan
0 11 0 87 -nan
0 11 0 88 -nan
0 11 0 89 -nan
0 11 0 90 0
0 11 0 91 0
0 11 0 92 0
0 11 0 93 0
0 11 0 94 0
0 11 0 95 0
0 11 0 96 0
0 11 0 97 0
0 11 0 98 0
0 11 0 99 0
0 11 1 0 0.385732
0 11 1 1 2.70868
0 11 1 2 3.49166
0 11 1 3 0.10628
0 11 1 4 0.862881
0 11 1 5 1.60825
0 11 1 6 0.396912
0 11 1 7 2.71045
0 11 1 8 3.44977
0 11 1 9 0.0986603
0 11 1 10 0.98261
0 11 1 11 1.88985
0 11 1 12 0.388053
0 11 1 13 2.65746
0 11 1 14 3.40555
0 11 1 15 0.106762
0 11 1 16 0.87245
0 11 1 17 1.67615
0 11 1 18 0.380814
0 11 1 19 2.7297
0 11 1 20 3.65208
0 11 1 21 0.156693
0 11 1 22 0.645088
0 11 1 23 1.28006
0 11 1 24 0.389769
0 11 1 25 2.73882
0 11 1 26 3.55416
0 11 1 27 0.0977862
0 11 1 28 0.750638
0 11 1 29 1.39614
0 11 1 30 0.395966
0 11 1 31 2.74372
0 11 1 32 3.52305
0 11 1 33 0.000834783
0 11 1 34 0.000116454
0 11 1 35 0.000113093
0 11 1 36 0.000834783
0 11 1 37 0.000116454
0 11 1 38 0.000113093
0 11 1 39 0.000834783
0 11 1 40 0.000116454
0 11 1 41 0.000113093
0 11 1 42 0.000834783
0 11 1 43 0.000116454
0 11 1 44 0.000113093
0 11 1 45 1.4854e-313
0 11 1 46 3.32506e-321
0 11 1 47 4.66562e-310
0 11 1 48 -2.66393e-289
0 11 1 49 0
0 11 1 50 0
0 11 1 51 0
0 11 1 52 0
0 11 1 53 1.23516e-322
0 11 1 54 -nan
0 11 1 55 0
0 11 1 56 0
0 11 1 57 0
0 11 1 58 0
0 11 1 59 0
0 11 1 60 -1
0 11 1 61 -1
0 11 1 62 -1
0 11 1 63 -1
0 11 1 64 -1
0 11 1 65 -1
0 11 1 66 -1
0 11 1 67 -1
0 11 1 68 -1
0 11 1 69 0
0 11 1 70 0
0 11 1 71 0
0 11 1 72 0
0 11 1 73 -1
0 11 1 74 -1
0 11 1 75 -1
0 11 1 76 -1
0 11 1 77 -1
0 11 1 78 -1
0 11 1 79 -1
0 11 1 80 -1
0 11 1 81 0
0 11 1 82 -nan
0 11 1 83 -nan
0 11 1 84 -nan
0 11 1 85 -nan
0 11 1 86 -nan
0 11 1 87 0
0 11 1 88 0
0 11 1 89 0
0 11 1 90 0
0 11 1 91 0
0 11 1 92 0
0 11 1 93 0
0 11 1 94 0
0 11 1 95 0
0 11 1 96 0
0 11 1 97 0
0 11 1 98 0
0 11 1 99 0
0 11 2 0 0.10628
0 11 2 1 0.862881
0 11 2 2 1.60825
0 11 2 3 0.396912
0 11 2 4 2.71045
0 11 2 5 3.44977
0 11 2 6 0.0986603
0 11 2 7 0.98261
0 11 2 8 1.88985
0 11 2 9 0.388053
0 11 2 10 2.65746
0 11 2 11 3.40555
0 11 2 12 0.106762
0 11 2 13 0.87245
0 11 2 14 1.67615
0 11 2 15 0.380814
0 11 2 16 2.7297
0 11 2 17 3.65208
0 11 2 18 0.156693
0 11 2 19 0.645088
0 11 2 20 1.28006
0 11 2 21 0.389769
0 11 2 22 2.73882
0 11 2 23 3.55416
0 11 2 24 0.0977862
0 11 2 25 0.750638
0 11 2 26 1.39614
0 11 2 27 0.395966
0 11 2 28 2.74372
0 11 2 29 3.52305
0 11 2 30 0.000834783
0 11 2 31 0.000116454
0 11 2 32 0.000113093
0 11 2 33 0.000834783
0 11 2 34 0.000116454
0 11 2 35 0.000113093
0 11 2 36 0.000834783
0 11 2 37 0.000116454
0 11 2 38 0.000113093
0 11 2 39 0.000834783
0 11 2 40 0.000116454
0 11 2 41 0.000113093
0 11 2 42 1.4854e-313
0 11 2 43 3.32506e-321
0 11 2 44 4.66562e-310
0 11 2 45 -2.66393e-289
0 11 2 46 0
0 11 2 47 0
0 11 2 48 0
0 11 2 49 0
0 11 2 50 1.23516e-322
0 11 2 51 -nan
0 11 2 52 0
0 11 2 53 0
0 11 2 54 0
0 11 2 55 0
0 11 2 56 0
0 11 2 57 -1
0 11 2 58 -1
0 11 2 59 -1
0 11 2 60 -1
0 11 2 61 -1
0 11 2 62 -1
0 11 2 63 -1
0 11 2 64 -1
0 11 2 65 -1
0 11 2 66 0
0 11 2 67 0
0 11 2 68 0
0 11 2 69 0
0 11 2 70 -1
0 11 2 71 -1
0 11 2 72 -1
0 11 2 73 -1
0 11 2 74 -1
0 11 2 75 -1
0 11 2 76 -1
0 11 2 77 -1
0 11 2 78 0
0 11 2 79 -nan
0 11 2 80 -nan
0 11 2 81 -nan
0 11 2 82 -nan
0 11 2 83 -nan
0 11 2 84 0
0 11 2 85 0
0 11 2 86 0
0 11 2 87 0
0 11 2 88 0
0 11 2 89 0
0 11 2 90 0
0 11 2 91 0
0 11 2 92 0
0 11 2 93 0
0 11 2 94 0
0 11 2 95 0
0 11 2 96 0
0 11 2 97 0
0 11 2 98 0
0 11 2 99 0
0 11 3 0 0.396912
0 11 3 1 2.71045
0 11 3 2 3.44977
0 11 3 3 0.0986603
0 11 3 4 0.98261
0 11 3 5 1.88985
0 11 3 6 0.388053
0 11 3 7 2.65746
0 11 3 8 3.40555
0 11 3 9 0.106762
0 11 3 10 0.87245
0 11 3 11 1.67615
0 11 3 12 0.380814
0 11 3 13 2.7297
0 11 3 14 3.65208
0 11 3 15 0.156693
0 11 3 16 0.645088
0 11 3 17 1.28006
0 11 3 18 0.389769
0 11 3 19 2.73882
0 11 3 20 3.55416
0 11 3 21 0.0977862
0 11 3 22 0.750638
0 11 3 23 1.39614
0 11 3 24 0.395966
0 11 3 25 2.74372
0 11 3 26 3.52305
0 11 3 27 0.000834783
0 11 3 28 0.000116454
0 11 3 29 0.000113093
0 11 3 30 0.000834783
0 11 3 31 0.000116454
0 11 3 32 0.000113093
0 11 3 33 0.000834783
0 11 3 34 0.000116454
0 11 3 35 0.000113093
0 11 3 36 0.000834783
0 11 3 37 0.000116454
0 11 3 38 0.000113093
0 11 3 39 1.4854e-313
0 11 3 40 3.32506e-321
0 11 3 41 4.66562e-310
0 11 3 42 -2.66393e-289
0 11 3 43 0
0 11 3 44 0
0 11 3 45 0
0 11 3 46 0
0 11 3 47 1.23516e-322
0 11 3 48 -nan
0 11 3 49 0
0 11 3 50 0
0 11 3 51 0
0 11 3 52 0
0 11 3 53 0
0 11 3 54 -1
0 11 3 55 -1
0 11 3 56 -1
0 11 3 57 -1
0 11 3 58 -1
0 11 3 59 -1
0 11 3 60 -1
0 11 3 61 -1
0 11 3 62 -1
0 11 3 63 0
0 11 3 64 0
0 11 3 65 0
0 11 3 66 0
0 11 3 67 -1
0 11 3 68 -1
0 11 3 69 -1
0 11 3 70 -1
0 11 3 71 -1
0 11 3 72 -1
0 11 3 73 -1
0 11 3 74 -1
0 11 3 75 0
0 11 3 76 -nan
0 11 3 77 -nan
0 11 3 78 -nan
0 11 3 79 -nan
0 11 3 80 -nan
0 11 3 81 0
0 11 3 82 0
0 11 3 83 0
0 11 3 84 0
0 11 3 85 0
0 11 3 86 0
0 11 3 87 0
0 11 3 88 0
0 11 3 89 0
0 11 3 90 0
0 11 3 91 0
0 11 3 92 0
0 11 3 93 0
0 11 3 94 0
0 11 3 95 0
0 11 3 96 0
0 11 3 97 0
0 11 3 98 0
0 11 3 99 0
0 12 0 0 0.0986603
0 12 0 1 0.98261
0 12 0 2 1.88985
0 12 0 3 0.388053
0 12 0 4 2.65746
0 12 0 5 3.40555
0 12 0 6 0.106762
0 12 0 7 0.87245
0 12 0 8 1.67615
0 12 0 9 0.380814
0 12 0 10 2.7297
0 12 0 11 3.65208
0 12 0 12 0.156693
0 12 0 13 0.645088
0 12 0 14 1.28006
0 12 0 15 0.389769
0 12 0 16 2.73882
0 12 0 17 3.55416
0 12 0 18 0.0977862
0 12 0 19 0.750638
0 12 0 20 1.39614
0 12 0 21 0.395966
0 12 0 22 2.74372
0 12 0 23 3.52305
0 12 0 24 0.000834783
0 12 0 25 0.000116454
0 12 0 26 0.000113093
0 12 0 27 0.000834783
0 12 0 28 0.000116454
0 12 0 29 0.000113093
0 12 0 30 0.000834783
0 12 0 31 0.000116454
0 12 0 32 0.000113093
0 12 0 33 0.000834783
0 12 0 34 0.000116454
0 12 0 35 0.000113093
0 12 0 36 1.4854e-313
0 12 0 37 3.32506e-321
0 12 0 38 4.66562e-310
0 12 0 39 -2.66393e-289
0 12 0 40 0
0 12 0 41 0
0 12 0 42 0
0 12 0 43 0
0 12 0 44 1.23516e-322
0 12 0 45 -nan
0 12 0 46 0
0 12 0 47 0
0 12 0 48 0
0 12 0 49 0
0 12 0 50 0
0 12 0 51 -1
0 12 0 52 -1
0 12 0 53 -1
0 12 0 54 -1
0 12 0 55 -1
0 12 0 56 -1
0 12 0 57 -1
0 12 0 58 -1
0 12 0 59 -1
0 12 0 60 0
0 12 0 61 0
0 12 0 62 0
0 12 0 63 0
0 12 0 64 -1
0 12 0 65 -1
0 12 0 66 -1
0 12 0 67 -1
0 12 0 68 -1
0 12 0 69 -1
0 12 0 70 -1
0 12 0 71 -1
0 12 0 72 0
0 12 0 73 -nan
0 12 0 74 -nan
0 12 0 75 -nan
0 12 0 76 -nan
0 12 0 77 -nan
0 12 0 78 0
0 12 0 79 0
0 12 0 80 0
0 12 0 81 0
0 12 0 82 0
0 12 0 83 0
0 12 0 84 0
0 12 0 85 0
0 12 0 86 0
0 12 0 87 0
0 12 0 88 0
0 12 0 89 0
0 12 0 90 0
0 12 0 91 0
0 12 0 92 0
0 12 0 93 0
0 12 0 94 0
0 12 0 95 0
0 12 0 96 0
0 12 0 97 0
0 12 0 98 0
0 12 0 99 0
0 12 1 0 0.388053
0 12 1 1 2.65746
0 12 1 2 3.40555
0 12 1 3 0.106762
0 12 1 4 0.87245
0 12 1 5 1.67615
0 12 1 6 0.380814
0 12 1 7 2.7297
0 12 1 8 3.65208
0 12 1 9 0.156693
0 12 1 10 0.645088
0 12 1 11 1.28006
0 12 1 12 0.389769
0 12 1 13 2.73882
0 12 1 14 3.55416
0 12 1 15 0.0977862
0 12 1 16 0.750638
0 12 1 17 1.39614
0 12 1 18 0.395966
0 12 1 19 2.74372
0 12 1 20 3.52305
0 12 1 21 0.000834783
0 12 1 22 0.000116454
0 12 1 23 0.000113093
0 12 1 24 0.000834783
0 12 1 25 0.000116454
0 12 1 26 0.000113093
0 12 1 27 0.000834783
0 12 1 28 0.000116454
0 12 1 29 0.000113093
0 12 1 30 0.000834783
0 12 1 31 0.000116454
0 12 1 32 0.000113093
0 12 1 33 1.4854e-313
0 12 1 34 3.32506e-321
0 12 1 35 4.66562e-310
0 12 1 36 -2.66393e-289
0 12 1 37 0
0 12 1 38 0
0 12 1 39 0
0 12 1 40 0
0 12 1 41 1.23516e-322
0 12 1 42 -nan
0 12 1 43 0
0 12 1 44 0
0 12 1 45 0
0 12 1 46 0
0 12 1 47 0
0 12 1 48 -1
0 12 1 49 -1
0 12 1 50 -1
0 12 1 51 -1
0 12 1 52 -1
0 12 1 53 -1
0 12 1 54 -1
0 12 1 55 -1
0 12 1 56 -1
0 12 1 57 0
0 12 1 58 0
0 12 1 59 0
0 12 1 60 0
0 12 1 61 -1
0 12 1 62 -1
0 12 1 63 -1
0 12 1 64 -1
0 12 1 65 -1
0 12 1 66 -1
0 12 1 67 -1
0 12 1 68 -1
0 12 1 69 0
0 12 1 70 -nan
0 12 1 71 -nan
0 12 1 72 -nan
0 12 1 73 -nan
0 12 1 74 -nan
0 12 1 75 0
0 12 1 76 0
0 12 1 77 0
0 12 1 78 0
0 12 1 79 0
0 12 1 80 0
0 12 1 81 0
0 12 1 82 0
0 12 1 83 0
0 12 1 84 0
0 12 1 85 0
0 12 1 86 0
0 12 1 87 0
0 12 1 88 0
0 12 1 89 0
0 12 1 90 0
0 12 1 91 0
0 12 1 92 0
0 12 1 93 0
0 12 1 94 0
0 12 1 95 0
0 12 1 96 0
0 12 1 97 0
0 12 1 98 0
0 12 1 99 0
0 12 2 0 0.106762
0 12 2 1 0.87245
0 12 2 2 1.67615
0 12 2 3 0.380814
0 12 2 4 2.7297
0 12 2 5 3.65208
0 12 2 6 0.156693
0 12 2 7 0.645088
0 12 2 8 1.28006
0 12 2 9 0.389769
0 12 2 10 2.73882
0 12 2 11 3.55416
0 12 2 12 0.0977862
0 12 2 13 0.750638
0 12 2 14 1.39614
0 12 2 15 0.395966
0 12 2 16 2.74372
0 12 2 17 3.52305
0 12 2 18 0.000834783
0 12 2 19 0.000116454
0 12 2 20 0.000113093
0 12 2 21 0.000834783
0 12 2 22 0.000116454
0 12 2 23 0.000113093
0 12 2 24 0.000834783
0 12 2 25 0.000116454
0 12 2 26 0.000113093
0 12 2 27 0.000834783
0 12 2 28 0.000116454
0 12 2 29 0.000113093
0 12 2 30 1.4854e-313
0 12 2 31 3.32506e-321
0 12 2 32 4.66562e-310
0 12 2 33 -2.66393e-289
0 12 2 34 0
0 12 2 35 0
0 12 2 36 0
0 12 2 37 0
0 12 2 38 1.23516e-322
0 12 2 39 -nan
0 12 2 40 0
0 12 2 41 0
0 12 2 42 0
0 12 2 43 0
0 12 2 44 0
0 12 2 45 -1
0 12 2 46 -1
0 12 2 47 -1
0 12 2 48 -1
0 12 2 49 -1
0 12 2 50 -1
0 12 2 51 -1
0 12 2 52 -1
0 12 2 53 -1
0 12 2 54 0
0 12 2 55 0
0 12 2 56 0
0 12 2 57 0
0 12 2 58 -1
0 12 2 59 -1
0 12 2 60 -1
0 12 2 61 -1
0 12 2 62 -1
0 12 2 63 -1
0 12 2 64 -1
0 12 2 65 -1
0 12 2 66 0
0 12 2 67 -nan
0 12 2 68 -nan
0 12 2 69 -nan
0 12 2 70 -nan
0 12 2 71 -nan
0 12 2 72 0
0 12 2 73 0
0 12 2 74 0
0 12 2 75 0
0 12 2 76 0
0 12 2 77 0
0 12 2 78 0
0 12 2 79 0
0 12 2 80 0
0 12 2 81 0
0 12 2 82 0
0 12 2 83 0
0 12 2 84 0
0 12 2 85 0
0 12 2 86 0
0 12 2 87 0
0 12 2 88 0
0 12 2 89 0
0 12 2 90 0
0 12 2 91 0
0 12 2 92 0
0 12 2 93 0
0 12 2 94 0
0 12 2 95 0
0 12 2 96 0
0 12 2 97 0
0 12 2 98 0
0 12 2 99 0
0 12 3 0 0.380814
0 12 3 1 2.7297
0 12 3 2 3.65208
0 12 3 3 0.156693
0 12 3 4 0.645088
0 12 3 5 1.28006
0 12 3 6 0.389769
0 12 3 7 2.73882
0 12 3 8 3.55416
0 12 3 9 0.0977862
0 12 3 10 0.750638
0 12 3 11 1.39614
0 12 3 12 0.395966
0 12 3 13 2.74372
0 12 3 14 3.52305
0 12 3 15 0.000834783
0 12 3 16 0.000116454
0 12 3 17 0.000113093
0 12 3 18 0.000834783
0 12 3 19 0.000116454
0 12 3 20 0.000113093
0 12 3 21 0.000834783
0 12 3 22 0.000116454
0 12 3 23 0.000113093
0 12 3 24 0.000834783
0 12 3 25 0.000116454
0 12 3 26 0.000113093
0 12 3 27 1.4854e-313
0 12 3 28 3.32506e-321
0 12 3 29 4.66562e-310
0 12 3 30 -2.66393e-289
0 12 3 31 0
0 12 3 32 0
0 12 3 33 0
0 12 3 34 0
0 12 3 35 1.23516e-322
0 12 3 36 -nan
0 12 3 37 0
0 12 3 38 0
0 12 3 39 0
0 12 3 40 0
0 12 3 41 0
0 12 3 42 -1
0 12 3 43 -1
0 12 3 44 -1
0 12 3 45 -1
0 12 3 46 -1
0 12 3 47 -1
0 12 3 48 -1
0 12 3 49 -1
0 12 3 50 -1
0 12 3 51 0
0 12 3 52 0
0 12 3 53 0
0 12 3 54 0
0 12 3 55 -1
0 12 3 56 -1
0 12 3 57 -1
0 12 3 58 -1
0 12 3 59 -1
0 12 3 60 -1
0 12 3 61 -1
0 12 3 62 -1
0 12 3 63 0
0 12 3 64 -nan
0 12 3 65 -nan
0 12 3 66 -nan
0 12 3 67 -nan
0 12 3 68 -nan
0 12 3 69 0
0 12 3 70 0
0 12 3 71 0
0 12 3 72 0
0 12 3 73 0
0 12 3 74 0
0 12 3 75 0
0 12 3 76 0
0 12 3 77 0
0 12 3 78 0
0 12 3 79 0
0 12 3 80 0
0 12 3 81 0
0 12 3 82 0
0 12 3 83 0
0 12 3 84 0
0 12 3 85 0
0 12 3 86 0
0 12 3 87 0
0 12 3 88 0
0 12 3 89 0
0 12 3 90 0
0 12 3 91 0
0 12 3 92 0
0 12 3 93 0
0 12 3 94 0
0 12 3 95 0
0 12 3 96 0
0 12 3 97 0
0 12 3 98 0
0 12 3 99 0
0 13 0 0 0.156693
0 13 0 1 0.645088
0 13 0 2 1.28006
0 13 0 3 0.389769
0 13 0 4 2.73882
0 13 0 5 3.55416
0 13 0 6 0.0977862
0 13 0 7 0.750638
0 13 0 8 1.39614
0 13 0 9 0.395966
0 13 0 10 2.74372
0 13 0 11 3.52305
0 13 0 12 0.000834783
0 13 0 13 0.000116454
0 13 0 14 0.000113093
0 13 0 15 0.000834783
0 13 0 16 0.000116454
0 13 0 17 0.000113093
0 13 0 18 0.000834783
0 13 0 19 0.000116454
0 13 0 20 0.000113093
0 13 0 21 0.000834783
0 13 0 22 0.000116454
0 13 0 23 0.000113093
0 13 0 24 1.4854e-313
0 13 0 25 3.32506e-321
0 13 0 26 4.66562e-310
0 13 0 27 -2.66393e-289
0 13 0 28 0
0 13 0 29 0
0 13 0 30 0
0 13 0 31 0
0 13 0 32 1.23516e-322
0 13 0 33 -nan
0 13 0 34 0
0 13 0 35 0
0 13 0 36 0
0 13 0 37 0
0 13 0 38 0
0 13 0 39 -1
0 13 0 40 -1
0 13 0 41 -1
0 13 0 42 -1
0 13 0 43 -1
0 13 0 44 -1
0 13 0 45 -1
0 13 0 46 -1
0 13 0 47 -1
0 13 0 48 0
0 13 0 49 0
0 13 0 50 0
0 13 0 51 0
0 13 0 52 -1
0 13 0 53 -1
0 13 0 54 -1
0 13 0 55 -1
0 13 0 56 -1
0 13 0 57 -1
0 13 0 58 -1
0 13 0 59 -1
0 13 0 60 0
0 13 0 61 -nan
0 13 0 62 -nan
0 13 0 63 -nan
0 13 0 64 -nan
0 13 0 65 -nan
0 13 0 66 0
0 13 0 67 0
0 13 0 68 0
0 13 0 69 0
0 13 0 70 0
0 13 0 71 0
0 13 0 72 0
0 13 0 73 0
0 13 0 74 0
0 13 0 75 0
0 13 0 76 0
0 13 0 77 0
0 13 0 78 0
0 13 0 79 0
0 13 0 80 0
0 13 0 81 0
0 13 0 82 0
0 13 0 83 0
0 13 0 84 0
0 13 0 85 0
0 13 0 86 0
0 13 0 87 0
0 13 0 88 0
0 13 0 89 0
0 13 0 90 0
0 13 0 91 0
0 13 0 92 0
0 13 0 93 0
0 13 0 94 0
0 13 0 95 0
0 13 0 96 0
0 13 0 97 0
0 13 0 98 0
0 13 0 99 0
0 13 1 0 0.389769
0 13 1 1 2.73882
0 13 1 2 3.55416
0 13 1 3 0.0977862
0 13 1 4 0.750638
0 13 1 5 1.39614
0 13 1 6 0.395966
0 13 1 7 2.74372
0 13 1 8 3.52305
0 13 1 9 0.000834783
0 13 1 10 0.000116454
0 13 1 11 0.000113093
0 13 1 12 0.000834783
0 13 1 13 0.000116454
0 13 1 14 0.000113093
0 13 1 15 0.000834783
0 13 1 16 0.000116454
0 13 1 17 0.000113093
0 13 1 18 0.000834783
0 13 1 19 0.000116454
0 13 1 20 0.000113093
0 13 1 21 1.4854e-313
0 13 1 22 3.32506e-321
0 13 1 23 4.66562e-310
0 13 1 24 -2.66393e-289
0 13 1 25 0
0 13 1 26 0
0 13 1 27 0
0 13 1 28 0
0 13 1 29 1.23516e-322
0 13 1 30 -nan
0 13 1 31 0
0 13 1 32 0
0 13 1 33 0
0 13 1 34 0
0 13 1 35 0
0 13 1 36 -1
0 13 1 37 -1
0 13 1 38 -1
0 13 1 39 -1
0 13 1 40 -1
0 13 1 41 -1
0 13 1 42 -1
0 13 1 43 -1
0 13 1 44 -1
0 13 1 45 0
0 13 1 46 0
0 13 1 47 0
0 13 1 48 0
0 13 1 49 -1
0 13 1 50 -1
0 13 1 51 -1
0 13 1 52 -1
0 13 1 53 -1
0 13 1 54 -1
0 13 1 55 -1
0 13 1 56 -1
0 13 1 57 0
0 13 1 58 -nan
0 13 1 59 -nan
0 13 1 60 -nan
0 13 1 61 -nan
0 13 1 62 -nan
0 13 1 63 0
0 13 1 64 0
0 13 1 65 0
0 13 1 66 0
0 13 1 67 0
0 13 1 68 0
0 13 1 69 0
0 13 1 70 0
0 13 1 71 0
0 13 1 72 0
0 13 1 73 0
0 13 1 74 0
0 13 1 75 0
0 13 1 76 0
0 13 1 77 0
0 13 1 78 0
0 13 1 79 0
0 13 1 80 0
0 13 1 81 0
0 13 1 82 0
0 13 1 83 0
0 13 1 84 0
0 13 1 85 0
0 13 1 86 0
0 13 1 87 0
0 13 1 88 0
0 13 1 89 0
0 13 1 90 0
0 13 1 91 0
0 13 1 92 0
0 13 1 93 0
0 13 1 94 0
0 13 1 95 0
0 13 1 96 0
0 13 1 97 0
0 13 1 98 0
0 13 1 99 0
0 13 2 0 0.0977862
0 13 2 1 0.750638
0 13 2 2 1.39614
0 13 2 3 0.395966
0 13 2 4 2.74372
0 13 2 5 3.52305
0 13 2 6 0.000834783
0 13 2 7 0.000116454
0 13 2 8 0.000113093
0 13 2 9 0.000834783
0 13 2 10 0.000116454
0 13 2 11 0.000113093
0 13 2 12 0.000834783
0 13 2 13 0.000116454
0 13 2 14 0.000113093
0 13 2 15 0.000834783
0 13 2 16 0.000116454
0 13 2 17 0.000113093
0 13 2 18 1.4854e-313
0 13 2 19 3.32506e-321
0 13 2 20 4.66562e-310
0 13 2 21 -2.66393e-289
0 13 2 22 0
0 13 2 23 0
0 13 2 24 0
0 13 2 25 0
0 13 2 26 1.23516e-322
0 13 2 27 -nan
0 13 2 28 0
0 13 2 29 0
0 13 2 30 0
0 13 2 31 0
0 13 2 32 0
0 13 2 33 -1
0 13 2 34 -1
0 13 2 35 -1
0 13 2 36 -1
0 13 2 37 -1
0 13 2 38 -1
0 13 2 39 -1
0 13 2 40 -1
0 13 2 41 -1
0 13 2 42 0
0 13 2 43 0
0 13 2 44 0
0 13 2 45 0
0 13 2 46 -1
0 13 2 47 -1
0 13 2 48 -1
0 13 2 49 -1
0 13 2 50 -1
0 13 2 51 -1
0 13 2 52 -1
0 13 2 53 -1
0 13 2 54 0
0 13 2 55 -nan
0 13 2 56 -nan
0 13 2 57 -nan
0 13 2 58 -nan
0 13 2 59 -nan
0 13 2 60 0
0 13 2 61 0
0 13 2 62 0
0 13 2 63 0
0 13 2 64 0
0 13 2 65 0
0 13 2 66 0
0 13 2 67 0
0 13 2 68 0
0 13 2 69 0
0 13 2 70 0
0 13 2 71 0
0 13 2 72 0
0 13 2 73 0
0 13 2 74 0
0 13 2 75 0
0 13 2 76 0
0 13 2 77 0
0 13 2 78 0
0 13 2 79 0
0 13 2 80 0
0 13 2 81 0
0 13 2 82 0
0 13 2 83 0
0 13 2 84 0
0 13 2 85 0
0 13 2 86 0
0 13 2 87 0
0 13 2 88 0
0 13 2 89 0
0 13 2 90 0
0 13 2 91 0
0 13 2 92 0
0 13 2 93 0
0 13 2 94 0
0 13 2 95 0
0 13 2 96 0
0 13 2 97 0
0 13 2 98 0
0 13 2 99 0
0 13 3 0 0.395966
0 13 3 1 2.74372
0 13 3 2 3.52305
0 13 3 3 0.000834783
0 13 3 4 0.000116454
0 13 3 5 0.000113093
0 13 3 6 0.000834783
0 13 3 7 0.000116454
0 13 3 8 0.000113093
0 13 3 9 0.000834783
0 13 3 10 0.000116454
0 13 3 11 0.000113093
0 13 3 12 0.000834783
0 13 3 13 0.000116454
0 13 3 14 0.000113093
0 13 3 15 1.4854e-313
0 13 3 16 3.32506e-321
0 13 3 17 4.66562e-310
0 13 3 18 -2.66393e-289
0 13 3 19 0
0 13 3 20 0
0 13 3 21 0
0 13 3 22 0
0 13 3 23 1.23516e-322
0 13 3 24 -nan
0 13 3 25 0
0 13 3 26 0
0 13 3 27 0
0 13 3 28 0
0 13 3 29 0
0 13 3 30 -1
0 13 3 31 -1
0 13 3 32 -1
0 13 3 33 -1
0 13 3 34 -1
0 13 3 35 -1
0 13 3 36 -1
0 13 3 37 -1
0 13 3 38 -1
0 13 3 39 0
0 13 3 40 0
0 13 3 41 0
0 13 3 42 0
0 13 3 43 -1
0 13 3 44 -1
0 13 3 45 -1
0 13 3 46 -1
0 13 3 47 -1
0 13 3 48 -1
0 13 3 49 -1
0 13 3 50 -1
0 13 3 51 0
0 13 3 52 -nan
0 13 3 53 -nan
0 13 3 54 -nan
0 13 3 55 -nan
0 13 3 56 -nan
0 13 3 57 0
0 13 3 58 0
0 13 3 59 0
0 13 3 60 0
0 13 3 61 0
0 13 3 62 0
0 13 3 63 0
0 13 3 64 0
0 13 3 65 0
0 13 3 66 0
0 13 3 67 0
0 13 3 68 0
0 13 3 69 0
0 13 3 70 0
0 13 3 71 0
0 13 3 72 0
0 13 3 73 0
0 13 3 74 0
0 13 3 75 0
0 13 3 76 0
0 13 3 77 0
0 13 3 78 0
0 13 3 79 0
0 13 3 80 0
0 13 3 81 0
0 13 3 82 0
0 13 3 83 0
0 13 3 84 0
0 13 3 85 0
0 13 3 86 0
0 13 3 87 0
0 13 3 88 0
0 13 3 89 0
0 13 3 90 0
0 13 3 91 0
0 13 3 92 0
0 13 3 93 0
0 13 3 94 0
0 13 3 95 0
0 13 3 96 0
0 13 3 97 0
0 13 3 98 0
0 13 3 99 0
0 14 0 0 0.000834783
0 14 0 1 0.000116454
0 14 0 2 0.000113093
0 14 0 3 0.000834783
0 14 0 4 0.000116454
0 14 0 5 0.000113093
0 14 0 6 0.000834783
0 14 0 7 0.000116454
0 14 0 8 0.000113093
0 14 0 9 0.000834783
0 14 0 10 0.000116454
0 14 0 11 0.000113093
0 14 0 12 1.4854e-313
0 14 0 13 3.32506e-321
0 14 0 14 4.66562e-310
0 14 0 15 -2.66393e-289
0 14 0 16 0
0 14 0 17 0
0 14 0 18 0
0 14 0 19 0
0 14 0 20 1.23516e-322
0 14 0 21 -nan
0 14 0 22 0
0 14 0 23 0
0 14 0 24 0
0 14 0 25 0
0 14 0 26 0
0 14 0 27 -1
0 14 0 28 -1
0 14 0 29 -1
0 14 0 30 -1
0 14 0 31 -1
0 14 0 32 -1
0 14 0 33 -1
0 14 0 34 -1
0 14 0 35 -1
0 14 0 36 0
0 14 0 37 0
0 14 0 38 0
0 14 0 39 0
0 14 0 40 -1
0 14 0 41 -1
0 14 0 42 -1
0 14 0 43 -1
0 14 0 44 -1
0 14 0 45 -1
0 14 0 46 -1
0 14 0 47 -1
0 14 0 48 0
0 14 0 49 -nan
0 14 0 50 -nan
0 14 0 51 -nan
0 14 0 52 -nan
0 14 0 53 -nan
0 14 0 54 0
0 14 0 55 0
0 14 0 56 0
0 14 0 57 0
0 14 0 58 0
0 14 0 59 0
0 14 0 60 0
0 14 0 61 0
0 14 0 62 0
0 14 0 63 0
0 14 0 64 0
0 14 0 65 0
0 14 0 66 0
0 14 0 67 0
0 14 0 68 0
0 14 0 69 0
0 14 0 70 0
0 14 0 71 0
0 14 0 72 0
0 14 0 73 0
0 14 0 74 0
0 14 0 75 0
0 14 0 76 0
0 14 0 77 0
0 14 0 78 0
0 14 0 79 0
0 14 0 80 0
0 14 0 81 0
0 14 0 82 0
0 14 0 83 0
0 14 0 84 0
0 14 0 85 0
0 14 0 86 0
0 14 0 87 0
0 14 0 88 0
0 14 0 89 0
0 14 0 90 0
0 14 0 91 0
0 14 0 92 0
0 14 0 93 0
0 14 0 94 0
0 14 0 95 0
0 14 0 96 0
0 14 0 97 7.16395e-322
0 14 0 98 6.91787e-310
0 14 0 99 4.66663e-310
0 14 1 0 0.000834783
0 14 1 1 0.000116454
0 14 1 2 0.000113093
0 14 1 3 0.000834783
0 14 1 4 0.000116454
0 14 1 5 0.000113093
0 14 1 6 0.000834783
0 14 1 7 0.000116454
0 14 1 8 0.000113093
0 14 1 9 1.4854e-313
0 14 1 10 3.32506e-321
0 14 1 11 4.66562e-310
0 14 1 12 -2.66393e-289
0 14 1 13 0
0 14 1 14 0
0 14 1 15 0
0 14 1 16 0
0 14 1 17 1.23516e-322
0 14 1 18 -nan
0 14 1 19 0
0 14 1 20 0
0 14 1 21 0
0 14 1 22 0
0 14 1 23 0
0 14 1 24 -1
0 14 1 25 -1
0 14 1 26 -1
0 14 1 27 -1
0 14 1 28 -1
0 14 1 29 -1
0 14 1 30 -1
0 14 1 31 -1
0 14 1 32 -1
0 14 1 33 0
0 14 1 34 0
0 14 1 35 0
0 14 1 36 0
0 14 1 37 -1
0 14 1 38 -1
0 14 1 39 -1
0 14 1 40 -1
0 14 1 41 -1
0 14 1 42 -1
0 14 1 43 -1
0 14 1 44 -1
0 14 1 45 0
0 14 1 46 -nan
0 14 1 47 -nan
0 14 1 48 -nan
0 14 1 49 -nan
0 14 1 50 -nan
0 14 1 51 0
0 14 1 52 0
0 14 1 53 0
0 14 1 54 0
0 14 1 55 0
0 14 1 56 0
0 14 1 57 0
0 14 1 58 0
0 14 1 59 0
0 14 1 60 0
0 14 1 61 0
0 14 1 62 0
0 14 1 63 0
0 14 1 64 0
0 14 1 65 0
0 14 1 66 0
0 14 1 67 0
0 14 1 68 0
0 14 1 69 0
0 14 1 70 0
0 14 1 71 0
0 14 1 72 0
0 14 1 73 0
0 14 1 74 0
0 14 1 75 0
0 14 1 76 0
0 14 1 77 0
0 14 1 78 0
0 14 1 79 0
0 14 1 80 0
0 14 1 81 0
0 14 1 82 0
0 14 1 83 0
0 14 1 84 0
0 14 1 85 0
0 14 1 86 0
0 14 1 87 0
0 14 1 88 0
0 14 1 89 0
0 14 1 90 0
0 14 1 91 0
0 14 1 92 0
0 14 1 93 0
0 14 1 94 7.16395e-322
0 14 1 95 6.91787e-310
0 14 1 96 4.66663e-310
0 14 1 97 0.5
0 14 1 98 5.58294e-322
0 14 1 99 4.66663e-310
0 14 2 0 0.000834783
0 14 2 1 0.000116454
0 14 2 2 0.000113093
0 14 2 3 0.000834783
0 14 2 4 0.000116454
0 14 2 5 0.000113093
0 14 2 6 1.4854e-313
0 14 2 7 3.32506e-321
0 14 2 8 4.66562e-310
0 14 2 9 -2.66393e-289
0 14 2 10 0
0 14 2 11 0
0 14 2 12 0
0 14 2 13 0
0 14 2 14 1.23516e-322
0 14 2 15 -nan
0 14 2 16 0
0 14 2 17 0
0 14 2 18 0
0 14 2 19 0
0 14 2 20 0
0 14 2 21 -1
0 14 2 22 -1
0 14 2 23 -1
0 14 2 24 -1
0 14 2 25 -1
0 14 2 26 -1
0 14 2 27 -1
0 14 2 28 -1
0 14 2 29 -1
0 14 2 30 0
0 14 2 31 0
0 14 2 32 0
0 14 2 33 0
0 14 2 34 -1
0 14 2 35 -1
0 14 2 36 -1
0 14 2 37 -1
0 14 2 38 -1
0 14 2 39 -1
0 14 2 40 -1
0 14 2 41 -1
0 14 2 42 0
0 14 2 43 -nan
0 14 2 44 -nan
0 14 2 45 -nan
0 14 2 46 -nan
0 14 2 47 -nan
0 14 2 48 0
0 14 2 49 0
0 14 2 50 0
0 14 2 51 0
0 14 2 52 0
0 14 2 53 0
0 14 2 54 0
0 14 2 55 0
0 14 2 56 0
0 14 2 57 0
0 14 2 58 0
0 14 2 59 0
0 14 2 60 0
0 14 2 61 0
0 14 2 62 0
0 14 2 63 0
0 14 2 64 0
0 14 2 65 0
0 14 2 66 0
0 14 2 67 0
0 14 2 68 0
0 14 2 69 0
0 14 2 70 0
0 14 2 71 0
0 14 2 72 0
0 14 2 73 0
0 14 2 74 0
0 14 2 75 0
0 14 2 76 0
0 14 2 77 0
0 14 2 78 0
0 14 2 79 0
0 14 2 80 0
0 14 2 81 0
0 14 2 82 0
0 14 2 83 0
0 14 2 84 0
0 14 2 85 0
0 14 2 86 0
0 14 2 87 0
0 14 2 88 0
0 14 2 89 0
0 14 2 90 0
0 14 2 91 7.16395e-322
0 14 2 92 6.91787e-310
0 14 2 93 4.66663e-310
0 14 2 94 0.5
0 14 2 95 5.58294e-322
0 14 2 96 4.66663e-310
0 14 2 97 6.91787e-310
0 14 2 98 0.5
0 14 2 99 4.00193e-322
0 14 3 0 0.000834783
0 14 3 1 0.000116454
0 14 3 2 0.000113093
0 14 3 3 1.4854e-313
0 14 3 4 3.32506e-321
0 14 3 5 4.66562e-310
0 14 3 6 -2.66393e-289
0 14 3 7 0
0 14 3 8 0
0 14 3 9 0
0 14 3 10 0
0 14 3 11 1.23516e-322
0 14 3 12 -nan
0 14 3 13 0
0 14 3 14 0
0 14 3 15 0
0 14 3 16 0
0 14 3 17 0
0 14 3 18 -1
0 14 3 19 -1
0 14 3 20 -1
0 14 3 21 -1
0 14 3 22 -1
0 14 3 23 -1
0 14 3 24 -1
0 14 3 25 -1
0 14 3 26 -1
0 14 3 27 0
0 14 3 28 0
0 14 3 29 0
0 14 3 30 0
0 14 3 31 -1
0 14 3 32 -1
0 14 3 33 -1
0 14 3 34 -1
0 14 3 35 -1
0 14 3 36 -1
0 14 3 37 -1
0 14 3 38 -1
0 14 3 39 0
0 14 3 40 -nan
0 14 3 41 -nan
0 14 3 42 -nan
0 14 3 43 -nan
0 14 3 44 -nan
0 14 3 45 0
0 14 3 46 0
0 14 3 47 0
0 14 3 48 0
0 14 3 49 0
0 14 3 50 0
0 14 3 51 0
0 14 3 52 0
0 14 3 53 0
0 14 3 54 0
0 14 3 55 0
0 14 3 56 0
0 14 3 57 0
0 14 3 58 0
0 14 3 59 0
0 14 3 60 0
0 14 3 61 0
0 14 3 62 0
0 14 3 63 0
0 14 3 64 0
0 14 3 65 0
0 14 3 66 0
0 14 3 67 0
0 14 3 68 0
0 14 3 69 0
0 14 3 70 0
0 14 3 71 0
0 14 3 72 0
0 14 3 73 0
0 14 3 74 0
0 14 3 75 0
0 14 3 76 0
0 14 3 77 0
0 14 3 78 0
0 14 3 79 0
0 14 3 80 0
0 14 3 81 0
0 14 3 82 0
0 14 3 83 0
0 14 3 84 0
0 14 3 85 0
0 14 3 86 0
0 14 3 87 0
0 14 3 88 7.16395e-322
0 14 3 89 6.91787e-310
0 14 3 90 4.66663e-310
0 14 3 91 0.5
0 14 3 92 5.58294e-322
0 14 3 93 4.66663e-310
0 14 3 94 6.91787e-310
0 14 3 95 0.5
0 14 3 96 4.00193e-322
0 14 3 97 4.66663e-310
0 14 3 98 6.91787e-310
0 14 3 99 0.5
