0 -22.8033 -43.1179 0.0382784
1 -22.7862 -43.162 9.96154
2 -22.7922 -43.1805 8.67949
3 -22.8088 -43.2584 12.3742
4 -22.7974 -43.1858 14.2698
5 -22.7991 -43.2063 13.4321
6 -22.7968 -43.1977 4.73205
7 -22.8193 -43.5379 254.849
8 -22.8099 -43.3096 26.4332
9 -22.8052 -43.1807 6.77747
10 -22.8107 -43.324 16.6478
11 -22.806 -43.1922 16.1317
12 -22.8138 -43.3661 40.3403
13 -22.8184 -43.2904 31.3956
14 -22.812 -43.1973 12.0674
15 -22.8164 -43.2993 15.2701
16 -22.815 -43.3412 5.01795
17 -22.8101 -43.1808 2.66337
18 -22.8186 -43.2771 35.1941
19 -22.8667 -43.4682 151.303
20 -22.8299 -43.1829 11.5659
21 -22.8343 -43.3229 69.8634
22 -22.8243 -43.4036 28.0767
23 -22.8216 -43.3383 9.40275
24 -22.8168 -43.1786 3.06667
25 -22.8244 -43.365 6.03608
26 -22.8294 -43.2927 43.5784
27 -22.8394 -43.2767 54.5357
28 -22.8214 -43.176 1.80018
29 -22.813 -43.1634 1.78205
30 -22.8313 -43.3509 30.8971
31 -22.8379 -43.3765 44.6696
32 -22.8329 -43.4014 13.5615
33 -22.8364 -43.3663 10.1916
34 -22.8297 -43.3162 6.41245
35 -22.8366 -43.3915 17.4302
36 -22.8403 -43.3328 11.1687
37 -22.8461 -43.356 15.3209
38 -22.8469 -43.2685 47.2733
39 -22.8433 -43.3111 15.1123
40 -22.8579 -43.243 24.4802
41 -22.8618 -43.4008 5.66996
42 -22.8661 -43.2176 2.62381
43 -22.8489 -43.345 28.9418
44 -22.8508 -43.2555 37.5749
45 -22.8796 -43.4284 118.642
46 -22.8529 -43.3062 9.47875
47 -22.8622 -43.3711 32.9258
48 -22.8558 -43.3169 15.4749
49 -22.9243 -43.6297 63.1421
50 -22.8665 -43.2972 9.36703
51 -22.8615 -43.2766 11.9901
52 -22.8586 -43.3286 8.46996
53 -22.8763 -43.4505 41.8901
54 -22.8673 -43.3601 35.7227
55 -22.8627 -43.3453 9.53901
56 -22.8666 -43.2529 30.3995
57 -22.8708 -43.2852 34.7311
58 -22.8672 -43.3061 13.4106
59 -22.875 -43.5277 27.8826
60 -22.8714 -43.3353 76.7399
61 -22.8708 -43.3473 28.2676
62 -22.9054 -43.7263 135.486
63 -22.8726 -43.4141 17.8308
64 -22.8851 -43.4855 45.3621
65 -22.8728 -43.3121 12.0879
66 -22.8771 -43.3831 1.81758
67 -22.8745 -43.2618 10.4551
68 -22.8789 -43.2466 8.88663
69 -22.8755 -43.3249 3.9456
70 -22.8807 -43.2938 25.7507
71 -22.8796 -43.2711 13.1604
72 -22.8903 -43.3081 36.3352
73 -22.8857 -43.3262 33.7916
74 -22.8893 -43.3642 25.5112
75 -22.883 -43.2631 7.87033
76 -22.8898 -43.32 24.0777
77 -22.8932 -43.3985 8.50842
78 -22.8844 -43.3476 7.69927
79 -22.8857 -43.2994 9.77418
80 -22.8968 -43.5424 19.8458
81 -22.907 -43.6117 60.0262
82 -22.8881 -43.2594 5.15147
83 -22.8907 -43.2734 28.2916
84 -22.8981 -43.3503 50.1806
85 -22.8915 -43.243 24.656
86 -22.9016 -43.2964 37.7595
87 -22.8984 -43.2183 37.3524
88 -22.8918 -43.2255 8.36886
89 -22.9131 -43.6021 39.8734
90 -22.8946 -43.2836 12.2804
91 -22.8932 -43.2566 7.37711
92 -22.8965 -43.3051 12.1071
93 -22.8982 -43.249 7.77784
94 -22.9013 -43.2793 46.5505
95 -22.8978 -43.1925 11.511
96 -22.9008 -43.2047 12.7231
97 -22.9054 -43.1798 187.219
98 -22.9012 -43.2616 5.22692
99 -22.9013 -43.2559 9.52454
100 -22.8972 -43.1844 4.53736
101 -22.9022 -43.2434 5.03773
102 -22.9063 -43.2673 23.8623
103 -22.9041 -43.2379 8.39359
104 -22.9168 -43.3688 35.5938
105 -22.927 -43.3846 104.202
106 -22.9076 -43.3091 3.91007
107 -22.9118 -43.2885 15.3352
108 -22.9377 -43.3353 44.7247
109 -22.9096 -43.2054 13.4269
110 -22.9116 -43.2136 13.5588
111 -22.916 -43.2493 47.3244
112 -22.9141 -43.2271 15.404
113 -22.9182 -43.175 12.6595
114 -22.9271 -43.2015 25.4951
115 -22.9207 -43.1881 22.4097
116 -22.9173 -43.2045 13.7733
117 -22.9306 -43.2405 87.9799
118 -22.9199 -43.1971 9.91758
119 -22.9242 -43.2619 19.0366
120 -22.9313 -43.3572 24.2668
121 -22.9278 -43.2521 21.731
122 -22.9273 -43.18 25.5119
123 -22.9344 -43.1756 29.3908
124 -22.937 -43.1833 22.7678
125 -22.9763 -43.6478 100.585
126 -22.9795 -43.4809 15.9181
127 -22.974 -43.2838 10.2064
128 -22.9401 -43.1975 3.56007
129 -22.9501 -43.3853 38.1703
130 -22.9509 -43.1858 56.1793
131 -22.939 -43.1528 4.07839
132 -22.9476 -43.3641 22.606
133 -22.971 -43.7039 50.9399
134 -22.9553 -43.339 20.3185
135 -22.9627 -43.4075 81.3694
136 -22.9817 -43.4134 3.69615
137 -22.9559 -43.1992 9.90073
138 -22.9582 -43.3504 15.6451
139 -22.966 -43.2251 12.2059
140 -22.9779 -43.4636 20.9727
141 -22.9734 -43.1898 126.836
142 -22.9623 -43.1672 10.5273
143 -22.9702 -43.2196 9.47418
144 -22.9934 -43.3014 18.8458
145 -22.9792 -43.23 10.4359
146 -22.9972 -43.3983 81.0777
147 -22.983 -43.2236 25.4566
148 -22.9838 -43.2064 30.9145
149 -22.9965 -43.265 8.65458
150 -22.989 -43.2486 4.03901
151 -22.9977 -43.6316 11.4289
152 -23.0134 -43.4602 67.2284
153 -22.9948 -43.2377 6.76044
154 -23.0123 -43.2896 0.535165
155 -23.0206 -43.5436 5.03388
156 -23.0634 -43.5103 0.344322
157 -22.883 -43.2235 15.1868
158 -22.8516 -43.3815 13.7767
159 -22.8344 -43.4698 0.804212
