0 -22.8344 -43.3521 6.07051
1 -23.0248 -43.5578 0.478205
2 -22.9913 -43.5961 2.48956
3 -22.9823 -43.4228 0.344505
4 -23.0035 -43.3306 3.50311
5 -22.8105 -43.1899 11.2989
6 -22.8801 -43.6258 1.56923
7 -22.9295 -43.6651 0.383333
8 -22.9281 -43.2013 5.22967
9 -22.8137 -43.214 0.555311
10 -22.7887 -43.1001 0
11 -22.8878 -43.2201 3.79103
12 -22.9541 -43.647 0.229853
13 -22.8153 -43.372 3.38974
14 -22.8895 -43.5553 1.05385
15 -22.8468 -43.2896 7.75678
16 -22.8368 -43.3207 7.79103
17 -22.8845 -43.5187 1.3011
18 -23.0469 -43.5989 0
19 -22.9503 -43.2859 0
20 -23.0207 -43.4532 1.62674
21 -22.9225 -43.7218 0
22 -22.9815 -43.207 2.83315
23 -22.9041 -43.5389 5.46319
24 -22.8532 -43.2333 0
25 -22.8883 -43.7202 0.364103
26 -22.9427 -43.6628 1.09139
27 -22.9366 -43.6671 4.76941
28 -22.8897 -43.4383 10.459
29 -22.9309 -43.605 0
30 -22.996 -43.3663 1.43645
31 -22.9151 -43.2784 1.56978
32 -22.8865 -43.6724 4.21374
33 -22.9113 -43.6907 5.13297
34 -22.9853 -43.6317 0.248901
35 -22.9381 -43.4241 0
36 -23.0646 -43.5084 0
37 -22.968 -43.4162 0.497802
38 -23.0532 -43.5082 0.0190476
39 -22.8638 -43.3578 9.80495
40 -22.9366 -43.3639 4.67161
41 -22.999 -43.4231 0.363553
42 -23.0588 -43.149 0
43 -22.8018 -43.2399 0
44 -22.9429 -43.2058 1.18553
45 -22.9264 -43.6074 0.670147
46 -22.8909 -43.2907 5.34414
47 -22.9171 -43.6856 11.9244
48 -23.0449 -43.5343 0.0575092
49 -22.9556 -43.7026 0.210806
50 -22.887 -43.4198 8.96172
51 -22.9708 -43.7062 3.39176
52 -23.0615 -43.1445 0
53 -22.9275 -43.3488 5.11245
54 -22.794 -43.1554 0
55 -23.0164 -43.4231 0.133883
56 -22.9098 -43.5121 0.153846
57 -22.9858 -43.1851 0
58 -22.994 -43.3631 1.49542
59 -22.98 -43.3634 1.34139
60 -23.014 -43.6042 0
61 -23.0077 -43.3075 6.08498
62 -22.9721 -43.3583 0.440842
63 -22.89 -43.6438 0.345238
64 -23.0094 -43.4303 1.70531
65 -22.8124 -43.3018 5.84341
66 -22.8021 -43.2457 0
67 -22.9031 -43.6353 0
68 -22.9395 -43.5146 0
69 -22.9886 -43.6309 0.325824
70 -22.9689 -43.424 0.0763736
71 -23.0523 -43.5867 0
72 -22.8626 -43.5671 0.345055
73 -23.0039 -43.3956 0.440293
74 -22.8354 -43.5119 0.0190476
75 -22.8467 -43.5253 1.32051
76 -22.8822 -43.4855 7.87326
77 -22.9719 -43.4014 1.14982
78 -22.9717 -43.631 0.287179
79 -22.9166 -43.4759 0
80 -22.9396 -43.4856 0
81 -22.866 -43.4175 3.54304
82 -22.9169 -43.3404 0.363736
83 -22.9277 -43.6235 0.363187
84 -22.9701 -43.4464 0
85 -22.9008 -43.7577 0
86 -22.9519 -43.3696 3.60256
87 -22.9043 -43.5923 9.787
88 -22.8328 -43.2925 12.0495
89 -22.8242 -43.3834 1.12967
90 -22.9641 -43.5569 0
91 -22.8238 -43.4863 0
92 -22.8951 -43.2023 0.191758
93 -22.9137 -43.2054 13.1397
94 -22.8909 -43.7449 0
95 -22.8799 -43.6148 3.81484
96 -22.9697 -43.7135 0
97 -23.0409 -43.6418 0
98 -22.8181 -43.1923 2.50788
99 -22.9687 -43.482 0.594322
100 -23.031 -43.5298 0
101 -22.7529 -43.1065 0
102 -23.0164 -43.295 0
103 -22.8055 -43.2027 4.40751
104 -22.9476 -43.5724 1.12967
105 -22.9786 -43.531 0.0190476
106 -22.9528 -43.2739 0
107 -22.9568 -43.197 12.8319
108 -22.8994 -43.3892 0.191209
109 -22.8618 -43.6272 0
110 -22.9059 -43.6549 2.22125
111 -22.984 -43.5498 0.708791
112 -22.9083 -43.6192 3.21575
113 -22.9385 -43.2244 0
114 -22.9962 -43.2652 3.04231
115 -22.9149 -43.2575 8.42711
116 -22.8322 -43.3377 3.33297
117 -23.0309 -43.5808 0
118 -22.8624 -43.5081 0.651648
119 -23.0384 -43.6527 0
120 -22.9923 -43.4973 1.34048
121 -22.8719 -43.4645 12.0738
122 -23.0016 -43.5901 0
123 -22.8137 -43.3105 8.56136
124 -22.8943 -43.3186 6.37839
125 -23.0142 -43.5125 0.307143
126 -23.066 -43.5673 0.573993
127 -22.8002 -43.169 0
128 -22.9213 -43.7648 0
129 -22.9119 -43.3194 0
130 -22.9921 -43.3011 1.3022
131 -23.0299 -43.2778 0
132 -22.9704 -43.4361 0.517216
133 -22.9492 -43.1515 0
134 -22.8935 -43.1876 0
135 -22.9243 -43.4791 0
136 -22.9935 -43.2372 3.44817
137 -22.9946 -43.5059 1.22619
138 -22.9151 -43.3461 0.325824
139 -23.0058 -43.4014 0.0190476
140 -22.8694 -43.5516 2.35714
141 -22.868 -43.2098 0
142 -22.9127 -43.6685 2.24176
143 -22.9812 -43.3397 0
144 -22.8957 -43.7789 0
145 -22.9166 -43.7373 0
146 -22.9433 -43.7236 0.248901
147 -22.9269 -43.3934 4.1
148 -23.0591 -43.5614 0.1337
149 -23.0034 -43.3211 2.97106
150 -22.9099 -43.4018 0.0765568
151 -22.9709 -43.4744 0.0192308
152 -22.8283 -43.1695 0.0959707
153 -22.9536 -43.1761 9.32747
154 -22.9478 -43.1624 0.210806
155 -22.8974 -43.399 0.191758
156 -22.9635 -43.3992 5.16941
157 -22.9004 -43.4376 0
158 -22.9268 -43.1955 3.6967
159 -22.912 -43.5428 5.74652
160 -23.0433 -43.608 0
161 -22.9975 -43.2842 0
162 -22.9398 -43.4011 0.498535
163 -22.9113 -43.5955 3.17894
164 -22.7835 -43.1357 0
165 -22.9937 -43.3085 2.75733
166 -22.8853 -43.6638 1.32161
167 -22.8324 -43.4923 0
168 -22.7805 -43.1082 0
169 -22.8965 -43.6073 1.28388
170 -23.0357 -43.6048 0
171 -22.9361 -43.2633 0
172 -22.9105 -43.5342 5.63333
173 -22.7845 -43.226 0
174 -22.9625 -43.1911 8.5619
175 -22.8758 -43.4933 4.94359
176 -22.8428 -43.3144 6.03242
177 -22.9401 -43.3228 0.191575
178 -22.9226 -43.2084 13.4859
179 -22.8843 -43.4536 4.34689
180 -22.9689 -43.5635 0
181 -22.8175 -43.2876 3.54432
182 -22.9317 -43.4446 0
183 -22.9607 -43.4872 0.153663
184 -22.8252 -43.1804 0.134066
185 -22.9744 -43.4587 0
186 -22.8807 -43.4258 11.4491
187 -22.9853 -43.5035 1.41557
188 -22.8756 -43.4411 5.97546
189 -22.9294 -43.2093 3.38938
190 -22.8825 -43.7084 0.0767399
191 -22.9367 -43.3994 3.12106
192 -22.8187 -43.2437 0.325275
193 -23 -43.3365 1.16868
194 -22.9703 -43.6058 1.66538
195 -22.8973 -43.7277 0.30641
196 -22.9028 -43.1753 17.389
197 -22.9002 -43.5123 0
198 -23.0226 -43.511 0.153114
199 -23.0479 -43.5202 0.15293
200 -22.922 -43.1696 0
201 -22.8915 -43.6043 8.29121
202 -22.9706 -43.471 0
203 -22.9009 -43.3699 0
204 -22.9032 -43.5867 1.87711
205 -22.973 -43.3219 0
206 -22.9887 -43.2792 0
207 -22.8526 -43.4842 3.31355
208 -22.8436 -43.4188 0.0190476
209 -22.981 -43.4605 0.841575
210 -22.9565 -43.5352 0.0192308
211 -23.0076 -43.6102 0
212 -22.8748 -43.7134 0
213 -22.956 -43.606 8.00641
214 -22.9453 -43.68 2.27857
215 -22.9138 -43.1645 0.343956
216 -22.9047 -43.5495 7.24341
217 -22.9214 -43.4151 0.172344
218 -22.8828 -43.3378 13.0062
219 -22.9518 -43.1993 0.172344
220 -22.8749 -43.2843 9.6163
221 -23.0212 -43.4999 0.382967
222 -22.8035 -43.341 0.594689
223 -22.8919 -43.3503 5.6685
224 -22.98 -43.2954 0.708425
225 -22.8421 -43.4079 4.65311
226 -22.9024 -43.5238 0
227 -22.9109 -43.5209 1.53187
228 -22.9357 -43.4579 0
229 -22.9188 -43.3005 0.401832
230 -22.9731 -43.217 0.497436
231 -22.9818 -43.3937 0
232 -23.0301 -43.2781 0
233 -23.0088 -43.4209 0.363919
234 -22.8569 -43.2593 14.5178
235 -22.9067 -43.7161 1.26392
236 -22.8515 -43.4968 0.057326
237 -23.0095 -43.5352 0.459707
238 -22.9177 -43.4319 0.785531
239 -22.9612 -43.5391 0.0765568
240 -22.8273 -43.5075 0
241 -22.939 -43.1528 0
242 -23.0036 -43.3096 0.134615
243 -22.9623 -43.3373 4.86447
244 -22.9392 -43.3793 8.31209
245 -22.9037 -43.3814 0.191575
246 -22.9327 -43.3334 3.13956
247 -22.8904 -43.393 2.04982
248 -22.8265 -43.2998 9.11593
249 -22.951 -43.4644 0
250 -22.8752 -43.3389 29.6973
251 -22.9208 -43.7418 0
252 -22.8893 -43.2387 9.5381
253 -22.8313 -43.5352 0
254 -22.83 -43.1827 0
255 -22.932 -43.4824 0
256 -22.9263 -43.3426 1.72271
257 -23.0741 -43.1979 0
258 -22.9301 -43.7251 0
259 -22.9007 -43.2603 8.00769
260 -22.7541 -43.1176 0
261 -22.9701 -43.5045 0.0190476
262 -22.9859 -43.2193 3.79139
263 -22.885 -43.5576 5.17198
264 -22.9164 -43.5282 4.32692
265 -22.9587 -43.4916 0
266 -22.999 -43.4472 0.0961538
267 -22.9156 -43.793 0
268 -22.8483 -43.4027 0.536996
269 -22.8068 -43.2102 4.17894
270 -23.0335 -43.3057 0
271 -22.914 -43.7297 0
272 -22.8433 -43.4423 0
273 -22.9154 -43.7684 0
274 -22.9608 -43.4194 0
275 -22.9101 -43.6806 3.44725
276 -22.8376 -43.1744 0
277 -23.0132 -43.3017 2.23919
278 -22.8598 -43.232 0.690293
279 -22.9921 -43.3956 0.0190476
280 -22.9686 -43.3855 1.24505
281 -22.9298 -43.5601 4.30733
282 -22.8598 -43.4133 0
283 -22.9584 -43.1841 7.49267
284 -22.9583 -43.4068 0.172527
285 -23.0084 -43.2903 0.15293
286 -22.9264 -43.5105 0
287 -22.9262 -43.6991 3.2359
288 -22.9787 -43.4999 0.708059
289 -22.8963 -43.5367 4.02271
290 -22.9331 -43.6519 0.747253
291 -22.8742 -43.6311 2.67839
292 -23.0115 -43.3861 1.07381
293 -22.8665 -43.3751 3.98571
294 -22.8124 -43.2367 0.0190476
295 -22.9538 -43.6429 0.0382784
296 -22.8997 -43.6503 0.421612
297 -22.934 -43.7024 2.3174
298 -22.9473 -43.4889 0
299 -23.0174 -43.5683 0
300 -22.9048 -43.3435 0.554029
301 -22.8965 -43.181 7.32179
302 -22.9344 -43.2583 1.26319
303 -22.8515 -43.5296 1.64652
304 -22.9361 -43.6285 0
305 -23.0099 -43.4603 0.708791
306 -23.0248 -43.4549 0.0192308
307 -22.8582 -43.4401 0.306227
308 -22.9704 -43.3784 0
309 -22.8624 -43.6192 0
310 -22.9113 -43.1869 45.5672
311 -23.0408 -43.66 0
312 -23.0024 -43.573 0.0769231
313 -22.9245 -43.1748 24.5134
314 -23.0458 -43.5743 0
315 -22.8042 -43.1935 7.67985
316 -22.9757 -43.3344 3.08168
317 -22.8458 -43.3322 5.28498
318 -22.9205 -43.1977 6.18443
319 -22.928 -43.4546 0
320 -22.7678 -43.112 0.0190476
321 -22.9638 -43.3181 0
322 -23.015 -43.4139 0.267582
323 -22.9195 -43.5473 3.83205
324 -22.8916 -43.3001 8.27546
325 -22.8629 -43.6034 0.478571
326 -22.984 -43.3713 0
327 -22.8777 -43.5555 1.76172
328 -22.9169 -43.5863 0.134066
329 -22.8642 -43.6788 0
330 -22.8996 -43.5545 10.6791
331 -22.9477 -43.7266 0
332 -22.8626 -43.5461 1.01447
333 -22.8383 -43.3802 8.00385
334 -22.9841 -43.6269 0.210073
335 -22.9282 -43.4341 0.0192308
336 -22.9009 -43.761 0
337 -22.9308 -43.3705 10.9559
338 -22.9737 -43.5464 0.229487
339 -22.8254 -43.3415 6.22326
340 -22.8179 -43.3905 2.98571
341 -22.8879 -43.3246 10.88
342 -22.8217 -43.5139 0
343 -22.8278 -43.3616 0.996154
344 -22.871 -43.6458 0.0957875
345 -22.8111 -43.3416 0.99652
346 -22.9016 -43.5718 4.2707
347 -22.9057 -43.7561 0
348 -22.8834 -43.2139 0
349 -22.9467 -43.7407 0
350 -22.8947 -43.6537 0.632784
351 -22.8309 -43.2409 0.689194
352 -23.0096 -43.3349 0.976374
353 -22.9004 -43.7052 0.210623
354 -22.9499 -43.1917 4.7685
355 -22.8778 -43.3551 7.45055
356 -22.9909 -43.5292 0.0382784
357 -22.8732 -43.4748 6.49341
358 -22.8798 -43.5239 3.02674
359 -22.8658 -43.6874 0
360 -23.0042 -43.4815 0.51685
361 -23.0065 -43.6272 0
362 -22.9618 -43.1649 0.402198
363 -22.9019 -43.3626 3.29469
364 -22.9263 -43.2458 11.0141
365 -22.8864 -43.6168 1.51374
366 -23.0436 -43.5359 0
367 -22.9475 -43.6512 0.440476
368 -22.9114 -43.4184 0.191392
369 -22.9741 -43.2462 0
370 -22.9889 -43.3796 0.0769231
371 -22.8642 -43.462 6.18864
372 -22.8831 -43.7468 0.0384615
373 -22.9176 -43.5372 4.40604
374 -22.8929 -43.3599 7.98718
375 -22.9735 -43.1841 0
376 -22.9249 -43.5329 2.22179
377 -22.9876 -43.1884 0
378 -22.9543 -43.3357 6.55092
379 -22.9094 -43.5781 4.94158
380 -22.9741 -43.2373 0.708791
381 -22.8154 -43.339 2.43242
382 -22.9205 -43.5586 3.90769
383 -22.8422 -43.3557 7.41245
384 -22.9021 -43.2695 9.00018
385 -22.9842 -43.413 0.688645
386 -22.9563 -43.3137 0
387 -22.8556 -43.25 11.5473
388 -22.9575 -43.5749 1.05256
389 -23.0256 -43.6032 0
390 -22.9414 -43.2951 0
391 -23.0373 -43.3163 0
392 -22.9464 -43.2799 0
393 -22.9713 -43.6107 1.51447
394 -22.9175 -43.3824 5.80495
395 -22.9739 -43.3769 1.87601
396 -22.9887 -43.3298 0.210256
397 -22.9381 -43.1727 8.57784
398 -22.9662 -43.7097 0.612637
399 -22.862 -43.244 9.51996
400 -22.9674 -43.239 2.16429
401 -22.9559 -43.2659 1.37766
402 -22.8291 -43.317 8.80952
403 -22.9807 -43.5159 0.0190476
404 -22.9705 -43.1902 4.28956
405 -22.8605 -43.2214 0
406 -22.8672 -43.5841 0.747253
407 -22.9251 -43.1819 7.75696
408 -22.8744 -43.5179 3.94377
409 -23.0074 -43.4088 0.0765568
410 -22.9073 -43.5092 0.0959707
411 -22.9654 -43.2619 0
412 -22.9713 -43.2857 0.881685
413 -22.8599 -43.3854 0.345421
414 -22.9825 -43.6194 0.1337
415 -23.0398 -43.2087 0
416 -22.9727 -43.413 3.52253
417 -22.8462 -43.5846 0
418 -22.9394 -43.4334 0
419 -23.0202 -43.5441 0.306044
420 -22.9831 -43.6449 2.0685
421 -22.906 -43.7049 2.73938
422 -22.979 -43.4521 0.0956044
423 -23.0264 -43.2016 0
424 -22.8066 -43.3594 8.41044
425 -22.8365 -43.2717 8.23864
426 -23.0667 -43.1929 0
427 -22.9616 -43.6597 0
428 -22.8685 -43.5461 0.344689
429 -23.0308 -43.5822 0
430 -22.9248 -43.6348 5.20879
431 -22.9307 -43.4439 0
432 -22.9235 -43.6266 5.65275
433 -22.803 -43.3556 0
434 -22.9565 -43.5851 0.479853
435 -22.8912 -43.6999 0.0192308
436 -22.8902 -43.7485 0.172161
437 -22.9713 -43.5154 0
438 -23.0027 -43.6409 0.803663
439 -22.9655 -43.1491 0
440 -22.8256 -43.2888 7.60641
441 -23.0394 -43.5803 0
442 -22.8587 -43.4797 1.72619
443 -23.0153 -43.6135 0
444 -22.8718 -43.5701 0.939927
445 -22.8072 -43.1565 0
446 -22.9454 -43.241 0
447 -22.832 -43.3873 3.27619
448 -22.8976 -43.5451 6.05366
449 -22.8863 -43.2631 5.47692
450 -22.9229 -43.2674 1.01447
451 -22.9363 -43.1942 3.88993
452 -22.8606 -43.5749 0.191209
453 -22.8635 -43.3088 6.43956
454 -22.9747 -43.6852 2.45183
455 -22.8744 -43.5794 3.35348
456 -22.8248 -43.255 0
457 -22.909 -43.4726 0
458 -22.9133 -43.6048 5.91575
459 -23.0076 -43.4531 0.843223
460 -22.9283 -43.5827 0.0954212
461 -23.0297 -43.1922 0
462 -22.8545 -43.3986 0.594689
463 -22.8706 -43.2566 9.22949
464 -22.9998 -43.3052 0.498352
465 -22.892 -43.5207 1.16868
466 -22.9095 -43.3736 3.3152
467 -22.8921 -43.382 0.134249
468 -23.0703 -43.5526 0
469 -22.859 -43.2085 0
470 -22.9032 -43.4106 0
471 -22.8445 -43.3239 8.79048
472 -22.9128 -43.158 0
473 -22.8979 -43.4715 0
474 -23.0079 -43.5217 1.97271
475 -22.9611 -43.4339 0
476 -23.0292 -43.6105 0
477 -22.8786 -43.5661 3.17766
478 -22.9346 -43.5009 0
479 -23.0049 -43.538 0.994689
480 -22.8395 -43.3403 3.77436
481 -22.8725 -43.316 6.24451
482 -22.9681 -43.6903 2.79799
483 -23.0091 -43.4825 0.439927
484 -22.9266 -43.6034 0.785714
485 -22.9772 -43.3248 4.19249
486 -23.0487 -43.5261 0
487 -23.0364 -43.4719 0
488 -23.0124 -43.5664 0
489 -22.9404 -43.1516 0
490 -22.9056 -43.5997 4.9989
491 -22.9974 -43.6486 1.41758
492 -22.8383 -43.5045 0.229121
493 -22.8633 -43.2533 12.9504
494 -22.9416 -43.3434 7.91099
495 -22.9605 -43.4214 0.0192308
496 -22.8685 -43.6108 0.0192308
497 -22.9394 -43.1842 10.0604
498 -22.8725 -43.2106 1.26264
499 -22.946 -43.4796 0
500 -22.8298 -43.4187 1.55366
501 -22.8989 -43.6275 0
502 -22.8543 -43.2425 2.70092
503 -22.8526 -43.4313 0.15348
504 -23.0433 -43.555 0.611722
505 -23.0528 -43.5376 0
506 -22.7901 -43.165 0.59359
507 -22.9319 -43.1781 25.8513
508 -22.9135 -43.2483 12.2555
509 -23.0376 -43.3062 0
510 -22.8892 -43.3337 3.69963
511 -22.8772 -43.2493 4.17582
512 -23.0043 -43.5653 0.0192308
513 -22.944 -43.3256 0.0190476
514 -22.7941 -43.1972 0
515 -22.806 -43.2542 0.0765568
516 -22.8678 -43.2382 2.05037
517 -22.8023 -43.316 0.114835
518 -22.9391 -43.7376 0
519 -22.9282 -43.2194 0.191392
520 -22.9986 -43.5895 1.57125
521 -22.8727 -43.2657 6.08938
522 -22.8126 -43.1966 4.50165
523 -22.9535 -43.4307 0
524 -22.8426 -43.5722 0
525 -22.8466 -43.4883 1.45604
526 -23.0521 -43.5683 0
527 -22.9934 -43.4782 0
528 -22.9052 -43.1647 0
529 -22.8281 -43.3807 4.15824
530 -22.9336 -43.1853 8.90275
531 -22.9068 -43.3562 6.12747
532 -22.9788 -43.3414 0
533 -22.9535 -43.3764 7.25788
534 -22.8816 -43.5391 2.25897
535 -22.957 -43.3532 8.67436
536 -22.8355 -43.311 6.0707
537 -22.9108 -43.389 3.94615
538 -22.9713 -43.207 2.08755
539 -22.9259 -43.6469 2.54799
540 -22.9755 -43.584 1.45696
541 -22.9585 -43.7055 0.0192308
542 -22.8771 -43.5024 3.21978
543 -22.8063 -43.1232 0
544 -22.8243 -43.2815 5.23168
545 -22.9284 -43.5341 0.114835
546 -22.9249 -43.5425 1.70403
547 -22.8888 -43.2278 7.98736
548 -23.0247 -43.485 2.08608
549 -23.0275 -43.4966 0.708059
550 -22.9486 -43.6331 0.0763736
551 -22.9269 -43.4976 0
552 -22.9204 -43.4514 0
553 -22.9151 -43.3622 11.2249
554 -22.9451 -43.2706 0
555 -22.9097 -43.7338 0
556 -22.9139 -43.7503 0
557 -22.9146 -43.3099 0
558 -22.9642 -43.6087 6.6837
559 -22.9401 -43.2859 0
560 -22.9361 -43.2123 0.479121
561 -22.9961 -43.2411 1.49414
562 -22.9795 -43.2592 0
563 -22.936 -43.2336 0.267949
564 -22.94 -43.3885 2.98901
565 -22.823 -43.323 7.5456
566 -22.9589 -43.5199 0
567 -22.9182 -43.286 0.267949
568 -22.8791 -43.3643 4.44414
569 -22.8467 -43.3827 1.80092
570 -22.8571 -43.3116 4.1
571 -22.9243 -43.4232 0.785348
572 -22.9315 -43.2277 2.95055
573 -22.8861 -43.3154 9.38571
574 -23.0085 -43.5468 0.115201
575 -22.899 -43.2511 6.30165
576 -22.8086 -43.2612 0
577 -22.8741 -43.3796 0.0769231
578 -22.9504 -43.3607 8.50806
579 -22.7691 -43.1168 0
580 -23.0048 -43.2803 0.172527
581 -23.0369 -43.6461 0
582 -22.8294 -43.4834 0
583 -22.9313 -43.6308 2.33535
584 -22.8988 -43.199 5.86007
585 -22.9162 -43.7801 0
586 -22.9499 -43.5074 0
587 -22.9077 -43.2121 5.59414
588 -22.9135 -43.7093 0
589 -22.9582 -43.6152 1.3033
590 -22.9271 -43.5521 1.66685
591 -22.885 -43.2514 4.70989
592 -22.8705 -43.4991 1.30183
593 -22.9582 -43.7196 0
594 -22.9814 -43.2895 0
595 -22.8875 -43.6104 4.30916
596 -22.806 -43.3514 1.72399
597 -22.8993 -43.3012 10.0178
598 -22.802 -43.1108 0
599 -22.9439 -43.6179 0
600 -23.0058 -43.4898 0.421612
601 -22.928 -43.5883 0
602 -22.9845 -43.4313 0.0192308
603 -22.9102 -43.1776 26.626
604 -22.8874 -43.5001 0.0769231
605 -22.8855 -43.3568 9.46081
606 -22.8889 -43.3862 0.977656
607 -22.9322 -43.3271 1.89707
608 -22.8467 -43.3421 8.27381
609 -22.9127 -43.4481 0
610 -22.9856 -43.2009 15.2978
611 -22.8315 -43.2833 8.88791
612 -23.059 -43.5422 0.0384615
613 -22.8153 -43.2246 3.10238
614 -22.8813 -43.5921 2.41465
615 -23.0036 -43.4272 1.01538
616 -22.9647 -43.7199 0
617 -22.9795 -43.5634 0
618 -22.9011 -43.613 1.22619
619 -22.9445 -43.4181 0
620 -22.9055 -43.256 4.94359
621 -22.9125 -43.2389 10.9165
622 -22.97 -43.5876 1.62802
623 -22.9521 -43.4214 0
624 -22.8084 -43.3686 6.41575
625 -22.8543 -43.3454 5.90147
626 -23.0506 -43.6397 0
627 -22.8635 -43.6098 0
628 -23.0389 -43.4992 0.0575092
629 -22.9946 -43.5177 0
630 -22.8886 -43.4798 7.25788
631 -23.0719 -43.5669 0.0575092
632 -22.8521 -43.3268 7.26172
633 -22.9696 -43.6984 3.52289
634 -22.9359 -43.5101 0
635 -22.8449 -43.428 0
636 -22.8693 -43.4471 7.58773
637 -22.9352 -43.6564 3.42784
638 -22.9154 -43.2146 15.4026
639 -22.9159 -43.5028 0.192125
640 -22.987 -43.3592 0.23022
641 -22.8923 -43.6192 0.727656
642 -23.0126 -43.562 0
643 -22.9592 -43.5873 1.11044
644 -22.9168 -43.2238 9.25549
645 -22.991 -43.5823 0
646 -22.9718 -43.2559 0.0190476
647 -23.0334 -43.2993 0
648 -22.9215 -43.5146 0.440659
649 -22.985 -43.5104 0
650 -23.0126 -43.541 2.96758
651 -22.9508 -43.4122 0
652 -22.8155 -43.3951 0.0956044
653 -23.0326 -43.6182 0
654 -22.9512 -43.5167 0
655 -22.9383 -43.4764 0
656 -22.9772 -43.5073 0
657 -22.8529 -43.5881 0
658 -23.0002 -43.4661 0
659 -22.894 -43.7693 0
660 -23.0016 -43.5084 0.59304
661 -22.931 -43.5756 4.00018
662 -22.8614 -43.6146 0
663 -22.9255 -43.3838 5.63095
664 -23.0042 -43.3827 2.95238
665 -22.8416 -43.4917 0.306227
666 -22.9465 -43.4002 0
667 -22.8982 -43.3468 8.60275
668 -22.9819 -43.3074 0.0192308
669 -22.9391 -43.7656 0
670 -22.9091 -43.2206 8.54121
671 -22.9665 -43.2201 6.14744
672 -22.9548 -43.4399 0
673 -22.9443 -43.6045 0.287363
674 -22.9343 -43.5197 0
675 -22.9845 -43.2101 7.80769
676 -22.9307 -43.4389 0.517399
677 -22.9808 -43.1973 3.84799
678 -22.8813 -43.6882 0.0384615
679 -23.0216 -43.1828 0
680 -22.9556 -43.2486 0
681 -22.8615 -43.4259 1.01484
682 -22.8813 -43.3734 3.46795
683 -22.8106 -43.2954 1.39853
684 -22.8039 -43.2726 0
685 -22.8707 -43.4062 0.210989
686 -22.8409 -43.232 0.555678
687 -22.8513 -43.422 0
688 -22.8104 -43.3747 0.957326
689 -22.8381 -43.3295 5.53516
690 -22.9657 -43.6173 2.22033
691 -22.9221 -43.2609 10.7407
692 -22.8597 -43.6052 0
693 -22.9041 -43.2378 4.21392
694 -22.9923 -43.347 0
695 -22.8565 -43.4587 2.79634
696 -22.8757 -43.7298 0
697 -22.8831 -43.3899 1.14963
698 -22.9622 -43.3199 0.115201
699 -22.8966 -43.4992 0.191941
700 -22.9104 -43.7197 0
701 -23.0017 -43.5828 0.0956044
702 -22.7889 -43.1704 1.30147
703 -23.0302 -43.473 3.88626
704 -23.0023 -43.521 0
705 -22.9585 -43.2065 1.6293
706 -23.0694 -43.1909 0
707 -22.8428 -43.5538 0.114835
708 -22.8688 -43.6525 0.0384615
709 -22.9407 -43.7602 0
710 -22.8717 -43.4133 7.28114
711 -22.9847 -43.6005 0.0384615
712 -22.9052 -43.4971 0
713 -23.0392 -43.656 0
714 -22.8843 -43.1766 0
715 -22.8366 -43.5816 0
716 -22.8666 -43.2812 6.22692
717 -22.8162 -43.3258 1.57125
718 -22.9306 -43.589 0.0192308
719 -22.8009 -43.1082 0
720 -22.9194 -43.2417 11.761
721 -22.9387 -43.3717 10.231
722 -22.8802 -43.3213 12.0277
723 -22.8535 -43.3333 2.97088
724 -23.0527 -43.5536 0
725 -22.8679 -43.709 0
726 -22.8543 -43.3882 6.3044
727 -22.9765 -43.4404 0
728 -23.0091 -43.3432 0.728022
729 -22.9949 -43.2949 0.0384615
730 -22.8674 -43.6375 0.21044
731 -22.8614 -43.3915 0.804396
732 -22.9929 -43.5586 0.305861
733 -22.8951 -43.5799 5.70861
734 -22.8483 -43.5471 0.804945
735 -22.9493 -43.3526 3.60311
736 -22.9524 -43.4737 0
737 -22.9382 -43.5498 0
738 -23.0109 -43.4736 0.479121
739 -22.949 -43.2984 0
740 -22.7673 -43.1136 0
741 -22.9775 -43.397 0.0380952
742 -23.0596 -43.57 0
743 -22.9561 -43.4492 0.0192308
744 -22.8625 -43.3486 7.8119
745 -22.926 -43.4218 0
746 -22.9691 -43.3662 0
747 -22.9239 -43.3764 13.567
748 -22.9644 -43.3553 3.90714
749 -22.9131 -43.5538 3.46575
750 -22.8519 -43.2745 13.1962
751 -22.8617 -43.4385 2.45238
752 -22.9377 -43.6747 1.95275
753 -22.9449 -43.6952 0
754 -22.8946 -43.4205 3.29414
755 -22.8228 -43.1675 0.996154
756 -22.8598 -43.5661 0.172527
757 -22.895 -43.2233 6.60696
758 -22.8794 -43.4166 6.09212
759 -22.9232 -43.2984 0
760 -22.8405 -43.5672 0.0575092
761 -22.9098 -43.786 0
762 -22.9405 -43.4669 0
763 -23.044 -43.5958 0
764 -22.9424 -43.5969 0.631685
765 -22.8492 -43.3084 9.4989
766 -22.941 -43.5913 1.47399
767 -22.9 -43.3288 0
768 -22.8797 -43.5306 1.28333
769 -22.9183 -43.39 5.97381
770 -22.7631 -43.1083 0.0192308
771 -22.8938 -43.2648 9.35037
772 -22.9363 -43.3104 0
773 -22.8227 -43.3753 1.83974
774 -22.9908 -43.2601 0
775 -22.9602 -43.6875 4.1207
776 -22.9276 -43.4037 1.0348
777 -22.9505 -43.7164 0.0761905
778 -22.934 -43.7529 0
779 -22.9704 -43.351 0.0575092
780 -23.0459 -43.6265 0
781 -22.809 -43.276 0
782 -22.929 -43.4269 0
783 -22.9249 -43.2923 0.115201
784 -22.7887 -43.1849 4.58004
785 -22.9132 -43.6558 5.01795
786 -22.9198 -43.6595 2.20293
787 -22.8907 -43.6685 0.938828
788 -22.9076 -43.4634 0
789 -23.0546 -43.5782 0
790 -22.8162 -43.2767 1.16868
791 -22.9819 -43.4676 9.96465
792 -22.8293 -43.3708 1.97473
793 -22.898 -43.2959 11.4767
794 -22.844 -43.4654 1.26502
795 -22.8758 -43.5854 1.41667
796 -22.9297 -43.5685 2.06868
797 -22.9332 -43.2397 10.667
798 -22.9628 -43.5477 0
799 -22.8682 -43.6061 0.22967
800 -23.0732 -43.1983 0
801 -23.0719 -43.5597 0
802 -22.8883 -43.6792 0.153297
803 -22.9898 -43.4606 2.71996
804 -22.8713 -43.5607 2.83443
805 -22.9225 -43.6697 0.959158
806 -22.9899 -43.4933 0.804945
807 -22.9118 -43.7429 0
808 -22.87 -43.2296 0.057326
809 -22.8357 -43.3643 8.88883
810 -22.9003 -43.3126 8.84872
811 -23.0106 -43.4059 0.478938
812 -22.8924 -43.7208 1.45513
813 -22.9886 -43.3506 0
814 -22.9884 -43.2521 0.995788
815 -22.9264 -43.7589 0
816 -22.9679 -43.5429 0.0192308
817 -22.8996 -43.3548 11.9147
818 -22.9881 -43.2954 0.593407
819 -22.8331 -43.3448 10.0918
820 -22.8977 -43.2418 11.9777
821 -23.028 -43.4657 1.58883
822 -22.8935 -43.6923 0.172527
823 -22.8924 -43.4539 1.85934
824 -23.0344 -43.5955 0
825 -22.8905 -43.4893 4.00256
826 -22.8706 -43.4563 11.0326
827 -23.0498 -43.6543 0
828 -23.0635 -43.5495 0
829 -22.955 -43.3876 10.4425
830 -22.8795 -43.7056 0.0956044
831 -22.9674 -43.2263 2.7207
832 -22.8304 -43.2747 6.62766
833 -22.8971 -43.1896 15.5727
834 -22.7961 -43.1115 0
835 -22.8574 -43.3638 9.07692
836 -22.8257 -43.394 5.61227
837 -22.8813 -43.2783 5.97711
838 -22.9192 -43.4944 0
839 -22.9043 -43.2881 15.1335
840 -22.9324 -43.2826 0
841 -22.8272 -43.3507 13.8335
842 -22.9051 -43.2975 12.6984
843 -22.8411 -43.401 6.03462
844 -22.8585 -43.3208 5.14908
845 -22.8927 -43.4156 2.71758
846 -22.963 -43.6015 2.92949
847 -22.8586 -43.5309 2.73846
848 -22.9238 -43.7311 0
849 -22.9563 -43.5014 0
850 -22.9051 -43.1928 33.7333
851 -22.878 -43.2099 0.344872
852 -22.9772 -43.6494 4.99579
853 -22.8394 -43.5227 0
854 -22.7952 -43.181 7.68242
855 -22.8245 -43.1783 3.7163
856 -22.9088 -43.1683 6.11612
857 -22.9427 -43.1741 0.286813
858 -22.922 -43.5639 3.88663
859 -22.9801 -43.4145 1.57106
860 -22.9861 -43.3057 0.306227
861 -22.9641 -43.6753 0.249084
862 -22.9015 -43.6775 1.85824
863 -22.9998 -43.2687 1.16886
864 -22.9481 -43.6489 0.612637
865 -22.9015 -43.4901 0.0192308
866 -22.9016 -43.7113 0.765751
867 -22.8166 -43.3803 3.79414
868 -22.9429 -43.7131 0
869 -22.9177 -43.2332 8.42766
870 -22.8603 -43.5815 0
871 -22.9525 -43.2216 0
872 -22.9923 -43.4568 0.536081
873 -22.8662 -43.4714 6.77821
874 -22.9735 -43.2695 0.0575092
875 -22.8388 -43.4718 0.0192308
876 -22.9888 -43.1916 0.707692
877 -22.9191 -43.1915 9.09872
878 -22.9846 -43.4938 1.82015
879 -22.8874 -43.5262 4.69249
880 -22.929 -43.2605 3.16007
881 -22.8481 -43.3966 1.07198
882 -22.9022 -43.4475 0
883 -22.9633 -43.1685 2.75403
884 -23.0169 -43.4391 0.134249
885 -22.9957 -43.3212 2.41557
886 -22.8765 -43.3458 12.5826
887 -22.9256 -43.4884 0
888 -23.0193 -43.6074 0
889 -22.8884 -43.4291 13.2698
890 -22.9627 -43.2154 0.843407
891 -22.8619 -43.2854 2.337
892 -22.8179 -43.1575 0
893 -22.9745 -43.6744 0.709158
894 -23.0266 -43.5232 0.420513
895 -22.9189 -43.4389 0.0190476
896 -22.8746 -43.6097 0.210806
897 -22.8004 -43.2496 0
898 -22.9922 -43.549 0.306227
899 -22.8283 -43.4123 6.76172
900 -22.8677 -43.4806 3.83114
901 -22.932 -43.638 1.82051
902 -22.882 -43.4373 9.11484
903 -22.9085 -43.7768 0
904 -22.9356 -43.5639 2.97033
905 -22.9249 -43.7737 0
906 -22.9471 -43.4366 0
907 -22.9834 -43.5872 0.880403
908 -22.8497 -43.4651 7.02894
909 -22.9276 -43.5131 0.631685
910 -23.0678 -43.1971 0
911 -22.907 -43.3888 0
912 -22.9397 -43.6546 0.804762
913 -22.8544 -43.542 1.79908
914 -22.9721 -43.3082 0
915 -22.9021 -43.7306 0.669963
916 -22.8677 -43.3873 0.0380952
917 -22.9587 -43.6553 0.0761905
918 -22.9169 -43.505 0.0380952
919 -22.9145 -43.4286 0
920 -23.0817 -43.2083 0
921 -22.877 -43.4503 6.32253
922 -22.8849 -43.463 6.49048
923 -22.8798 -43.2175 4.29103
924 -22.8846 -43.3989 4.38443
925 -22.8558 -43.4987 0.421612
926 -22.9097 -43.37 4.02381
927 -22.9337 -43.2919 0
928 -22.8519 -43.3696 5.9359
929 -22.9733 -43.3683 0.249084
930 -22.9632 -43.7043 5.82637
931 -23.0521 -43.5955 0
932 -22.8644 -43.2953 2.66209
933 -22.9744 -43.6663 0.671612
934 -22.9991 -43.3457 2.33993
935 -22.9415 -43.5207 0.0190476
936 -22.8596 -43.6339 0
937 -22.8749 -43.484 5.34652
938 -22.9488 -43.6016 4.15659
939 -23.0133 -43.318 0.362821
940 -22.9284 -43.3183 0.210989
941 -22.9026 -43.7859 0
942 -22.939 -43.3289 7.33462
943 -22.8776 -43.3005 5.66996
944 -22.7564 -43.12 0
945 -22.9794 -43.48 0.326007
946 -22.942 -43.5274 0
947 -22.9731 -43.5502 0.0575092
948 -23.0468 -43.3104 0
949 -22.8696 -43.4879 2.60495
950 -22.8805 -43.676 0.267949
951 -22.8354 -43.4141 3.31337
952 -22.9013 -43.7243 2.77656
953 -22.9405 -43.1914 4.42161
954 -22.8447 -43.4773 0.115018
955 -23.0288 -43.5214 0
956 -22.8752 -43.2415 1.91465
957 -22.908 -43.5678 7.3207
958 -22.9525 -43.3125 0
959 -22.868 -43.3268 0.32619
960 -22.8385 -43.2772 14.8859
961 -23.0396 -43.6325 0
962 -22.9691 -43.2972 0.0575092
963 -22.9039 -43.7384 0
964 -22.914 -43.4574 0
965 -22.8773 -43.6836 0
966 -22.9469 -43.3855 8.86777
967 -22.9118 -43.7665 0
968 -22.9467 -43.3326 2.25989
969 -22.9575 -43.372 0.267766
970 -22.8912 -43.3701 0.421062
971 -22.7928 -43.2468 0
972 -22.8687 -43.3426 13.4793
973 -22.831 -43.2461 0.0765568
974 -22.8038 -43.1179 0
975 -22.975 -43.5708 0.15293
976 -23.0346 -43.6388 0
977 -22.93 -43.6722 3.96484
978 -22.9567 -43.3016 0
979 -22.9831 -43.5373 0.0571429
980 -22.7759 -43.1723 0
981 -22.9525 -43.5259 0
982 -23.0103 -43.3245 2.25751
983 -22.7845 -43.1593 0
984 -23.0503 -43.6616 0
985 -22.9031 -43.5343 1.16795
986 -22.9174 -43.344 2.33755
987 -22.8837 -43.5036 1.99048
988 -23.049 -43.6334 0
989 -22.8561 -43.3545 9.0196
990 -22.9063 -43.3067 4.27381
991 -22.7765 -43.1402 0
992 -22.8754 -43.3867 0
993 -22.7862 -43.2181 0
994 -22.9949 -43.2347 0.956777
995 -22.9165 -43.5783 1.70366
996 -22.8106 -43.2815 0
997 -22.787 -43.1499 0
998 -22.9609 -43.622 0.0767399
999 -22.9423 -43.5041 0
1000 -22.9031 -43.4277 0
1001 -22.879 -43.733 0.0382784
1002 -22.8238 -43.5222 0
1003 -22.8051 -43.3324 0.977839
1004 -22.992 -43.4456 1.35916
1005 -23.0419 -43.5465 0
1006 -22.9574 -43.4584 0
1007 -22.8573 -43.4052 0.0959707
1008 -22.9053 -43.3504 4.42399
1009 -22.9898 -43.483 1.99103
1010 -22.7876 -43.1752 5.07729
1011 -22.8907 -43.761 0
1012 -22.963 -43.159 0
1013 -22.981 -43.3011 0.133883
1014 -22.8789 -43.3121 10.3632
1015 -22.9581 -43.7268 0
1016 -22.8646 -43.2648 6.26172
1017 -22.9805 -43.2178 9.74853
1018 -22.8829 -43.2322 0.459524
1019 -22.7968 -43.1884 4.9815
1020 -22.8789 -43.6647 0.0957875
1021 -22.976 -43.6929 4.15495
1022 -23.0468 -43.5972 0
1023 -23.0081 -43.3665 1.37875
1024 -22.8939 -43.2157 1.99231
1025 -22.9455 -43.1577 0.191575
1026 -22.8804 -43.5827 5.59304
1027 -22.8498 -43.3605 6.08993
1028 -23.0241 -43.5738 0
1029 -22.9628 -43.2095 1.09139
1030 -22.935 -43.3011 0
1031 -22.7964 -43.1217 0
1032 -22.956 -43.3466 5.39908
1033 -22.908 -43.2666 3.84835
1034 -22.9666 -43.5232 0
1035 -22.8833 -43.4443 9.57564
1036 -22.8359 -43.567 0.172161
1037 -23.0445 -43.565 0
1038 -22.9524 -43.7347 0
1039 -23.0505 -43.5369 0.0380952
1040 -22.8747 -43.2315 0.690476
1041 -22.8751 -43.2219 1.55128
1042 -22.8903 -43.5942 7.83571
1043 -22.9704 -43.4954 0.459524
1044 -22.887 -43.3771 0.957875
1045 -22.8164 -43.1766 0.191758
1046 -23.0148 -43.4567 4.92436
1047 -22.9564 -43.5627 0.0954212
1048 -23.006 -43.5123 1.30366
1049 -22.824 -43.3306 14.7125
1050 -23.0051 -43.3397 0.727473
1051 -22.9484 -43.4459 0
1052 -22.9515 -43.5967 0.689194
1053 -23.006 -43.558 0
1054 -22.9497 -43.6313 0
1055 -22.8444 -43.3758 16.4954
1056 -22.9307 -43.4731 0
1057 -22.9003 -43.5646 12.039
1058 -22.8713 -43.3108 5.80549
1059 -22.9407 -43.4426 0
1060 -22.8742 -43.6735 0.479304
1061 -22.9014 -43.2162 5.49872
1062 -22.9313 -43.6821 6.30275
1063 -22.97 -43.6238 0.249267
1064 -23.0042 -43.4369 3.71612
1065 -23.0296 -43.2759 0
1066 -23.08 -43.5606 0
1067 -22.9878 -43.2287 3.3304
1068 -22.8696 -43.2473 5.72766
1069 -22.8693 -43.53 0.344689
1070 -23.0028 -43.5567 0
1071 -22.9367 -43.7707 0
1072 -22.9872 -43.3688 3.48681
1073 -22.8686 -43.2897 8.92766
1074 -22.9983 -43.2601 0.402198
1075 -22.8926 -43.7368 0.0575092
1076 -22.861 -43.6435 0
1077 -22.9281 -43.2549 8.38407
1078 -22.8365 -43.5028 0
1079 -22.8029 -43.1845 8.98223
1080 -22.7675 -43.1053 0
1081 -22.9482 -43.3902 7.65659
1082 -22.8953 -43.2756 13.0095
1083 -23.0337 -43.6241 0
1084 -22.9314 -43.3779 7.58535
1085 -22.8743 -43.4318 6.22656
1086 -22.9245 -43.2831 0.0190476
1087 -23.0126 -43.4477 2.96923
1088 -22.8627 -43.4008 0.804579
1089 -22.8647 -43.6717 0.0761905
1090 -22.9716 -43.5374 0
1091 -22.8807 -43.699 0.0380952
1092 -23.0597 -43.1467 0
1093 -22.8671 -43.3334 13.5875
1094 -22.8728 -43.3703 9.17418
1095 -23.0194 -43.4917 1.72363
1096 -22.868 -43.4378 6.79853
1097 -22.9435 -43.5663 0.249084
1098 -22.9612 -43.3622 0
1099 -22.9906 -43.6602 0.0769231
1100 -22.8815 -43.3306 11.2064
1101 -22.9122 -43.696 0.708608
1102 -22.8353 -43.2582 1.59029
1103 -22.8598 -43.2774 0.862271
1104 -22.8736 -43.7145 0
1105 -22.8598 -43.329 7.31813
1106 -22.8883 -43.6283 1.55
1107 -23.0103 -43.3526 0.134249
1108 -22.991 -43.4309 0.88022
1109 -22.9765 -43.2294 5.57198
1110 -22.8817 -43.3845 0.229853
1111 -22.9462 -43.1624 0.573993
1112 -22.8665 -43.6522 0
1113 -22.9504 -43.5816 1.20641
1114 -22.8944 -43.3344 0.229853
1115 -22.8785 -43.5945 0.497802
1116 -22.946 -43.2595 2.06777
1117 -22.9896 -43.4719 0.51685
1118 -22.9618 -43.6321 0.0190476
1119 -22.9567 -43.4859 0
1120 -22.927 -43.5272 0
1121 -22.9962 -43.4328 0.575092
1122 -22.9352 -43.3519 5.43755
1123 -23.0108 -43.3727 1.3
1124 -22.9743 -43.2221 4.46136
1125 -22.9912 -43.5679 0
1126 -22.8485 -43.2467 7.18223
1127 -22.9561 -43.3933 2.06868
1128 -22.9976 -43.2765 0.286813
1129 -22.7976 -43.2567 0
1130 -22.894 -43.6393 0.860806
1131 -22.8172 -43.1999 1.22656
1132 -22.976 -43.5513 0.0957875
1133 -22.8786 -43.2598 6.74341
1134 -23.0485 -43.6208 0
1135 -23.0009 -43.6147 0.172344
1136 -23.015 -43.4333 0.0954212
1137 -22.9368 -43.4149 0.0190476
1138 -22.8015 -43.3043 0.134066
1139 -22.9164 -43.4106 3.25604
1140 -22.9756 -43.6412 3.14084
1141 -22.8932 -43.5311 0.632051
1142 -22.9524 -43.2114 0.153114
1143 -22.9116 -43.4911 0.0192308
1144 -23.036 -43.4684 0
1145 -22.8017 -43.3224 2.03114
1146 -23.0279 -43.5636 0.153297
1147 -22.9587 -43.4677 0
1148 -22.923 -43.4699 0
1149 -22.8442 -43.2695 8.19799
1150 -22.9761 -43.1905 27.3647
1151 -22.9329 -43.7102 0.21044
1152 -22.9786 -43.3544 0
1153 -23.007 -43.2825 0
1154 -22.9591 -43.38 2.06777
1155 -22.8408 -43.348 7.83443
1156 -22.915 -43.614 8.35055
1157 -22.9022 -43.6839 0.976007
1158 -22.9691 -43.493 0.38315
1159 -22.9427 -43.6716 0.804579
1160 -22.8462 -43.2377 1.16886
1161 -22.9083 -43.6699 1.3978
1162 -22.8719 -43.6259 0.30641
1163 -22.83 -43.526 0
1164 -22.9179 -43.4851 0
1165 -22.8407 -43.5409 0
1166 -22.9768 -43.4931 2.087
1167 -22.8044 -43.3647 0.0763736
1168 -22.87 -43.3003 8.12198
1169 -22.873 -43.4226 4.63535
1170 -23.0063 -43.4927 0.210806
1171 -22.9622 -43.2248 0.536447
1172 -22.8659 -43.2718 6.15018
1173 -22.7936 -43.1732 4.02344
1174 -22.9112 -43.2297 5.90495
1175 -22.9289 -43.7147 0
1176 -22.8151 -43.3198 4.96099
1177 -22.7881 -43.2154 0
1178 -22.8402 -43.433 0
1179 -22.9939 -43.5363 0.325641
1180 -22.8508 -43.3175 9.19212
1181 -22.9876 -43.5629 0.0384615
1182 -22.8358 -43.5423 0
1183 -23.0446 -43.6173 0
1184 -22.9327 -43.55 1.45568
1185 -22.9883 -43.6068 0.172894
1186 -22.8169 -43.4949 0
1187 -22.916 -43.6233 9.15549
1188 -22.9476 -43.6299 0
1189 -23.0055 -43.5326 0.057326
1190 -22.9078 -43.1626 0
1191 -22.9129 -43.3957 3.98462
1192 -22.8194 -43.2212 0
1193 -23.0366 -43.5578 0.688645
1194 -22.9289 -43.7681 0
1195 -22.8135 -43.2583 0.0765568
1196 -22.912 -43.6516 1.61081
1197 -22.9914 -43.4634 0
1198 -22.9908 -43.2486 2.29762
1199 -22.8989 -43.6821 0.881685
1200 -22.8847 -43.7396 0.0767399
1201 -23.0284 -43.5618 0.0956044
1202 -22.9424 -43.4054 0.51685
1203 -22.9566 -43.2804 0
1204 -22.821 -43.3661 3.00733
1205 -22.9327 -43.7436 0
1206 -22.8345 -43.3017 10.9927
1207 -22.8914 -43.403 0.344872
1208 -22.9202 -43.4002 2.20147
1209 -22.9474 -43.1856 15.1317
1210 -22.9455 -43.2428 0
1211 -22.9434 -43.4611 0
1212 -23.0445 -43.5073 0.0190476
1213 -22.9371 -43.2021 1.5696
1214 -22.8978 -43.3225 0
1215 -22.9689 -43.6833 0.344872
1216 -22.9992 -43.3275 0
1217 -22.8831 -43.5488 2.89158
1218 -23.0494 -43.5555 0.0765568
1219 -22.9748 -43.6072 0.497802
1220 -22.9699 -43.393 2.50934
1221 -22.9805 -43.444 0.0575092
1222 -22.943 -43.5844 0.478571
1223 -23.0089 -43.6195 0
1224 -22.9143 -43.7645 0
1225 -22.8869 -43.2725 8.02381
1226 -22.8964 -43.2326 10.2258
1227 -22.9791 -43.2804 0.0384615
1228 -22.9903 -43.3827 0
1229 -23.0482 -43.5163 0
1230 -22.9409 -43.4949 0
1231 -22.9456 -43.3719 4.38425
1232 -22.8198 -43.3572 2.52802
1233 -23.0131 -43.3091 2.67949
1234 -22.8571 -43.6484 0
1235 -22.9632 -43.3491 9.07601
1236 -22.9206 -43.7022 0.919597
1237 -23.0043 -43.3489 1.63095
1238 -23.0486 -43.613 0
1239 -23.0277 -43.5174 0.305861
1240 -22.91 -43.2822 8.09927
1241 -22.891 -43.4476 10.7593
1242 -22.8799 -43.576 3.23864
1243 -22.9398 -43.5379 0
1244 -22.9034 -43.7911 0
1245 -22.9353 -43.7621 0
1246 -22.9187 -43.7463 0
1247 -22.9747 -43.285 3.12234
1248 -22.9979 -43.3887 3.39103
1249 -22.9133 -43.3008 3.08553
1250 -23.0059 -43.509 0.0190476
1251 -22.8644 -43.5232 0.861905
1252 -23.0122 -43.4382 1.32125
1253 -22.9628 -43.6487 0.651282
1254 -22.9043 -43.7493 0
1255 -22.8184 -43.2579 0
1256 -22.9393 -43.7234 0
1257 -22.9465 -43.6909 1.14963
1258 -23.0147 -43.621 0
1259 -22.8238 -43.4152 0.74707
1260 -22.8796 -43.4688 9.42875
1261 -23.0121 -43.2897 0.382051
1262 -22.9483 -43.259 2.14505
1263 -22.87 -43.6277 0.210989
1264 -22.8763 -43.2936 9.67839
1265 -23.0033 -43.3734 3.46795
1266 -22.9044 -43.6446 0.115018
1267 -22.8853 -43.4131 5.57216
1268 -22.9936 -43.254 3.25549
1269 -22.9893 -43.3232 4.23077
1270 -23.0342 -43.5433 0
1271 -22.8596 -43.2166 0.0190476
1272 -22.9552 -43.5444 0
1273 -22.853 -43.5346 4.8304
1274 -22.9497 -43.4552 0
1275 -22.8434 -43.2216 0
1276 -22.9102 -43.5864 6.3196
1277 -22.9411 -43.2459 1.51337
1278 -22.9475 -43.5412 0
1279 -22.9644 -43.3049 0
1280 -22.9859 -43.4544 1.41667
1281 -22.8467 -43.5119 0
1282 -22.8638 -43.5549 1.43681
1283 -22.9287 -43.776 0
1284 -22.9258 -43.2364 18.8297
1285 -22.78 -43.1736 0
1286 -22.9843 -43.1931 23.9593
1287 -22.9112 -43.627 2.26044
1288 -22.827 -43.4041 4.31081
1289 -22.9293 -43.4639 0
1290 -22.9787 -43.4107 0.114652
1291 -22.967 -43.1511 0
1292 -22.9241 -43.7513 0
1293 -22.9158 -43.6756 2.66337
1294 -22.9149 -43.5176 0.631502
1295 -22.9995 -43.6065 0.363553
1296 -22.9267 -43.3348 0.172161
1297 -22.9096 -43.3251 0
1298 -22.8519 -43.2841 2.01136
1299 -22.9417 -43.5546 0.517399
1300 -22.9882 -43.5237 0
1301 -22.9403 -43.6933 1.74304
1302 -22.8632 -43.453 8.60055
1303 -22.8394 -43.5267 0.057326
1304 -22.9823 -43.2253 10.6892
1305 -22.8095 -43.2321 1.76337
1306 -23.0191 -43.589 0
1307 -22.9194 -43.6484 1.95403
1308 -23.0146 -43.4905 0.0959707
1309 -22.9936 -43.5778 0.631685
1310 -22.9683 -43.3326 9.02161
1311 -22.9802 -43.3246 0
1312 -22.9968 -43.63 2.71832
1313 -22.874 -43.689 0.0384615
1314 -22.8457 -43.2821 11.1672
1315 -22.8009 -43.1795 1.28315
1316 -23.0162 -43.5203 0.306593
1317 -22.7511 -43.1065 0
1318 -22.8814 -43.226 4.72912
1319 -22.8839 -43.2968 15.0965
1320 -22.8646 -43.4099 0.0957875
1321 -22.8582 -43.597 0
1322 -22.9526 -43.3292 0.822711
1323 -22.851 -43.2911 0.632418
1324 -22.939 -43.5799 2.43187
1325 -23.0407 -43.5895 0
1326 -22.9786 -43.6614 2.48919
1327 -22.9961 -43.5951 0.0575092
1328 -22.9009 -43.7735 0
1329 -23.0178 -43.5797 0
1330 -22.9827 -43.3266 2.87308
1331 -22.8604 -43.5396 2.29762
1332 -23.0025 -43.6526 0
1333 -22.9726 -43.5777 0.996703
1334 -22.8889 -43.5858 6.54853
1335 -22.9286 -43.6538 3.88791
1336 -22.7948 -43.2239 0
1337 -22.7892 -43.1488 0
1338 -22.7969 -43.233 0
1339 -23.0251 -43.4791 8.80897
1340 -22.814 -43.3627 4.99799
1341 -22.9684 -43.6235 0.402747
1342 -22.9509 -43.6085 0.803663
1343 -22.9077 -43.6644 0.95696
1344 -22.9624 -43.4432 0.153114
1345 -23.037 -43.614 0
1346 -22.9506 -43.2304 0
1347 -22.9348 -43.2463 5.64835
1348 -22.9164 -43.1745 1.37821
1349 -22.9582 -43.2934 0.0192308
1350 -22.8994 -43.7443 0.0190476
1351 -22.9322 -43.6914 5.24945
1352 -23.0252 -43.5308 0
1353 -22.9833 -43.6958 4.94176
1354 -23.0278 -43.5528 0.554029
1355 -22.9289 -43.3594 8.96557
1356 -22.8689 -43.5966 0.382784
1357 -22.9148 -43.421 1.53132
1358 -22.9744 -43.5973 0.153114
1359 -22.9287 -43.3071 0
1360 -22.9 -43.4601 0
1361 -22.8697 -43.6656 0.651282
1362 -22.8973 -43.4932 3.19799
1363 -22.8481 -43.5418 0.767216
1364 -22.7833 -43.1823 0
1365 -23.0156 -43.4661 5.21117
1366 -22.9956 -43.6444 1.91337
1367 -22.9661 -43.1776 14.4571
1368 -22.9913 -43.4364 0.479121
1369 -22.9476 -43.2641 0.459524
1370 -23.0114 -43.5857 0
1371 -22.9001 -43.2081 5.46044
1372 -22.8604 -43.4868 5.51593
1373 -22.8568 -43.6417 0
1374 -22.8564 -43.5781 0
1375 -23.0024 -43.6281 0.919414
1376 -22.8405 -43.5102 0.0575092
1377 -22.9403 -43.339 10.2484
1378 -22.9602 -43.5292 0
1379 -23.0381 -43.571 0
1380 -22.8972 -43.4412 6.47381
1381 -22.9144 -43.5605 4.04396
1382 -22.9551 -43.691 3.12289
1383 -22.8739 -43.275 4.36667
1384 -23.0266 -43.54 0
1385 -22.8761 -43.6466 0.210806
1386 -22.9643 -43.3883 8.02179
1387 -22.9149 -43.6381 0.459707
1388 -22.8145 -43.3863 0.0382784
1389 -22.9848 -43.2419 1.4163
1390 -22.8172 -43.2306 1.91648
1391 -22.8906 -43.3452 4.97692
1392 -23.004 -43.4573 0
1393 -22.7994 -43.2427 0
1394 -22.8921 -43.5401 1.2641
1395 -22.8262 -43.2447 0.134432
1396 -22.8842 -43.3491 8.2152
1397 -22.9239 -43.7833 0
1398 -22.8434 -43.3665 7.56593
1399 -22.979 -43.2718 0.0192308
1400 -22.9897 -43.2945 0
1401 -22.8838 -43.6412 2.79469
1402 -22.951 -43.5717 0.287363
1403 -22.9653 -43.5139 0
1404 -22.8606 -43.4953 1.43535
1405 -23.004 -43.6347 2.987
1406 -22.9387 -43.6852 3.37106
1407 -22.9168 -43.5067 0.249084
1408 -22.9207 -43.2545 8.50238
1409 -22.7678 -43.1683 0
1410 -22.896 -43.1716 0
1411 -22.9342 -43.3477 4.00348
1412 -22.8017 -43.2264 0.0192308
1413 -22.9683 -43.6398 1.01557
1414 -22.9252 -43.5739 0.918681
1415 -23.0257 -43.5622 0.0961538
1416 -22.9548 -43.1879 16.1273
1417 -23.0223 -43.1827 0
1418 -22.9007 -43.66 0.0382784
1419 -22.953 -43.6814 0.74707
1420 -22.783 -43.1378 0
1421 -22.8613 -43.3408 6.20733
1422 -22.8641 -43.661 0
1423 -22.989 -43.3115 0.863187
1424 -23.0267 -43.5923 0
1425 -22.9886 -43.5769 1.28333
1426 -22.804 -43.2758 0
1427 -22.8898 -43.5362 2.51007
1428 -22.9153 -43.4666 0
1429 -22.9576 -43.5107 0
1430 -22.8934 -43.6331 0.325824
1431 -22.9663 -43.2942 0.0382784
1432 -22.8928 -43.6118 3.54377
1433 -22.8779 -43.4084 6.62473
1434 -22.9056 -43.6973 2.20311
1435 -22.8579 -43.4696 2.16465
1436 -22.8555 -43.5532 0.0382784
1437 -22.9761 -43.4863 0.689927
1438 -22.9393 -43.7 0
1439 -22.8285 -43.1883 0
1440 -22.8947 -43.4512 0.632784
1441 -22.9671 -43.5645 0.0192308
1442 -23.0217 -43.4681 1.01575
1443 -22.826 -43.4982 0
1444 -22.9978 -43.5435 0.497985
1445 -22.8487 -43.2221 0
1446 -22.9226 -43.3654 8.67692
1447 -22.9173 -43.3284 0
1448 -22.8133 -43.2642 0
1449 -22.9362 -43.6146 0
1450 -22.8419 -43.2527 3.44652
1451 -22.933 -43.3846 8.06447
1452 -22.9515 -43.6697 1.11117
1453 -22.9194 -43.6417 4.0033
1454 -22.9458 -43.4274 0
1455 -23.0018 -43.4175 0.938462
1456 -22.8827 -43.7227 0
1457 -22.9231 -43.2196 13.1789
1458 -22.7557 -43.1162 0
1459 -22.88 -43.2691 7.89066
1460 -22.924 -43.5199 1.35934
1461 -22.903 -43.279 19.4093
1462 -22.8373 -43.391 1.93388
1463 -22.9716 -43.4194 0.55641
1464 -23.0316 -43.2992 0
1465 -22.9498 -43.2297 0
1466 -22.9914 -43.3515 0.191941
1467 -22.9314 -43.7344 0
1468 -22.8657 -43.6998 0
1469 -22.8956 -43.3246 0.402564
1470 -22.9678 -43.3238 0.574359
1471 -22.9941 -43.6239 2.60403
1472 -23.0158 -43.2867 0
1473 -22.9638 -43.4524 0
1474 -22.813 -43.1634 0
1475 -22.9727 -43.4649 0
1476 -22.8405 -43.2958 8.96758
1477 -22.8754 -43.5338 2.16502
1478 -22.9627 -43.476 0.0190476
1479 -22.8524 -43.3797 8.37125
1480 -22.9114 -43.4389 0
1481 -22.971 -43.4309 0
1482 -22.9846 -43.6674 0
1483 -22.8684 -43.3933 0
1484 -22.8522 -43.5703 0.172344
1485 -22.9492 -43.7071 0
1486 -22.8196 -43.252 0.0190476
1487 -22.9377 -43.4023 0.0384615
1488 -22.859 -43.5214 0.153297
1489 -23.0064 -43.4428 2.3381
1490 -22.8947 -43.4752 7.2033
1491 -22.8202 -43.3996 5.66795
1492 -22.81 -43.3359 0.766484
1493 -22.949 -43.5499 0
1494 -22.781 -43.1627 0
1495 -22.748 -43.1251 0
1496 -22.9038 -43.1836 32.2242
1497 -22.9223 -43.7137 0
1498 -23.0048 -43.6018 0
1499 -23.0754 -43.5518 0
1500 -22.9429 -43.3553 4.75092
1501 -23.0077 -43.2969 1.51337
1502 -22.948 -43.3393 4.42454
1503 -22.9667 -43.5013 0
1504 -23.0127 -43.595 0
1505 -22.9237 -43.6802 7.00788
1506 -22.986 -43.6638 1.36044
1507 -22.885 -43.6491 0.21044
1508 -22.9533 -43.5564 0
1509 -22.92 -43.7556 0
1510 -22.8491 -43.5215 0.0382784
1511 -22.9247 -43.3246 0.229487
1512 -22.9143 -43.4055 5.99377
1513 -22.9842 -43.4043 0
1514 -22.9928 -43.6463 0.555495
1515 -22.997 -43.38 2.12766
1516 -22.9158 -43.3714 8.27344
1517 -22.8946 -43.4343 3.7359
1518 -22.8434 -43.232 0
1519 -22.9928 -43.4018 0.0956044
1520 -22.9194 -43.6015 1.99286
1521 -23.0007 -43.4934 0.517216
1522 -23.0479 -43.5133 0
1523 -22.8439 -43.4685 2.29689
1524 -23.0312 -43.4812 3.06484
1525 -22.842 -43.2458 1.03315
1526 -22.8715 -43.3611 8.00714
1527 -22.9638 -43.274 0.133883
1528 -22.894 -43.5706 6.41722
1529 -22.8924 -43.2574 5.86447
1530 -22.976 -43.2705 0.0190476
1531 -22.848 -43.2996 4.65275
1532 -22.9575 -43.6786 0.497802
1533 -23.0338 -43.6291 0
1534 -22.8853 -43.3061 12.1628
1535 -22.9651 -43.4937 0
1536 -23.0261 -43.2061 0
1537 -22.9645 -43.4104 2.95018
1538 -22.9157 -43.2654 9.84762
1539 -22.8287 -43.5167 0
1540 -22.8798 -43.2448 1.93535
1541 -22.8716 -43.2068 0.134432
1542 -22.8552 -43.3039 3.48626
1543 -22.9628 -43.2434 0
1544 -22.8811 -43.4779 6.97033
1545 -22.8484 -43.3513 9.28791
1546 -22.8743 -43.5292 5.70476
1547 -22.9421 -43.2548 3.77656
1548 -22.9447 -43.7485 0
1549 -22.9069 -43.6108 7.70201
1550 -23.0111 -43.3623 0
1551 -22.8423 -43.4376 0
1552 -22.8184 -43.3482 4.51832
1553 -22.998 -43.4446 0.901099
1554 -22.8506 -43.2653 12.1645
1555 -22.8937 -43.6757 0.939011
1556 -22.9799 -43.666 1.20623
1557 -22.8847 -43.7334 0.0384615
1558 -22.8974 -43.5957 3.34945
1559 -22.9466 -43.5581 0.402381
1560 -23.0222 -43.4602 5.66612
1561 -22.8696 -43.3519 11.093
1562 -22.962 -43.6945 4.44487
1563 -22.8167 -43.1789 5.82326
1564 -22.8075 -43.1534 0
1565 -22.9152 -43.5682 0.421062
1566 -23.073 -43.5739 0
1567 -22.9367 -43.7205 0.0767399
1568 -22.8375 -43.4292 0
1569 -22.9401 -43.6457 0.344872
1570 -22.8295 -43.2357 0.0192308
1571 -22.9886 -43.6903 0.977473
1572 -22.9989 -43.5001 0.345055
1573 -22.9219 -43.6198 3.02747
1574 -22.8391 -43.4798 0.172344
1575 -22.8882 -43.7184 0.325458
1576 -22.861 -43.5145 1.30238
1577 -22.9521 -43.2372 0
1578 -22.8868 -43.3676 3.63974
1579 -22.8564 -43.4526 1.83883
1580 -22.8368 -43.5539 0.0382784
1581 -22.8796 -43.6588 1.37949
1582 -22.9857 -43.2725 0.325641
1583 -22.8656 -43.575 0.650733
1584 -22.9915 -43.5282 0
1585 -22.8917 -43.6909 0.115018
1586 -22.8131 -43.2503 0.325458
1587 -22.9867 -43.4196 0.286996
1588 -22.8387 -43.2866 11.5707
1589 -23.0188 -43.5231 0
1590 -22.9867 -43.6233 0.0384615
1591 -23.0179 -43.4751 6.37967
1592 -22.9361 -43.6328 0.267949
1593 -22.8762 -43.4018 0
1594 -22.8582 -43.2685 7.12308
1595 -22.8499 -43.4585 0.900183
1596 -22.7702 -43.1566 0
1597 -22.8884 -43.577 4.5
1598 -22.8771 -43.5425 1.79982
1599 -22.9244 -43.2271 12.4685
1600 -22.9664 -43.3421 0.727473
1601 -22.7968 -43.2198 0.0190476
1602 -23.0017 -43.3642 3.48626
1603 -22.8836 -43.1747 0
1604 -23.0138 -43.552 0
1605 -22.8074 -43.3155 8.3326
1606 -22.8469 -43.5896 0
1607 -22.9837 -43.4903 1.07308
1608 -22.8271 -43.3079 8.14286
1609 -22.8478 -43.5299 0.669963
1610 -22.9855 -43.5613 0.210623
1611 -22.8418 -43.305 9.00201
1612 -22.9557 -43.2564 0
1613 -22.9447 -43.4704 0
1614 -22.8829 -43.4942 4.30916
1615 -22.8182 -43.2059 0
1616 -22.8929 -43.3116 8.6207
1617 -22.8658 -43.3112 1.76209
1618 -23.0003 -43.3549 3.10513
1619 -22.8956 -43.4838 3.9478
1620 -22.8001 -43.1576 0
1621 -23.0633 -43.5104 0
1622 -22.8214 -43.3127 5.5185
1623 -22.9602 -43.5846 1.3793
1624 -22.9515 -43.7402 0
1625 -22.982 -43.6889 4.34963
1626 -22.9618 -43.1755 10.5881
1627 -22.8229 -43.4091 2.60458
1628 -22.9984 -43.4044 1.62875
1629 -22.8814 -43.6354 5.01868
1630 -22.9706 -43.5928 1.2641
1631 -22.9512 -43.6679 0.210989
1632 -22.772 -43.1587 0
1633 -22.9986 -43.6605 0
1634 -22.8651 -43.3671 7.66282
1635 -22.8064 -43.3072 5.72821
1636 -22.8201 -43.3045 7.77564
1637 -22.8135 -43.3533 3.71612
1638 -22.7744 -43.1575 0
1639 -22.9921 -43.5394 0.115201
1640 -22.9059 -43.2022 7.78205
1641 -22.9313 -43.5444 1.7044
1642 -22.9178 -43.1791 17.5504
1643 -22.9084 -43.7246 0
1644 -22.9421 -43.4519 0
1645 -22.9416 -43.203 1.78114
1646 -22.9842 -43.3836 0.0192308
1647 -22.9198 -43.4065 2.74084
1648 -22.9333 -43.4916 0
1649 -22.8749 -43.6406 0.536081
1650 -22.8912 -43.2466 4.8467
1651 -23.0618 -43.5119 0
1652 -22.7771 -43.1058 0
1653 -23.036 -43.5564 0
1654 -23.0393 -43.528 0
1655 -22.866 -43.2179 0.478571
1656 -22.9703 -43.6463 2.95147
1657 -22.85 -43.4128 0
1658 -22.7933 -43.2169 0.248718
1659 -22.8598 -43.5942 0
1660 -22.8888 -43.2802 8.60165
1661 -22.9103 -43.4819 0
1662 -23.038 -43.5188 0
1663 -22.8453 -43.4483 0
1664 -23.013 -43.3975 0.726557
1665 -22.9427 -43.3044 0
1666 -22.9063 -43.4541 0
1667 -22.8524 -43.5576 0.0190476
1668 -22.8091 -43.2232 0.153114
1669 -22.8826 -43.2876 6.85861
1670 -22.8936 -43.7098 0.0576923
1671 -23.0091 -43.3555 0.880037
1672 -22.8948 -43.5877 5.34267
1673 -22.9843 -43.2318 1.28315
1674 -22.9048 -43.6683 0.0765568
1675 -22.9442 -43.3626 8.86777
1676 -22.8394 -43.2288 0.0190476
1677 -22.8611 -43.4431 4.47967
1678 -23.0471 -43.5835 0
1679 -23.0516 -43.6491 0
1680 -22.9723 -43.6541 1.62766
1681 -22.9775 -43.5266 0
1682 -22.8225 -43.2714 0.939377
1683 -22.9643 -43.5348 0
1684 -22.809 -43.3257 7.24103
1685 -22.9539 -43.6249 0.0192308
1686 -22.9387 -43.2766 0
1687 -22.8938 -43.1959 0.402015
1688 -23.0485 -43.645 0
1689 -22.8408 -43.4824 0
1690 -22.9845 -43.6533 1.35952
1691 -23.0497 -43.6301 0
1692 -22.8223 -43.231 2.35586
1693 -22.7916 -43.2372 0
1694 -22.8192 -43.4886 0
1695 -22.9101 -43.3543 3.42784
1696 -22.964 -43.2832 0.114835
1697 -22.9475 -43.5952 3.18022
1698 -23.0174 -43.5379 0.0765568
1699 -22.8872 -43.4721 8.57637
1700 -22.9467 -43.7268 0
1701 -22.899 -43.4782 0
1702 -22.9208 -43.608 1.97326
1703 -22.9115 -43.2911 5.59011
1704 -22.9217 -43.4606 0
1705 -23.024 -43.5998 0
1706 -22.997 -43.484 0
1707 -22.8304 -43.3263 6.54762
1708 -22.7941 -43.209 0.439927
1709 -22.85 -43.2559 8.38956
1710 -22.8188 -43.5025 0
1711 -22.9297 -43.4069 0
1712 -22.8926 -43.5616 4.69414
1713 -22.8752 -43.327 4.19377
1714 -22.9302 -43.1729 0.0382784
1715 -22.9656 -43.2785 0.937729
1716 -22.9099 -43.2727 8.92399
1717 -23.0101 -43.5765 0
1718 -22.9067 -43.5586 18.1527
1719 -22.7867 -43.2269 0.30641
1720 -22.8249 -43.2374 0.651282
1721 -22.9811 -43.5839 0.766484
1722 -22.909 -43.4131 0.747619
1723 -22.9478 -43.2181 0.0576923
1724 -22.8372 -43.3742 6.12802
1725 -22.9498 -43.5305 0
1726 -22.8343 -43.5748 0
1727 -22.9651 -43.6425 0
1728 -22.9967 -43.4134 0.191758
1729 -22.7978 -43.1995 6.60971
1730 -22.809 -43.1806 4.23315
1731 -22.9636 -43.2033 2.73773
1732 -22.9492 -43.4963 0
1733 -23.0293 -43.5812 0
1734 -22.9634 -43.2296 0
1735 -22.8133 -43.206 2.62491
1736 -22.9651 -43.4617 0
1737 -22.9305 -43.7048 0.938278
1738 -22.9247 -43.3141 0.210073
1739 -22.8886 -43.5674 5.26886
1740 -23.0366 -43.5095 0
1741 -22.8385 -43.5871 0
1742 -22.9172 -43.633 7.58315
1743 -22.9249 -43.6877 2.62582
1744 -22.8333 -43.397 3.6967
1745 -22.8783 -43.4596 9.98333
1746 -22.9311 -43.2734 0
1747 -22.8545 -43.4927 6.55128
1748 -22.8587 -43.373 7.75751
1749 -22.8437 -43.5465 0.0767399
1750 -22.9628 -43.2743 0.765385
1751 -22.9845 -43.5714 0.286813
1752 -22.986 -43.7056 0.210989
1753 -22.8429 -43.262 10.3822
1754 -22.9608 -43.3309 1.64652
1755 -22.8929 -43.4684 3.19927
1756 -22.9126 -43.1961 18.5919
1757 -22.8973 -43.2847 7.94945
1758 -23.0376 -43.2032 0
1759 -22.8666 -43.4286 5.61264
1760 -22.944 -43.3136 0
1761 -22.9039 -43.2454 5.57509
1762 -23.0159 -43.5002 0
1763 -23.0189 -43.4824 3.16172
1764 -22.8515 -43.4729 3.3696
1765 -22.9027 -43.2266 8.25586
1766 -22.8346 -43.4063 5.07491
1767 -22.8291 -43.2657 0.555678
1768 -22.9184 -43.6941 3.54249
1769 -22.8971 -43.4187 0
1770 -22.9641 -43.2526 0
1771 -22.9988 -43.251 0.0382784
1772 -22.8052 -43.1227 0
1773 -22.915 -43.3341 0.0190476
1774 -22.9555 -43.6698 0.708974
1775 -22.7989 -43.2088 7.27967
1776 -22.9957 -43.612 1.80018
1777 -23.0272 -43.5054 0.537546
1778 -22.9527 -43.1721 3.14103
1779 -22.8784 -43.5127 4.88535
1780 -22.7844 -43.1889 0
1781 -22.9504 -43.3076 0
1782 -22.9382 -43.575 2.03095
1783 -22.8602 -43.5113 0.306593
1784 -22.9687 -43.5785 0.249451
1785 -22.9349 -43.1477 0
1786 -22.9682 -43.1853 39.4482
1787 -22.8892 -43.6383 5.78571
1788 -22.9186 -43.2978 0.153297
1789 -22.9758 -43.3891 1.72326
1790 -22.9212 -43.3562 6.95366
1791 -22.9791 -43.6812 1.01392
1792 -22.8188 -43.2953 12.815
1793 -23.0351 -43.1976 0
1794 -22.9902 -43.6356 0.765934
1795 -22.8086 -43.2968 0.268498
1796 -23.0096 -43.3151 3.52491
1797 -23.0337 -43.4908 0.612454
1798 -22.8925 -43.5091 0
1799 -22.9786 -43.2454 0
1800 -22.9997 -43.3993 1.43626
1801 -22.8848 -43.6034 2.92912
1802 -23.0624 -43.5599 0
1803 -22.9333 -43.5915 0
1804 -22.9526 -43.155 0
1805 -22.9404 -43.7469 0
1806 -22.9773 -43.7013 4.53956
1807 -23.0499 -43.5532 0.268315
1808 -22.8702 -43.5092 2.79487
1809 -22.9928 -43.6076 0.804762
1810 -22.9079 -43.3137 1.43718
