0 0.5 0.5 0 10 1.0 1 1.0 
1 1.5 0.5 0 11 1.0 0 1.0 2 1.0 
2 2.5 0.5 0 12 1.0 1 1.0 3 1.0 
3 3.5 0.5 0 13 1.0 2 1.0 4 1.0 
4 4.5 0.5 0 14 1.0 3 1.0 5 1.0 
5 5.5 0.5 1 15 1.0 4 1.0 6 1.0 
6 6.5 0.5 1 16 1.0 5 1.0 7 1.0 
7 7.5 0.5 1 17 1.0 6 1.0 8 1.0 
8 8.5 0.5 1 18 1.0 7 1.0 9 1.0 
9 9.5 0.5 1 19 1.0 8 1.0 
10 0.5 1.5 0 0 1.0 20 1.0 11 1.0 
11 1.5 1.5 0 1 1.0 21 1.0 10 1.0 12 1.0 
12 2.5 1.5 0 2 1.0 22 1.0 11 1.0 13 1.0 
13 3.5 1.5 0 3 1.0 23 1.0 12 1.0 14 1.0 
14 4.5 1.5 0 4 1.0 24 1.0 13 1.0 15 1.0 
15 5.5 1.5 1 5 1.0 25 1.0 14 1.0 16 1.0 
16 6.5 1.5 1 6 1.0 26 1.0 15 1.0 17 1.0 
17 7.5 1.5 1 7 1.0 27 1.0 16 1.0 18 1.0 
18 8.5 1.5 1 8 1.0 28 1.0 17 1.0 19 1.0 
19 9.5 1.5 1 9 1.0 29 1.0 18 1.0 
20 0.5 2.5 0 10 1.0 30 1.0 21 1.0 
21 1.5 2.5 0 11 1.0 31 1.0 20 1.0 22 1.0 
22 2.5 2.5 0 12 1.0 32 1.0 21 1.0 23 1.0 
23 3.5 2.5 0 13 1.0 33 1.0 22 1.0 24 1.0 
24 4.5 2.5 0 14 1.0 34 1.0 23 1.0 25 1.0 
25 5.5 2.5 1 15 1.0 35 1.0 24 1.0 26 1.0 
26 6.5 2.5 1 16 1.0 36 1.0 25 1.0 27 1.0 
27 7.5 2.5 1 17 1.0 37 1.0 26 1.0 28 1.0 
28 8.5 2.5 1 18 1.0 38 1.0 27 1.0 29 1.0 
29 9.5 2.5 1 19 1.0 39 1.0 28 1.0 
30 0.5 3.5 0 20 1.0 40 1.0 31 1.0 
31 1.5 3.5 0 21 1.0 41 1.0 30 1.0 32 1.0 
32 2.5 3.5 0 22 1.0 42 1.0 31 1.0 33 1.0 
33 3.5 3.5 0 23 1.0 43 1.0 32 1.0 34 1.0 
34 4.5 3.5 0 24 1.0 44 1.0 33 1.0 35 1.0 
35 5.5 3.5 1 25 1.0 45 1.0 34 1.0 36 1.0 
36 6.5 3.5 1 26 1.0 46 1.0 35 1.0 37 1.0 
37 7.5 3.5 1 27 1.0 47 1.0 36 1.0 38 1.0 
38 8.5 3.5 1 28 1.0 48 1.0 37 1.0 39 1.0 
39 9.5 3.5 1 29 1.0 49 1.0 38 1.0 
40 0.5 4.5 0 30 1.0 50 1.0 41 1.0 
41 1.5 4.5 0 31 1.0 51 1.0 40 1.0 42 1.0 
42 2.5 4.5 0 32 1.0 52 1.0 41 1.0 43 1.0 
43 3.5 4.5 0 33 1.0 53 1.0 42 1.0 44 1.0 
44 4.5 4.5 0 34 1.0 54 1.0 43 1.0 45 1.0 
45 5.5 4.5 1 35 1.0 55 1.0 44 1.0 46 1.0 
46 6.5 4.5 1 36 1.0 56 1.0 45 1.0 47 1.0 
47 7.5 4.5 1 37 1.0 57 1.0 46 1.0 48 1.0 
48 8.5 4.5 1 38 1.0 58 1.0 47 1.0 49 1.0 
49 9.5 4.5 1 39 1.0 59 1.0 48 1.0 
50 0.5 5.5 1 40 1.0 60 1.0 51 1.0 
51 1.5 5.5 1 41 1.0 61 1.0 50 1.0 52 1.0 
52 2.5 5.5 1 42 1.0 62 1.0 51 1.0 53 1.0 
53 3.5 5.5 1 43 1.0 63 1.0 52 1.0 54 1.0 
54 4.5 5.5 1 44 1.0 64 1.0 53 1.0 55 1.0 
55 5.5 5.5 0 45 1.0 65 1.0 54 1.0 56 1.0 
56 6.5 5.5 0 46 1.0 66 1.0 55 1.0 57 1.0 
57 7.5 5.5 0 47 1.0 67 1.0 56 1.0 58 1.0 
58 8.5 5.5 0 48 1.0 68 1.0 57 1.0 59 1.0 
59 9.5 5.5 0 49 1.0 69 1.0 58 1.0 
60 0.5 6.5 1 50 1.0 70 1.0 61 1.0 
61 1.5 6.5 1 51 1.0 71 1.0 60 1.0 62 1.0 
62 2.5 6.5 1 52 1.0 72 1.0 61 1.0 63 1.0 
63 3.5 6.5 1 53 1.0 73 1.0 62 1.0 64 1.0 
64 4.5 6.5 1 54 1.0 74 1.0 63 1.0 65 1.0 
65 5.5 6.5 0 55 1.0 75 1.0 64 1.0 66 1.0 
66 6.5 6.5 0 56 1.0 76 1.0 65 1.0 67 1.0 
67 7.5 6.5 0 57 1.0 77 1.0 66 1.0 68 1.0 
68 8.5 6.5 0 58 1.0 78 1.0 67 1.0 69 1.0 
69 9.5 6.5 0 59 1.0 79 1.0 68 1.0 
70 0.5 7.5 1 60 1.0 80 1.0 71 1.0 
71 1.5 7.5 1 61 1.0 81 1.0 70 1.0 72 1.0 
72 2.5 7.5 1 62 1.0 82 1.0 71 1.0 73 1.0 
73 3.5 7.5 1 63 1.0 83 1.0 72 1.0 74 1.0 
74 4.5 7.5 1 64 1.0 84 1.0 73 1.0 75 1.0 
75 5.5 7.5 0 65 1.0 85 1.0 74 1.0 76 1.0 
76 6.5 7.5 0 66 1.0 86 1.0 75 1.0 77 1.0 
77 7.5 7.5 0 67 1.0 87 1.0 76 1.0 78 1.0 
78 8.5 7.5 0 68 1.0 88 1.0 77 1.0 79 1.0 
79 9.5 7.5 0 69 1.0 89 1.0 78 1.0 
80 0.5 8.5 1 70 1.0 90 1.0 81 1.0 
81 1.5 8.5 1 71 1.0 91 1.0 80 1.0 82 1.0 
82 2.5 8.5 1 72 1.0 92 1.0 81 1.0 83 1.0 
83 3.5 8.5 1 73 1.0 93 1.0 82 1.0 84 1.0 
84 4.5 8.5 1 74 1.0 94 1.0 83 1.0 85 1.0 
85 5.5 8.5 0 75 1.0 95 1.0 84 1.0 86 1.0 
86 6.5 8.5 0 76 1.0 96 1.0 85 1.0 87 1.0 
87 7.5 8.5 0 77 1.0 97 1.0 86 1.0 88 1.0 
88 8.5 8.5 0 78 1.0 98 1.0 87 1.0 89 1.0 
89 9.5 8.5 0 79 1.0 99 1.0 88 1.0 
90 0.5 9.5 1 80 1.0 91 1.0 
91 1.5 9.5 1 81 1.0 90 1.0 92 1.0 
92 2.5 9.5 1 82 1.0 91 1.0 93 1.0 
93 3.5 9.5 1 83 1.0 92 1.0 94 1.0 
94 4.5 9.5 1 84 1.0 93 1.0 95 1.0 
95 5.5 9.5 0 85 1.0 94 1.0 96 1.0 
96 6.5 9.5 0 86 1.0 95 1.0 97 1.0 
97 7.5 9.5 0 87 1.0 96 1.0 98 1.0 
98 8.5 9.5 0 88 1.0 97 1.0 99 1.0 
99 9.5 9.5 0 89 1.0 98 1.0 
END