0 0 0 0.212787
0 0 1 0.0910445
0 0 2 0.214981
0 0 3 0.0802357
0 1 0 0.216383
0 1 1 0.0642636
0 1 2 0.208181
0 1 3 0.0636675
0 2 0 0.224748
0 2 1 0.0701827
0 2 2 0.229311
0 2 3 0.0762611
0 3 0 0.219128
0 3 1 0.0769467
0 3 2 0.220415
0 3 3 0.0882091
0 4 0 0.181386
0 4 1 0.110981
0 4 2 0.182955
0 4 3 0.106509
0 5 0 0.115987
0 5 1 0.182801
0 5 2 0.110924
0 5 3 0.184437
0 6 0 0.0915082
0 6 1 0.215747
0 6 2 0.0898194
0 6 3 0.215565
0 7 0 0.0909776
0 7 1 0.224725
0 7 2 0.0831471
0 7 3 0.224928
0 8 0 0.0818741
0 8 1 0.23651
0 8 2 0.0828599
0 8 3 0.232385
0 9 0 0.0697134
0 9 1 0.232031
0 9 2 0.0689098
0 9 3 0.225755
0 10 0 0.221623
0 10 1 0.0805055
0 10 2 0.22
0 10 3 0.0688436
0 11 0 0.220853
0 11 1 0.0702227
0 11 2 0.21955
0 11 3 0.0775756
0 12 0 0.224608
0 12 1 0.0850937
0 12 2 0.22773
0 12 3 0.0784527
0 13 0 0.221068
0 13 1 0.0849819
0 13 2 0.227756
0 13 3 0.0920354
0 14 0 0.187664
0 14 1 0.103975
0 14 2 0.197974
0 14 3 0.106821
0 15 0 0.124877
0 15 1 0.193765
0 15 2 0.123413
0 15 3 0.180995
0 16 0 0.105353
0 16 1 0.224763
0 16 2 0.108209
0 16 3 0.21638
0 17 0 0.0876474
0 17 1 0.227115
0 17 2 0.0968045
0 17 3 0.226515
0 18 0 0.0875479
0 18 1 0.222876
0 18 2 0.104337
0 18 3 0.223529
0 19 0 0.0886813
0 19 1 0.224428
0 19 2 0.0959781
0 19 3 0.222015
0 20 0 0.218339
0 20 1 0.0854354
0 20 2 0.225436
0 20 3 0.0837325
0 21 0 0.221386
0 21 1 0.0727981
0 21 2 0.220831
0 21 3 0.082654
0 22 0 0.231388
0 22 1 0.0790355
0 22 2 0.22617
0 22 3 0.0746369
0 23 0 0.219618
0 23 1 0.0867048
0 23 2 0.220856
0 23 3 0.0966919
0 24 0 0.184666
0 24 1 0.11216
0 24 2 0.191993
0 24 3 0.129747
0 25 0 0.118379
0 25 1 0.185466
0 25 2 0.119887
0 25 3 0.181043
0 26 0 0.10019
0 26 1 0.204175
0 26 2 0.0910533
0 26 3 0.205106
0 27 0 0.0886914
0 27 1 0.217655
0 27 2 0.0878174
0 27 3 0.218666
0 28 0 0.0990684
0 28 1 0.216834
0 28 2 0.0900891
0 28 3 0.213133
0 29 0 0.085955
0 29 1 0.215175
0 29 2 0.0851292
0 29 3 0.221668
0 30 0 0.219668
0 30 1 0.0913511
0 30 2 0.216263
0 30 3 0.0845488
0 31 0 0.211092
0 31 1 0.0852658
0 31 2 0.217634
0 31 3 0.0852301
0 32 0 0.221751
0 32 1 0.093747
0 32 2 0.218838
0 32 3 0.0937226
0 33 0 0.219607
0 33 1 0.0900981
0 33 2 0.215678
0 33 3 0.0870687
0 34 0 0.184318
0 34 1 0.115042
0 34 2 0.179411
0 34 3 0.121131
0 35 0 0.123559
0 35 1 0.17344
0 35 2 0.120463
0 35 3 0.181828
0 36 0 0.10229
0 36 1 0.205916
0 36 2 0.0935265
0 36 3 0.21803
0 37 0 0.093505
0 37 1 0.2123
0 37 2 0.0848025
0 37 3 0.214512
0 38 0 0.111176
0 38 1 0.204634
0 38 2 0.100653
0 38 3 0.207156
0 39 0 0.0966491
0 39 1 0.211292
0 39 2 0.107356
0 39 3 0.209065
0 40 0 0.196077
0 40 1 0.116958
0 40 2 0.18598
0 40 3 0.117227
0 41 0 0.188665
0 41 1 0.128419
0 41 2 0.185138
0 41 3 0.126918
0 42 0 0.193388
0 42 1 0.124893
0 42 2 0.190438
0 42 3 0.12174
0 43 0 0.193006
0 43 1 0.119946
0 43 2 0.196227
0 43 3 0.114843
0 44 0 0.179706
0 44 1 0.143056
0 44 2 0.1835
0 44 3 0.138173
0 45 0 0.139024
0 45 1 0.181072
0 45 2 0.140876
0 45 3 0.18582
0 46 0 0.117507
0 46 1 0.19471
0 46 2 0.118868
0 46 3 0.197006
0 47 0 0.113477
0 47 1 0.195628
0 47 2 0.109053
0 47 3 0.193555
0 48 0 0.12592
0 48 1 0.182463
0 48 2 0.119684
0 48 3 0.18536
0 49 0 0.115874
0 49 1 0.176782
0 49 2 0.116235
0 49 3 0.178472
0 50 0 0.113946
0 50 1 0.185661
0 50 2 0.113821
0 50 3 0.196182
0 51 0 0.119662
0 51 1 0.183195
0 51 2 0.116028
0 51 3 0.195056
0 52 0 0.124514
0 52 1 0.183446
0 52 2 0.119598
0 52 3 0.191773
0 53 0 0.126477
0 53 1 0.193574
0 53 2 0.126902
0 53 3 0.18604
0 54 0 0.138813
0 54 1 0.178909
0 54 2 0.134005
0 54 3 0.168705
0 55 0 0.190287
0 55 1 0.130681
0 55 2 0.175762
0 55 3 0.132554
0 56 0 0.188304
0 56 1 0.118133
0 56 2 0.187109
0 56 3 0.116372
0 57 0 0.190988
0 57 1 0.120537
0 57 2 0.189769
0 57 3 0.130131
0 58 0 0.192283
0 58 1 0.119733
0 58 2 0.1951
0 58 3 0.119116
0 59 0 0.188079
0 59 1 0.11609
0 59 2 0.192196
0 59 3 0.116482
0 60 0 0.0777838
0 60 1 0.221365
0 60 2 0.0773571
0 60 3 0.224374
0 61 0 0.0930739
0 61 1 0.217437
0 61 2 0.087923
0 61 3 0.21851
0 62 0 0.104115
0 62 1 0.2103
0 62 2 0.0886459
0 62 3 0.21398
0 63 0 0.0983465
0 63 1 0.201159
0 63 2 0.112518
0 63 3 0.204518
0 64 0 0.116941
0 64 1 0.183668
0 64 2 0.126401
0 64 3 0.191011
0 65 0 0.191345
0 65 1 0.128234
0 65 2 0.190567
0 65 3 0.12951
0 66 0 0.208433
0 66 1 0.10037
0 66 2 0.206888
0 66 3 0.0912449
0 67 0 0.221741
0 67 1 0.0960377
0 67 2 0.20766
0 67 3 0.0985626
0 68 0 0.21564
0 68 1 0.10031
0 68 2 0.216412
0 68 3 0.0892537
0 69 0 0.218128
0 69 1 0.0988391
0 69 2 0.223905
0 69 3 0.101432
0 70 0 0.0888381
0 70 1 0.217601
0 70 2 0.0834627
0 70 3 0.218125
0 71 0 0.0858266
0 71 1 0.219997
0 71 2 0.0984254
0 71 3 0.226034
0 72 0 0.0986846
0 72 1 0.216742
0 72 2 0.0899317
0 72 3 0.21535
0 73 0 0.0921766
0 73 1 0.215782
0 73 2 0.082529
0 73 3 0.204748
0 74 0 0.116584
0 74 1 0.192784
0 74 2 0.112173
0 74 3 0.187419
0 75 0 0.19413
0 75 1 0.132801
0 75 2 0.183222
0 75 3 0.121385
0 76 0 0.212895
0 76 1 0.0926165
0 76 2 0.210529
0 76 3 0.0856328
0 77 0 0.223187
0 77 1 0.0702002
0 77 2 0.222951
0 77 3 0.0754273
0 78 0 0.225223
0 78 1 0.0929817
0 78 2 0.230948
0 78 3 0.0815
0 79 0 0.227815
0 79 1 0.0815291
0 79 2 0.23278
0 79 3 0.0806584
0 80 0 0.0932192
0 80 1 0.213545
0 80 2 0.0907878
0 80 3 0.217775
0 81 0 0.0942575
0 81 1 0.222211
0 81 2 0.0927995
0 81 3 0.221464
0 82 0 0.103614
0 82 1 0.216988
0 82 2 0.0846404
0 82 3 0.22485
0 83 0 0.096704
0 83 1 0.212245
0 83 2 0.0872867
0 83 3 0.212216
0 84 0 0.12842
0 84 1 0.182593
0 84 2 0.11312
0 84 3 0.181183
0 85 0 0.190243
0 85 1 0.131465
0 85 2 0.184597
0 85 3 0.118351
0 86 0 0.223475
0 86 1 0.0919015
0 86 2 0.218194
0 86 3 0.0817891
0 87 0 0.228799
0 87 1 0.0856324
0 87 2 0.223211
0 87 3 0.0830212
0 88 0 0.234934
0 88 1 0.0905952
0 88 2 0.237818
0 88 3 0.0967871
0 89 0 0.241126
0 89 1 0.0849689
0 89 2 0.243584
0 89 3 0.088813
0 90 0 0.0766796
0 90 1 0.225104
0 90 2 0.0822871
0 90 3 0.216778
0 91 0 0.0811971
0 91 1 0.230826
0 91 2 0.0921377
0 91 3 0.220344
0 92 0 0.079318
0 92 1 0.22599
0 92 2 0.0797302
0 92 3 0.223219
0 93 0 0.0754871
0 93 1 0.215872
0 93 2 0.0844921
0 93 3 0.216981
0 94 0 0.119334
0 94 1 0.185947
0 94 2 0.110838
0 94 3 0.181715
0 95 0 0.184769
0 95 1 0.109888
0 95 2 0.198183
0 95 3 0.113134
0 96 0 0.221645
0 96 1 0.0811828
0 96 2 0.216849
0 96 3 0.0862459
0 97 0 0.218219
0 97 1 0.0849023
0 97 2 0.217521
0 97 3 0.0853456
0 98 0 0.22417
0 98 1 0.0905597
0 98 2 0.227417
0 98 3 0.0923457
0 99 0 0.220242
0 99 1 0.0882534
0 99 2 0.226625
0 99 3 0.0876015
