37 5 1 1 0
37 5 1 2 0
37 5 1 3 0
37 5 2 1 0
37 5 2 2 0
37 5 2 3 0
37 5 3 1 0
37 5 3 2 0
37 5 3 3 0
37 5 4 1 0
37 5 4 2 0
37 5 4 3 0
37 5 5 1 0
37 5 5 2 0
37 5 5 3 0
37 5 6 1 0
37 5 6 2 0
37 5 6 3 0
37 5 7 1 0
37 5 7 2 0
37 5 7 3 0
37 5 8 1 0
37 5 8 2 0
37 5 8 3 0.0190476
37 5 9 1 0.00952381
37 5 9 2 0
37 5 9 3 0.0285714
37 5 10 1 0
37 5 10 2 0
37 5 10 3 0
37 5 11 1 0
37 5 11 2 0
37 5 11 3 0
37 5 12 1 0
37 5 12 2 0
37 5 12 3 0
37 5 13 1 0
37 5 13 2 0
37 5 13 3 0
37 5 14 1 0
37 5 14 2 0
37 5 14 3 0
37 5 15 1 0.0285714
37 5 15 2 0.00952381
37 5 15 3 0.0190476
37 5 16 1 0
37 5 16 2 0.0190476
37 5 16 3 0.0190476
37 5 17 1 0.0380952
37 5 17 2 0
37 5 17 3 0.0190476
37 5 18 1 0.0190476
37 5 18 2 0
37 5 18 3 0.0380952
37 5 19 1 0.0952381
37 5 19 2 0.00952381
37 5 19 3 0.047619
37 5 20 1 0.0285714
37 5 20 2 0
37 5 20 3 0.00952381
37 5 21 1 0.0761905
37 5 21 2 0.0190476
37 5 21 3 0.0285714
37 5 22 1 0
37 5 22 2 0
37 5 22 3 0
37 5 23 1 0.0190476
37 5 23 2 0.0285714
37 5 23 3 0.0380952
37 5 24 1 0.0190476
37 5 24 2 0.00952381
37 5 24 3 0.0285714
37 5 25 1 0.00952381
37 5 25 2 0
37 5 25 3 0.00952381
37 5 26 1 0.0190476
37 5 26 2 0
37 5 26 3 0
37 5 27 1 0.0666667
37 5 27 2 0.00952381
37 5 27 3 0.0571429
37 5 28 1 0.0761905
37 5 28 2 0.0190476
37 5 28 3 0.0190476
37 5 29 1 0.0190476
37 5 29 2 0
37 5 29 3 0
37 5 30 1 0.152381
37 5 30 2 0.0952381
37 5 30 3 0.219048
37 5 31 1 0
37 5 31 2 0
37 5 31 3 0
37 5 32 1 0
37 5 32 2 0
37 5 32 3 0
37 5 33 1 0.0285714
37 5 33 2 0.0285714
37 5 33 3 0.047619
37 5 34 1 0.0190476
37 5 34 2 0.0285714
37 5 34 3 0
37 5 35 1 0.0666667
37 5 35 2 0.0190476
37 5 35 3 0.0285714
37 5 36 1 0
37 5 36 2 0
37 5 36 3 0
37 5 37 1 0.047619
37 5 37 2 0.0190476
37 5 37 3 0.0761905
37 5 38 1 0.2
37 5 38 2 0.0666667
37 5 38 3 0.152381
37 5 39 1 0.0380952
37 5 39 2 0.0380952
37 5 39 3 0.0571429
37 5 40 1 0.2
37 5 40 2 0.0952381
37 5 40 3 0.2
37 5 41 1 0
37 5 41 2 0
37 5 41 3 0
37 5 42 1 0
37 5 42 2 0
37 5 42 3 0
37 5 43 1 0.047619
37 5 43 2 0.0190476
37 5 43 3 0.0190476
37 5 44 1 0.0952381
37 5 44 2 0.0571429
37 5 44 3 0.0666667
37 5 45 1 0.152381
37 5 45 2 0.0285714
37 5 45 3 0.104762
37 5 46 1 0.0380952
37 5 46 2 0.0190476
37 5 46 3 0.0380952
37 5 47 1 0.0285714
37 5 47 2 0.0190476
37 5 47 3 0.0380952
37 5 48 1 0.171429
37 5 48 2 0.0666667
37 5 48 3 0.12381
37 5 49 1 0.247619
37 5 49 2 0.0666667
37 5 49 3 0.171429
37 5 50 1 0.2
37 5 50 2 0.12381
37 5 50 3 0.180952
37 5 51 1 0
37 5 51 2 0
37 5 51 3 0
37 5 52 1 0
37 5 52 2 0
37 5 52 3 0
37 5 53 1 0
37 5 53 2 0.00952381
37 5 53 3 0.00952381
37 5 54 1 0
37 5 54 2 0.00952381
37 5 54 3 0.0285714
37 5 55 1 0.0952381
37 5 55 2 0
37 5 55 3 0.0285714
37 5 56 1 0.171429
37 5 56 2 0.0190476
37 5 56 3 0.0857143
37 5 57 1 0.0571429
37 5 57 2 0.0857143
37 5 57 3 0.0571429
37 5 58 1 0.266667
37 5 58 2 0.152381
37 5 58 3 0.27619
37 5 59 1 0.0666667
37 5 59 2 0.114286
37 5 59 3 0.0952381
37 5 60 1 0
37 5 60 2 0
37 5 60 3 0.00952381
37 5 61 1 0
37 5 61 2 0
37 5 61 3 0
37 5 62 1 0
37 5 62 2 0.00952381
37 5 62 3 0
37 5 63 1 0.0285714
37 5 63 2 0
37 5 63 3 0.00952381
37 5 64 1 0.0380952
37 5 64 2 0
37 5 64 3 0.0571429
37 5 65 1 0.152381
37 5 65 2 0.133333
37 5 65 3 0.161905
37 5 66 1 0.2
37 5 66 2 0.0857143
37 5 66 3 0.0952381
37 5 67 1 0.0380952
37 5 67 2 0.0380952
37 5 67 3 0.0285714
37 5 68 1 0
37 5 68 2 0
37 5 68 3 0
37 5 69 1 0
37 5 69 2 0
37 5 69 3 0
37 5 70 1 0
37 5 70 2 0
37 5 70 3 0
37 5 71 1 0.0666667
37 5 71 2 0.00952381
37 5 71 3 0.0571429
37 5 72 1 0.00952381
37 5 72 2 0
37 5 72 3 0.0190476
37 5 73 1 0.0666667
37 5 73 2 0
37 5 73 3 0.0190476
37 5 74 1 0.00952381
37 5 74 2 0
37 5 74 3 0
37 5 75 1 0
37 5 75 2 0
37 5 75 3 0
37 5 76 1 0
37 5 76 2 0
37 5 76 3 0
38 5 1 1 0
38 5 1 2 0
38 5 1 3 0
38 5 2 1 0
38 5 2 2 0
38 5 2 3 0.00952381
38 5 3 1 0
38 5 3 2 0
38 5 3 3 0
38 5 4 1 0
38 5 4 2 0
38 5 4 3 0
38 5 5 1 0
38 5 5 2 0
38 5 5 3 0
38 5 6 1 0
38 5 6 2 0
38 5 6 3 0
38 5 7 1 0
38 5 7 2 0
38 5 7 3 0
38 5 8 1 0
38 5 8 2 0
38 5 8 3 0.0190476
38 5 9 1 0.00952381
38 5 9 2 0.00952381
38 5 9 3 0.0285714
38 5 10 1 0
38 5 10 2 0
38 5 10 3 0
38 5 11 1 0
38 5 11 2 0
38 5 11 3 0
38 5 12 1 0
38 5 12 2 0
38 5 12 3 0
38 5 13 1 0
38 5 13 2 0
38 5 13 3 0
38 5 14 1 0
38 5 14 2 0
38 5 14 3 0
38 5 15 1 0.0285714
38 5 15 2 0.0285714
38 5 15 3 0.00952381
38 5 16 1 0
38 5 16 2 0
38 5 16 3 0
38 5 17 1 0.00952381
38 5 17 2 0.00952381
38 5 17 3 0.0190476
38 5 18 1 0.047619
38 5 18 2 0.0190476
38 5 18 3 0.047619
38 5 19 1 0.0761905
38 5 19 2 0.0285714
38 5 19 3 0.0666667
38 5 20 1 0.0285714
38 5 20 2 0.0285714
38 5 20 3 0.0190476
38 5 21 1 0.0380952
38 5 21 2 0.00952381
38 5 21 3 0.0761905
38 5 22 1 0
38 5 22 2 0
38 5 22 3 0
38 5 23 1 0.0190476
38 5 23 2 0.00952381
38 5 23 3 0.0380952
38 5 24 1 0.0380952
38 5 24 2 0
38 5 24 3 0.0190476
38 5 25 1 0
38 5 25 2 0
38 5 25 3 0
38 5 26 1 0
38 5 26 2 0
38 5 26 3 0.0190476
38 5 27 1 0.0571429
38 5 27 2 0.0190476
38 5 27 3 0.00952381
38 5 28 1 0.0761905
38 5 28 2 0.0380952
38 5 28 3 0.047619
38 5 29 1 0.0190476
38 5 29 2 0.00952381
38 5 29 3 0.00952381
38 5 30 1 0.219048
38 5 30 2 0.0857143
38 5 30 3 0.171429
38 5 31 1 0
38 5 31 2 0
38 5 31 3 0
38 5 32 1 0
38 5 32 2 0
38 5 32 3 0
38 5 33 1 0.0190476
38 5 33 2 0.00952381
38 5 33 3 0.0380952
38 5 34 1 0.0380952
38 5 34 2 0.0190476
38 5 34 3 0.047619
38 5 35 1 0.0666667
38 5 35 2 0.0285714
38 5 35 3 0.0380952
38 5 36 1 0
38 5 36 2 0
38 5 36 3 0
38 5 37 1 0.0285714
38 5 37 2 0.0190476
38 5 37 3 0.00952381
38 5 38 1 0.152381
38 5 38 2 0.047619
38 5 38 3 0.0952381
38 5 39 1 0.104762
38 5 39 2 0.0380952
38 5 39 3 0.0952381
38 5 40 1 0.180952
38 5 40 2 0.0761905
38 5 40 3 0.12381
38 5 41 1 0
38 5 41 2 0
38 5 41 3 0
38 5 42 1 0
38 5 42 2 0
38 5 42 3 0
38 5 43 1 0.0571429
38 5 43 2 0.0190476
38 5 43 3 0.0571429
38 5 44 1 0.0952381
38 5 44 2 0.0190476
38 5 44 3 0.0857143
38 5 45 1 0.161905
38 5 45 2 0.0761905
38 5 45 3 0.0952381
38 5 46 1 0.047619
38 5 46 2 0.0190476
38 5 46 3 0.0761905
38 5 47 1 0.0285714
38 5 47 2 0
38 5 47 3 0
38 5 48 1 0.114286
38 5 48 2 0.047619
38 5 48 3 0.114286
38 5 49 1 0.2
38 5 49 2 0.104762
38 5 49 3 0.161905
38 5 50 1 0.209524
38 5 50 2 0.0666667
38 5 50 3 0.2
38 5 51 1 0
38 5 51 2 0
38 5 51 3 0
38 5 52 1 0
38 5 52 2 0
38 5 52 3 0
38 5 53 1 0
38 5 53 2 0.00952381
38 5 53 3 0
38 5 54 1 0.0190476
38 5 54 2 0
38 5 54 3 0
38 5 55 1 0.0380952
38 5 55 2 0.00952381
38 5 55 3 0.0190476
38 5 56 1 0.180952
38 5 56 2 0.0666667
38 5 56 3 0.104762
38 5 57 1 0.0285714
38 5 57 2 0.0761905
38 5 57 3 0.0285714
38 5 58 1 0.266667
38 5 58 2 0.104762
38 5 58 3 0.152381
38 5 59 1 0.171429
38 5 59 2 0.0761905
38 5 59 3 0.161905
38 5 60 1 0.00952381
38 5 60 2 0
38 5 60 3 0
38 5 61 1 0
38 5 61 2 0
38 5 61 3 0
38 5 62 1 0
38 5 62 2 0
38 5 62 3 0
38 5 63 1 0.00952381
38 5 63 2 0
38 5 63 3 0
38 5 64 1 0.0571429
38 5 64 2 0.0571429
38 5 64 3 0.0285714
38 5 65 1 0.190476
38 5 65 2 0.0857143
38 5 65 3 0.152381
38 5 66 1 0.0666667
38 5 66 2 0.0666667
38 5 66 3 0.104762
38 5 67 1 0.0380952
38 5 67 2 0.00952381
38 5 67 3 0.0190476
38 5 68 1 0
38 5 68 2 0
38 5 68 3 0
38 5 69 1 0
38 5 69 2 0
38 5 69 3 0
38 5 70 1 0
38 5 70 2 0
38 5 70 3 0
38 5 71 1 0.0571429
38 5 71 2 0.0190476
38 5 71 3 0.047619
38 5 72 1 0
38 5 72 2 0
38 5 72 3 0.00952381
38 5 73 1 0.0571429
38 5 73 2 0.0285714
38 5 73 3 0.047619
38 5 74 1 0
38 5 74 2 0
38 5 74 3 0
38 5 75 1 0
38 5 75 2 0
38 5 75 3 0
38 5 76 1 0
38 5 76 2 0
38 5 76 3 0
39 5 1 1 0
39 5 1 2 0
39 5 1 3 0
39 5 2 1 0.00952381
39 5 2 2 0
39 5 2 3 0
39 5 3 1 0
39 5 3 2 0
39 5 3 3 0
39 5 4 1 0
39 5 4 2 0
39 5 4 3 0
39 5 5 1 0
39 5 5 2 0
39 5 5 3 0
39 5 6 1 0
39 5 6 2 0
39 5 6 3 0
39 5 7 1 0
39 5 7 2 0
39 5 7 3 0
39 5 8 1 0.00952381
39 5 8 2 0
39 5 8 3 0
39 5 9 1 0.0285714
39 5 9 2 0
39 5 9 3 0.0190476
39 5 10 1 0
39 5 10 2 0
39 5 10 3 0
39 5 11 1 0
39 5 11 2 0
39 5 11 3 0
39 5 12 1 0
39 5 12 2 0
39 5 12 3 0
39 5 13 1 0
39 5 13 2 0
39 5 13 3 0
39 5 14 1 0
39 5 14 2 0
39 5 14 3 0
39 5 15 1 0.00952381
39 5 15 2 0
39 5 15 3 0.0285714
39 5 16 1 0
39 5 16 2 0
39 5 16 3 0.00952381
39 5 17 1 0.0190476
39 5 17 2 0.00952381
39 5 17 3 0.0285714
39 5 18 1 0.0285714
39 5 18 2 0
39 5 18 3 0.0380952
39 5 19 1 0.0571429
39 5 19 2 0.0190476
39 5 19 3 0.0285714
39 5 20 1 0.0190476
39 5 20 2 0
39 5 20 3 0.00952381
39 5 21 1 0.0571429
39 5 21 2 0.00952381
39 5 21 3 0.0761905
39 5 22 1 0
39 5 22 2 0
39 5 22 3 0
39 5 23 1 0.0380952
39 5 23 2 0.047619
39 5 23 3 0.0190476
39 5 24 1 0.0285714
39 5 24 2 0.0190476
39 5 24 3 0.047619
39 5 25 1 0
39 5 25 2 0.00952381
39 5 25 3 0
39 5 26 1 0
39 5 26 2 0.00952381
39 5 26 3 0
39 5 27 1 0.0380952
39 5 27 2 0.0285714
39 5 27 3 0.0666667
39 5 28 1 0.0666667
39 5 28 2 0
39 5 28 3 0.0190476
39 5 29 1 0.0285714
39 5 29 2 0.00952381
39 5 29 3 0.00952381
39 5 30 1 0.161905
39 5 30 2 0.114286
39 5 30 3 0.152381
39 5 31 1 0
39 5 31 2 0
39 5 31 3 0
39 5 32 1 0
39 5 32 2 0
39 5 32 3 0
39 5 33 1 0.0571429
39 5 33 2 0.0380952
39 5 33 3 0.0285714
39 5 34 1 0.0666667
39 5 34 2 0.00952381
39 5 34 3 0.047619
39 5 35 1 0.0190476
39 5 35 2 0.00952381
39 5 35 3 0.0190476
39 5 36 1 0
39 5 36 2 0
39 5 36 3 0
39 5 37 1 0.0571429
39 5 37 2 0.00952381
39 5 37 3 0.0857143
39 5 38 1 0.133333
39 5 38 2 0.0666667
39 5 38 3 0.142857
39 5 39 1 0.047619
39 5 39 2 0.0571429
39 5 39 3 0.0666667
39 5 40 1 0.209524
39 5 40 2 0.104762
39 5 40 3 0.114286
39 5 41 1 0.00952381
39 5 41 2 0
39 5 41 3 0
39 5 42 1 0
39 5 42 2 0
39 5 42 3 0
39 5 43 1 0.0285714
39 5 43 2 0.00952381
39 5 43 3 0.0380952
39 5 44 1 0.133333
39 5 44 2 0.0190476
39 5 44 3 0.0666667
39 5 45 1 0.0952381
39 5 45 2 0.0857143
39 5 45 3 0.104762
39 5 46 1 0.0285714
39 5 46 2 0.00952381
39 5 46 3 0.0380952
39 5 47 1 0.0952381
39 5 47 2 0.047619
39 5 47 3 0.0666667
39 5 48 1 0.142857
39 5 48 2 0.0666667
39 5 48 3 0.0952381
39 5 49 1 0.190476
39 5 49 2 0.142857
39 5 49 3 0.133333
39 5 50 1 0.285714
39 5 50 2 0.12381
39 5 50 3 0.161905
39 5 51 1 0
39 5 51 2 0
39 5 51 3 0
39 5 52 1 0
39 5 52 2 0
39 5 52 3 0
39 5 53 1 0.00952381
39 5 53 2 0
39 5 53 3 0
39 5 54 1 0.0190476
39 5 54 2 0
39 5 54 3 0
39 5 55 1 0.0761905
39 5 55 2 0.0571429
39 5 55 3 0.0380952
39 5 56 1 0.0857143
39 5 56 2 0.0380952
39 5 56 3 0.190476
39 5 57 1 0.0952381
39 5 57 2 0.047619
39 5 57 3 0.0380952
39 5 58 1 0.161905
39 5 58 2 0.114286
39 5 58 3 0.266667
39 5 59 1 0.190476
39 5 59 2 0.047619
39 5 59 3 0.114286
39 5 60 1 0.0285714
39 5 60 2 0
39 5 60 3 0
39 5 61 1 0
39 5 61 2 0
39 5 61 3 0
39 5 62 1 0.0190476
39 5 62 2 0.00952381
39 5 62 3 0
39 5 63 1 0.00952381
39 5 63 2 0
39 5 63 3 0.00952381
39 5 64 1 0.0190476
39 5 64 2 0.0190476
39 5 64 3 0.0666667
39 5 65 1 0.152381
39 5 65 2 0.104762
39 5 65 3 0.142857
39 5 66 1 0.133333
39 5 66 2 0.114286
39 5 66 3 0.104762
39 5 67 1 0.0190476
39 5 67 2 0
39 5 67 3 0.0190476
39 5 68 1 0
39 5 68 2 0
39 5 68 3 0
39 5 69 1 0
39 5 69 2 0
39 5 69 3 0
39 5 70 1 0
39 5 70 2 0
39 5 70 3 0
39 5 71 1 0.0380952
39 5 71 2 0.047619
39 5 71 3 0.0285714
39 5 72 1 0.00952381
39 5 72 2 0
39 5 72 3 0.0285714
39 5 73 1 0.0857143
39 5 73 2 0.0380952
39 5 73 3 0.0285714
39 5 74 1 0
39 5 74 2 0
39 5 74 3 0
39 5 75 1 0
39 5 75 2 0
39 5 75 3 0
39 5 76 1 0
39 5 76 2 0
39 5 76 3 0
40 5 1 1 0
40 5 1 2 0
40 5 1 3 0
40 5 2 1 0
40 5 2 2 0
40 5 2 3 0
40 5 3 1 0
40 5 3 2 0
40 5 3 3 0
40 5 4 1 0
40 5 4 2 0
40 5 4 3 0
40 5 5 1 0
40 5 5 2 0
40 5 5 3 0
40 5 6 1 0
40 5 6 2 0
40 5 6 3 0
40 5 7 1 0
40 5 7 2 0
40 5 7 3 0
40 5 8 1 0
40 5 8 2 0
40 5 8 3 0
40 5 9 1 0.0380952
40 5 9 2 0.0285714
40 5 9 3 0.047619
40 5 10 1 0
40 5 10 2 0
40 5 10 3 0
40 5 11 1 0
40 5 11 2 0
40 5 11 3 0
40 5 12 1 0
40 5 12 2 0
40 5 12 3 0
40 5 13 1 0
40 5 13 2 0
40 5 13 3 0
40 5 14 1 0
40 5 14 2 0
40 5 14 3 0
40 5 15 1 0.00952381
40 5 15 2 0
40 5 15 3 0.0285714
40 5 16 1 0.0190476
40 5 16 2 0
40 5 16 3 0.00952381
40 5 17 1 0.0190476
40 5 17 2 0
40 5 17 3 0.0190476
40 5 18 1 0.0190476
40 5 18 2 0.00952381
40 5 18 3 0.0571429
40 5 19 1 0.0571429
40 5 19 2 0.0190476
40 5 19 3 0.0380952
40 5 20 1 0.00952381
40 5 20 2 0.0190476
40 5 20 3 0.00952381
40 5 21 1 0.0380952
40 5 21 2 0.00952381
40 5 21 3 0.0285714
40 5 22 1 0
40 5 22 2 0
40 5 22 3 0
40 5 23 1 0.0857143
40 5 23 2 0.00952381
40 5 23 3 0.0380952
40 5 24 1 0.0285714
40 5 24 2 0.00952381
40 5 24 3 0.0285714
40 5 25 1 0.0285714
40 5 25 2 0
40 5 25 3 0.00952381
40 5 26 1 0.0190476
40 5 26 2 0.00952381
40 5 26 3 0.0190476
40 5 27 1 0.0571429
40 5 27 2 0
40 5 27 3 0.0571429
40 5 28 1 0.0190476
40 5 28 2 0.0285714
40 5 28 3 0.0190476
40 5 29 1 0.0190476
40 5 29 2 0.00952381
40 5 29 3 0.0285714
40 5 30 1 0.133333
40 5 30 2 0.0380952
40 5 30 3 0.12381
40 5 31 1 0
40 5 31 2 0
40 5 31 3 0
40 5 32 1 0
40 5 32 2 0
40 5 32 3 0
40 5 33 1 0.0666667
40 5 33 2 0.00952381
40 5 33 3 0
40 5 34 1 0.047619
40 5 34 2 0
40 5 34 3 0.0190476
40 5 35 1 0.0666667
40 5 35 2 0.0380952
40 5 35 3 0.0285714
40 5 36 1 0
40 5 36 2 0
40 5 36 3 0
40 5 37 1 0.0666667
40 5 37 2 0.00952381
40 5 37 3 0.0285714
40 5 38 1 0.114286
40 5 38 2 0.0285714
40 5 38 3 0.104762
40 5 39 1 0.133333
40 5 39 2 0.0571429
40 5 39 3 0.047619
40 5 40 1 0.2
40 5 40 2 0.047619
40 5 40 3 0.133333
40 5 41 1 0
40 5 41 2 0
40 5 41 3 0
40 5 42 1 0
40 5 42 2 0
40 5 42 3 0
40 5 43 1 0.00952381
40 5 43 2 0.0190476
40 5 43 3 0.0190476
40 5 44 1 0.0857143
40 5 44 2 0.0190476
40 5 44 3 0.0857143
40 5 45 1 0.161905
40 5 45 2 0.047619
40 5 45 3 0.0952381
40 5 46 1 0.0285714
40 5 46 2 0.00952381
40 5 46 3 0.0571429
40 5 47 1 0.104762
40 5 47 2 0.047619
40 5 47 3 0.0571429
40 5 48 1 0.0857143
40 5 48 2 0.0285714
40 5 48 3 0.104762
40 5 49 1 0.180952
40 5 49 2 0.12381
40 5 49 3 0.247619
40 5 50 1 0.304762
40 5 50 2 0.142857
40 5 50 3 0.12381
40 5 51 1 0
40 5 51 2 0
40 5 51 3 0
40 5 52 1 0
40 5 52 2 0
40 5 52 3 0
40 5 53 1 0
40 5 53 2 0
40 5 53 3 0
40 5 54 1 0.00952381
40 5 54 2 0.00952381
40 5 54 3 0
40 5 55 1 0.0571429
40 5 55 2 0
40 5 55 3 0.0666667
40 5 56 1 0.104762
40 5 56 2 0.0380952
40 5 56 3 0.0761905
40 5 57 1 0.0571429
40 5 57 2 0.0285714
40 5 57 3 0.0666667
40 5 58 1 0.314286
40 5 58 2 0.114286
40 5 58 3 0.171429
40 5 59 1 0.133333
40 5 59 2 0.0285714
40 5 59 3 0.142857
40 5 60 1 0
40 5 60 2 0
40 5 60 3 0.00952381
40 5 61 1 0
40 5 61 2 0
40 5 61 3 0
40 5 62 1 0.00952381
40 5 62 2 0
40 5 62 3 0
40 5 63 1 0
40 5 63 2 0
40 5 63 3 0.0190476
40 5 64 1 0.047619
40 5 64 2 0.0571429
40 5 64 3 0.0952381
40 5 65 1 0.190476
40 5 65 2 0.0380952
40 5 65 3 0.180952
40 5 66 1 0.2
40 5 66 2 0.0666667
40 5 66 3 0.133333
40 5 67 1 0.00952381
40 5 67 2 0
40 5 67 3 0.00952381
40 5 68 1 0
40 5 68 2 0
40 5 68 3 0
40 5 69 1 0
40 5 69 2 0
40 5 69 3 0
40 5 70 1 0
40 5 70 2 0.00952381
40 5 70 3 0.00952381
40 5 71 1 0.0857143
40 5 71 2 0.0380952
40 5 71 3 0.0571429
40 5 72 1 0
40 5 72 2 0
40 5 72 3 0
40 5 73 1 0.047619
40 5 73 2 0.0380952
40 5 73 3 0.0285714
40 5 74 1 0.00952381
40 5 74 2 0
40 5 74 3 0
40 5 75 1 0
40 5 75 2 0
40 5 75 3 0
40 5 76 1 0
40 5 76 2 0
40 5 76 3 0