0 -23.053520639697904 -43.5861736217029 0 0.107810221481208 0.0 0.0 0.0 0.0 1 0.0230209924548106 6 0.013764964811357373 7 0.07335577208788972 5 0.07339699357584023
1 -23.063065576394266 -43.56522462943437 0 5.701343273935873 0.155289323079178 0.0 0.596825473156181 0.0 2 0.05487667914829314 0 0.0230209924548106 7 0.061266585212444324 8 0.10790973909791186 6 0.03675862490429063
2 -23.06336602811669 -43.51034877278404 0 0.153114560142754 0.0 0.0 0.0 0.0 1 0.05487667914829314 8 0.059461895182790284 9 0.07982748891324368 7 0.042906822121291814
3 -23.08173661079648 -43.20825061548092 0 0.410491228227951 0.0 0.0 0.0 0.0 4 0.06750591588599902 12 0.0557346012210105 11 0.10881909176547251
4 -23.06215632428743 -43.14364673742526 0 0.208027028039473 0.007516340981292 0.0 0.0 0.0 3 0.06750591588599902 12 0.06808231987401799
5 -23.040192085617434 -43.65835026828679 0 1.380982578693975 0.0 0.0 0.0 0.0 6 0.060510224810063615 13 0.06013185588150649 14 0.05411643829807388 0 0.07339699357584023
6 -23.046834668695027 -43.59820574736741 0 17.324662132234263 0.076182589571176 0.0 0.0 0.0 7 0.082053637672811 5 0.060510224810063615 14 0.05805123566879419 0 0.013764964811357373 15 0.04890204409452815 1 0.03675862490429063 13 0.10848671538270964
7 -23.021589478861536 -43.520132193294266 0 24.21590160137763 0.175131334122739 0.0 1.511096325396362 0.012812213979893 8 0.05664203535036962 6 0.082053637672811 15 0.04419831630819608 1 0.061266585212444324 16 0.06400534190488699 2 0.042906822121291814 14 0.10956239172391083 0 0.07335577208788972
8 -23.026489937904145 -43.463702540895866 0 6.214037653380044 0.499785396096715 0.0 5.201751635939629 0.259900880753539 9 0.021876155709525093 7 0.05664203535036962 16 0.017804664696410403 2 0.059461895182790284 17 0.07199743545381092 15 0.10066005962692158 1 0.10790973909791186
9 -23.021441121486973 -43.44241696734444 0 0.632285534220247 0.001048031436893 0.0 0.013357385950555 0.0 10 0.1375929031859732 8 0.021876155709525093 17 0.0504093902151847 18 0.0978201068485649 16 0.01874587338973316 2 0.07982748891324368
10 -23.03732330669401 -43.30574376880064 0 0.045578147676713 0.0 0.0 0.0 0.0 11 0.02322308313712198 9 0.1375929031859732 18 0.05623079699798075 19 0.0791051465779023 17 0.09796192362483461
11 -23.016541845821187 -43.29537832262669 0 0.077352339775375 0.000709655300176 0.0 0.018188321105571 0.0 12 0.09431025808752394 10 0.02322308313712198 19 0.06053958251425035 20 0.0889995161545944 3 0.10881909176547251 18 0.05456963708820452
12 -23.026402043349364 -43.20158492581625 0 0.283550681859319 0.0 0.0 0.0 0.0 11 0.09431025808752394 20 0.04158403097966143 3 0.0557346012210105 4 0.06808231987401799 19 0.04828137165746728
13 -22.989094845782247 -43.6900506180164 0 0.535003270428063 0.011543984963787 0.0 0.288161777853911 0.0 14 0.06372644356802992 22 0.020779042451652328 5 0.06013185588150649 23 0.083891947834352 6 0.10848671538270964 21 0.04954192357520239
14 -22.996274632057695 -43.626729924093574 0 15.840160644532041 0.414093161922956 0.0 4.789614606172969 0.452745473180612 15 0.06538911059310967 13 0.06372644356802992 23 0.03269789611156586 6 0.05805123566879419 24 0.06415855276918135 7 0.10956239172391083 22 0.07532182712653139 5 0.05411643829807388
15 -23.0124986779609 -43.56338549956632 0 21.969355115967304 0.731638302642293 0.240437556806771 3.471985833833334 0.250781126697183 16 0.10621635739813542 14 0.06538911059310967 24 0.05509115910015766 7 0.04419831630819608 25 0.1063208986464393 8 0.10066005962692158 23 0.06267680198742759 6 0.04890204409452815
16 -23.00991494219974 -43.45720057178255 0 17.79083460533603 1.233213080383058 0.006243248905336 7.097557858020052 0.536349143302403 17 0.061378424016771946 15 0.10621635739813542 25 0.02875205328755892 8 0.017804664696410403 26 0.06140308721659045 9 0.01874587338973316 24 0.12830331003135836 7 0.06400534190488699
17 -23.00054839705208 -43.3965410402415 0 13.062805875069536 3.095023365274043 0.051493345885075 8.940887770765144 0.08080351391479 18 0.04941505299684763 16 0.061378424016771946 26 0.037563988766379335 9 0.0504093902151847 27 0.07169369366640223 10 0.09796192362483461 25 0.0678627378687017 8 0.07199743545381092
18 -22.9992701118887 -43.34714252356618 0 9.399554425633443 4.619800018824922 0.0 9.008180721506838 0.356211549009188 19 0.10857577048627119 17 0.04941505299684763 27 0.03558548407340424 10 0.05623079699798075 28 0.11294316497208658 11 0.05456963708820452 26 0.07366291978051118 9 0.0978201068485649
19 -22.995443340700163 -43.23863421163129 0 12.276462607001264 0.694812546581698 0.0 3.57837124584401 1.360510991290471 20 0.028464124044721376 18 0.10857577048627119 28 0.02814649942625891 11 0.06053958251425035 29 0.03468410613577006 12 0.04828137165746728 27 0.09921161684680148 10 0.0791051465779023
20 -22.98608056987289 -43.211754016690236 3 0.375976131834284 0.309373785560789 0.0 2.751345442196047 0.059897627483201 19 0.028464124044721376 29 0.023701255492802085 12 0.04158403097966143 30 0.056061449721652376 28 0.03294447567091862 11 0.0889995161545944
21 -22.95701451133018 -43.727803158765 0 0.52001298953286 0.0 0.0 0.0 0.0 22 0.033116610153275994 31 0.04352713092678666 32 0.04959311449609451 13 0.04954192357520239
22 -22.969569365182025 -43.69715865660225 0 10.960696550506249 0.520414748796752 0.0 9.85229785134528 0.365139994381572 23 0.08857759439660481 21 0.033116610153275994 32 0.03652605402240615 13 0.020779042451652328 33 0.07459818831926783 14 0.07532182712653139 31 0.07497228980423805
23 -22.969074975796616 -43.608582441915544 0 16.96640682816914 0.643171483374024 0.030767845168333 8.533383118136141 0.490468661099262 24 0.03537211462308083 22 0.08857759439660481 33 0.046340848252840516 14 0.03269789611156586 34 0.09877053708267941 15 0.06267680198742759 32 0.08138264511547426 13 0.083891947834352
24 -22.95860219578671 -43.57479624100789 0 23.636157827060302 0.260182032022986 0.027785449763659 2.07931752206584 0.660755105034101 25 0.11541363848815311 23 0.03537211462308083 34 0.06409306945432353 15 0.05509115910015766 35 0.07123140789148016 16 0.12830331003135836 33 0.06548422700441768 14 0.06415855276918135
25 -22.981513915039372 -43.461679659243934 0 23.345540253800685 0.423635335865461 0.00283337668536 2.777828108587797 0.114360861007575 26 0.050491052188099225 24 0.11541363848815311 35 0.07900140053460186 16 0.02875205328755892 36 0.09174148401230041 17 0.0678627378687017 34 0.08110623824637155 15 0.1063208986464393
26 -22.966947733707425 -43.413335345074984 0 17.056004480400155 3.464859405116306 0.441548369771616 5.086267365900049 0.615518314758768 27 0.07983663976771052 25 0.050491052188099225 36 0.04489342091221639 17 0.037563988766379335 37 0.06724107154802648 18 0.07366291978051118 35 0.10992969189987328 16 0.06140308721659045
27 -22.966403357536404 -43.333500561277546 0 17.20685379468563 1.73160894815955 0.748555697386387 5.671117654073296 1.306061841642037 28 0.09468542114192503 26 0.07983663976771052 37 0.03993622614940575 18 0.03558548407340424 38 0.09741109573468235 19 0.09921161684680148 36 0.06009941388809682 17 0.07169369366640223
28 -22.967297450246196 -43.2388193615859 0 24.547789193826873 0.162806057584323 0.009285549595915 1.580177138071211 0.364139996868562 29 0.016707799058835744 27 0.09468542114192503 38 0.035667237225395235 19 0.02814649942625891 39 0.07033245728610074 20 0.03294447567091862 37 0.1214568320735877 18 0.11294316497208658
29 -22.964850708767624 -43.22229168765617 0 11.632711074797891 2.681186212604675 0.0 8.028303596232204 0.427249429624516 30 0.05898214364343273 28 0.016707799058835744 39 0.05528671426607945 20 0.023701255492802085 40 0.07672220399048352 38 0.03869443184328504 19 0.03468410613577006
30 -22.956979849189324 -43.163837065612455 0 1.163266682641708 0.037312341786404 0.0 0.032469791349695 0.0 29 0.05898214364343273 40 0.04139960027453191 39 0.029852189127050306 20 0.056061449721652376
31 -22.925450563318364 -43.75777528435904 0 14.520488441809622 0.156421162134587 1.736595382928031 0.0 0.0 32 0.07559359532916898 41 0.033206561412753424 21 0.04352713092678666 42 0.04386467557040463 22 0.07497228980423805
32 -22.9359360794632 -43.682912439062015 0 12.853082000732893 2.368079570137966 0.064478234756002 10.932315866537994 0.44624226378202 33 0.04944871304464526 31 0.07559359532916898 42 0.04735045953012655 22 0.03652605402240615 43 0.09542913730614819 23 0.08138264511547426 41 0.06016927193529849 21 0.04959311449609451
33 -22.930195111070155 -43.633798118302366 0 16.02216649772767 1.072727130795078 0.181084843398007 7.606280494070059 1.781938969956065 34 0.11382930173173257 32 0.04944871304464526 43 0.049015186113758526 23 0.046340848252840516 44 0.07965318129958979 24 0.06548422700441768 42 0.08870064607931036 22 0.07459818831926783
34 -22.92522935975509 -43.520077182469905 0 16.156811564384462 0.698161837439738 0.687024831573901 8.641869581962677 0.480330120586098 35 0.007161407627918962 33 0.11382930173173257 44 0.04616132687645335 24 0.06409306945432353 45 0.04992834038959615 25 0.08110623824637155 43 0.07725596093501252 23 0.09877053708267941
35 -22.92203074720672 -43.51366979322165 0 26.30465739114032 0.0 0.0 0.349273454928444 0.010267089878128 36 0.1305104326179203 34 0.007161407627918962 45 0.04296999599514057 25 0.07900140053460186 46 0.11912677759521395 26 0.10992969189987328 44 0.05035077383413188 24 0.07123140789148016
36 -22.933274607747833 -43.383644608652475 0 17.497886088339605 0.734596254109735 0.748210427500066 6.76888144017173 0.914623725825764 37 0.02832675152016266 35 0.1305104326179203 46 0.03589344018055677 26 0.04489342091221639 47 0.046033931617425645 27 0.06009941388809682 45 0.1054568286688788 25 0.09174148401230041
37 -22.932954459005714 -43.35531966634948 3 11.621374838006032 0.978419531584056 0.33486561640036 13.136062276431973 0.593475673524478 38 0.11288808811341648 36 0.02832675152016266 47 0.03380280687765412 27 0.03993622614940575 48 0.11113742813499522 28 0.1214568320735877 46 0.0529633394097889 26 0.06724107154802648
38 -22.931814185696236 -43.2424373372865 0 17.0458516022073 0.877238037473565 0.0 6.875681520730565 1.865426775535401 39 0.06387458505020269 37 0.11288808811341648 48 0.034061795492211826 28 0.035667237225395235 49 0.04849583306097254 29 0.03869443184328504 47 0.11489865636350384 27 0.09741109573468235
39 -22.93101525471009 -43.17856774886905 3 8.917685680084798 2.05717166351574 0.0 11.47207077634043 1.652556241924536 40 0.021583471753427716 38 0.06387458505020269 49 0.044008490221552 29 0.05528671426607945 50 0.02660947514475525 30 0.029852189127050306 48 0.07815554461684375 28 0.07033245728610074
40 -22.9155817928655 -43.16347952470507 0 0.258910476946641 0.247162600872694 0.0 0.126219154305213 0.0 39 0.021583471753427716 50 0.006366227822441539 30 0.04139960027453191 49 0.047559035429795 29 0.07672220399048352
41 -22.90302627411029 -43.733283919056724 0 12.852965925370755 0.2162298087093 8.014609778185665 0.244640775763351 0.040755554088453 42 0.01454997750172131 51 0.01874462971872092 31 0.033206561412753424 52 0.07378588514835335 32 0.06016927193529849
42 -22.905151663318996 -43.71889001180358 0 15.959624836018353 1.519351239265091 0.94042312358288 7.013944224710631 1.230854512369941 43 0.1251896101761947 41 0.01454997750172131 52 0.060860085510770365 32 0.04735045953012655 53 0.11659496295276794 33 0.08870064607931036 51 0.025306053354846623 31 0.04386467557040463
43 -22.90194710909458 -43.59374142280518 3 10.928138361247978 1.136122430590726 0.32418354579328 12.072166982872217 2.203586615442755 44 0.03418381294372298 42 0.1251896101761947 53 0.03690961348448279 33 0.049015186113758526 54 0.04964787859592097 34 0.07725596093501252 52 0.07141037387899822 32 0.09542913730614819
44 -22.90131894060645 -43.5595633820228 3 7.342906868366682 2.067162898947928 0.132212918860423 16.475470125418333 0.646445124353532 45 0.07855210430439237 43 0.03418381294372298 54 0.03355786457380341 34 0.04616132687645335 55 0.09882325441356032 35 0.05035077383413188 53 0.05905218382823104 33 0.07965318129958979
45 -22.893674903194484 -43.48138408947872 0 19.446855851393014 0.406798756605224 0.0 6.02630202660748 0.784241301341182 46 0.08497302124483704 44 0.07855210430439237 55 0.030222987193909312 35 0.04296999599514057 56 0.0765422897040831 36 0.1054568286688788 54 0.08056790636290882 34 0.04992834038959615
46 -22.899813612588773 -43.396633097824065 0 15.20508822020535 1.342497129398163 0.009756125234612 9.332142079980548 0.774714381128201 47 0.044009131870899394 45 0.08497302124483704 56 0.03589197068855299 36 0.03589344018055677 57 0.05596717986718909 37 0.0529633394097889 55 0.0773965821259814 35 0.11912677759521395
47 -22.899259032317364 -43.35262746035848 0 11.577604504726226 1.160991718025365 0.015570147879486 11.439576634303297 2.470454931012521 48 0.1029802899711958 46 0.044009131870899394 57 0.033520676605067135 37 0.03380280687765412 58 0.1096046293793265 38 0.11489865636350384 56 0.06596384133599838 36 0.046033931617425645
48 -22.898524750986493 -43.2496497882471 3 2.518424388238381 2.758654295255956 1.489632235685889 17.854379506323212 2.043107510443569 49 0.0419821269860885 47 0.1029802899711958 58 0.033518107667450676 38 0.034061795492211826 59 0.04884981473756011 39 0.07815554461684375 57 0.10769461717563637 37 0.11113742813499522
49 -22.898003829415494 -43.207670893228375 1 0.599859023304151 9.825324937557118 0.783002519797447 6.316449922778305 0.635041550468302 50 0.04576090298390605 48 0.0419821269860885 59 0.026037600532281845 39 0.044008490221552 40 0.047559035429795 58 0.05248837444407733 38 0.04849583306097254
50 -22.909217948848948 -43.1633053236137 1 0.0 0.393903763236059 0.0 0.0 0.0 49 0.04576090298390605 40 0.006366227822441539 59 0.05866404637314082 39 0.02660947514475525
51 -22.88428182141282 -43.733202455173235 0 1.939765013168892 0.029171532689187 0.454884142947705 0.164506448438429 0.0 52 0.07079484226985185 41 0.01874462971872092 42 0.025306053354846623
52 -22.882426458409988 -43.66243192938643 0 13.46060138242878 0.218562008321367 0.070097507930775 1.193957358512204 0.132870427578609 53 0.055954946884481625 51 0.07079484226985185 42 0.060860085510770365 60 0.08717413900849362 43 0.07141037387899822 41 0.07378588514835335
53 -22.86805346867893 -43.6083544548981 0 13.42751205256929 1.179091283953807 2.164576549288577 3.578145254211363 0.256011491725502 54 0.05066644685563397 52 0.055954946884481625 60 0.03638324231608659 43 0.03690961348448279 61 0.07092908251020291 44 0.05905218382823104 42 0.11659496295276794
54 -22.867813487639015 -43.55768857637936 3 11.477129399405982 1.538663631839006 1.774708962593325 11.492158833678058 0.381537108430533 55 0.09087129459790545 53 0.05066644685563397 61 0.026355818100215075 44 0.03355786457380341 62 0.08808357821633599 45 0.08056790636290882 60 0.041549488951458 43 0.04964787859592097
55 -22.867192856254384 -43.466819401195565 3 5.426223003874901 2.173658377983919 0.331543937242344 15.577800618575523 3.154971998270195 56 0.056974698356359675 54 0.09087129459790545 62 0.02010453822045744 45 0.030222987193909312 63 0.0744697291436733 46 0.0773965821259814 61 0.07597098825000463 44 0.09882325441356032
56 -22.866443613329693 -43.40984962949304 1 8.19970489168018 8.694222537089233 0.07095175406097 8.688734645970262 1.010584107146249 57 0.05762082164093292 55 0.056974698356359675 63 0.03492260606197297 46 0.03589197068855299 64 0.095650464513561 47 0.06596384133599838 62 0.06482648854237144 45 0.0765422897040831
57 -22.865740675606663 -43.35223309571033 3 2.325200219509889 2.278910205101647 0.280375843913245 19.923711329299078 1.856000338122998 58 0.10372959078136845 56 0.05762082164093292 64 0.046140824747443014 47 0.033520676605067135 65 0.07460778836659793 48 0.10769461717563637 63 0.058746473986828356 46 0.05596717986718909
58 -22.865026165765364 -43.248505965800376 3 3.65688857765991 3.220445189417869 1.5202496788956 13.5516937199473 4.369135733576592 59 0.040469853326772505 57 0.10372959078136845 65 0.05009608430405162 48 0.033518107667450676 66 0.08918336454442702 49 0.05248837444407733 64 0.07915085835772966 47 0.1096046293793265
59 -22.871984223650973 -43.208638755479726 1 1.252337104757464 2.761966747537756 0.966632963157533 0.904101335237467 0.205766490576857 58 0.040469853326772505 66 0.06263286014541929 49 0.026037600532281845 67 0.07390377740618316 50 0.05866404637314082 65 0.08712546063658858 48 0.04884981473756011
60 -22.838499421685356 -43.58713421390671 0 0.498109396557407 0.0 0.0 0.0 0.0 61 0.0477633070514201 53 0.03638324231608659 54 0.041549488951458 52 0.08717413900849362
61 -22.84798774300313 -43.54032283431735 0 15.674521212844741 0.091938295401312 0.0 1.448539035321988 0.188951981461367 62 0.06840198563223457 60 0.0477633070514201 54 0.026355818100215075 68 0.056768167048282685 55 0.07597098825000463 53 0.07092908251020291
62 -22.847746433767284 -43.471921274333056 0 11.994103660451113 1.172803470101772 0.0 1.422513065204632 0.111119153200672 63 0.07267943342519119 61 0.06840198563223457 68 0.037758430717360444 55 0.02010453822045744 69 0.09783562078168363 56 0.06482648854237144 54 0.08808357821633599
63 -22.8327100931593 -43.40081425285045 3 6.962065436818753 1.061537674397539 0.019123298427864 9.381995197157623 1.185301891646767 64 0.0802814112894689 62 0.07267943342519119 69 0.028234153573252208 56 0.03492260606197297 70 0.046696104074139884 57 0.058746473986828356 68 0.09369882006110077 55 0.0744697291436733
64 -22.832212067946777 -43.32053438632393 3 2.023766160863611 3.651576063220716 1.936146804030232 15.482659605643153 3.570049302189196 65 0.034671364583216506 63 0.0802814112894689 70 0.04751813681946369 57 0.046140824747443014 71 0.050955154580070466 58 0.07915085835772966 69 0.06278055919567077 56 0.095650464513561
65 -22.831653544065773 -43.28586752068631 3 1.262171276115247 6.819111155632728 1.352891727147994 11.660849431308575 1.264934361945086 66 0.11619443324336175 64 0.034671364583216506 71 0.026032471865374787 58 0.05009608430405162 72 0.09950879951308211 59 0.08712546063658858 70 0.0791196432844193 57 0.07460778836659793
66 -22.822673855453957 -43.170020589310546 3 2.085975221821748 1.40921530228452 0.262838056138052 2.990827382997711 0.3779514154978 67 0.011296465505497464 65 0.11619443324336175 72 0.033996264770215195 59 0.06263286014541929 73 0.037753314642290106 71 0.10696636377329664 58 0.08918336454442702
67 -22.814312525491335 -43.162424649989234 2 1.14165473e-06 0.0 0.082659051862424 0.0 0.0 66 0.011296465505497464 73 0.028500632785563244 72 0.034625564249422286 59 0.07390377740618316
68 -22.816485267023822 -43.493097641917586 0 0.021359982445793 0.0 0.0 0.0 0.0 69 0.11276807394014388 62 0.037758430717360444 63 0.09369882006110077 61 0.056768167048282685
69 -22.81323015317396 -43.38037655811338 3 0.025214926499904 0.037655702056889 0.052337483671479 0.345358649120557 0.055234213252067 70 0.019821808179591248 68 0.11276807394014388 63 0.028234153573252208 64 0.06278055919567077 62 0.09783562078168363
70 -22.807812147235403 -43.361309589524794 3 0.657915458741712 2.028363602850231 0.754940721917741 5.439620047491288 0.702953855157008 71 0.0853907780557814 69 0.019821808179591248 64 0.04751813681946369 65 0.0791196432844193 63 0.046696104074139884
71 -22.807596982172573 -43.275919082552605 0 3.838223274074208 3.780774093772626 0.177242844044666 0.574267030925538 0.448155959564687 72 0.08404780088673018 70 0.0853907780557814 65 0.026032471865374787 74 0.11478337945427848 66 0.10696636377329664 64 0.050955154580070466
72 -22.797186781366968 -43.19251847971856 3 5.347788723546699 3.393400338354189 0.099305828808365 8.099007971154386 1.244218412634379 73 0.0327190742879137 71 0.08404780088673018 74 0.038085091054968365 66 0.033996264770215195 75 0.03688164840666084 67 0.034625564249422286 65 0.09950879951308211
73 -22.785817929461906 -43.16183807834213 0 0.675357373337161 0.399713026052544 0.055607968380357 0.127946063318257 0.0 72 0.0327190742879137 75 0.007454969490043759 67 0.028500632785563244 74 0.019079771454762764 66 0.037753314642290106
74 -22.767844018487903 -43.168239344081385 0 0.078141228102112 0.034460784773761 0.0 0.0 0.0 75 0.012974022815016044 72 0.038085091054968365 73 0.019079771454762764 71 0.11478337945427848
75 -22.778441986560132 -43.16075547203915 0 0.78320962578582 0.239544768077693 0.0 0.562090748996006 0.029963403210088 74 0.012974022815016044 73 0.007454969490043759 72 0.03688164840666084
END