0 2.28053 2.28009 2.28003 2.2801 2.28037 2.28093 2.28036 2.2805 2.28055 2.28033 2.28078 2.28277 2.28363 2.28073 2.28016 2.28004 2.28207 2.28101 2.28073 2.28081 2.28099 2.28041 2.28038 2.28041 2.2805 2.28054 2.28016 2.28024 2.2805 2.28016 2.28063 2.2803 2.28031 2.28036 2.28011 2.28052 2.28017 2.28019 2.28049 2.28021 2.28051 2.28031 2.28007 2.28017 2.28017 2.28019 2.28033 2.28039 
1 2.28276 2.28156 2.28215 2.28135 2.2814 2.28086 2.28069 2.28109 2.28082 2.28069 2.28081 2.28092 2.28146 2.281 2.28197 2.28195 2.28204 2.28334 2.28083 2.28036 2.28041 2.28036 2.2802 2.28207 2.28029 2.28046 2.28046 2.28018 2.28242 2.28039 2.28054 2.28108 2.28071 2.28041 2.28078 2.28045 2.28046 2.2806 2.28066 2.28138 2.28149 2.28223 2.28097 2.28141 2.28175 2.28145 2.2809 2.28074 
2 2.28017 2.28029 2.28022 2.28018 2.28108 2.28033 2.28113 2.28011 2.28006 2.28014 2.28035 2.28017 2.28027 2.28026 2.28023 2.28 2.28021 2.28092 2.28019 2.28024 2.28019 2.2802 2.28006 2.28029 2.28016 2.28016 2.28016 2.28035 2.2805 2.28028 2.28038 2.28031 2.28055 2.28025 2.28026 2.28068 2.28031 2.28044 2.28007 2.28025 2.28016 2.28019 2.28038 2.28027 2.28037 2.28076 2.28067 2.28013 
3 2.2802 2.28024 2.28018 2.28005 2.28021 2.28021 2.28026 2.28021 2.28056 2.28227 2.2801 2.28013 2.28008 2.28048 2.28012 2.28008 2.28003 2.28007 2.28019 2.28004 2.28037 2.28013 2.2802 2.28011 2.28026 2.28013 2.28041 2.28032 2.28054 2.28015 2.28014 2.28028 2.28054 2.28016 2.28023 2.28017 2.28018 2.28039 2.28029 2.28011 2.28013 2.28021 2.28029 2.28027 2.28027 2.28027 2.28027 2.28014 
4 2.28021 2.28047 2.28038 2.28011 2.28025 2.28029 2.28018 2.28033 2.28057 2.28006 2.28104 2.28008 2.28019 2.28034 2.28039 2.28014 2.28013 2.27999 2.28003 2.28006 2.28012 2.28022 2.28076 2.28026 2.28016 2.28016 2.28088 2.28036 2.28035 2.28029 2.28028 2.28031 2.28044 2.28049 2.28043 2.28029 2.28022 2.28062 2.2804 2.28017 2.28045 2.28059 2.2804 2.28024 2.28029 2.28026 2.28019 2.28039 
5 2.28009 2.28012 2.28027 2.28042 2.28008 2.28009 2.2805 2.28023 2.28025 2.28005 2.28006 2.28043 2.28009 2.28007 2.28027 2.28 2.28029 2.28018 2.28046 2.28041 2.28024 2.28002 2.28 2.28017 2.28004 2.28044 2.28016 2.2801 2.28003 2.28012 2.2802 2.28031 2.28031 2.2802 2.2802 2.2801 2.28012 2.28012 2.2802 2.28009 2.28014 2.28002 2.28028 2.28034 2.28009 2.28008 2.28026 2.28012 
6 2.28006 2.2802 2.28003 2.28013 2.28002 2.28017 2.28002 2.28024 2.2802 2.28009 2.28003 2.28001 2.28012 2.28014 2.28015 2.28007 2.28003 2.28009 2.28006 2.28007 2.2801 2.28003 2.28003 2.28071 2.28003 2.28004 2.28014 2.28002 2.28002 2.28007 2.28004 2.28001 2.27995 2.27998 2.28001 2.28003 2.28005 2.28048 2.28014 2.28011 2.28025 2.28001 2.28001 2.28009 2.28002 2.28005 2.28005 2.28 
7 2.28044 2.28019 2.28009 2.2802 2.28028 2.28029 2.28021 2.28022 2.2804 2.28012 2.28015 2.28012 2.28003 2.28008 2.28015 2.28095 2.28014 2.28056 2.28038 2.28004 2.28032 2.28019 2.28006 2.28029 2.28014 2.28031 2.2801 2.2801 2.28016 2.28011 2.28008 2.28015 2.28005 2.28035 2.28019 2.28006 2.28026 2.28026 2.28005 2.2803 2.28011 2.28042 2.2801 2.28059 2.28012 2.28019 2.28012 2.28035 
8 2.28031 2.28029 2.28012 2.28019 2.28044 2.28043 2.28012 2.28012 2.28003 2.28007 2.2801 2.28032 2.2801 2.28036 2.28008 2.28007 2.28066 2.2801 2.28004 2.28011 2.28031 2.28004 2.28012 2.28016 2.28017 2.2801 2.28016 2.28011 2.28005 2.2802 2.28051 2.28028 2.28021 2.28008 2.28011 2.28009 2.28007 2.28015 2.28008 2.28047 2.28031 2.28028 2.28009 2.28016 2.28023 2.28009 2.28007 2.28016 
9 2.28035 2.28013 2.28006 2.28011 2.28001 2.28009 2.28009 2.28029 2.28034 2.28002 2.28096 2.28009 2.2802 2.28091 2.28008 2.28022 2.28015 2.28019 2.28009 2.28017 2.28018 2.28002 2.28116 2.28084 2.2801 2.28017 2.28009 2.28015 2.28016 2.28025 2.28013 2.28011 2.28017 2.28011 2.28071 2.28005 2.28084 2.28013 2.28021 2.28013 2.28058 2.28012 2.28019 2.28027 2.28013 2.28008 2.28008 2.28011 
0 0.471565 0.456978 0.473741 0.463968 0.479288 0.45679 0.475543 0.466219 0.484326 0.472354 0.455106 0.445104 0.468213 0.450443 0.438683 0.486299 0.479987 0.495465 0.498165 0.492466 0.503701 0.513302 0.520436 0.54566 0.492391 0.502939 0.524666 0.517255 0.529294 0.495394 0.4978 0.517931 0.535774 0.498955 0.510943 0.504434 0.507306 0.501761 0.522779 0.510266 0.513446 0.513058 0.498361 0.511043 0.495784 0.487384 0.475025 0.471514 
1 0.488549 0.470758 0.463629 0.461762 0.479734 0.45473 0.451151 0.470771 0.465448 0.454027 0.437016 0.446694 0.4401 0.462753 0.437478 0.45705 0.468254 0.489008 0.49279 0.488012 0.495874 0.507965 0.505646 0.534417 0.494042 0.489568 0.51373 0.506295 0.523888 0.491712 0.503752 0.511946 0.529084 0.510535 0.497276 0.503936 0.488088 0.513815 0.520332 0.518858 0.503788 0.502884 0.504629 0.501229 0.49437 0.489015 0.488653 0.485369 
2 0.47495 0.469496 0.463403 0.472033 0.479696 0.451855 0.450256 0.466131 0.48014 0.452212 0.448066 0.439466 0.451402 0.437203 0.443524 0.492106 0.466667 0.484603 0.488116 0.47584 0.482745 0.503066 0.518242 0.528681 0.493994 0.496689 0.516896 0.496796 0.526887 0.502047 0.499209 0.506691 0.532625 0.503689 0.504474 0.49091 0.488418 0.498227 0.520322 0.51372 0.499448 0.501198 0.501373 0.492144 0.497737 0.476887 0.489114 0.482694 
3 0.477413 0.479587 0.460269 0.473542 0.470324 0.458934 0.462831 0.469148 0.473625 0.456545 0.462357 0.430532 0.443534 0.450351 0.429696 0.474208 0.466785 0.492132 0.490203 0.477816 0.493253 0.512581 0.499916 0.516618 0.495678 0.493091 0.521102 0.504109 0.5183 0.492395 0.493205 0.510393 0.528917 0.496675 0.495241 0.483314 0.501292 0.501919 0.502181 0.499635 0.49915 0.506563 0.49561 0.487914 0.485296 0.482713 0.481384 0.479992 
4 0.480306 0.457617 0.460389 0.471089 0.468129 0.456883 0.446258 0.480551 0.480466 0.463739 0.471382 0.460655 0.454398 0.455504 0.4266 0.452337 0.476371 0.48197 0.502477 0.487404 0.489327 0.51647 0.522179 0.524604 0.487142 0.486358 0.515433 0.50551 0.51761 0.491449 0.497798 0.512573 0.52654 0.502264 0.498072 0.495046 0.488747 0.496034 0.511448 0.511814 0.501405 0.501693 0.503749 0.491057 0.48815 0.490884 0.47461 0.478107 
5 0.474526 0.474853 0.462874 0.476061 0.488021 0.466585 0.484641 0.491518 0.498421 0.475595 0.482384 0.486594 0.514747 0.497412 0.484372 0.494271 0.502281 0.499263 0.515012 0.484983 0.487589 0.477727 0.498467 0.522714 0.468295 0.474092 0.495099 0.488522 0.505406 0.485459 0.483867 0.509677 0.516388 0.491228 0.491159 0.479319 0.481621 0.502182 0.504872 0.514544 0.487805 0.486621 0.476379 0.495271 0.483202 0.487425 0.491918 0.481221 
6 0.478617 0.47896 0.466648 0.484312 0.485716 0.464864 0.490832 0.493438 0.493007 0.496497 0.500193 0.500182 0.494373 0.49647 0.487684 0.490573 0.494987 0.499297 0.503596 0.479358 0.482305 0.490933 0.496194 0.5166 0.453273 0.463394 0.48628 0.482176 0.498154 0.46984 0.476593 0.494468 0.506419 0.477821 0.480217 0.485095 0.487462 0.491921 0.486326 0.495827 0.488959 0.489098 0.480664 0.489371 0.483341 0.484391 0.480715 0.468843 
