0 0 2.68262 5.36538
0 1 2.47835 4.96154
0 2 2.74922 5.5
0 3 2.5838 5.17308
0 4 2.31472 4.63462
0 5 2.09607 4.19231
0 6 2.35542 4.71154
0 7 1.64157 3.28846
0 8 1.76662 3.53846
0 9 1.45843 2.92308
0 10 1.32265 2.65385
0 11 1.31524 2.63462
0 12 1.34399 2.69231
0 13 1.00819 2.01923
0 14 0.930453 1.86538
0 15 1.16187 2.32692
0 16 1.42361 2.86538
0 17 1.68944 3.38462
0 18 2.17752 4.36538
0 19 2.5326 5.07692
0 20 3.40636 6.82692
0 21 3.72437 7.44231
0 22 3.76032 7.57692
0 23 4.53706 9.07692
0 24 4.85421 9.69231
0 25 5.20016 10.4038
0 26 5.37279 10.7885
0 27 5.20043 10.3846
0 28 5.28047 10.5769
0 29 4.33372 8.65385
0 30 4.53066 9.05769
0 31 4.55272 9.09615
0 32 4.5326 9.07692
0 33 4.24835 8.48077
0 34 4.42899 8.86538
0 35 4.07286 8.15385
0 36 3.99896 8
0 37 3.42056 6.86538
0 38 3.44559 6.92308
0 39 3.24719 6.5
0 40 3.12144 6.25
0 41 3.25272 6.5
0 42 3.06971 6.13462
0 43 3.16557 6.34615
0 44 3.45597 6.90385
0 45 3.29052 6.57692
0 46 2.57499 5.15385
0 47 2.78889 5.57692
0 48 2.51894 5.03846
0 49 2.63425 5.26923
0 50 2.14358 4.28846
0 51 2.16221 4.32692
0 52 1.68977 3.38462
0 53 1.85498 3.71154
0 54 1.42861 2.86538
0 55 1.30657 2.61538
0 56 1.19089 2.38462
0 57 1.07269 2.15385
0 58 1.04399 2.09615
0 59 1.02763 2.05769
0 60 0.999682 2.01923
0 61 0.814852 1.63462
0 62 1.04807 2.09615
0 63 0.845863 1.69231
0 64 1.17701 2.36538
0 65 1.42921 2.90385
0 66 1.83805 3.69231
0 67 2.65307 5.32692
0 68 3.14634 6.32692
0 69 3.37746 6.75
0 70 3.6979 7.38462
0 71 5.05834 10.0962
0 72 4.85077 9.73077
0 73 5.32358 10.6346
0 74 5.64314 11.2885
0 75 5.65798 11.3269
0 76 5.28372 10.5577
0 77 5.32156 10.6346
0 78 4.92895 9.84615
0 79 5.04206 10.0769
0 80 4.46556 8.92308
0 81 4.51339 9.03846
0 82 3.98246 7.96154
0 83 3.89597 7.80769
0 84 3.52661 7.07692
0 85 3.7691 7.65385
0 86 3.87276 7.76923
0 87 3.65727 7.30769
0 88 3.63693 7.26923
0 89 3.65621 7.32692
0 90 3.55801 7.11538
0 91 3.49254 7
0 92 3.04462 6.09615
0 93 2.87334 5.75
0 94 2.60224 5.23077
0 95 2.50459 5.03846
0 96 2.16302 4.32692
0 97 2.25902 4.51923
0 98 1.81667 3.63462
0 99 1.91305 3.82692
0 100 1.69923 3.40385
0 101 1.37247 2.75
0 102 1.31063 2.63462
0 103 0.977616 1.96154
0 104 1.05403 2.11538
0 105 1.00796 2.01923
0 106 0.796982 1.59615
0 107 0.871329 1.75
0 108 0.883492 1.76923
0 109 0.795196 1.59615
0 110 0.737965 1.48077
0 111 0.824287 1.65385
0 112 1.10042 2.21154
0 113 1.35903 2.73077
0 114 1.85247 3.73077
0 115 2.35344 4.73077
0 116 2.73188 5.48077
0 117 3.24969 6.5
0 118 3.5893 7.17308
0 119 4.4238 8.82692
0 120 4.40483 8.78846
0 121 5.1538 10.3269
0 122 4.84777 9.67308
0 123 5.16217 10.3077
0 124 4.97405 9.94231
0 125 5.03574 10.0962
0 126 5.013 10.0385
0 127 4.31801 8.61538
0 128 4.76539 9.53846
0 129 4.29818 8.59615
0 130 4.05233 8.09615
0 131 3.62861 7.25
0 132 3.49591 7
0 133 3.30301 6.61538
0 134 3.26664 6.53846
0 135 3.56056 7.11538
0 136 2.96299 5.94231
0 137 3.38306 6.76923
0 138 3.25124 6.5
0 139 2.95244 5.92308
0 140 2.99144 5.98077
0 141 2.78397 5.57692
0 142 2.69282 5.38462
0 143 2.32524 4.65385
0 144 2.32456 4.65385
0 145 2.1507 4.30769
0 146 1.96583 3.94231
0 147 1.98871 4
0 148 1.46944 2.94231
0 149 1.47052 2.94231
0 150 1.40146 2.80769
0 151 1.172 2.34615
0 152 1.25382 2.51923
0 153 0.98815 1.98077
0 154 1.0282 2.05769
0 155 0.903071 1.80769
0 156 0.883515 1.76923
0 157 0.882659 1.76923
0 158 0.912787 1.82692
0 159 0.927618 1.86538
0 160 1.17655 2.36538
0 161 1.34141 2.69231
0 162 1.92812 3.90385
0 163 2.54674 5.09615
0 164 3.02268 6.05769
0 165 3.65945 7.32692
0 166 4.30138 8.59615
0 167 4.26151 8.5
0 168 4.92003 9.86538
0 169 5.39114 10.7885
0 170 5.70992 11.4423
0 171 5.20776 10.4038
0 172 5.4308 10.8654
0 173 5.56556 11.1346
0 174 5.05119 10.1154
0 175 5.09447 10.2115
0 176 4.70176 9.40385
0 177 4.4547 8.98077
0 178 3.82624 7.67308
0 179 3.67928 7.40385
0 180 4.23932 8.5
0 181 3.90718 7.84615
0 182 3.93726 7.86538
0 183 3.68847 7.36538
0 184 3.49534 6.98077
0 185 3.49524 7
0 186 3.52942 7.07692
0 187 3.11556 6.23077
0 188 3.22162 6.44231
0 189 3.18481 6.36538
0 190 2.75682 5.51923
0 191 2.74299 5.5
0 192 2.24724 4.49524
0 193 2.40769 4.81905
0 194 2.34245 4.68571
0 195 1.85509 3.71429
0 196 1.74792 3.50476
0 197 1.62299 3.27619
0 198 1.38076 2.7619
0 199 1.35413 2.72381
0 200 1.40839 2.81905
0 201 1.28049 2.57143
0 202 1.13945 2.28571
0 203 1.14585 2.30476
0 204 0.969772 1.94286
0 205 1.01769 2.0381
0 206 0.817548 1.6381
0 207 0.770692 1.54286
0 208 1.31977 2.66667
0 209 1.52044 3.04762
0 210 1.92504 3.86667
0 211 2.46271 4.95238
0 212 2.78713 5.6
0 213 3.48586 6.97143
0 214 3.99677 8.01905
0 215 4.17825 8.3619
0 216 4.31852 8.62857
0 217 4.66039 9.31429
0 218 4.31519 8.62857
0 219 5.14807 10.2857
0 220 4.74302 9.46667
0 221 4.52211 9.10476
0 222 4.65694 9.29524
0 223 4.54568 9.14286
0 224 4.17098 8.38095
0 225 4.20455 8.4
0 226 3.49888 7.00952
0 227 3.83396 7.65714
0 228 3.51849 7.04762
0 229 3.36381 6.72381
0 230 3.32806 6.70476
0 231 3.52291 7.06667
0 232 2.9782 5.9619
0 233 3.30482 6.60952
0 234 3.12439 6.24762
0 235 3.37829 6.7619
0 236 2.6543 5.31429
0 237 2.87266 5.75238
0 238 2.57773 5.18095
0 239 2.78577 5.58095
0 240 2.41866 4.8381
0 241 2.55154 5.10476
0 242 2.12977 4.26667
0 243 2.18535 4.38095
0 244 1.84994 3.71429
0 245 1.93648 3.88571
0 246 1.73548 3.48571
0 247 1.82445 3.67619
0 248 1.51155 3.02857
0 249 1.6617 3.33333
0 250 1.20106 2.41905
0 251 1.15709 2.32381
0 252 1.40877 2.8381
0 253 1.42838 2.87619
0 254 1.44046 2.91429
0 255 1.265 2.57143
0 256 1.31874 2.68571
0 257 1.60104 3.2381
0 258 1.9297 3.90476
0 259 2.33589 4.70476
0 260 2.80842 5.6381
0 261 2.61241 5.2381
0 262 3.4129 6.81905
0 263 3.69203 7.37143
0 264 4.22834 8.4381
0 265 4.27764 8.53333
0 266 4.40877 8.8
0 267 4.56164 9.10476
0 268 4.7461 9.46667
0 269 4.26729 8.51429
0 270 4.43192 8.85714
0 271 4.37783 8.74286
0 272 4.34531 8.70476
0 273 3.83765 7.69524
0 274 3.51173 7.02857
0 275 3.01627 6.0381
0 276 3.40245 6.8
0 277 3.44178 6.87619
0 278 3.50028 6.99048
0 279 3.33196 6.66667
0 280 3.25604 6.51429
0 281 2.95353 5.90476
0 282 3.08857 6.17143
0 283 3.03415 6.07619
0 284 3.66213 7.31429
0 285 3.12412 6.24762
0 286 3.15399 6.30476
0 287 3.11592 6.22857
0 288 2.45651 4.91429
0 289 2.79851 5.6
0 290 2.43698 4.87619
0 291 2.43724 4.87619
0 292 2.11765 4.24762
0 293 2.33315 4.66667
0 294 1.95895 3.92381
0 295 2.17501 4.3619
0 296 1.79897 3.6381
0 297 1.63311 3.27619
0 298 1.67423 3.37143
0 299 1.8057 3.6381
0 300 1.55456 3.12381
0 301 1.52898 3.06667
0 302 1.53882 3.10476
0 303 1.57945 3.18095
0 304 1.53366 3.14286
0 305 1.8335 3.69524
0 306 2.08267 4.19048
0 307 2.37543 4.7619
0 308 2.82551 5.67619
0 309 2.73134 5.46667
0 310 3.05767 6.13333
0 311 3.59483 7.2
0 312 3.96508 7.92381
0 313 4.27597 8.53333
0 314 4.15694 8.30476
0 315 5.00895 10
0 316 4.4878 8.97143
0 317 4.71537 9.40952
0 318 4.17023 8.32381
0 319 4.26705 8.51429
0 320 4.14156 8.26667
0 321 3.89186 7.77143
0 322 3.28806 6.57143
0 323 3.38441 6.7619
0 324 3.41297 6.81905
0 325 3.42072 6.8381
0 326 3.22647 6.45714
0 327 3.26021 6.51429
0 328 3.16333 6.32381
0 329 3.13629 6.26667
0 330 2.96653 5.94286
0 331 3.57271 7.14286
0 332 3.20294 6.4
0 333 3.28657 6.57143
0 334 2.79998 5.6
0 335 2.81892 5.6381
1 0 0.836305 1.67308
1 1 0.56723 1.13462
1 2 0.653804 1.30769
1 3 0.663445 1.32692
1 4 0.634559 1.26923
1 5 0.59617 1.19231
1 6 0.672824 1.34615
1 7 0.453074 0.903846
1 8 0.48233 0.961538
1 9 0.510133 1.01923
1 10 0.397788 0.788462
1 11 0.397307 0.788462
1 12 0.442946 0.884615
1 13 0.295298 0.596154
1 14 0.387612 0.769231
1 15 0.318082 0.634615
1 16 0.509623 1.01923
1 17 0.548911 1.09615
1 18 0.853746 1.71154
1 19 0.960492 1.92308
1 20 1.39042 2.80769
1 21 1.5905 3.19231
1 22 1.94573 3.90385
1 23 2.39884 4.82692
1 24 2.27804 4.55769
1 25 2.41752 4.84615
1 26 2.57059 5.15385
1 27 2.79637 5.61538
1 28 2.49726 5
1 29 2.57028 5.15385
1 30 2.01895 4.05769
1 31 2.17778 4.36538
1 32 2.13935 4.28846
1 33 2.17009 4.34615
1 34 2.06564 4.13462
1 35 1.85097 3.73077
1 36 1.89129 3.80769
1 37 1.59439 3.21154
1 38 1.46962 2.98077
1 39 1.717 3.44231
1 40 1.58519 3.19231
1 41 1.64988 3.30769
1 42 1.45658 2.92308
1 43 1.53088 3.07692
1 44 1.13333 2.28846
1 45 0.950983 1.90385
1 46 1.16226 2.32692
1 47 0.960942 1.92308
1 48 1.09094 2.19231
1 49 0.951895 1.90385
1 50 0.854536 1.71154
1 51 0.6438 1.28846
1 52 0.711404 1.42308
1 53 0.586539 1.17308
1 54 0.462125 0.923077
1 55 0.519246 1.03846
1 56 0.548376 1.09615
1 57 0.364508 0.730769
1 58 0.337262 0.673077
1 59 0.317704 0.634615
1 60 0.407108 0.807692
1 61 0.425064 0.846154
1 62 0.34818 0.692308
1 63 0.327289 0.653846
1 64 0.405013 0.807692
1 65 0.614084 1.23077
1 66 0.777164 1.55769
1 67 0.909212 1.82692
1 68 1.22951 2.46154
1 69 1.55633 3.13462
1 70 1.54052 3.09615
1 71 1.78675 3.59615
1 72 2.30578 4.63462
1 73 2.37831 4.76923
1 74 2.28303 4.57692
1 75 2.48527 4.98077
1 76 2.30472 4.63462
1 77 2.03086 4.07692
1 78 1.82734 3.69231
1 79 1.94429 3.90385
1 80 1.79765 3.61538
1 81 1.8766 3.78846
1 82 1.42604 2.86538
1 83 1.76606 3.53846
1 84 1.59234 3.19231
1 85 1.53216 3.07692
1 86 1.48292 2.98077
1 87 1.64179 3.30769
1 88 1.16835 2.36538
1 89 1.41849 2.84615
1 90 1.16717 2.36538
1 91 1.18234 2.36538
1 92 1.09222 2.19231
1 93 1.06664 2.13462
1 94 1.10532 2.21154
1 95 0.843686 1.69231
1 96 0.859504 1.73077
1 97 0.892992 1.78846
1 98 0.817306 1.63462
1 99 0.633884 1.26923
1 100 0.720536 1.44231
1 101 0.615384 1.23077
1 102 0.548084 1.09615
1 103 0.557693 1.11538
1 104 0.509844 1.01923
1 105 0.417405 0.826923
1 106 0.356941 0.711538
1 107 0.332442 0.673077
1 108 0.238272 0.576923
1 109 0.140586 0.365385
1 110 0.297856 0.615385
1 111 0.304032 0.653846
1 112 0.320823 0.653846
1 113 0.377035 0.75
1 114 0.538468 1.07692
1 115 0.730344 1.46154
1 116 1.05604 2.11538
1 117 1.55469 3.13462
1 118 1.66192 3.32692
1 119 1.87969 3.76923
1 120 2.13861 4.28846
1 121 2.05813 4.15385
1 122 2.23516 4.48077
1 123 2.0598 4.15385
1 124 2.05358 4.15385
1 125 2.22538 4.46154
1 126 1.80726 3.63462
1 127 1.86839 3.75
1 128 1.61275 3.25
1 129 1.79179 3.63462
1 130 1.72329 3.46154
1 131 1.35164 2.73077
1 132 1.42506 2.86538
1 133 1.51547 3.03846
1 134 1.54027 3.09615
1 135 1.37356 2.75
1 136 1.36335 2.73077
1 137 1.13544 2.28846
1 138 1.4847 2.98077
1 139 1.12084 2.25
1 140 1.23925 2.48077
1 141 1.10502 2.21154
1 142 1.07524 2.15385
1 143 1.19482 2.40385
1 144 1.13264 2.26923
1 145 1.08401 2.17308
1 146 0.85555 1.71154
1 147 0.873557 1.75
1 148 0.605711 1.21154
1 149 0.710207 1.42308
1 150 0.737665 1.48077
1 151 0.471306 0.942308
1 152 0.615384 1.23077
1 153 0.471356 0.942308
1 154 0.557698 1.11538
1 155 0.414069 0.826923
1 156 0.315893 0.634615
1 157 0.327321 0.653846
1 158 0.332884 0.673077
1 159 0.253707 0.615385
1 160 0.444032 0.884615
1 161 0.605691 1.21154
1 162 0.652654 1.30769
1 163 0.935253 1.88462
1 164 1.20994 2.42308
1 165 1.45657 2.94231
1 166 1.50418 3.01923
1 167 1.76523 3.53846
1 168 2.11813 4.26923
1 169 2.27235 4.55769
1 170 2.00973 4.03846
1 171 2.20477 4.46154
1 172 2.05031 4.13462
1 173 2.23246 4.48077
1 174 1.6972 3.40385
1 175 1.7598 3.53846
1 176 1.76724 3.53846
1 177 1.53306 3.07692
1 178 1.46691 2.94231
1 179 1.37313 2.75
1 180 1.32912 2.67308
1 181 1.30532 2.61538
1 182 0.942758 1.90385
1 183 1.21328 2.44231
1 184 1.40159 2.80769
1 185 1.26088 2.59615
1 186 1.27676 2.55769
1 187 1.10862 2.23077
1 188 1.02818 2.05769
1 189 1.00857 2.01923
1 190 0.817092 1.63462
1 191 0.797112 1.59615
1 192 0.7805 1.5619
1 193 0.590917 1.18095
1 194 0.714259 1.42857
1 195 0.599589 1.2
1 196 0.580948 1.1619
1 197 0.411187 0.819048
1 198 0.532529 1.06667
1 199 0.495576 0.990476
1 200 0.485732 0.971429
1 201 0.327453 0.666667
1 202 0.440253 0.87619
1 203 0.333735 0.666667
1 204 0.34212 0.685714
1 205 0.250676 0.609524
1 206 0.263659 0.533333
1 207 0.194893 0.438095
1 208 0.412848 0.819048
1 209 0.495829 0.990476
1 210 0.729908 1.46667
1 211 0.835773 1.67619
1 212 1.20455 2.41905
1 213 1.40632 2.87619
1 214 1.85789 3.73333
1 215 1.97188 3.9619
1 216 2.07105 4.15238
1 217 2.04509 4.13333
1 218 2.42669 4.89524
1 219 2.45304 4.91429
1 220 2.33859 4.68571
1 221 2.13899 4.30476
1 222 1.96275 3.94286
1 223 1.9687 3.9619
1 224 1.62499 3.27619
1 225 1.67 3.35238
1 226 1.51274 3.04762
1 227 1.6877 3.39048
1 228 1.57594 3.1619
1 229 1.49338 2.99048
1 230 1.70085 3.42857
1 231 1.27007 2.57143
1 232 1.39192 2.8
1 233 1.51371 3.06667
1 234 1.36571 2.74286
1 235 1.2799 2.57143
1 236 1.06892 2.15238
1 237 1.16402 2.34286
1 238 1.04587 2.09524
1 239 1.07538 2.15238
1 240 0.94224 1.88571
1 241 0.894029 1.79048
1 242 0.894662 1.79048
1 243 0.722204 1.44762
1 244 0.780503 1.5619
1 245 0.742785 1.48571
1 246 0.816842 1.6381
1 247 0.714275 1.42857
1 248 0.742036 1.48571
1 249 0.504774 1.00952
1 250 0.571346 1.14286
1 251 0.552398 1.10476
1 252 0.648501 1.29524
1 253 0.449395 0.895238
1 254 0.536189 1.06667
1 255 0.381782 0.761905
1 256 0.581909 1.1619
1 257 0.554403 1.10476
1 258 0.977527 1.9619
1 259 0.850908 1.71429
1 260 1.20861 2.41905
1 261 1.05064 2.11429
1 262 1.54496 3.10476
1 263 1.68409 3.37143
1 264 1.97042 3.94286
1 265 1.92768 3.86667
1 266 2.01544 4.0381
1 267 1.82342 3.67619
1 268 1.85475 3.71429
1 269 2.32308 4.64762
1 270 1.77812 3.5619
1 271 1.73189 3.50476
1 272 1.68533 3.37143
1 273 1.88222 3.77143
1 274 1.65328 3.31429
1 275 1.68492 3.39048
1 276 1.63677 3.27619
1 277 1.53021 3.06667
1 278 1.36045 2.72381
1 279 1.31416 2.62857
1 280 1.09251 2.19048
1 281 1.42362 2.85714
1 282 1.11311 2.22857
1 283 1.24247 2.49524
1 284 1.02295 2.05714
1 285 0.909628 1.82857
1 286 1.1088 2.22857
1 287 0.978798 1.9619
1 288 1.09328 2.19048
1 289 0.920723 1.84762
1 290 0.79927 1.6
1 291 0.903971 1.80952
1 292 0.693972 1.39048
1 293 0.818339 1.6381
1 294 0.751913 1.50476
1 295 0.856745 1.71429
1 296 0.600048 1.2
1 297 0.790127 1.58095
1 298 0.71354 1.42857
1 299 0.573388 1.14286
1 300 0.675991 1.35238
1 301 0.488375 0.971429
1 302 0.505338 1.00952
1 303 0.383689 0.761905
1 304 0.535322 1.06667
1 305 0.657066 1.31429
1 306 0.680449 1.39048
1 307 1.00336 2.01905
1 308 0.958753 1.92381
1 309 1.0246 2.05714
1 310 1.33714 2.74286
1 311 1.35032 2.70476
1 312 1.51255 3.02857
1 313 1.94874 3.90476
1 314 1.81607 3.6381
1 315 1.93073 3.86667
1 316 1.87421 3.75238
1 317 1.90945 3.82857
1 318 1.60558 3.21905
1 319 1.83453 3.67619
1 320 1.74271 3.48571
1 321 1.47065 2.95238
1 322 1.35763 2.72381
1 323 1.34209 2.68571
1 324 1.48594 2.99048
1 325 1.26979 2.55238
1 326 1.18033 2.3619
1 327 1.32136 2.64762
1 328 1.18912 2.38095
1 329 1.18926 2.38095
1 330 1.02742 2.05714
1 331 1.05279 2.11429
1 332 0.931094 1.86667
1 333 0.837889 1.67619
1 334 0.742472 1.48571
1 335 0.552387 1.10476
2 0 2.14177 4.28846
2 1 1.9793 3.96154
2 2 2.04113 4.09615
2 3 1.69028 3.38462
2 4 1.76808 3.53846
2 5 1.65273 3.30769
2 6 1.81953 3.65385
2 7 1.27674 2.55769
2 8 1.26589 2.53846
2 9 1.24973 2.5
2 10 0.899034 1.80769
2 11 0.826154 1.65385
2 12 1.14303 2.28846
2 13 0.88178 1.76923
2 14 0.913435 1.82692
2 15 0.903351 1.80769
2 16 0.912119 1.82692
2 17 1.16651 2.34615
2 18 1.81828 3.65385
2 19 2.52294 5.05769
2 20 2.65982 5.34615
2 21 3.0791 6.15385
2 22 3.76596 7.53846
2 23 4.2206 8.46154
2 24 4.51828 9.03846
2 25 4.50248 9
2 26 4.38419 8.75
2 27 5.25615 10.5192
2 28 4.75874 9.5
2 29 4.8401 9.67308
2 30 4.21729 8.42308
2 31 4.05993 8.13462
2 32 4.01194 8.03846
2 33 4.24766 8.48077
2 34 3.37998 6.76923
2 35 3.22379 6.46154
2 36 3.2264 6.46154
2 37 3.42741 6.84615
2 38 3.58138 7.19231
2 39 3.21035 6.42308
2 40 3.24806 6.51923
2 41 3.27931 6.55769
2 42 2.90308 5.82692
2 43 3.09508 6.19231
2 44 2.61502 5.23077
2 45 2.44239 4.88462
2 46 2.44199 4.88462
2 47 2.06647 4.13462
2 48 2.4333 4.88462
2 49 2.09425 4.19231
2 50 2.07608 4.15385
2 51 1.94026 3.88462
2 52 1.70019 3.40385
2 53 1.63278 3.26923
2 54 1.20033 2.40385
2 55 1.36026 2.73077
2 56 0.988531 1.98077
2 57 1.0767 2.15385
2 58 0.74977 1.5
2 59 0.831749 1.67308
2 60 0.778769 1.55769
2 61 0.730768 1.46154
2 62 0.690691 1.38462
2 63 0.567309 1.13462
2 64 0.873244 1.76923
2 65 1.03214 2.07692
2 66 1.59576 3.19231
2 67 2.02492 4.07692
2 68 2.27875 4.57692
2 69 2.6477 5.30769
2 70 3.14563 6.28846
2 71 3.67009 7.32692
2 72 3.84365 7.71154
2 73 4.2751 8.53846
2 74 4.14496 8.26923
2 75 4.37698 8.73077
2 76 4.22876 8.46154
2 77 4.2301 8.44231
2 78 3.88005 7.76923
2 79 3.74404 7.48077
2 80 3.66257 7.34615
2 81 3.73138 7.48077
2 82 3.23217 6.48077
2 83 3.27679 6.55769
2 84 2.96244 5.92308
2 85 2.59296 5.19231
2 86 2.93748 5.88462
2 87 3.00432 6.03846
2 88 2.95836 5.96154
2 89 2.65188 5.30769
2 90 2.74921 5.5
2 91 2.79485 5.59615
2 92 3.05805 6.11538
2 93 3.0293 6.05769
2 94 2.62413 5.25
2 95 2.67345 5.34615
2 96 2.75088 5.5
2 97 2.51898 5.03846
2 98 2.22071 4.44231
2 99 1.98082 3.98077
2 100 2.12467 4.25
2 101 1.77498 3.55769
2 102 1.75197 3.51923
2 103 1.5077 3.01923
2 104 1.41875 2.84615
2 105 1.12245 2.25
2 106 0.854779 1.71154
2 107 0.880878 1.76923
2 108 0.787184 1.57692
2 109 0.788229 1.57692
2 110 0.903152 1.80769
2 111 0.749797 1.5
2 112 0.959703 1.92308
2 113 1.21784 2.44231
2 114 1.62333 3.25
2 115 2.16144 4.32692
2 116 2.28508 4.59615
2 117 2.41642 4.84615
2 118 3.25431 6.57692
2 119 3.80483 7.59615
2 120 4.25165 8.51923
2 121 4.14433 8.30769
2 122 4.61005 9.21154
2 123 4.92156 9.82692
2 124 4.16926 8.34615
2 125 4.10635 8.23077
2 126 3.95463 7.92308
2 127 3.76599 7.57692
2 128 3.42624 6.94231
2 129 3.47407 6.94231
2 130 3.08728 6.17308
2 131 3.05678 6.13462
2 132 2.96382 5.94231
2 133 3.05714 6.11538
2 134 3.19173 6.42308
2 135 3.14438 6.32692
2 136 3.12565 6.26923
2 137 2.97637 5.96154
2 138 2.6606 5.34615
2 139 2.60573 5.21154
2 140 2.70853 5.42308
2 141 2.22034 4.44231
2 142 2.32645 4.65385
2 143 2.22972 4.46154
2 144 2.1145 4.23077
2 145 2.34616 4.69231
2 146 1.81596 3.63462
2 147 1.7779 3.55769
2 148 1.77814 3.55769
2 149 1.75852 3.51923
2 150 1.24632 2.51923
2 151 1.5376 3.07692
2 152 1.08532 2.17308
2 153 1.23006 2.46154
2 154 1.02516 2.05769
2 155 0.797439 1.59615
2 156 0.960945 1.92308
2 157 0.740367 1.48077
2 158 0.64423 1.28846
2 159 0.742256 1.5
2 160 0.80769 1.61538
2 161 0.903382 1.80769
2 162 1.36425 2.73077
2 163 1.7629 3.53846
2 164 2.47815 4.96154
2 165 2.41913 4.84615
2 166 3.22432 6.44231
2 167 2.80897 5.63462
2 168 3.84559 7.69231
2 169 3.63108 7.25
2 170 4.11384 8.21154
2 171 4.35652 8.69231
2 172 3.67895 7.34615
2 173 3.94688 7.88462
2 174 3.46668 6.92308
2 175 3.49462 6.98077
2 176 3.30323 6.61538
2 177 3.55136 7.11538
2 178 2.94998 5.90385
2 179 2.96249 5.94231
2 180 3.25943 6.53846
2 181 2.67147 5.34615
2 182 2.86767 5.75
2 183 2.46885 4.94231
2 184 2.7518 5.51923
2 185 2.34032 4.69231
2 186 2.41266 4.82692
2 187 2.60449 5.21154
2 188 2.3055 4.61538
2 189 2.546 5.09615
2 190 2.44212 4.88462
2 191 2.41045 4.82692
2 192 2.3902 4.78095
2 193 2.07477 4.15238
2 194 2.08511 4.17143
2 195 1.97064 3.94286
2 196 1.86219 3.73333
2 197 1.84294 3.71429
2 198 1.57546 3.1619
2 199 1.40925 2.81905
2 200 1.37199 2.7619
2 201 1.12913 2.26667
2 202 0.984196 1.98095
2 203 1.03727 2.07619
2 204 0.895067 1.79048
2 205 0.799953 1.6
2 206 0.761324 1.52381
2 207 0.552381 1.10476
2 208 0.980859 1.9619
2 209 1.13067 2.26667
2 210 1.68458 3.37143
2 211 1.94828 3.92381
2 212 2.22743 4.45714
2 213 2.94125 5.90476
2 214 3.1875 6.4
2 215 3.14936 6.30476
2 216 3.55869 7.14286
2 217 3.98621 7.9619
2 218 4.31405 8.62857
2 219 4.20902 8.4381
2 220 4.04733 8.11429
2 221 3.95343 7.90476
2 222 4.22846 8.4381
2 223 3.73899 7.46667
2 224 3.73998 7.48571
2 225 4.01864 8.0381
2 226 3.15971 6.34286
2 227 2.81443 5.65714
2 228 2.93863 5.88571
2 229 2.72156 5.44762
2 230 2.83746 5.67619
2 231 2.77939 5.5619
2 232 3.00119 6
2 233 2.81313 5.6381
2 234 2.22844 4.47619
2 235 2.43629 4.87619
2 236 2.53331 5.06667
2 237 2.53216 5.08571
2 238 1.96052 3.92381
2 239 1.91277 3.82857
2 240 1.96329 3.94286
2 241 1.97024 3.9619
2 242 1.6356 3.27619
2 243 1.74725 3.50476
2 244 1.62696 3.25714
2 245 1.61855 3.2381
2 246 1.41907 2.85714
2 247 1.32618 2.66667
2 248 1.4132 2.8381
2 249 1.12245 2.24762
2 250 1.14532 2.34286
2 251 1.09717 2.20952
2 252 1.19633 2.41905
2 253 1.10387 2.22857
2 254 0.874529 1.75238
2 255 0.825958 1.65714
2 256 1.06448 2.15238
2 257 1.23365 2.49524
2 258 1.55862 3.14286
2 259 1.77858 3.58095
2 260 2.21573 4.49524
2 261 2.18101 4.3619
2 262 2.7993 5.6
2 263 3.25798 6.51429
2 264 3.46777 6.93333
2 265 3.92846 7.84762
2 266 4.19924 8.38095
2 267 4.82362 9.6381
2 268 4.18122 8.34286
2 269 4.0688 8.13333
2 270 3.9031 7.79048
2 271 3.83267 7.67619
2 272 3.76905 7.52381
2 273 3.37455 6.74286
2 274 3.34647 6.68571
2 275 2.98178 5.9619
2 276 3.2223 6.4381
2 277 3.08699 6.17143
2 278 2.96342 5.92381
2 279 3.27856 6.55238
2 280 2.84802 5.69524
2 281 3.21131 6.41905
2 282 2.54296 5.08571
2 283 2.59049 5.18095
2 284 2.23514 4.47619
2 285 2.29006 4.59048
2 286 2.09341 4.19048
2 287 2.14185 4.28571
2 288 2.15209 4.30476
2 289 2.02669 4.05714
2 290 1.95202 3.90476
2 291 2.05564 4.11429
2 292 1.79293 3.6
2 293 1.92305 3.84762
2 294 1.8142 3.6381
2 295 1.39873 2.81905
2 296 1.66477 3.33333
2 297 1.6 3.21905
2 298 1.63239 3.27619
2 299 1.33902 2.72381
2 300 1.04049 2.11429
2 301 1.16018 2.32381
2 302 1.00547 2.01905
2 303 0.732393 1.46667
2 304 0.865481 1.75238
2 305 1.20533 2.41905
2 306 1.32832 2.66667
2 307 1.67925 3.37143
2 308 2.05496 4.11429
2 309 2.26435 4.53333
2 310 2.66685 5.33333
2 311 2.68259 5.37143
2 312 3.06891 6.13333
2 313 2.87666 5.75238
2 314 3.52966 7.04762
2 315 3.66913 7.33333
2 316 3.16468 6.32381
2 317 3.13604 6.26667
2 318 3.06959 6.13333
2 319 3.08712 6.17143
2 320 2.82863 5.65714
2 321 2.90323 5.80952
2 322 2.68674 5.33333
2 323 2.56269 5.14286
2 324 2.44522 4.91429
2 325 2.78089 5.5619
2 326 2.56229 5.12381
2 327 2.54083 5.08571
2 328 2.45706 4.91429
2 329 2.42805 4.85714
2 330 2.27518 4.55238
2 331 2.29156 4.60952
2 332 2.09394 4.19048
2 333 2.28515 4.57143
2 334 2.26653 4.53333
2 335 2.03437 4.07619
