0 0 5.365384615384611 2.6279712443269996
1 0 1.6730769230769238 1.0872944845755788
2 0 4.288461538461535 2.1621086685166793
0 1 4.961538461538456 2.4060266352058925
1 1 1.1346153846153848 0.7556821516280646
2 1 3.9615384615384595 2.0063988180033574
0 2 5.499999999999995 2.60824019406223
1 2 1.3076923076923073 0.9452787231492008
2 2 4.096153846153843 2.061621057201684
0 3 5.173076923076918 2.44720459432312
1 3 1.3269230769230773 0.8298704910583888
2 3 3.384615384615382 1.8794308879086832
0 4 4.63461538461538 2.3323505069177872
1 4 1.2692307692307692 0.8498666913250492
2 4 3.5384615384615365 1.8839768126148466
0 5 4.192307692307689 2.1858524324612483
1 5 1.1923076923076923 0.840467618307796
2 5 3.3076923076923053 1.7950294179994843
0 6 4.711538461538457 2.3407067421206142
1 6 1.3461538461538465 0.8923726303300179
2 6 3.6538461538461497 1.974966657167946
0 7 3.2884615384615357 1.8711280817379916
1 7 0.9038461538461541 0.6039896487342674
2 7 2.557692307692306 1.4696398509790098
0 8 3.5384615384615357 1.9525425015819404
1 8 0.9615384615384619 0.6851593078510924
2 8 2.5384615384615374 1.4678882513020384
0 9 2.923076923076922 1.7136637877447953
1 9 1.0192307692307698 0.7022163341024202
2 9 2.499999999999999 1.4593504310827374
0 10 2.653846153846152 1.5347224839304556
1 10 0.7884615384615388 0.5361394827343702
2 10 1.8076923076923068 1.1357869916685366
0 11 2.6346153846153824 1.5401691394497503
1 11 0.7884615384615387 0.5015755779962668
2 11 1.6538461538461542 1.0300419015914901
0 12 2.6923076923076907 1.5004922958764513
1 12 0.8846153846153849 0.5217047165268333
2 12 2.2884615384615383 1.3657414802236318
0 13 2.0192307692307683 1.142997789095266
1 13 0.5961538461538463 0.41170563910682056
2 13 1.769230769230769 1.1307071298203233
0 14 1.8653846153846148 1.1550322816549978
1 14 0.7692307692307693 0.4751993486000104
2 14 1.8269230769230764 1.1006731674717352
0 15 2.3269230769230758 1.3852955578912074
1 15 0.6346153846153846 0.4676120204907487
2 15 1.8076923076923077 1.0938431292994157
0 16 2.8653846153846123 1.6601460056204331
1 16 1.0192307692307694 0.6782466688001639
2 16 1.8269230769230773 1.0904296638822062
0 17 3.384615384615381 1.8892367235949434
1 17 1.0961538461538463 0.6828218884655614
2 17 2.3461538461538445 1.3628749925306134
0 18 4.365384615384612 2.2348381543415603
1 18 1.711538461538461 1.1215688932681243
2 18 3.653846153846151 2.007003419801173
0 19 5.07692307692307 2.498292470115941
1 19 1.9230769230769227 1.239308958710995
2 19 5.057692307692303 2.480701138881316
0 20 6.826923076923069 3.108351463638006
1 20 2.8076923076923053 1.654109350755214
2 20 5.3461538461538405 2.5012708818045666
0 21 7.442307692307685 3.2145513217259154
1 21 3.1923076923076894 1.8010290437069363
2 21 6.153846153846147 2.837225331475331
0 22 7.576923076923068 3.2839504738301364
1 22 3.903846153846149 2.0873835703394
2 22 7.538461538461532 3.186276632421927
0 23 9.076923076923077 3.6804987457281486
1 23 4.826923076923073 2.4381439525876374
2 23 8.46153846153846 3.4891901184159897
0 24 9.692307692307688 3.8111916486969926
1 24 4.557692307692303 2.3153450930365995
2 24 9.03846153846153 3.7296267987771206
0 25 10.403846153846152 3.9589050900973746
1 25 4.8461538461538405 2.495046286761864
2 25 8.999999999999995 3.7119530646997663
0 26 10.788461538461544 4.100173554576008
1 26 5.153846153846149 2.5103277871119762
2 26 8.749999999999998 3.567828622205187
0 27 10.384615384615385 4.007908619035207
1 27 5.615384615384609 2.6747241122716057
2 27 10.519230769230766 3.985358979474843
0 28 10.576923076923082 4.0609057544481555
1 28 4.999999999999995 2.495768278455915
2 28 9.5 3.7692669677879937
0 29 8.653846153846148 3.550906764882477
1 29 5.15384615384615 2.5012378981571763
2 29 9.673076923076927 3.818941530406858
0 30 9.057692307692305 3.59581068747308
1 30 4.057692307692305 2.158177911899966
2 30 8.423076923076916 3.48656674455849
0 31 9.096153846153845 3.563632093126968
1 31 4.365384615384611 2.284506339917059
2 31 8.134615384615378 3.283828661035899
0 32 9.076923076923075 3.6363788267628467
1 32 4.288461538461535 2.293297044946753
2 32 8.038461538461531 3.3617171798103427
0 33 8.480769230769225 3.4494645966441957
1 33 4.346153846153841 2.1732387967392897
2 33 8.480769230769228 3.489377505889487
0 34 8.865384615384611 3.5440691088258083
1 34 4.1346153846153815 2.1128166312076906
2 34 6.769230769230763 3.0630602924803907
0 35 8.153846153846146 3.3935273942636233
1 35 3.730769230769229 2.0263964711157136
2 35 6.461538461538455 2.896097399240503
0 36 7.999999999999994 3.3669682896450146
1 36 3.807692307692305 2.1049856567028478
2 36 6.461538461538457 2.8915325839282247
0 37 6.86538461538461 3.0518400717598504
1 37 3.2115384615384595 1.8183100563448968
2 37 6.84615384615384 2.9683824798766523
0 38 6.923076923076915 3.1065704887549335
1 38 2.980769230769229 1.6427725451330237
2 38 7.192307692307687 3.0622457784234487
0 39 6.499999999999994 2.9764741549260263
1 39 3.4423076923076903 1.9098190229853103
2 39 6.423076923076915 2.824979257477824
0 40 6.249999999999992 2.924196345659062
1 40 3.192307692307689 1.8311414370976835
2 40 6.519230769230763 2.9638036043140517
0 41 6.499999999999994 2.9382447726009633
1 41 3.3076923076923044 1.842904693185839
2 41 6.557692307692301 2.974205954061005
0 42 6.134615384615379 2.8257674176412024
1 42 2.9230769230769202 1.673282108288701
2 42 5.826923076923071 2.673229126895994
0 43 6.346153846153839 2.929844519631683
1 43 3.0769230769230744 1.7541020013677102
2 43 6.1923076923076845 2.861774439006658
0 44 6.903846153846151 3.087363060203538
1 44 2.288461538461538 1.3422104033954658
2 44 5.2307692307692255 2.517891587095625
0 45 6.576923076923072 3.0177829178589026
1 45 1.9038461538461533 1.2465798656691307
2 45 4.88461538461538 2.4308953907304223
0 46 5.153846153846148 2.5204306967578414
1 46 2.3269230769230753 1.3356786177311093
2 46 4.884615384615378 2.3758737055640173
0 47 5.57692307692307 2.5828849682188544
1 47 1.923076923076923 1.250365341744627
2 47 4.1346153846153815 2.1087840008838947
0 48 5.038461538461535 2.4368022370159617
1 48 2.1923076923076916 1.3723763139352723
2 48 4.884615384615381 2.392017991473142
0 49 5.269230769230764 2.575534780903662
1 49 1.9038461538461542 1.1560168255835204
2 49 4.192307692307689 2.1913250793458285
0 50 4.288461538461534 2.1845614649700713
1 50 1.7115384615384612 1.0759229147210414
2 50 4.15384615384615 2.11457222527992
0 51 4.326923076923072 2.203072234234756
1 51 1.288461538461539 0.8088891209750092
2 51 3.8846153846153815 2.0709512419532765
0 52 3.3846153846153815 1.8840837036569464
1 52 1.4230769230769231 0.9223583347299008
2 52 3.4038461538461506 1.8959425257841385
0 53 3.711538461538459 1.9837870744554233
1 53 1.1730769230769238 0.8028111350996221
2 53 3.2692307692307656 1.7705157639423574
0 54 2.865384615384614 1.6276723244514528
1 54 0.9230769230769234 0.6782677883291597
2 54 2.403846153846153 1.433860910905157
0 55 2.6153846153846136 1.5657972253915131
1 55 1.0384615384615388 0.6075317125487983
2 55 2.73076923076923 1.5357085667596473
0 56 2.3846153846153832 1.4396584875178193
1 56 1.0961538461538465 0.7072835297317984
2 56 1.9807692307692302 1.2618025648859141
0 57 2.1538461538461533 1.3855636123094792
1 57 0.7307692307692311 0.47566383847664934
2 57 2.1538461538461533 1.3024159188241318
0 58 2.096153846153846 1.3090544362661227
1 58 0.6730769230769232 0.467029508671955
2 58 1.4999999999999991 0.995481901351351
0 59 2.0576923076923066 1.2693007886904788
1 59 0.6346153846153847 0.4433390308470527
2 59 1.6730769230769222 1.1417656168193666
0 60 2.019230769230769 1.2231289367727716
1 60 0.8076923076923078 0.5279962518383281
2 60 1.5576923076923075 0.9534785438955996
0 61 1.6346153846153837 1.117198288685202
1 61 0.8461538461538464 0.5392219374408375
2 61 1.4615384615384615 0.9479811564036003
0 62 2.0961538461538463 1.3093510596874363
1 62 0.6923076923076925 0.46202373359769905
2 62 1.3846153846153844 0.8349818653310391
0 63 1.6923076923076925 1.04238460308412
1 63 0.653846153846154 0.4434593065648307
2 63 1.1346153846153848 0.7643325321908754
0 64 2.365384615384613 1.427980404565123
1 64 0.8076923076923079 0.52734478431493
2 64 1.7692307692307692 1.0699454997730187
0 65 2.9038461538461524 1.6663870201313298
1 65 1.2307692307692306 0.8434239408656751
2 65 2.076923076923076 1.3353973665174075
0 66 3.6923076923076894 1.98901016642897
1 66 1.557692307692307 1.0872816854164884
2 66 3.192307692307689 1.8406464278616725
0 67 5.326923076923072 2.5889762244310686
1 67 1.826923076923077 1.2100587101222238
2 67 4.076923076923075 2.122417759923532
0 68 6.3269230769230695 2.8715217714354973
1 68 2.461538461538461 1.4901291288331988
2 68 4.576923076923072 2.3247167065592036
0 69 6.749999999999992 3.1044851221899674
1 69 3.1346153846153824 1.8060486697175817
2 69 5.307692307692303 2.5694233629819654
0 70 7.38461538461538 3.214076460475805
1 70 3.0961538461538436 1.7771875406405713
2 70 6.28846153846153 2.9389450321598987
0 71 10.09615384615385 3.935159944995279
1 71 3.5961538461538414 1.9846714772150724
2 71 7.32692307692307 3.115560282300567
0 72 9.730769230769234 3.797653547593847
1 72 4.634615384615381 2.351399915507406
2 72 7.7115384615384555 3.268366106431756
0 73 10.634615384615383 4.0403371727992825
1 73 4.769230769230762 2.3472847554091
2 73 8.538461538461531 3.5297756212718503
0 74 11.28846153846154 4.1984104056444576
1 74 4.576923076923072 2.320461977836576
2 74 8.26923076923076 3.44415864663348
0 75 11.326923076923082 4.167339360729741
1 75 4.980769230769226 2.4438714495893876
2 75 8.73076923076923 3.5042519757886987
0 76 10.55769230769231 3.9440270712069503
1 76 4.63461538461538 2.2993452525865647
2 76 8.461538461538453 3.494296853796307
0 77 10.63461538461539 3.9728929229976653
1 77 4.076923076923075 2.175925126257049
2 77 8.442307692307688 3.47051386144166
0 78 9.84615384615385 3.858561021847114
1 78 3.6923076923076903 2.005099275398826
2 78 7.769230769230764 3.161791920033902
0 79 10.076923076923077 3.856507762879271
1 79 3.9038461538461497 2.0450117918279984
2 79 7.480769230769223 3.162774248254313
0 80 8.92307692307692 3.530092757767508
1 80 3.615384615384612 1.9121530954075472
2 80 7.346153846153839 3.2093361546340873
0 81 9.038461538461538 3.558694012519552
1 81 3.7884615384615334 2.0527480062938857
2 81 7.480769230769225 3.175290202535967
0 82 7.9615384615384555 3.4378927694749026
1 82 2.8653846153846128 1.5886828655096539
2 82 6.480769230769224 2.919683978555483
0 83 7.8076923076922995 3.3080946618134726
1 83 3.5384615384615348 1.9570457033522781
2 83 6.557692307692302 3.0325276555009917
0 84 7.076923076923069 3.0930649019003535
1 84 3.1923076923076885 1.7916222368304358
2 84 5.923076923076917 2.7387905563270087
0 85 7.653846153846147 3.185280060634535
1 85 3.0769230769230758 1.7423622738724653
2 85 5.192307692307686 2.5364148502685353
0 86 7.769230769230762 3.2174531858479516
1 86 2.9807692307692277 1.7440897972705611
2 86 5.88461538461538 2.7556395433749428
0 87 7.307692307692303 3.2247216223018094
1 87 3.3076923076923044 1.8517077292690283
2 87 6.038461538461531 2.7456916989605253
0 88 7.26923076923076 3.0681252029815744
1 88 2.365384615384614 1.4193758531252998
2 88 5.961538461538455 2.709883133203053
0 89 7.32692307692307 3.1342135310554555
1 89 2.846153846153844 1.6933067116961724
2 89 5.307692307692303 2.5657874331595734
0 90 7.11538461538461 3.007473282089125
1 90 2.3653846153846145 1.4364318538971947
2 90 5.499999999999994 2.637102083734285
0 91 6.999999999999993 3.0377242037351815
1 91 2.365384615384614 1.4142560377876519
2 91 5.5961538461538405 2.626934689739793
0 92 6.09615384615384 2.8679190984734837
1 92 2.192307692307692 1.4093342067470949
2 92 6.115384615384609 2.784786304469281
0 93 5.749999999999993 2.7171792874234604
1 93 2.1346153846153837 1.323757039745347
2 93 6.0576923076923 2.802155424139624
0 94 5.2307692307692255 2.546130650924691
1 94 2.211538461538461 1.3741299257586133
2 94 5.249999999999994 2.545382793165854
0 95 5.038461538461532 2.458713127896687
1 95 1.6923076923076918 1.0773128092193371
2 95 5.346153846153841 2.570770997528774
0 96 4.326923076923072 2.2406323085019912
1 96 1.7307692307692306 1.1249432623878952
2 96 5.499999999999995 2.5940820314302258
0 97 4.5192307692307665 2.3162437544360372
1 97 1.7884615384615388 1.136601060836673
2 97 5.038461538461535 2.505517166463262
0 98 3.634615384615381 1.9843366531556565
1 98 1.6346153846153844 1.0565431287366347
2 98 4.442307692307689 2.2795764277833777
0 99 3.826923076923074 2.1223329478499644
1 99 1.269230769230769 0.8104272132385966
2 99 3.9807692307692286 2.0535070003498683
0 100 3.4038461538461515 1.7965791308878047
1 100 1.442307692307693 0.9659459287332084
2 100 4.249999999999997 2.225815922906747
0 101 2.749999999999998 1.5966020381901391
1 101 1.230769230769231 0.8470429628657642
2 101 3.5576923076923053 1.9452033202675791
0 102 2.634615384615383 1.5342665983091515
1 102 1.0961538461538467 0.7633140431801269
2 102 3.5192307692307665 1.930232688340083
0 103 1.9615384615384608 1.2648764215489914
1 103 1.1153846153846156 0.765804009603149
2 103 3.0192307692307674 1.6963024422386892
0 104 2.115384615384615 1.3412760598744822
1 104 1.0192307692307694 0.7271508004321624
2 104 2.846153846153844 1.6265850718888748
0 105 2.019230769230769 1.2286820782797896
1 105 0.8269230769230772 0.603485145557151
2 105 2.2499999999999982 1.3835917162411537
0 106 1.5961538461538465 1.0541903909294055
1 106 0.7115384615384616 0.453209423002429
2 106 1.711538461538462 1.1224848175478308
0 107 1.7499999999999996 1.123084424093008
1 107 0.6730769230769231 0.5023112673898902
2 107 1.769230769230769 1.0808893831618294
0 108 1.7692307692307687 1.1628585781358667
1 108 0.576923076923077 0.3882190085074138
2 108 1.5769230769230766 1.0009615972916324
0 109 1.596153846153846 1.080003106745408
1 109 0.36538461538461525 0.28870605201397176
2 109 1.5769230769230773 0.9833075508771963
0 110 1.480769230769231 0.9394193448068945
1 110 0.6153846153846154 0.46850365968656826
2 110 1.8076923076923075 1.1914199602935338
0 111 1.6538461538461542 1.1029637778476298
1 111 0.6538461538461539 0.48152667579464836
2 111 1.5 0.9952308497076572
0 112 2.211538461538461 1.361457714113102
1 112 0.653846153846154 0.42483504683522083
2 112 1.9230769230769236 1.2099352203320421
0 113 2.730769230769229 1.5678911070360055
1 113 0.7500000000000003 0.5136527710432153
2 113 2.442307692307691 1.5028682637679844
0 114 3.7307692307692286 2.038149844108275
1 114 1.076923076923077 0.7944297304328698
2 114 3.2499999999999973 1.8632364989562282
0 115 4.730769230769227 2.433293577663653
1 115 1.4615384615384615 1.0100777006876183
2 115 4.326923076923072 2.2255006814031524
0 116 5.480769230769226 2.6448693784944917
1 116 2.1153846153846145 1.3356264783482277
2 116 4.596153846153841 2.3279186140032695
0 117 6.499999999999992 2.956174628047698
1 117 3.134615384615383 1.7413413294300344
2 117 4.84615384615384 2.460008816819094
0 118 7.173076923076916 3.1179279606602566
1 118 3.326923076923074 1.8796011413245375
2 118 6.57692307692307 2.9428943036775506
0 119 8.826923076923071 3.55494450340482
1 119 3.769230769230765 2.020802974197875
2 119 7.596153846153838 3.2190361540055865
0 120 8.788461538461533 3.580781190311338
1 120 4.288461538461534 2.2636535725981006
2 120 8.519230769230765 3.5593667460323353
0 121 10.32692307692308 3.885514299536173
1 121 4.153846153846151 2.18688680935006
2 121 8.307692307692298 3.5428739996774854
0 122 9.673076923076918 3.8531227137664463
1 122 4.480769230769226 2.331510185275858
2 122 9.21153846153846 3.6843830198159253
0 123 10.307692307692305 3.9899633471683305
1 123 4.15384615384615 2.112451613258083
2 123 9.826923076923073 3.933548817731875
0 124 9.94230769230769 3.868814923973065
1 124 4.15384615384615 2.203311409781825
2 124 8.346153846153841 3.4675463633433914
0 125 10.09615384615385 3.8185634644134114
1 125 4.461538461538457 2.2127811743669503
2 125 8.230769230769221 3.4192163182449837
0 126 10.03846153846154 3.836450822811961
1 126 3.634615384615382 1.9596878313505353
2 126 7.9230769230769145 3.2730595720791613
0 127 8.615384615384611 3.5336505801072
1 127 3.7499999999999973 2.0483015202229042
2 127 7.57692307692307 3.2573993038055256
0 128 9.538461538461535 3.71128302098937
1 128 3.2499999999999973 1.7606835836281898
2 128 6.942307692307685 3.037040342301016
0 129 8.59615384615384 3.4938571637557776
1 129 3.6346153846153824 1.9711050171677267
2 129 6.942307692307685 2.992215566689973
0 130 8.096153846153841 3.361530528413755
1 130 3.461538461538459 1.9150955802824492
2 130 6.173076923076915 2.778814243439599
0 131 7.249999999999994 3.1135601457867
1 131 2.7307692307692277 1.5342664916106226
2 131 6.134615384615376 2.7515280307083034
0 132 6.999999999999995 3.1144314597012253
1 132 2.8653846153846128 1.657685114452905
2 132 5.9423076923076845 2.8000300549923
0 133 6.615384615384608 2.9896195081603105
1 133 3.0384615384615357 1.6510543544832577
2 133 6.11538461538461 2.7897320557913297
0 134 6.538461538461534 2.9261459963330747
1 134 3.0961538461538445 1.7796498257275606
2 134 6.423076923076916 2.868299897291811
0 135 7.115384615384608 3.09105940883553
1 135 2.7499999999999982 1.6296608390948033
2 135 6.32692307692307 2.834519562618627
0 136 5.942307692307685 2.773371593115794
1 136 2.73076923076923 1.5736757976783267
2 136 6.269230769230761 2.8611961775758403
0 137 6.769230769230764 2.9875884868551585
1 137 2.2884615384615365 1.4408872287801342
2 137 5.9615384615384555 2.7942486169693304
0 138 6.499999999999995 2.908709346528169
1 138 2.9807692307692286 1.7037734225592525
2 138 5.346153846153841 2.636688557990391
0 139 5.923076923076919 2.7449234678721854
1 139 2.249999999999999 1.3884580120762333
2 139 5.2115384615384555 2.5269314888950603
0 140 5.980769230769224 2.786978125479255
1 140 2.4807692307692295 1.5099412433451163
2 140 5.423076923076917 2.614291366474749
0 141 5.57692307692307 2.6740092403380027
1 141 2.211538461538461 1.3181737322932672
2 141 4.442307692307688 2.196456027528229
0 142 5.384615384615379 2.5846550074980534
1 142 2.1538461538461533 1.2946869511030468
2 142 4.65384615384615 2.3903991738609367
0 143 4.653846153846148 2.3576730591347252
1 143 2.4038461538461533 1.4518304345741089
2 143 4.461538461538458 2.2997181669827076
0 144 4.653846153846149 2.3260980195508
1 144 2.269230769230768 1.410568521402186
2 144 4.230769230769226 2.208236671193172
0 145 4.307692307692302 2.236338647632647
1 145 2.1730769230769225 1.3306281921131684
2 145 4.692307692307688 2.3817617999301337
0 146 3.9423076923076876 2.134576978595512
1 146 1.7115384615384615 1.1318037055332817
2 146 3.634615384615383 2.021288074150129
0 147 3.999999999999997 2.1249373390568196
1 147 1.7499999999999993 1.07809530942569
2 147 3.557692307692306 1.8740046403804402
0 148 2.9423076923076907 1.6546799937190446
1 148 1.2115384615384617 0.8105463079564145
2 148 3.5576923076923066 1.93117693963447
0 149 2.9423076923076907 1.6970881408689331
1 149 1.423076923076923 0.9220850301017766
2 149 3.5192307692307665 1.8610626775095191
0 150 2.8076923076923053 1.651582941439019
1 150 1.4807692307692304 0.9526198930403941
2 150 2.519230769230768 1.463186273609923
0 151 2.3461538461538454 1.3555632303468856
1 151 0.9423076923076925 0.6277492036265149
2 151 3.0769230769230753 1.670551888318401
0 152 2.519230769230768 1.492810463293681
1 152 1.2307692307692308 0.834135031351921
2 152 2.173076923076922 1.2948411495605916
0 153 1.98076923076923 1.2219006824654162
1 153 0.9423076923076924 0.5714659675521684
2 153 2.4615384615384603 1.4808081961971078
0 154 2.0576923076923066 1.266817441326395
1 154 1.1153846153846152 0.7574998089242083
2 154 2.057692307692307 1.1795774564549328
0 155 1.807692307692308 1.1462368078376795
1 155 0.8269230769230768 0.5291872314841141
2 155 1.5961538461538463 0.9793792728069706
0 156 1.769230769230769 1.1191786460312159
1 156 0.6346153846153846 0.4355365740817452
2 156 1.923076923076923 1.1801957869625992
0 157 1.7692307692307685 1.1762438194436866
1 157 0.653846153846154 0.4583811210724126
2 157 1.4807692307692302 0.9674993831825827
0 158 1.8269230769230769 1.1859347967016474
1 158 0.6730769230769232 0.47288802861645374
2 158 1.2884615384615383 0.8489501266263163
0 159 1.8653846153846145 1.2110742257516753
1 159 0.6153846153846155 0.41467125717739733
2 159 1.4999999999999996 0.9690866805988593
0 160 2.3653846153846145 1.4667572762421257
1 160 0.8846153846153851 0.5463890770468657
2 160 1.6153846153846154 1.0702625120170144
0 161 2.692307692307692 1.6255577745290566
1 161 1.2115384615384617 0.8201831222245438
2 161 1.8076923076923082 1.1969719389894762
0 162 3.90384615384615 2.136266088686986
1 162 1.3076923076923073 0.8054905971673992
2 162 2.730769230769229 1.5401370454681045
0 163 5.096153846153839 2.568921716657967
1 163 1.8846153846153835 1.25669307294532
2 163 3.5384615384615357 1.8853232476218198
0 164 6.057692307692302 2.8312170751258297
1 164 2.4230769230769216 1.4673618070695087
2 164 4.961538461538456 2.459922244498832
0 165 7.3269230769230695 3.194315735866923
1 165 2.9423076923076903 1.6684690782529366
2 165 4.846153846153843 2.453949490556549
0 166 8.596153846153843 3.652067921833487
1 166 3.0192307692307674 1.7527093557724551
2 166 6.442307692307688 2.7967502554925807
0 167 8.499999999999996 3.4482834984066377
1 167 3.5384615384615357 1.91683075627511
2 167 5.634615384615381 2.627681854849068
0 168 9.865384615384617 3.934512385439035
1 168 4.269230769230765 2.2053739115518676
2 168 7.692307692307682 3.214452648901411
0 169 10.788461538461538 4.043482545605023
1 169 4.557692307692302 2.4424782271756404
2 169 7.249999999999995 3.198279760720798
0 170 11.4423076923077 4.200469588836599
1 170 4.038461538461536 2.1539563398465615
2 170 8.211538461538455 3.455943216139167
0 171 10.403846153846157 3.9665487087050875
1 171 4.461538461538458 2.347555709982534
2 171 8.692307692307688 3.623497021390776
0 172 10.865384615384619 4.015969720056114
1 172 4.1346153846153815 2.0988425190180506
2 172 7.346153846153841 3.202054606170121
0 173 11.13461538461539 4.2230585122755215
1 173 4.480769230769226 2.3373249802767346
2 173 7.884615384615378 3.353118811570047
0 174 10.115384615384622 3.8493878769832675
1 174 3.40384615384615 1.9150827072058632
2 174 6.923076923076917 3.0517622524612467
0 175 10.211538461538462 3.8991053687682764
1 175 3.538461538461537 1.9130228938251632
2 175 6.98076923076922 3.018001442692375
0 176 9.403846153846152 3.750625833352423
1 176 3.5384615384615357 1.9360832886586101
2 176 6.615384615384609 2.925748899366468
0 177 8.980769230769225 3.593764152361215
1 177 3.076923076923076 1.755177885365517
2 177 7.115384615384609 3.1916047783337973
0 178 7.673076923076916 3.214883177463104
1 178 2.9423076923076903 1.6368264122875362
2 178 5.90384615384615 2.723006112108984
0 179 7.403846153846147 3.0285847286297605
1 179 2.749999999999997 1.5783984305309724
2 179 5.9423076923076845 2.7686656306048945
0 180 8.499999999999996 3.434016009461383
1 180 2.6730769230769202 1.634712631168929
2 180 6.538461538461531 2.8862397351986724
0 181 7.846153846153838 3.37472914271303
1 181 2.615384615384614 1.5186808891008834
2 181 5.3461538461538405 2.4964173384512027
0 182 7.865384615384609 3.279979032499265
1 182 1.9038461538461533 1.1941585292600245
2 182 5.749999999999994 2.6330480196540647
0 183 7.365384615384608 3.169344785906719
1 183 2.4423076923076907 1.4606768476327818
2 183 4.942307692307688 2.4118860887555726
0 184 6.9807692307692255 3.077419426844144
1 184 2.807692307692307 1.6081676572794106
2 184 5.519230769230763 2.6953491724735046
0 185 6.999999999999994 3.079215525177585
1 185 2.596153846153844 1.5614134467182286
2 185 4.692307692307687 2.414101673375803
0 186 7.07692307692307 3.151080706709525
1 186 2.557692307692307 1.5312199551830865
2 186 4.826923076923071 2.3946618969019373
0 187 6.230769230769225 2.7972529769121866
1 187 2.2307692307692295 1.3383411266632743
2 187 5.211538461538455 2.5701111043690177
0 188 6.442307692307685 3.0234798645190573
1 188 2.057692307692308 1.297623788773185
2 188 4.61538461538461 2.288009934596107
0 189 6.365384615384611 2.842985790826011
1 189 2.0192307692307687 1.2927125173532124
2 189 5.0961538461538405 2.44289765472695
0 190 5.519230769230765 2.6741477012687023
1 190 1.6346153846153837 1.0215282724817154
2 190 4.88461538461538 2.4231018293993443
0 191 5.499999999999994 2.6051854937336993
1 191 1.5961538461538463 1.0858653512090988
2 191 4.826923076923072 2.4050913978968356
0 192 4.495238095238091 2.380239657515506
1 192 1.561904761904762 0.939070755779624
2 192 4.780952380952376 2.376580006078403
0 193 4.819047619047614 2.385455635897817
1 193 1.1809523809523812 0.7591006406253895
2 193 4.152380952380949 2.1863718662725633
0 194 4.6857142857142815 2.3490221045734425
1 194 1.428571428571429 0.9417144820477955
2 194 4.171428571428569 2.1620105693624785
0 195 3.7142857142857126 2.0433033404496466
1 195 1.2 0.8170854625760103
2 195 3.9428571428571395 2.1688562362903188
0 196 3.504761904761901 1.893443627238266
1 196 1.1619047619047616 0.7795498086750103
2 196 3.73333333333333 2.0873192058546173
0 197 3.2761904761904734 1.8431836340777432
1 197 0.8190476190476195 0.6014848040516368
2 197 3.7142857142857117 2.0480172566061103
0 198 2.76190476190476 1.5780067205044275
1 198 1.066666666666667 0.7297210235376166
2 198 3.1619047619047596 1.7527091052094943
0 199 2.723809523809523 1.6226793213847817
1 199 0.990476190476191 0.7251871285494665
2 199 2.819047619047617 1.5979644167548919
0 200 2.8190476190476175 1.7076014654839873
1 200 0.9714285714285722 0.6630398591129781
2 200 2.76190476190476 1.655806296081106
0 201 2.57142857142857 1.5950525136758902
1 201 0.6666666666666665 0.4770552472575212
2 201 2.2666666666666653 1.4137874198786466
0 202 2.2857142857142843 1.3589360494364022
1 202 0.8761904761904764 0.5844015674907459
2 202 1.980952380952381 1.2307429765904756
0 203 2.3047619047619032 1.416182128177957
1 203 0.6666666666666665 0.468153535017171
2 203 2.0761904761904755 1.3187214058637637
0 204 1.9428571428571422 1.265084315625952
1 204 0.6857142857142858 0.4703122125922081
2 204 1.7904761904761903 1.1628076394870768
0 205 2.0380952380952375 1.2770793383202204
1 205 0.6095238095238097 0.40710572752837126
2 205 1.6 1.0492416833690708
0 206 1.6380952380952374 1.143563962776214
1 206 0.5333333333333332 0.38850430015411097
2 206 1.523809523809524 0.917552390047046
0 207 1.542857142857143 1.0502199163844115
1 207 0.438095238095238 0.3768106746302713
2 207 1.1047619047619048 0.8481058141233775
0 208 2.6666666666666647 1.573915091999303
1 208 0.8190476190476195 0.5585284422635158
2 208 1.9619047619047616 1.2526045484587132
0 209 3.0476190476190452 1.7980341665086081
1 209 0.9904761904761907 0.6817536701652904
2 209 2.2666666666666657 1.4521284589188947
0 210 3.8666666666666645 2.0874012008854783
1 210 1.466666666666667 0.988922055296691
2 210 3.3714285714285674 1.9251095818158075
0 211 4.952380952380948 2.4400223737790077
1 211 1.6761904761904756 1.0235593416683277
2 211 3.9238095238095205 2.0804697939362566
0 212 5.599999999999995 2.7555940106722137
1 212 2.419047619047618 1.416572300102956
2 212 4.457142857142855 2.2916260994022726
0 213 6.9714285714285635 3.0770396322350897
1 213 2.8761904761904744 1.6223871549997113
2 213 5.904761904761897 2.7672866989806346
0 214 8.01904761904761 3.4250503776193257
1 214 3.7333333333333285 2.047417743801936
2 214 6.399999999999993 2.8759484868597354
0 215 8.361904761904755 3.5668258593338265
1 215 3.9619047619047585 2.098209377399682
2 215 6.3047619047618975 2.9468153180123418
0 216 8.62857142857142 3.6301081910776722
1 216 4.152380952380949 2.2691269284914553
2 216 7.142857142857135 3.2497455776023823
0 217 9.3142857142857 3.7327945905275066
1 217 4.133333333333329 2.1153108295576946
2 217 7.961904761904754 3.403633939351394
0 218 8.62857142857142 3.587090593287122
1 218 4.8952380952380885 2.5079005357006485
2 218 8.628571428571416 3.5789110354201563
0 219 10.285714285714274 3.9349988022805826
1 219 4.914285714285709 2.4902958105135187
2 219 8.438095238095226 3.4546762346258766
0 220 9.466666666666656 3.705265700816632
1 220 4.685714285714281 2.379002049178436
2 220 8.114285714285705 3.400927465079005
0 221 9.104761904761897 3.666924701248294
1 221 4.3047619047619 2.2627113274924633
2 221 7.904761904761899 3.3818239928001796
0 222 9.295238095238084 3.7781329866764928
1 222 3.94285714285714 2.1443027224608215
2 222 8.438095238095228 3.500335487499795
0 223 9.142857142857137 3.593270284152067
1 223 3.961904761904758 2.1259727184101647
2 223 7.466666666666659 3.2036587688825846
0 224 8.380952380952372 3.485168025232116
1 224 3.2761904761904734 1.8699370403852797
2 224 7.485714285714278 3.21900133968821
0 225 8.399999999999991 3.5276160670968832
1 225 3.3523809523809502 1.8948265134832216
2 225 8.038095238095229 3.4078398052795853
0 226 7.009523809523804 3.1435447194727906
1 226 3.0476190476190457 1.7053820586369268
2 226 6.342857142857136 2.93057344066142
0 227 7.65714285714285 3.2930859736281644
1 227 3.3904761904761886 1.8371343785630836
2 227 5.65714285714285 2.656343158952043
0 228 7.0476190476190395 3.1168017096439042
1 228 3.1619047619047604 1.778616468969892
2 228 5.885714285714283 2.756509683152268
0 229 6.7238095238095195 3.066084328263684
1 229 2.9904761904761883 1.725514274765266
2 229 5.4476190476190425 2.5796880197796614
0 230 6.704761904761899 3.0599766382426687
1 230 3.4285714285714257 1.852507028729204
2 230 5.676190476190471 2.615724181772176
0 231 7.066666666666658 3.0720741792557087
1 231 2.5714285714285703 1.5473156526435905
2 231 5.561904761904756 2.7169629770713017
0 232 5.961904761904754 2.7619538222971567
1 232 2.7999999999999985 1.7201178126836774
2 232 5.9999999999999964 2.732259175543971
0 233 6.609523809523802 2.9390776733731636
1 233 3.0666666666666655 1.7551142162699311
2 233 5.638095238095234 2.712926524775062
0 234 6.24761904761904 2.9211033561374755
1 234 2.742857142857141 1.5852967543818666
2 234 4.476190476190471 2.3238521981651243
0 235 6.761904761904755 3.021153280413138
1 235 2.5714285714285694 1.5210922994036775
2 235 4.87619047619047 2.461610382931781
0 236 5.31428571428571 2.593116271934272
1 236 2.1523809523809514 1.3235395531706473
2 236 5.066666666666662 2.5509120780027046
0 237 5.752380952380944 2.7894415223535582
1 237 2.3428571428571416 1.4660092021472289
2 237 5.085714285714278 2.5534531392324027
0 238 5.180952380952374 2.614340978271302
1 238 2.0952380952380953 1.2735313166877862
2 238 3.923809523809522 2.0994795733826566
0 239 5.5809523809523744 2.6934247355150105
1 239 2.1523809523809523 1.3375340988431035
2 239 3.8285714285714256 2.0132788626942038
0 240 4.838095238095233 2.4268877470692614
1 240 1.885714285714285 1.1764537497240823
2 240 3.94285714285714 2.1517124397401735
0 241 5.104761904761898 2.465665137050474
1 241 1.7904761904761903 1.1802277752770975
2 241 3.9619047619047594 2.0110270170082694
0 242 4.266666666666662 2.2679580927867624
1 242 1.79047619047619 1.1677736554420914
2 242 3.2761904761904734 1.8617467335362805
0 243 4.380952380952378 2.2288788135985795
1 243 1.4476190476190476 0.9183855719387188
2 243 3.5047619047619025 1.9462637184712552
0 244 3.714285714285711 2.017858053606004
1 244 1.561904761904762 1.0073191337856608
2 244 3.257142857142856 1.8405460982079216
0 245 3.8857142857142835 2.029112575447334
1 245 1.485714285714285 0.9699854870927024
2 245 3.238095238095236 1.8393849938392006
0 246 3.485714285714283 1.9241558948434716
1 246 1.638095238095238 1.0665731212314342
2 246 2.8571428571428545 1.6989171058056038
0 247 3.6761904761904733 2.0123317909748195
1 247 1.4285714285714282 0.8608232112338564
2 247 2.6666666666666665 1.601565659379439
0 248 3.0285714285714267 1.7507231470262647
1 248 1.4857142857142858 0.9651380297943638
2 248 2.8380952380952356 1.629318031599179
0 249 3.3333333333333313 1.855296841516158
1 249 1.0095238095238102 0.7172980029091228
2 249 2.2476190476190463 1.3561208690417057
0 250 2.419047619047618 1.4600857707899246
1 250 1.142857142857143 0.79821399859063
2 250 2.342857142857143 1.448201351401355
0 251 2.3238095238095218 1.4146846657373466
1 251 1.1047619047619053 0.7089355644029913
2 251 2.209523809523809 1.35468867526307
0 252 2.8380952380952364 1.6378479155871375
1 252 1.2952380952380946 0.8514375624884107
2 252 2.419047619047618 1.4372797930766297
0 253 2.8761904761904744 1.6597055758198347
1 253 0.8952380952380956 0.5743560307064135
2 253 2.2285714285714273 1.2704340096247837
0 254 2.9142857142857115 1.6759314375123375
1 254 1.066666666666667 0.7143432608139625
2 254 1.7523809523809524 1.1494342927665613
0 255 2.57142857142857 1.537974590539124
1 255 0.7619047619047623 0.49008528550358477
2 255 1.6571428571428568 0.9746972599486278
0 256 2.685714285714284 1.5121938938257484
1 256 1.1619047619047618 0.7602317836777139
2 256 2.152380952380952 1.2835530905847017
0 257 3.2380952380952364 1.8003175472026973
1 257 1.104761904761905 0.7573338370311203
2 257 2.4952380952380935 1.448929406072396
0 258 3.9047619047619015 2.126455904585367
1 258 1.9619047619047616 1.2102237505240019
2 258 3.1428571428571406 1.8593867141025664
0 259 4.704761904761899 2.4685694493491264
1 259 1.7142857142857137 1.1482656734416194
2 259 3.580952380952378 1.9431110602998136
0 260 5.638095238095231 2.77011226825381
1 260 2.419047619047618 1.4566336971085183
2 260 4.495238095238093 2.2739207755731856
0 261 5.238095238095235 2.6060246864696732
1 261 2.1142857142857134 1.3813567834485905
2 261 4.361904761904757 2.2256447057894335
0 262 6.819047619047611 3.0958928272672632
1 262 3.104761904761902 1.7642001296954228
2 262 5.599999999999996 2.726614682759555
0 263 7.371428571428563 3.3454792330685463
1 263 3.3714285714285697 1.873033109496209
2 263 6.514285714285709 3.035393834481791
0 264 8.438095238095228 3.5235160427210963
1 264 3.94285714285714 2.1328631630569825
2 264 6.933333333333326 3.1394715867948895
0 265 8.533333333333324 3.637479757278714
1 265 3.8666666666666623 1.973330953287034
2 265 7.847619047619041 3.2833229483614907
0 266 8.799999999999986 3.588364998608451
1 266 4.038095238095233 2.15317118034655
2 266 8.38095238095237 3.4526550175040076
0 267 9.104761904761894 3.689805697768864
1 267 3.6761904761904725 2.040215798941737
2 267 9.638095238095227 3.7458827284306757
0 268 9.466666666666658 3.7427516882436116
1 268 3.7142857142857104 2.01075171009108
2 268 8.342857142857133 3.551859532942348
0 269 8.514285714285707 3.5008396066516947
1 269 4.6476190476190435 2.3246327151382413
2 269 8.133333333333324 3.4130933509227637
0 270 8.857142857142845 3.644066943393506
1 270 3.5619047619047586 2.073731646547104
2 270 7.790476190476182 3.364657781666217
0 271 8.742857142857133 3.607397284293027
1 271 3.504761904761901 1.8867306767568486
2 271 7.6761904761904685 3.357310844164105
0 272 8.704761904761892 3.620804766441997
1 272 3.371428571428569 1.8232725597732007
2 272 7.523809523809515 3.2154592084519584
0 273 7.6952380952380866 3.3489334511427082
1 273 3.7714285714285682 2.0699851198729693
2 273 6.7428571428571376 3.0260775312183554
0 274 7.028571428571423 3.096529055808247
1 274 3.314285714285713 1.9473693420112497
2 274 6.685714285714278 3.04997326841899
0 275 6.038095238095231 2.799391353293724
1 275 3.390476190476186 1.9422363605777673
2 275 5.961904761904756 2.777972862589897
0 276 6.799999999999993 3.0728059371618186
1 276 3.276190476190473 1.8647499134477328
2 276 6.438095238095232 2.937019060062688
0 277 6.876190476190469 3.0847436712235696
1 277 3.0666666666666638 1.7576304001202918
2 277 6.171428571428565 2.8399655245243993
0 278 6.9904761904761825 3.098637747911204
1 278 2.7238095238095217 1.6651645296464235
2 278 5.923809523809518 2.8021809065983465
0 279 6.66666666666666 3.016037078296468
1 279 2.6285714285714286 1.5892519666096239
2 279 6.552380952380946 3.103991987612377
0 280 6.514285714285706 3.0064973890014515
1 280 2.19047619047619 1.3443332152283358
2 280 5.69523809523809 2.61416613212705
0 281 5.904761904761898 2.78255192981407
1 281 2.8571428571428554 1.6611130014367899
2 281 6.4190476190476105 2.895557210974332
0 282 6.171428571428563 2.8513840703280025
1 282 2.228571428571428 1.3622539933902444
2 282 5.08571428571428 2.4829809185435643
0 283 6.07619047619047 2.8312639689121983
1 283 2.495238095238094 1.4720287454223369
2 283 5.180952380952377 2.4755387978278365
0 284 7.314285714285709 3.156147407586308
1 284 2.057142857142857 1.2507034631869072
2 284 4.476190476190473 2.283323654114644
0 285 6.247619047619043 2.941466868775288
1 285 1.8285714285714278 1.2032888160471642
2 285 4.590476190476188 2.2727225413071404
0 286 6.3047619047619 2.91568787631357
1 286 2.2285714285714273 1.4133497407735218
2 286 4.190476190476187 2.161004197352912
0 287 6.228571428571423 2.9511591565651907
1 287 1.9619047619047616 1.236742942335949
2 287 4.285714285714282 2.1866530215357103
0 288 4.9142857142857075 2.4677829713926847
1 288 2.1904761904761894 1.2814379005050662
2 288 4.3047619047619 2.2125232730400035
0 289 5.599999999999995 2.7042553651346077
1 289 1.847619047619047 1.1704567625351054
2 289 4.057142857142854 2.215274898612399
0 290 4.876190476190473 2.438947420124128
1 290 1.5999999999999994 1.0596956232683616
2 290 3.904761904761902 2.0689789014977316
0 291 4.876190476190472 2.5170951825346615
1 291 1.8095238095238089 1.1736972187864891
2 291 4.114285714285711 2.097481228024307
0 292 4.247619047619042 2.3035019853333196
1 292 1.3904761904761909 0.9987963054531991
2 292 3.599999999999998 1.9492812608473327
0 293 4.666666666666664 2.3365603044540117
1 293 1.6380952380952383 1.11031012192337
2 293 3.8476190476190437 2.0646646011071286
0 294 3.923809523809519 2.133081410187663
1 294 1.5047619047619045 1.0045860362973438
2 294 3.638095238095236 2.0128338737629923
0 295 4.361904761904759 2.2138436820767695
1 295 1.714285714285714 1.083731195913845
2 295 2.819047619047617 1.6043392000964378
0 296 3.6380952380952363 1.9620322280227516
1 296 1.2000000000000004 0.7617106335824706
2 296 3.3333333333333317 1.848579802541263
0 297 3.2761904761904743 1.8239310267841289
1 297 1.5809523809523813 1.0563303211206072
2 297 3.2190476190476165 1.7551751612436783
0 298 3.3714285714285697 1.8672818942967104
1 298 1.4285714285714286 0.9169976819782384
2 298 3.276190476190474 1.7798477422437438
0 299 3.6380952380952354 1.8886331658154751
1 299 1.1428571428571432 0.7298094763915007
2 299 2.7238095238095226 1.469469267835035
0 300 3.123809523809522 1.8125917562716525
1 300 1.3523809523809522 0.9091499566584724
2 300 2.114285714285714 1.3051642535682977
0 301 3.066666666666664 1.7743202674159209
1 301 0.9714285714285716 0.6178503154051752
2 301 2.323809523809522 1.4191280353655644
0 302 3.1047619047619026 1.7810435187349603
1 302 1.00952380952381 0.6636903973272428
2 302 2.0190476190476185 1.2752808691392574
0 303 3.180952380952378 1.7553306221160234
1 303 0.7619047619047621 0.47929540270189464
2 303 1.4666666666666661 0.9150444708597176
0 304 3.1428571428571406 1.7769869475570494
1 304 1.0666666666666669 0.7044185503039809
2 304 1.7523809523809526 1.0307013377577825
0 305 3.695238095238092 1.9834575417278721
1 305 1.314285714285714 0.8191127183304666
2 305 2.419047619047618 1.4356319463145506
0 306 4.190476190476187 2.1488172799563565
1 306 1.3904761904761904 0.9044907499611344
2 306 2.666666666666665 1.6399316344654316
0 307 4.761904761904757 2.416119774054988
1 307 2.019047619047618 1.2358584110092052
2 307 3.371428571428569 1.916112709339025
0 308 5.676190476190471 2.764983405698319
1 308 1.9238095238095234 1.2622155310849217
2 308 4.114285714285711 2.2413529576932683
0 309 5.4666666666666615 2.700355406434505
1 309 2.0571428571428565 1.3217432164026752
2 309 4.533333333333329 2.2955586733276627
0 310 6.1333333333333275 2.8884777302223266
1 310 2.7428571428571416 1.61519745618421
2 310 5.333333333333328 2.606141898604475
0 311 7.19999999999999 3.2109190386109145
1 311 2.7047619047619036 1.631400437987827
2 311 5.3714285714285674 2.6102969565538405
0 312 7.923809523809514 3.4526918849477317
1 312 3.028571428571426 1.7604386325213741
2 312 6.133333333333327 2.875176574502374
0 313 8.533333333333323 3.543558652019746
1 313 3.904761904761901 2.121002457985389
2 313 5.752380952380945 2.7527266323907034
0 314 8.304761904761897 3.5684743722732684
1 314 3.638095238095234 2.0149780325725866
2 314 7.047619047619042 3.122935907201286
0 315 9.99999999999999 3.9476560892450516
1 315 3.8666666666666623 2.1053069641151327
2 315 7.333333333333327 3.2533732550078094
0 316 8.971428571428559 3.67808278765584
1 316 3.752380952380949 2.057333183896844
2 316 6.3238095238095156 2.92699879344079
0 317 9.409523809523797 3.868783415792798
1 317 3.8285714285714247 2.0737895451502646
2 317 6.2666666666666595 2.8610396596766083
0 318 8.323809523809517 3.5206654236644805
1 318 3.219047619047616 1.7996479541284556
2 318 6.133333333333326 2.8266264433511896
0 319 8.514285714285704 3.559331111606341
1 319 3.676190476190473 2.0520859850025435
2 319 6.1714285714285655 2.846666876302232
0 320 8.266666666666659 3.4947373412431473
1 320 3.485714285714283 1.935988935702732
2 320 5.657142857142851 2.7388326195986012
0 321 7.771428571428564 3.3395499589252973
1 321 2.9523809523809508 1.71783525487566
2 321 5.809523809523804 2.694166340193198
0 322 6.571428571428565 3.0630807672651352
1 322 2.7238095238095235 1.59391331305236
2 322 5.3333333333333295 2.571610158160427
0 323 6.761904761904757 3.1173476820683588
1 323 2.6857142857142837 1.6245232468556885
2 323 5.142857142857138 2.493841503227735
0 324 6.819047619047613 2.963765679192938
1 324 2.9904761904761883 1.730456779820131
2 324 4.914285714285711 2.4950432929340147
0 325 6.838095238095229 3.058199582965885
1 325 2.5523809523809513 1.6087179392576827
2 325 5.561904761904755 2.660908586795101
0 326 6.457142857142849 3.0470996895995723
1 326 2.3619047619047597 1.4424540347614543
2 326 5.12380952380952 2.5304812181198124
0 327 6.514285714285708 2.945376466670767
1 327 2.6476190476190467 1.5981974779176507
2 327 5.085714285714281 2.4663689260381103
0 328 6.323809523809517 2.95555402153064
1 328 2.38095238095238 1.4579048832173491
2 328 4.9142857142857075 2.484132493280176
0 329 6.266666666666661 2.8597463664744005
1 329 2.3809523809523796 1.4344747874100585
2 329 4.857142857142853 2.4030801813314024
0 330 5.942857142857137 2.7872471801189467
1 330 2.0571428571428574 1.3143045283236465
2 330 4.552380952380949 2.3130944528810726
0 331 7.142857142857136 3.1908709990767705
1 331 2.1142857142857134 1.2987672159394035
2 331 4.609523809523805 2.3322352364744936
0 332 6.399999999999995 2.9468662218923125
1 332 1.8666666666666665 1.2123465368772848
2 332 4.190476190476185 2.3060294199878983
0 333 6.571428571428564 2.9945363654083743
1 333 1.676190476190476 1.124632219069993
2 333 4.571428571428566 2.3346706126236985
0 334 5.599999999999995 2.677144739413839
1 334 1.4857142857142853 0.9524289051489564
2 334 4.533333333333328 2.3179237441216567
0 335 5.638095238095231 2.708670920552088
1 335 1.1047619047619048 0.7627210383280215
2 335 4.076190476190472 2.1684610852880084
