0 0 30.170999999999992 26.518752858163253
0 1 30.124000000000002 26.60062292335485
0 2 30.034000000000006 26.584884506185702
0 3 30.033999999999992 26.532723624715064
0 4 29.815999999999992 26.51313705534717
0 5 30.327 26.617976085533282
0 6 30.143000000000004 26.580027505181985
0 7 29.951000000000008 26.526324967020436
0 8 30.023000000000003 26.50258081186707
0 9 30.188000000000002 26.607433032504467
0 10 30.200999999999993 26.570171567096256
0 11 29.980000000000015 26.529476771202674
0 12 30.068000000000012 26.490077209352847
0 13 29.984 26.611056791097536
0 14 30.38600000000001 26.59084619941474
0 15 30.133000000000006 26.537654732708873
0 16 29.907 26.489788160153743
0 17 30.017999999999997 26.59448299584462
0 18 30.093999999999998 26.59121981154367
0 19 30.146000000000008 26.535167777532678
0 20 30.10300000000001 26.4994095639944
0 21 29.941999999999997 26.59688365119008
0 22 30.00100000000001 26.583153435715705
0 23 29.835000000000015 26.518432230610422
0 24 29.97200000000001 26.513986574013177
0 25 29.917000000000005 26.59831551900287
0 26 29.94199999999999 26.573968752682127
0 27 30.145000000000003 26.53492152004342
