0 0 29.995 23.706288845245908
0 1 29.995999999999995 23.793170333273082
0 2 29.748000000000015 23.70405677894036
0 3 29.994000000000007 23.790741636441506
0 4 29.864000000000008 23.710612005735534
0 5 30.182 23.79874848160201
0 6 30.237999999999992 23.712618048039683
0 7 30.046 23.7926990698717
0 8 30.075 23.713454675664668
0 9 29.93899999999999 23.79631625234891
0 10 30.172999999999995 23.711405394337003
0 11 29.899000000000004 23.796229048569117
0 12 30.035000000000004 23.714366745303774
0 13 29.963 23.792123073412167
0 14 29.840999999999994 23.70163380050768
0 15 29.793999999999997 23.791968486075305
0 16 29.92000000000001 23.703366516366916
0 17 30.348000000000003 23.798121280194668
0 18 29.730000000000015 23.71603770912845
0 19 29.940000000000005 23.79133954199587
0 20 30.069000000000003 23.713085610977203
0 21 30.156000000000002 23.793837263064265
0 22 30.053999999999995 23.70972079712935
0 23 29.975999999999992 23.795919785088945
0 24 29.761 23.70733792393137
0 25 30.260999999999996 23.796399704967254
0 26 29.865999999999996 23.708470026990156
0 27 30.09 23.79470888680883
