0 0 5.365384615384615 2.943805295499868
1 0 1.6730769230769234 1.1946005581798327
2 0 4.288461538461537 2.5670037701626924
0 1 4.961538461538462 2.870854927675213
1 1 1.1346153846153846 0.8730584209492747
2 1 3.9615384615384603 2.437120461639864
0 2 5.5 3.077186522525358
1 2 1.3076923076923077 0.9657311596780188
2 2 4.096153846153846 2.6346945011372616
0 3 5.1730769230769225 2.894133336885284
1 3 1.3269230769230769 0.976067588924107
2 3 3.3846153846153846 2.221731406959097
0 4 4.634615384615384 2.7214798888116483
1 4 1.2692307692307694 0.9265148141886002
2 4 3.538461538461538 2.307951647813754
0 5 4.192307692307692 2.486770427763006
1 5 1.1923076923076923 0.8567784488037269
2 5 3.3076923076923075 2.2489371506863782
0 6 4.71153846153846 2.762452124118648
1 6 1.3461538461538463 1.0613170483602468
2 6 3.6538461538461546 2.295522550560088
0 7 3.2884615384615383 2.2036095477388904
1 7 0.9038461538461541 0.7086573118789625
2 7 2.557692307692308 1.7785934079952472
0 8 3.5384615384615374 2.184581072334367
1 8 0.9615384615384616 0.7785567180940466
2 8 2.5384615384615383 1.7592679128514288
0 9 2.9230769230769234 2.030160961776692
1 9 1.0192307692307694 0.8125666734577239
2 9 2.5000000000000004 1.7384469462658578
0 10 2.6538461538461537 1.8142610480248216
1 10 0.7884615384615383 0.6193485995683404
2 10 1.807692307692308 1.2949239393109941
0 11 2.634615384615385 1.8083282729155585
1 11 0.7884615384615384 0.5880145696945174
2 11 1.6538461538461542 1.3920504964270137
0 12 2.692307692307692 1.780986702201136
1 12 0.8846153846153847 0.6796748675653711
2 12 2.2884615384615383 1.6745139296398592
0 13 2.019230769230769 1.3966013504476114
1 13 0.5961538461538463 0.5207918385927913
2 13 1.7692307692307692 1.1978614146588231
0 14 1.8653846153846154 1.2736474857429587
1 14 0.7692307692307693 0.6773725305395766
2 14 1.8269230769230764 1.323597926180371
0 15 2.3269230769230766 1.65042604448944
1 15 0.6346153846153846 0.4928313270837043
2 15 1.807692307692308 1.3578964471345527
0 16 2.865384615384615 1.959021666390862
1 16 1.0192307692307692 0.8207896354162616
2 16 1.8269230769230766 1.3702199850517198
0 17 3.384615384615384 2.0141187581043325
1 17 1.0961538461538463 0.8889548541854918
2 17 2.3461538461538463 1.7299995827348873
0 18 4.365384615384615 2.534683876437225
1 18 1.711538461538462 1.2145270065848857
2 18 3.6538461538461537 2.4358761990217785
0 19 5.076923076923076 2.8349303534628545
1 19 1.9230769230769238 1.4209462689426313
2 19 5.057692307692307 2.9583679613069034
0 20 6.826923076923076 3.5143705915797026
1 20 2.807692307692307 1.8902920135158252
2 20 5.346153846153845 2.9790185216009806
0 21 7.442307692307691 3.763043614939936
1 21 3.1923076923076925 2.068925907638664
2 21 6.153846153846153 3.4470065213524603
0 22 7.5769230769230775 3.7441040642136145
1 22 3.9038461538461537 2.318031001762123
2 22 7.538461538461536 4.024343735823672
0 23 9.076923076923077 4.231859388484092
1 23 4.826923076923077 2.75275083764208
2 23 8.461538461538462 4.096556544155824
0 24 9.692307692307693 4.567996377641445
1 24 4.557692307692308 2.686352435058671
2 24 9.03846153846154 4.4236939054848134
0 25 10.403846153846157 4.621042367316334
1 25 4.846153846153845 2.765172212222309
2 25 9.000000000000002 4.389396481957706
0 26 10.78846153846154 4.611098221636928
1 26 5.153846153846153 2.896906147810295
2 26 8.750000000000002 4.115407578918882
0 27 10.384615384615389 4.6828229961824235
1 27 5.615384615384614 3.016031914939885
2 27 10.51923076923077 4.809680720428805
0 28 10.57692307692308 4.856577473819973
1 28 5.000000000000001 2.8321473667638144
2 28 9.500000000000002 4.414150276077265
0 29 8.653846153846153 4.155034140744257
1 29 5.153846153846154 3.0030501084624888
2 29 9.673076923076922 4.499833376465249
0 30 9.057692307692308 4.370361264648085
1 30 4.0576923076923075 2.5029057234813235
2 30 8.423076923076923 4.173489163751251
0 31 9.096153846153847 4.329826740741218
1 31 4.365384615384616 2.5475833892802173
2 31 8.134615384615381 4.171758219971792
0 32 9.076923076923078 4.336888377986964
1 32 4.288461538461538 2.5212028416293504
2 32 8.038461538461538 3.9318585230877607
0 33 8.480769230769234 4.139650507183932
1 33 4.346153846153847 2.658345948938465
2 33 8.48076923076923 4.169222947913216
0 34 8.865384615384617 4.294120995228255
1 34 4.134615384615384 2.5213728826071575
2 34 6.769230769230768 3.479101090030912
0 35 8.153846153846152 3.99372708727926
1 35 3.7307692307692304 2.4191947446275597
2 35 6.46153846153846 3.3942645419620057
0 36 7.999999999999999 3.9578104629330912
1 36 3.807692307692308 2.314071727182756
2 36 6.46153846153846 3.4942675036988913
0 37 6.865384615384615 3.7119074842433153
1 37 3.211538461538462 1.95088235561464
2 37 6.846153846153846 3.7063795025911785
0 38 6.9230769230769225 3.6094282930462254
1 38 2.980769230769231 1.9315115221503896
2 38 7.192307692307692 3.6716431253489237
0 39 6.499999999999999 3.3339589687409616
1 39 3.4423076923076925 2.2964462239084904
2 39 6.423076923076922 3.427158238314617
0 40 6.250000000000001 3.34374580851965
1 40 3.1923076923076916 2.0246787705534834
2 40 6.519230769230768 3.44329429593026
0 41 6.499999999999999 3.4392560302953834
1 41 3.3076923076923075 2.203766666846878
2 41 6.557692307692308 3.3960890186576456
0 42 6.134615384615384 3.3931527606834013
1 42 2.923076923076923 1.9621911105432714
2 42 5.826923076923077 3.2113830702800885
0 43 6.346153846153847 3.345917150591205
1 43 3.0769230769230766 1.9464954772432534
2 43 6.192307692307693 3.2332834628522686
0 44 6.9038461538461515 3.6149457647526493
1 44 2.2884615384615383 1.578137176935449
2 44 5.230769230769232 2.9992389602223755
0 45 6.576923076923076 3.374200498270372
1 45 1.9038461538461537 1.391141079383636
2 45 4.884615384615384 2.962008371577239
0 46 5.153846153846153 2.95675847445789
1 46 2.326923076923077 1.710694432282547
2 46 4.884615384615384 2.869375619428795
0 47 5.576923076923075 3.1079916593188055
1 47 1.923076923076923 1.3310868044523203
2 47 4.134615384615384 2.498273615828286
0 48 5.0384615384615365 2.916016085726324
1 48 2.1923076923076925 1.6515075644449084
2 48 4.884615384615384 2.927510590069568
0 49 5.269230769230768 2.971442799155443
1 49 1.9038461538461537 1.4123884890966418
2 49 4.1923076923076925 2.621818493571476
0 50 4.288461538461537 2.609096535393539
1 50 1.7115384615384617 1.3895095747019386
2 50 4.153846153846153 2.6994280533653234
0 51 4.326923076923076 2.6246811559275014
1 51 1.2884615384615385 0.9791097431413284
2 51 3.8846153846153846 2.4690405870573953
0 52 3.3846153846153837 2.2035043826685823
1 52 1.4230769230769231 1.041620025329281
2 52 3.403846153846154 2.232190410420515
0 53 3.711538461538461 2.248419000559467
1 53 1.1730769230769234 0.8752751100574462
2 53 3.269230769230769 2.196104081646667
0 54 2.865384615384616 1.954160484447898
1 54 0.9230769230769231 0.6899579677422245
2 54 2.4038461538461533 1.661606833116291
0 55 2.615384615384615 1.8686600024734927
1 55 1.0384615384615383 0.7994267297605154
2 55 2.7307692307692313 1.8472226174597484
0 56 2.384615384615384 1.6826497087606378
1 56 1.096153846153846 0.8847575148987019
2 56 1.9807692307692306 1.460798536437342
0 57 2.1538461538461537 1.5377066615045951
1 57 0.730769230769231 0.6793828761229579
2 57 2.1538461538461537 1.557272047323925
0 58 2.096153846153846 1.5797715996859238
1 58 0.6730769230769231 0.5170082875381274
2 58 1.5000000000000002 1.1598783923767217
0 59 2.0576923076923075 1.4453841898198696
1 59 0.6346153846153847 0.6855075597806092
2 59 1.6730769230769234 1.2424918459653451
0 60 2.019230769230769 1.5242028597849187
1 60 0.8076923076923076 0.6411641620776055
2 60 1.557692307692308 1.2140739970427417
0 61 1.6346153846153848 1.262906626641746
1 61 0.8461538461538461 0.7045461963547299
2 61 1.4615384615384621 1.1408117384808916
0 62 2.0961538461538463 1.456852673261188
1 62 0.6923076923076925 0.5270910831433224
2 62 1.3846153846153844 1.060658075821618
0 63 1.6923076923076923 1.2044834182980797
1 63 0.653846153846154 0.5102119500355385
2 63 1.1346153846153848 0.8200229915198816
0 64 2.365384615384615 1.6132350847281225
1 64 0.8076923076923077 0.6094709030497105
2 64 1.7692307692307692 1.2936198352761028
0 65 2.9038461538461537 1.956190740430141
1 65 1.230769230769231 0.9814798742153904
2 65 2.0769230769230766 1.5207292109822645
0 66 3.692307692307692 2.395372862358861
1 66 1.557692307692308 1.188640869401432
2 66 3.192307692307692 2.1448622804024295
0 67 5.326923076923077 3.0785420454027475
1 67 1.826923076923077 1.2602898291088567
2 67 4.076923076923077 2.4860011356622453
0 68 6.326923076923077 3.4309616401901826
1 68 2.461538461538461 1.752038828054342
2 68 4.538461538461537 2.7181992464425564
0 69 6.749999999999999 3.5207868098642856
1 69 3.1346153846153837 2.2127290837683864
2 69 5.3076923076923075 3.100822393089845
0 70 7.384615384615385 3.793636800808472
1 70 3.096153846153846 1.943626008347186
2 70 6.288461538461538 3.3829766737686384
0 71 10.096153846153848 4.567110190550666
1 71 3.596153846153846 2.3030017069844213
2 71 7.326923076923075 3.8813033374716857
0 72 9.730769230769234 4.515275156746377
1 72 4.634615384615383 2.7606267612383815
2 72 7.711538461538462 3.8280404100952854
0 73 10.634615384615383 4.945856959245995
1 73 4.769230769230769 2.746844079108761
2 73 8.538461538461542 4.2442412988222324
0 74 11.288461538461538 4.852099849258415
1 74 4.576923076923077 2.5248228732221083
2 74 8.269230769230768 4.157835365981136
0 75 11.32692307692308 4.886002648829635
1 75 4.980769230769231 2.8753887942596705
2 75 8.73076923076923 4.176910878243679
0 76 10.55769230769231 4.635928636968496
1 76 4.634615384615385 2.6713339354093915
2 76 8.461538461538463 4.137746165868767
0 77 10.634615384615385 4.663268805495472
1 77 4.0769230769230775 2.434404693883981
2 77 8.442307692307695 4.077765365936391
0 78 9.84615384615385 4.473139134718319
1 78 3.692307692307692 2.294086602246236
2 78 7.76923076923077 3.907086991546909
0 79 10.076923076923082 4.591334659386954
1 79 3.9038461538461537 2.3747994738564713
2 79 7.48076923076923 3.9346946457350165
0 80 8.923076923076923 4.353940165229005
1 80 3.6153846153846145 2.2535153391796627
2 80 7.346153846153846 3.7458360234784407
0 81 9.03846153846154 4.2354223566109255
1 81 3.788461538461538 2.2616009179220793
2 81 7.480769230769232 3.7080902781530938
0 82 7.961538461538462 3.9533389135160415
1 82 2.865384615384615 1.8403983301483797
2 82 6.48076923076923 3.335964459513799
0 83 7.807692307692308 3.7801252212107284
1 83 3.538461538461537 2.198076080301946
2 83 6.557692307692306 3.439857938656261
0 84 7.076923076923077 3.6914252730974
1 84 3.1923076923076916 1.9195194288204942
2 84 5.923076923076922 3.195125149281035
0 85 7.653846153846152 3.7700225539077157
1 85 3.076923076923077 1.9984847490322617
2 85 5.192307692307691 2.9427853368473573
0 86 7.769230769230768 3.7714629811741784
1 86 2.980769230769231 1.94431608965817
2 86 5.884615384615384 3.330436031446182
0 87 7.3076923076923075 3.6984262151659664
1 87 3.307692307692308 2.009159079559593
2 87 6.038461538461537 3.3418232047226426
0 88 7.2692307692307665 3.746268793658048
1 88 2.365384615384616 1.617699975060831
2 88 5.961538461538461 3.2886240649294045
0 89 7.326923076923077 3.5887083998026923
1 89 2.8461538461538454 1.9174930915383943
2 89 5.307692307692307 3.0264880271717844
0 90 7.115384615384615 3.719551457354681
1 90 2.365384615384615 1.65606217791064
2 90 5.5 3.076025690000006
0 91 6.999999999999998 3.7791357338298086
1 91 2.365384615384615 1.5573330129206087
2 91 5.596153846153847 3.042313140905201
0 92 6.096153846153846 3.160599847130379
1 92 2.1923076923076925 1.4878472482033882
2 92 6.115384615384614 3.5015626274498675
0 93 5.749999999999998 3.0979299413409143
1 93 2.1346153846153846 1.4488489846315922
2 93 6.057692307692307 3.3006996932052375
0 94 5.230769230769231 2.9183597995460193
1 94 2.2115384615384617 1.5307085603898312
2 94 5.25 2.947916918457789
0 95 5.038461538461537 2.807142533881482
1 95 1.692307692307692 1.1192611211361945
2 95 5.346153846153846 2.9547471179873983
0 96 4.3269230769230775 2.524504794927697
1 96 1.730769230769231 1.2925626331403022
2 96 5.499999999999999 3.0239843061608314
0 97 4.519230769230768 2.7738299316348023
1 97 1.7884615384615385 1.3534575829909583
2 97 5.038461538461538 2.8686419778023193
0 98 3.634615384615385 2.310346297568483
1 98 1.6346153846153844 1.2662195804667202
2 98 4.442307692307693 2.6298998076745166
0 99 3.8269230769230766 2.251759063867119
1 99 1.269230769230769 0.9635345407813579
2 99 3.980769230769231 2.396524704809506
0 100 3.4038461538461533 2.25198555085372
1 100 1.442307692307692 1.0757869051915203
2 100 4.249999999999999 2.59738763911459
0 101 2.7499999999999996 1.9153844584174309
1 101 1.2307692307692306 0.9414343916471547
2 101 3.5576923076923075 2.3826491855467866
0 102 2.6346153846153846 1.8362214098764607
1 102 1.0961538461538463 0.8790701491101941
2 102 3.519230769230769 2.266523065835671
0 103 1.9615384615384612 1.429564353954005
1 103 1.1153846153846154 0.8371934111866585
2 103 3.0192307692307683 2.023359943626643
0 104 2.115384615384616 1.5099472312687046
1 104 1.0192307692307694 0.752709596112521
2 104 2.846153846153846 1.991662021456767
0 105 2.019230769230769 1.4942998095935731
1 105 0.8269230769230771 0.6205555299451474
2 105 2.249999999999999 1.6408092340424312
0 106 1.5961538461538463 1.1975865387632911
1 106 0.7115384615384618 0.5779144466128799
2 106 1.7115384615384615 1.2535203590347967
0 107 1.7499999999999998 1.2222693636993869
1 107 0.6730769230769232 0.5765384123134888
2 107 1.7692307692307692 1.3476119776893345
0 108 1.7692307692307692 1.270848281466711
1 108 0.5769230769230769 0.492829814463377
2 108 1.576923076923077 1.1851863300115126
0 109 1.5961538461538465 1.1475661886999726
1 109 0.36538461538461525 0.29029724347379476
2 109 1.5769230769230773 1.221631424662879
0 110 1.4807692307692313 1.162747035320715
1 110 0.6153846153846154 0.5054201865951933
2 110 1.807692307692308 1.36933153057595
0 111 1.6538461538461537 1.1651569930247887
1 111 0.6538461538461541 0.4920624834204369
2 111 1.4999999999999998 1.1071548518299315
0 112 2.2115384615384612 1.4685409670086373
1 112 0.6538461538461539 0.5407846004350824
2 112 1.9230769230769231 1.4297598388392767
0 113 2.73076923076923 1.8596338507977217
1 113 0.75 0.5975354213113013
2 113 2.442307692307692 1.7325152204318497
0 114 3.7307692307692304 2.2464944943961505
1 114 1.0769230769230766 0.7693353049484634
2 114 3.2500000000000004 2.162670601456685
0 115 4.73076923076923 2.786842531080845
1 115 1.4615384615384615 1.0961543804746108
2 115 4.326923076923077 2.663907532551744
0 116 5.480769230769231 3.0396100279473726
1 116 2.115384615384616 1.4868266368775942
2 116 4.596153846153847 2.7347953658671904
0 117 6.5 3.386302277255173
1 117 3.1346153846153837 1.9745550550961926
2 117 4.846153846153846 2.8736312742002306
0 118 7.1730769230769225 3.6542181586823923
1 118 3.326923076923076 2.1319291728006435
2 118 6.576923076923076 3.5829639093604713
0 119 8.826923076923078 4.275604334846592
1 119 3.769230769230769 2.3109679572593382
2 119 7.596153846153846 4.009113229292414
0 120 8.788461538461538 4.2082205105729225
1 120 4.288461538461537 2.6509431033156754
2 120 8.519230769230772 4.221828405341565
0 121 10.32692307692308 4.51965313880483
1 121 4.153846153846152 2.490098708793319
2 121 8.307692307692307 4.062078963498121
0 122 9.673076923076927 4.505889125658236
1 122 4.48076923076923 2.62273512420208
2 122 9.211538461538463 4.366540271861393
0 123 10.30769230769231 4.741907716846413
1 123 4.153846153846153 2.505511739338395
2 123 9.826923076923077 4.607720406946759
0 124 9.942307692307693 4.614209408456964
1 124 4.153846153846153 2.479793661728938
2 124 8.346153846153847 3.9165341148980253
0 125 10.096153846153845 4.623530029604031
1 125 4.461538461538461 2.478373530652706
2 125 8.230769230769232 4.053893943389982
0 126 10.038461538461538 4.58944298594171
1 126 3.634615384615384 2.2766707658220207
2 126 7.9230769230769225 3.9043694963867637
0 127 8.615384615384617 4.215326042573986
1 127 3.7499999999999996 2.384982677125224
2 127 7.5769230769230775 3.9297135590019803
0 128 9.538461538461538 4.3665544874354705
1 128 3.249999999999999 1.98284073433427
2 128 6.9423076923076925 3.460932668231178
0 129 8.596153846153845 3.9779687852829246
1 129 3.6346153846153846 2.249984073662266
2 129 6.942307692307692 3.6703730694773653
0 130 8.096153846153847 3.889906503209695
1 130 3.4615384615384617 2.0538395685906408
2 130 6.1730769230769225 3.3011358146390233
0 131 7.250000000000001 3.8421075282702652
1 131 2.7307692307692304 1.7767360421023253
2 131 6.134615384615385 3.2289837832356856
0 132 6.999999999999998 3.563342749937234
1 132 2.865384615384614 1.952586945603432
2 132 5.942307692307693 3.2092101183608794
0 133 6.615384615384614 3.5248062102312203
1 133 3.0384615384615383 2.0081741339340473
2 133 6.115384615384613 3.238115481409606
0 134 6.5384615384615365 3.372966156313562
1 134 3.096153846153846 1.958724826838082
2 134 6.423076923076923 3.370803023595755
0 135 7.115384615384613 3.5387874895683233
1 135 2.749999999999999 1.9105578838555608
2 135 6.326923076923076 3.3645001256817713
0 136 5.942307692307692 3.108504338480236
1 136 2.7307692307692304 1.9594329728587039
2 136 6.269230769230769 3.4225664226206267
0 137 6.769230769230768 3.501743881640399
1 137 2.2884615384615388 1.6013717432672463
2 137 5.961538461538462 3.2097965385966116
0 138 6.500000000000001 3.4404537744290065
1 138 2.9807692307692304 1.9492980898402466
2 138 5.346153846153844 3.0416281162870966
0 139 5.923076923076924 3.4102805881057754
1 139 2.25 1.5649846075194564
2 139 5.21153846153846 2.9910755594200147
0 140 5.980769230769229 3.178652152184351
1 140 2.480769230769231 1.7155336643048447
2 140 5.423076923076922 2.9882074064154294
0 141 5.576923076923076 3.0815276261807343
1 141 2.211538461538462 1.5295153939604702
2 141 4.442307692307691 2.5742961746668884
0 142 5.384615384615385 2.9936488377455786
1 142 2.1538461538461533 1.562406687825943
2 142 4.653846153846154 2.7322714224912206
0 143 4.653846153846154 2.7195003991093207
1 143 2.4038461538461537 1.6497311665711654
2 143 4.461538461538462 2.6246288793725294
0 144 4.653846153846153 2.7243425614008037
1 144 2.2692307692307696 1.6127978257804552
2 144 4.230769230769231 2.585811473553498
0 145 4.3076923076923075 2.573445014826407
1 145 2.1730769230769225 1.7064257762234891
2 145 4.6923076923076925 2.7524780738155026
0 146 3.9423076923076925 2.322948901837779
1 146 1.711538461538462 1.2955447697658669
2 146 3.634615384615384 2.2584065755777116
0 147 3.9999999999999996 2.461757280635921
1 147 1.7500000000000002 1.256563536325129
2 147 3.5576923076923066 2.3931729526465184
0 148 2.942307692307692 2.065953478156875
1 148 1.2115384615384617 0.9156825384630332
2 148 3.5576923076923075 2.203611180504716
0 149 2.9423076923076925 1.9654838970012305
1 149 1.423076923076923 1.0751650984054117
2 149 3.5192307692307687 2.2898298622326783
0 150 2.8076923076923066 1.8160664087203031
1 150 1.480769230769231 1.0704551325293512
2 150 2.519230769230769 1.667542012142588
0 151 2.3461538461538463 1.6740199810820582
1 151 0.9423076923076925 0.7292886410163443
2 151 3.076923076923076 2.099200477016695
0 152 2.519230769230769 1.7683862756393343
1 152 1.2307692307692306 1.0988948830816152
2 152 2.173076923076923 1.6344972729141316
0 153 1.9807692307692304 1.4988489223089148
1 153 0.9423076923076924 0.6901313682046231
2 153 2.4615384615384612 1.6342130656805025
0 154 2.057692307692308 1.473939595341611
1 154 1.1153846153846156 0.8800458617505181
2 154 2.0576923076923075 1.445966881032083
0 155 1.8076923076923075 1.4050360287756842
1 155 0.8269230769230769 0.7146104398686359
2 155 1.5961538461538465 1.2570826310220307
0 156 1.7692307692307696 1.311032674618392
1 156 0.6346153846153848 0.4824849769628316
2 156 1.9230769230769231 1.3926001276973783
0 157 1.769230769230769 1.2836157522145246
1 157 0.6538461538461537 0.5446082089372716
2 157 1.4807692307692304 1.1841134102439
0 158 1.826923076923077 1.2411766732468654
1 158 0.6730769230769231 0.5183215818937617
2 158 1.2884615384615383 0.9836206876596493
0 159 1.8653846153846154 1.310017666087407
1 159 0.6153846153846155 0.4930239246044902
2 159 1.5000000000000002 1.1389009251681634
0 160 2.3653846153846154 1.5457125912682097
1 160 0.8846153846153846 0.6921294270861559
2 160 1.6153846153846154 1.1230379776842006
0 161 2.692307692307692 1.7070028601805656
1 161 1.2115384615384612 0.9746366354066057
2 161 1.8076923076923077 1.2892483362068652
0 162 3.903846153846154 2.436515518135822
1 162 1.3076923076923077 0.9790562796724067
2 162 2.7307692307692313 1.8580529103646126
0 163 5.096153846153846 2.8553584308579465
1 163 1.884615384615385 1.3845250195789356
2 163 3.538461538461539 2.2982249234811456
0 164 6.057692307692306 3.235457818439358
1 164 2.4230769230769234 1.714580219765079
2 164 4.961538461538461 2.9592933137775863
0 165 7.326923076923075 3.5917021261622377
1 165 2.9423076923076916 1.8789500627576268
2 165 4.846153846153846 2.7696557254014955
0 166 8.596153846153847 3.997263703267577
1 166 3.019230769230769 1.794770141799014
2 166 6.4423076923076925 3.4771797309905192
0 167 8.5 4.183403337468483
1 167 3.538461538461538 2.2294078234246615
2 167 5.634615384615385 3.3442794770613458
0 168 9.865384615384617 4.46711823171139
1 168 4.269230769230768 2.5313986002781212
2 168 7.6923076923076925 3.8269305560181155
0 169 10.788461538461535 4.818291096549662
1 169 4.5576923076923075 2.5178951339051094
2 169 7.25 3.773284748573189
0 170 11.442307692307692 4.971829443046304
1 170 4.038461538461538 2.4122596604760087
2 170 8.192307692307693 4.002380067857958
0 171 10.403846153846153 4.594786821560134
1 171 4.461538461538462 2.581836075689019
2 171 8.692307692307693 4.133709196333836
0 172 10.865384615384615 4.800585753658537
1 172 4.134615384615384 2.561592778222671
2 172 7.346153846153846 3.7025482833348735
0 173 11.134615384615385 4.872684411183151
1 173 4.48076923076923 2.700019593220049
2 173 7.884615384615386 4.047317402219689
0 174 10.115384615384617 4.661887925749495
1 174 3.4038461538461533 2.105688996895446
2 174 6.923076923076922 3.6393727869791643
0 175 10.211538461538463 4.562919005818322
1 175 3.5384615384615383 2.1796623985061623
2 175 6.98076923076923 3.5853155033152775
0 176 9.403846153846155 4.303373466992311
1 176 3.538461538461538 2.3157689834237707
2 176 6.615384615384615 3.495863065656461
0 177 8.98076923076923 4.182417789738904
1 177 3.076923076923077 1.96643005530236
2 177 7.115384615384615 3.5405861131055314
0 178 7.6730769230769225 3.9259528730813975
1 178 2.942307692307692 1.9557310694303338
2 178 5.903846153846154 3.226552937559719
0 179 7.403846153846154 3.7678917762969877
1 179 2.7499999999999996 1.79898023644856
2 179 5.942307692307691 3.241233780475556
0 180 8.500000000000002 3.9909917142865075
1 180 2.673076923076923 1.7862158433722082
2 180 6.538461538461537 3.5330359788056733
0 181 7.846153846153846 3.8009324623809957
1 181 2.6153846153846154 1.8319720384765084
2 181 5.346153846153846 3.2461646353182094
0 182 7.865384615384615 3.814651992574226
1 182 1.9038461538461537 1.4298028771002054
2 182 5.749999999999999 3.11102525494853
0 183 7.365384615384614 3.8859757988503625
1 183 2.442307692307692 1.6986818874161027
2 183 4.942307692307692 2.92326059669037
0 184 6.980769230769231 3.65216710668766
1 184 2.8076923076923075 1.9300623902079999
2 184 5.519230769230771 3.0239870655691727
0 185 7 3.667646669388192
1 185 2.596153846153846 1.6921714141416764
2 185 4.6923076923076925 2.7875490162875223
0 186 7.076923076923075 3.4788038567235198
1 186 2.557692307692308 1.7362587422281806
2 186 4.826923076923077 2.8990529083931347
0 187 6.23076923076923 3.286805203839187
1 187 2.2307692307692304 1.6323559214623347
2 187 5.211538461538461 2.927801738236587
0 188 6.442307692307693 3.3568993434290126
1 188 2.057692307692307 1.4854676255639785
2 188 4.615384615384615 2.751469273347119
0 189 6.365384615384613 3.462650125453974
1 189 2.0192307692307696 1.4347187399418675
2 189 5.096153846153845 2.923544463584862
0 190 5.51923076923077 3.004163732337152
1 190 1.6346153846153848 1.353792608368221
2 190 4.884615384615384 2.756807636046018
0 191 5.499999999999998 3.09112420013924
1 191 1.5961538461538463 1.1720073928891301
2 191 4.826923076923076 2.9410959319975247
0 192 4.495238095238095 2.7630689238046653
1 192 1.561904761904762 1.3544451849198063
2 192 4.780952380952381 2.827844805719824
0 193 4.819047619047617 2.9374519720141916
1 193 1.1809523809523808 0.8971904286226903
2 193 4.152380952380952 2.561808849747174
0 194 4.685714285714285 2.6813593874245223
1 194 1.4285714285714286 1.1500930765434418
2 194 4.171428571428571 2.558871252455896
0 195 3.714285714285714 2.3162619455571027
1 195 1.2000000000000002 0.9590088416494285
2 195 3.9428571428571426 2.5101522216513787
0 196 3.504761904761904 2.130205501588546
1 196 1.161904761904762 0.8716538144063499
2 196 3.7333333333333316 2.362179930648739
0 197 3.276190476190476 2.128097990580809
1 197 0.8190476190476192 0.6504270733526881
2 197 3.7142857142857144 2.325366571007153
0 198 2.761904761904762 1.8990860928691786
1 198 1.0666666666666669 0.8029822061403933
2 198 3.1619047619047618 2.1053355224028123
0 199 2.7238095238095235 1.9317051228824318
1 199 0.9904761904761906 0.7259654562112301
2 199 2.8190476190476192 1.9479511071686615
0 200 2.8190476190476184 1.9487839222330257
1 200 0.9714285714285715 0.8181910493983672
2 200 2.7619047619047623 1.8240588571951095
0 201 2.571428571428571 1.7513361489316734
1 201 0.6666666666666669 0.5348654978056011
2 201 2.2666666666666666 1.6479767170906205
0 202 2.285714285714286 1.602870708255813
1 202 0.8761904761904762 0.7172447386749727
2 202 1.980952380952381 1.5195529054318702
0 203 2.3047619047619046 1.6106153240380918
1 203 0.6666666666666667 0.5693184841553028
2 203 2.0761904761904764 1.489804578742144
0 204 1.9428571428571428 1.4538885701708812
1 204 0.6857142857142857 0.5701901414562643
2 204 1.7904761904761903 1.4045851786017378
0 205 2.038095238095238 1.4848795295492134
1 205 0.6095238095238096 0.5220639269836419
2 205 1.6 1.1648800007964155
0 206 1.638095238095238 1.165026512572039
1 206 0.5333333333333333 0.4247214681525219
2 206 1.5238095238095237 1.1242113846247284
0 207 1.5428571428571431 1.2181466215619063
1 207 0.4380952380952381 0.36818579160576675
2 207 1.1047619047619048 0.764842264265081
0 208 2.666666666666666 1.7028842459750393
1 208 0.8190476190476191 0.6620139988278807
2 208 1.9619047619047623 1.5001579245159602
0 209 3.0476190476190483 1.9534907440410416
1 209 0.9904761904761908 0.8071727119524538
2 209 2.266666666666666 1.6573807297684642
0 210 3.8666666666666667 2.3868183791391955
1 210 1.4666666666666668 1.1268931091791052
2 210 3.3714285714285714 2.200322459698278
0 211 4.952380952380951 2.9279899330945183
1 211 1.6761904761904762 1.2601520153833665
2 211 3.9238095238095227 2.468495678565248
0 212 5.6 3.138892875472992
1 212 2.4 1.7086950712457707
2 212 4.457142857142858 2.6605232002356347
0 213 6.9714285714285715 3.52649598394889
1 213 2.8761904761904766 1.9697209520328451
2 213 5.904761904761904 3.298191134330822
0 214 8.01904761904762 3.920278743291792
1 214 3.7333333333333334 2.254258202592391
2 214 6.399999999999997 3.6332303253033262
0 215 8.36190476190476 4.1803780096209655
1 215 3.9619047619047616 2.4107641234040087
2 215 6.304761904761903 3.3286963861279886
0 216 8.628571428571426 4.2328814370268955
1 216 4.152380952380953 2.52936272814959
2 216 7.142857142857143 3.6207816295140676
0 217 9.314285714285711 4.316197905530083
1 217 4.133333333333333 2.444428862953856
2 217 7.961904761904764 4.008036584311076
0 218 8.628571428571426 4.22466486993015
1 218 4.895238095238095 2.854750351117859
2 218 8.628571428571428 4.242359293169308
0 219 10.285714285714285 4.6055764122577365
1 219 4.914285714285714 2.707071970102807
2 219 8.438095238095235 4.237354873531744
0 220 9.466666666666665 4.535079714336253
1 220 4.685714285714286 2.8098353364010342
2 220 8.114285714285712 3.9635585847405905
0 221 9.104761904761904 4.0947000404363285
1 221 4.304761904761904 2.573445537458314
2 221 7.904761904761904 3.9578020514382968
0 222 9.295238095238094 4.325598365847439
1 222 3.942857142857143 2.474794890481175
2 222 8.438095238095238 4.087529903164683
0 223 9.14285714285714 4.356967480826413
1 223 3.9619047619047625 2.3679841412672573
2 223 7.466666666666666 3.7638247910572074
0 224 8.38095238095238 4.082267607359277
1 224 3.276190476190475 2.1454915736706255
2 224 7.485714285714284 3.9427674421292522
0 225 8.399999999999999 4.055372801282983
1 225 3.352380952380952 2.158648639350971
2 225 8.038095238095236 4.04658675543213
0 226 7.0095238095238095 3.5577042546886384
1 226 3.0476190476190466 2.036460917572125
2 226 6.342857142857142 3.281164909824775
0 227 7.657142857142858 3.924612821837178
1 227 3.39047619047619 2.101859668566376
2 227 5.638095238095238 3.114614164144603
0 228 7.047619047619048 3.7225162264643266
1 228 3.161904761904762 2.005265013796366
2 228 5.885714285714284 3.29738148206395
0 229 6.723809523809522 3.5245635466922915
1 229 2.9904761904761896 2.1175166837093755
2 229 5.447619047619046 3.1195305390667807
0 230 6.704761904761903 3.586676424186511
1 230 3.4285714285714293 2.1354748672436408
2 230 5.6761904761904765 3.1673556975329316
0 231 7.0666666666666655 3.806341834763478
1 231 2.5714285714285716 1.8652527540655146
2 231 5.561904761904761 3.076338452694248
0 232 5.96190476190476 3.2006255479187984
1 232 2.8 1.8564124060492686
2 232 5.999999999999999 3.520396634456603
0 233 6.609523809523807 3.5869291515173387
1 233 3.066666666666667 2.0169191776528934
2 233 5.638095238095237 3.2303711258114434
0 234 6.247619047619047 3.316978964712598
1 234 2.742857142857143 1.813844530947119
2 234 4.476190476190475 2.647407526681989
0 235 6.761904761904762 3.4968166544648738
1 235 2.571428571428571 1.7821951654606871
2 235 4.876190476190476 2.943362959904346
0 236 5.314285714285712 3.0179293120223702
1 236 2.1523809523809523 1.6152262795562045
2 236 5.0666666666666655 2.913252184482884
0 237 5.7523809523809515 3.079524745741614
1 237 2.342857142857143 1.881265307410303
2 237 5.085714285714285 2.868722322420012
0 238 5.18095238095238 2.966446007157325
1 238 2.095238095238095 1.5772625602462829
2 238 3.9238095238095236 2.496775072256954
0 239 5.5809523809523816 3.226158698334264
1 239 2.152380952380952 1.541707666297349
2 239 3.8285714285714283 2.4218294658752364
0 240 4.838095238095238 2.913234136827208
1 240 1.8857142857142857 1.3525898945807886
2 240 3.9428571428571426 2.556648825626339
0 241 5.104761904761906 2.99432366613111
1 241 1.790476190476191 1.2898090067059496
2 241 3.9619047619047616 2.3366209059887657
0 242 4.266666666666665 2.7755444505094533
1 242 1.7904761904761903 1.2157516776198138
2 242 3.276190476190476 2.1235378740393362
0 243 4.38095238095238 2.6807272718926276
1 243 1.4476190476190478 1.3953498954260477
2 243 3.504761904761904 2.3088891984644633
0 244 3.7142857142857135 2.3508754893737245
1 244 1.5619047619047617 1.2075216153418378
2 244 3.2571428571428567 2.169161215730182
0 245 3.885714285714286 2.4417365860830946
1 245 1.4857142857142853 1.0444005589060574
2 245 3.2380952380952377 2.0511922099984474
0 246 3.4857142857142858 2.2451072626659436
1 246 1.638095238095238 1.2501561630276328
2 246 2.857142857142857 1.9329216541429453
0 247 3.676190476190475 2.397879055621358
1 247 1.4285714285714284 1.057203315161902
2 247 2.666666666666666 1.8703128511263725
0 248 3.0285714285714285 2.1391370691025444
1 248 1.485714285714286 1.2267569342390165
2 248 2.838095238095238 1.7759439274333013
0 249 3.3333333333333326 2.116227294920283
1 249 1.0095238095238097 0.7779058105901474
2 249 2.247619047619047 1.887306731561437
0 250 2.4190476190476193 1.6508377433143697
1 250 1.142857142857143 1.0122613181821487
2 250 2.342857142857143 1.5651544756239406
0 251 2.3238095238095235 1.625271672078631
1 251 1.1047619047619048 0.9112108033230573
2 251 2.2095238095238097 1.6031087295538713
0 252 2.838095238095238 1.9484858050040283
1 252 1.2952380952380953 0.932217438659486
2 252 2.4190476190476184 1.6824021441523849
0 253 2.8761904761904757 1.8034840597777133
1 253 0.8952380952380955 0.8004678766487813
2 253 2.228571428571428 1.6200816564179503
0 254 2.914285714285714 1.924849449624971
1 254 1.0666666666666667 0.8223528642585655
2 254 1.7523809523809526 1.2718317630404885
0 255 2.571428571428571 1.9816183710798116
1 255 0.7619047619047619 0.6095620301261678
2 255 1.6571428571428575 1.2605048079893568
0 256 2.6857142857142846 1.823170369071557
1 256 1.161904761904762 0.9310601551619245
2 256 2.152380952380952 1.564863792016059
0 257 3.2380952380952377 2.1683973154984573
1 257 1.1047619047619048 0.9028325685799965
2 257 2.495238095238095 1.7464432974508064
0 258 3.9047619047619038 2.501177547287316
1 258 1.9619047619047616 1.5293356431996383
2 258 3.142857142857142 2.168830607778547
0 259 4.704761904761905 2.6760307294821826
1 259 1.7142857142857142 1.2892933028601212
2 259 3.5809523809523816 2.336760062291617
0 260 5.638095238095238 3.035775571382034
1 260 2.419047619047618 1.725372634912378
2 260 4.495238095238094 2.5637139930659933
0 261 5.238095238095236 3.015964874058944
1 261 2.114285714285714 1.5657908971510395
2 261 4.3619047619047615 2.6026775478200346
0 262 6.819047619047619 3.518045546931669
1 262 3.1047619047619044 1.9381914586670224
2 262 5.599999999999999 3.1839294532368507
0 263 7.37142857142857 3.707936008697504
1 263 3.371428571428572 2.249322622464407
2 263 6.5142857142857125 3.4896946836604155
0 264 8.438095238095238 4.042524215907522
1 264 3.9428571428571426 2.39202106294819
2 264 6.933333333333333 3.497126795544166
0 265 8.533333333333333 4.115770928793591
1 265 3.8666666666666667 2.530263704563583
2 265 7.8476190476190455 4.228948054719422
0 266 8.799999999999999 4.244935542311674
1 266 4.038095238095238 2.403543811921162
2 266 8.380952380952381 4.376166374001775
0 267 9.104761904761903 4.371579902890509
1 267 3.6761904761904756 2.2326601308317877
2 267 9.63809523809524 4.751754616928371
0 268 9.466666666666665 4.711252942361995
1 268 3.7142857142857135 2.4585748833083634
2 268 8.342857142857142 4.078618761127497
0 269 8.514285714285712 4.1721041819377644
1 269 4.647619047619047 2.705821572342584
2 269 8.133333333333331 4.1143873016767545
0 270 8.857142857142858 4.225904794211575
1 270 3.5619047619047612 2.2762266273641583
2 270 7.79047619047619 3.8319164006877924
0 271 8.74285714285714 4.102773301781553
1 271 3.5047619047619043 2.257796048392341
2 271 7.676190476190475 3.8352387757519213
0 272 8.704761904761902 4.16053879719347
1 272 3.3714285714285706 2.1434279978696757
2 272 7.523809523809523 3.949924460740712
0 273 7.695238095238094 3.8602303541045604
1 273 3.771428571428571 2.2814501737489876
2 273 6.742857142857142 3.5424015779991787
0 274 7.028571428571428 3.5567038042242776
1 274 3.3142857142857145 2.219921608604317
2 274 6.685714285714283 3.5794691510515086
0 275 6.038095238095237 3.1938530363165563
1 275 3.3904761904761895 2.0980937905175643
2 275 5.961904761904759 3.314758617815961
0 276 6.799999999999999 3.643021945739816
1 276 3.2761904761904757 2.1302045963139196
2 276 6.4380952380952365 3.5903101341560273
0 277 6.876190476190474 3.6447299666949844
1 277 3.0666666666666664 2.0990220268935995
2 277 6.171428571428569 3.452049207843631
0 278 6.9904761904761905 3.7226927432703723
1 278 2.723809523809524 1.8554365419647956
2 278 5.923809523809525 3.316341192918056
0 279 6.666666666666667 3.5089451329327566
1 279 2.6285714285714277 1.7334200900361958
2 279 6.552380952380951 3.5844372137955194
0 280 6.514285714285713 3.5694422163940747
1 280 2.19047619047619 1.5681585002045646
2 280 5.695238095238094 3.1791287189234296
0 281 5.904761904761904 3.4114165079904257
1 281 2.8571428571428568 2.053217078257635
2 281 6.4190476190476184 3.5817539561935043
0 282 6.17142857142857 3.550624482498917
1 282 2.2285714285714286 1.5362518557629787
2 282 5.085714285714285 2.984341710409203
0 283 6.076190476190476 3.204454309485725
1 283 2.495238095238095 1.678990384654036
2 283 5.18095238095238 3.019499012398729
0 284 7.314285714285715 3.6742468899535186
1 284 2.057142857142857 1.5694262485031967
2 284 4.476190476190476 2.7265478709404416
0 285 6.247619047619046 3.4430116532963275
1 285 1.8285714285714285 1.3833784954403598
2 285 4.59047619047619 2.7512995962353624
0 286 6.304761904761903 3.4103079588785676
1 286 2.228571428571428 1.5590346826153432
2 286 4.19047619047619 2.854328819803173
0 287 6.228571428571429 3.4007295088767235
1 287 1.9619047619047618 1.59526314963759
2 287 4.285714285714286 2.600425062730375
0 288 4.914285714285713 2.9374442277622115
1 288 2.1904761904761902 1.6712504527900818
2 288 4.304761904761905 2.5994711366616827
0 289 5.6 3.128701603756871
1 289 1.8476190476190475 1.287866321761923
2 289 4.057142857142857 2.5367789526346023
0 290 4.876190476190477 2.881838249336431
1 290 1.6000000000000003 1.2543816162302834
2 290 3.904761904761904 2.4880242065928324
0 291 4.876190476190477 2.8315177399216402
1 291 1.8095238095238095 1.2785482961375911
2 291 4.114285714285714 2.5569088572699106
0 292 4.247619047619047 2.4826974664877755
1 292 1.3904761904761906 1.0987773412308877
2 292 3.5999999999999996 2.338498206274456
0 293 4.666666666666666 2.845468153212421
1 293 1.6380952380952383 1.2059417276793987
2 293 3.8476190476190477 2.446517730999331
0 294 3.9238095238095236 2.418685494241821
1 294 1.504761904761905 1.8409845857349632
2 294 3.638095238095238 2.358411996891651
0 295 4.3619047619047615 2.69975212361377
1 295 1.714285714285714 1.2636165313377052
2 295 2.8190476190476184 1.9254826131213514
0 296 3.638095238095238 2.429652889526268
1 296 1.2 0.9200782420486602
2 296 3.3333333333333326 2.1699274861704603
0 297 3.276190476190476 2.1762771559634686
1 297 1.580952380952381 1.131342359931213
2 297 3.2190476190476183 2.158239128048429
0 298 3.371428571428572 2.1394924687323904
1 298 1.4285714285714288 1.113479951621887
2 298 3.2761904761904757 2.2864901407232994
0 299 3.6380952380952376 2.5752512462940182
1 299 1.142857142857143 0.9106176314684046
2 299 2.7238095238095235 1.886101239509339
0 300 3.123809523809522 2.1325020271569657
1 300 1.3523809523809525 0.9883664519604732
2 300 2.1142857142857143 1.534936822160957
0 301 3.066666666666666 2.0176990636107424
1 301 0.9714285714285715 0.7681551101840913
2 301 2.3238095238095235 1.6021267603540825
0 302 3.1047619047619035 2.0820713387449605
1 302 1.0095238095238095 0.8473643258381094
2 302 2.019047619047619 1.5164150011978539
0 303 3.1809523809523808 2.0352267157939314
1 303 0.7619047619047621 0.5777463676064913
2 303 1.4666666666666663 1.172049589250848
0 304 3.142857142857143 2.274909539407315
1 304 1.0666666666666669 0.8627761213671467
2 304 1.7523809523809522 1.3707867104778304
0 305 3.6952380952380945 2.2545414586683328
1 305 1.3142857142857145 1.0525775533505393
2 305 2.4190476190476193 1.9173330061550429
0 306 4.19047619047619 2.573430271663568
1 306 1.3904761904761906 1.162024167931944
2 306 2.666666666666667 1.9161959523304983
0 307 4.761904761904762 2.8693787272281917
1 307 2.019047619047619 1.4711653650805119
2 307 3.3714285714285714 2.1398960841717405
0 308 5.676190476190477 3.1155357395267065
1 308 1.923809523809524 1.4171855689346793
2 308 4.114285714285713 2.4136657673442548
0 309 5.466666666666667 3.1562086715744866
1 309 2.057142857142857 1.4140096457365083
2 309 4.533333333333332 2.8880505909367873
0 310 6.133333333333331 3.317387901561914
1 310 2.7428571428571416 1.9117861838549226
2 310 5.333333333333333 3.1384479848398463
0 311 7.199999999999998 3.718546196319045
1 311 2.704761904761905 1.7090063895356222
2 311 5.37142857142857 3.1356236657679992
0 312 7.923809523809522 3.9820379094511935
1 312 3.028571428571428 2.0255376826885363
2 312 6.133333333333332 3.307659004412775
0 313 8.533333333333333 4.1763933651786935
1 313 3.904761904761904 2.4464404612632644
2 313 5.7523809523809515 3.243460661117012
0 314 8.304761904761907 4.150753380068182
1 314 3.638095238095238 2.17176342021419
2 314 7.047619047619046 3.7219278628708183
0 315 9.999999999999998 4.614891887713261
1 315 3.8666666666666663 2.347913412608259
2 315 7.333333333333332 3.767133633411922
0 316 8.971428571428572 4.3385933034721536
1 316 3.7523809523809506 2.3761411737312765
2 316 6.323809523809523 3.633876818633102
0 317 9.409523809523806 4.461897192957425
1 317 3.828571428571428 2.3804622036835403
2 317 6.266666666666664 3.385619052270346
0 318 8.323809523809524 4.071445263628785
1 318 3.2190476190476183 2.037543063184184
2 318 6.133333333333333 3.4568902322615664
0 319 8.514285714285712 4.090561921987211
1 319 3.676190476190477 2.164885207039923
2 319 6.17142857142857 3.3008743324170586
0 320 8.266666666666667 4.05551529323433
1 320 3.4857142857142853 2.171814324330719
2 320 5.657142857142856 3.265135854216362
0 321 7.771428571428572 3.7930060898384963
1 321 2.9523809523809526 1.982104306706644
2 321 5.80952380952381 3.4483630462470196
0 322 6.57142857142857 3.5878843016444497
1 322 2.723809523809524 1.8853034531897719
2 322 5.33333333333333 3.231371532294394
0 323 6.761904761904762 3.5021859158470696
1 323 2.6857142857142855 1.8469840749788036
2 323 5.142857142857141 3.1325371160853868
0 324 6.819047619047618 3.6522934949865244
1 324 2.99047619047619 2.2197895741990425
2 324 4.914285714285714 2.934328287411188
0 325 6.838095238095238 3.575048287632146
1 325 2.5523809523809518 1.6992282268135532
2 325 5.561904761904761 3.195185210608552
0 326 6.457142857142855 3.5205081770709588
1 326 2.3619047619047615 1.7079642001480284
2 326 5.123809523809524 3.059939667403709
0 327 6.514285714285713 3.5719378143297726
1 327 2.647619047619047 1.8481141442544249
2 327 5.085714285714284 3.0611977688450525
0 328 6.323809523809524 3.417721302548964
1 328 2.380952380952381 1.6609130118667366
2 328 4.914285714285713 2.8979867022787897
0 329 6.266666666666665 3.611444412019227
1 329 2.380952380952381 1.6411819545455153
2 329 4.857142857142856 2.929856546912338
0 330 5.94285714285714 3.530413426512132
1 330 2.057142857142857 1.4536193253967993
2 330 4.552380952380951 2.891460350854506
0 331 7.142857142857143 3.5924693941902706
1 331 2.1142857142857148 1.5477387837742096
2 331 4.609523809523809 2.8236594102342543
0 332 6.400000000000001 3.5258953961893678
1 332 1.8666666666666665 1.3567154416896083
2 332 4.190476190476191 2.7088312319355485
0 333 6.571428571428569 3.488164603916442
1 333 1.6761904761904762 1.2794857859107835
2 333 4.57142857142857 2.702862940536228
0 334 5.6 3.2883730131757707
1 334 1.4857142857142853 1.1027366122674553
2 334 4.533333333333334 2.705497661561203
0 335 5.638095238095239 3.166215090801401
1 335 1.1047619047619046 0.9690595133274619
2 335 4.076190476190476 2.6627488897175455
