0 0 5.365384615384603 4.216917744689895
1 0 1.6730769230769222 2.358685268749748
2 0 4.288461538461529 3.6955366084148586
0 1 4.961538461538451 4.07589861893382
1 1 1.134615384615385 2.116720480352337
2 1 3.961538461538454 3.548057916767398
0 2 5.499999999999988 4.298575402201175
1 2 1.3076923076923075 2.2378848589286164
2 2 4.096153846153837 3.523836634164
0 3 5.173076923076912 4.033123636767678
1 3 1.3269230769230773 2.165434063409958
2 3 3.3846153846153784 3.222126339113714
0 4 4.634615384615374 3.8659966784239423
1 4 1.2692307692307696 2.174721376737144
2 4 3.538461538461532 3.269441653688329
0 5 4.192307692307683 3.6090592844619387
1 5 1.1923076923076923 2.1934318928904704
2 5 3.3076923076923017 3.166332557908769
0 6 4.711538461538451 3.8698804231845445
1 6 1.346153846153846 2.227911591551204
2 6 3.653846153846147 3.366631450948249
0 7 3.288461538461532 3.153453577267625
1 7 0.9038461538461544 2.0331139899480286
2 7 2.557692307692305 2.8121978487282937
0 8 3.538461538461531 3.2953984950127824
1 8 0.9615384615384623 2.0481368096697237
2 8 2.5384615384615357 2.7549377466581273
0 9 2.9230769230769185 2.9595286538609673
1 9 1.0192307692307698 2.054062736178172
2 9 2.4999999999999973 2.7549979462373333
0 10 2.6538461538461497 2.9055497094269698
1 10 0.7884615384615388 1.97646418778217
2 10 1.8076923076923064 2.4254001107856977
0 11 2.6346153846153806 2.8107418124160675
1 11 0.7884615384615389 1.978082214117642
2 11 1.6538461538461524 2.303412932584734
0 12 2.692307692307688 2.8889013035830584
1 12 0.8846153846153852 2.0067317955208095
2 12 2.288461538461535 2.6433794166945797
0 13 2.0192307692307674 2.531676898882646
1 13 0.5961538461538461 1.9083189396718514
2 13 1.7692307692307678 2.4512687340920953
0 14 1.8653846153846132 2.485283858724767
1 14 0.7692307692307696 1.9815053421784787
2 14 1.8269230769230755 2.3543539278498318
0 15 2.3269230769230744 2.672417156234433
1 15 0.6346153846153847 1.948932527141312
2 15 1.8076923076923062 2.4048345338157593
0 16 2.86538461538461 3.0083523865064303
1 16 1.0192307692307696 2.037991218453646
2 16 1.8269230769230753 2.3982854014541344
0 17 3.3846153846153784 3.2345525731666975
1 17 1.0961538461538467 2.0576905173262396
2 17 2.346153846153843 2.6370263870479813
0 18 4.365384615384606 3.756331878312213
1 18 1.7115384615384603 2.356991130369104
2 18 3.653846153846146 3.27696774520277
0 19 5.076923076923066 4.030081449873183
1 19 1.9230769230769214 2.4838858005614974
2 19 5.057692307692297 4.006299922355067
0 20 6.826923076923061 4.820902561724757
1 20 2.807692307692304 2.948085666421907
2 20 5.346153846153833 4.20917188302175
0 21 7.442307692307672 5.056657681576046
1 21 3.1923076923076863 3.1694722483539324
2 21 6.153846153846138 4.541514895017514
0 22 7.576923076923058 5.154007511517281
1 22 3.9038461538461458 3.508384345174591
2 22 7.538461538461518 5.335665044807186
0 23 9.076923076923084 5.780268090149632
1 23 4.826923076923067 3.9066086191947416
2 23 8.461538461538444 5.49922783108631
0 24 9.692307692307699 5.950335965307444
1 24 4.557692307692298 3.8554416986235855
2 24 9.038461538461533 5.615219541888873
0 25 10.403846153846187 6.182172575598754
1 25 4.846153846153835 3.9693473339438547
2 25 9.000000000000002 5.76745152867014
0 26 10.788461538461567 6.251306081810169
1 26 5.153846153846143 4.099071743206873
2 26 8.749999999999993 5.583567213309338
0 27 10.384615384615401 6.294766254415593
1 27 5.615384615384603 4.277225223225992
2 27 10.519230769230793 6.265008379606376
0 28 10.576923076923102 6.421857340944525
1 28 4.9999999999999885 4.032819824350703
2 28 9.500000000000004 5.790470022849218
0 29 8.653846153846144 5.5599421025918065
1 29 5.153846153846142 4.348591988630892
2 29 9.673076923076938 5.975027817128624
0 30 9.057692307692312 5.836110622135704
1 30 4.0576923076922995 3.543768868780616
2 30 8.423076923076913 5.496882264695271
0 31 9.096153846153852 5.740008389035707
1 31 4.365384615384607 3.7070733446700705
2 31 8.134615384615367 5.330360489780217
0 32 9.076923076923077 5.7027144555707565
1 32 4.28846153846153 3.632045129153772
2 32 8.03846153846152 5.251833723537149
0 33 8.480769230769221 5.461137261769635
1 33 4.346153846153837 3.726745704416305
2 33 8.480769230769221 5.513536475778977
0 34 8.865384615384608 5.612476686365287
1 34 4.134615384615376 3.737989472325683
2 34 6.769230769230752 4.799476574888601
0 35 8.153846153846137 5.357796949249511
1 35 3.7307692307692237 3.352894263638048
2 35 6.461538461538446 4.670962840252727
0 36 7.999999999999981 5.380102959133913
1 36 3.8076923076923004 3.484232307681686
2 36 6.461538461538446 4.647166648057358
0 37 6.865384615384598 4.868800592391356
1 37 3.2115384615384572 3.202318379926264
2 37 6.846153846153829 5.045639106553672
0 38 6.9230769230769065 4.734801212738715
1 38 2.980769230769226 2.9712561428769475
2 38 7.192307692307675 4.9046455499783495
0 39 6.499999999999985 4.662644206047656
1 39 3.4423076923076863 3.220928359714046
2 39 6.423076923076908 4.592283522345041
0 40 6.249999999999985 4.875889771950889
1 40 3.1923076923076867 3.2865029124419465
2 40 6.519230769230753 4.729687411412967
0 41 6.499999999999984 4.822893012015138
1 41 3.3076923076923013 3.149981479364066
2 41 6.557692307692291 4.679991369955712
0 42 6.134615384615371 4.509437818828812
1 42 2.923076923076919 2.98310704569002
2 42 5.826923076923063 4.335213539992141
0 43 6.346153846153831 4.56690984124315
1 43 3.0769230769230718 3.11200734020763
2 43 6.192307692307676 4.574557080654482
0 44 6.903846153846137 4.870416297007855
1 44 2.288461538461537 2.652134676331235
2 44 5.230769230769218 4.127880851400739
0 45 6.5769230769230616 4.7904592369162975
1 45 1.9038461538461517 2.5156299800399062
2 45 4.8846153846153735 3.987488672248727
0 46 5.1538461538461435 4.132911345502504
1 46 2.3269230769230744 2.6326055025435444
2 46 4.884615384615374 3.964634862806775
0 47 5.576923076923063 4.25009371483841
1 47 1.9230769230769214 2.504847943437998
2 47 4.134615384615377 3.672212507665047
0 48 5.038461538461527 4.068169614041808
1 48 2.1923076923076907 2.6369599130054753
2 48 4.884615384615374 3.901815429350443
0 49 5.269230769230758 4.12300422277922
1 49 1.9038461538461526 2.496672141734773
2 49 4.192307692307684 3.6810359470046135
0 50 4.28846153846153 3.6645164497919214
1 50 1.7115384615384606 2.3746905885971366
2 50 4.153846153846144 3.608973125986087
0 51 4.326923076923069 3.681325743305761
1 51 1.2884615384615385 2.2069331433535493
2 51 3.8846153846153766 3.5056533652550335
0 52 3.384615384615379 3.2440156381935945
1 52 1.4230769230769231 2.2216712969690806
2 52 3.4038461538461484 3.1703719732147007
0 53 3.711538461538455 3.3884433288131843
1 53 1.1730769230769231 2.1852436292802158
2 53 3.269230769230764 3.083610357171883
0 54 2.86538461538461 2.8912533797544286
1 54 0.9230769230769237 2.075512008067248
2 54 2.403846153846151 2.6751801522632532
0 55 2.6153846153846114 2.8947135076335084
1 55 1.0384615384615388 2.074984425049953
2 55 2.7307692307692264 2.837449990037479
0 56 2.384615384615382 2.733267239448073
1 56 1.0961538461538465 2.0896696415834812
2 56 1.9807692307692288 2.5119252759529425
0 57 2.153846153846151 2.5840051261585404
1 57 0.730769230769231 1.9600973061114673
2 57 2.153846153846152 2.5590481300591073
0 58 2.0961538461538436 2.55333195154516
1 58 0.6730769230769232 1.9584773064556487
2 58 1.4999999999999996 2.257586445653956
0 59 2.0576923076923057 2.509090452517901
1 59 0.6346153846153847 1.9229467810219276
2 59 1.6730769230769218 2.3479583139328337
0 60 2.0192307692307674 2.454718315629354
1 60 0.8076923076923082 1.9784523599627326
2 60 1.5576923076923062 2.262860534079622
0 61 1.634615384615383 2.3612066061760966
1 61 0.8461538461538467 2.0019467163408695
2 61 1.4615384615384606 2.2268257406845686
0 62 2.096153846153845 2.5801187052891366
1 62 0.6923076923076925 1.9348382539091078
2 62 1.3846153846153846 2.1851959959379075
0 63 1.6923076923076914 2.3905418466730324
1 63 0.6538461538461539 1.9499132937844297
2 63 1.134615384615385 2.099043143935154
0 64 2.3653846153846128 2.732821120576479
1 64 0.8076923076923079 1.9795842055217923
2 64 1.7692307692307676 2.3439104287033574
0 65 2.903846153846149 2.998726310316562
1 65 1.2307692307692308 2.101387235413502
2 65 2.0769230769230744 2.5519719762393733
0 66 3.692307692307686 3.3946058265564876
1 66 1.5576923076923068 2.3224759903531766
2 66 3.1923076923076863 3.131032788043354
0 67 5.326923076923063 4.120834712486148
1 67 1.8269230769230747 2.4290500115469866
2 67 4.076923076923069 3.5136433833887395
0 68 6.3269230769230616 4.57475088642983
1 68 2.4615384615384586 2.7422747924059765
2 68 4.5384615384615286 3.7121445616852107
0 69 6.749999999999983 4.831220621683019
1 69 3.1346153846153793 3.0849756690288355
2 69 5.307692307692295 4.176470116219255
0 70 7.3846153846153655 5.074402868956017
1 70 3.096153846153841 3.139953259178751
2 70 6.288461538461522 4.688070681121584
0 71 10.096153846153864 6.4669165037927465
1 71 3.5961538461538383 3.3294220342398626
2 71 7.326923076923059 5.061438786963042
0 72 9.730769230769235 6.0278026064467864
1 72 4.634615384615374 3.8237288442093753
2 72 7.711538461538441 5.160208647287423
0 73 10.634615384615406 6.23348518978391
1 73 4.7692307692307585 3.9503053263033685
2 73 8.538461538461524 5.440072033220133
0 74 11.28846153846158 6.566722715766492
1 74 4.576923076923066 3.766672528947886
2 74 8.269230769230754 5.44799140459447
0 75 11.32692307692311 6.548250007869633
1 75 4.980769230769219 4.010695207424
2 75 8.730769230769228 5.5547268338963915
0 76 10.55769230769233 6.2548677215980115
1 76 4.634615384615374 3.8801853035137297
2 76 8.461538461538451 5.496381254678205
0 77 10.63461538461541 6.2322140703709215
1 77 4.076923076923069 3.6367585388976154
2 77 8.44230769230768 6.382148657513821
0 78 9.846153846153854 6.015856777617186
1 78 3.6923076923076854 3.3171885824009064
2 78 7.769230769230749 5.1462237711991765
0 79 10.07692307692309 6.080435472275241
1 79 3.9038461538461458 3.7144839570475874
2 79 7.480769230769212 5.310120478295374
0 80 8.923076923076927 5.589471993686665
1 80 3.6153846153846083 3.3252144895022133
2 80 7.346153846153828 5.017835017098959
0 81 9.038461538461544 5.7368304975674
1 81 3.7884615384615308 3.455401578534783
2 81 7.48076923076921 5.021273817656039
0 82 7.961538461538442 5.345308221035073
1 82 2.865384615384611 3.0044114572925187
2 82 6.480769230769215 4.644753182831692
0 83 7.807692307692289 5.158598856033263
1 83 3.5384615384615326 3.4169059850511623
2 83 6.5576923076922915 4.796927529547682
0 84 7.076923076923059 4.906424466250533
1 84 3.1923076923076867 3.1340671684023045
2 84 5.923076923076908 4.443996975027641
0 85 7.6538461538461355 5.099052771022546
1 85 3.0769230769230727 2.9906875314137844
2 85 5.19230769230768 4.129480036903698
0 86 7.769230769230751 5.134874539252979
1 86 2.980769230769226 2.997934863714675
2 86 5.884615384615371 4.426170497481858
0 87 7.3076923076922915 5.070355812765272
1 87 3.3076923076923013 3.238877573162146
2 87 6.038461538461524 4.475951810133093
0 88 7.2692307692307505 4.9883311031449535
1 88 2.365384615384612 2.6871414158967815
2 88 5.9615384615384475 4.4110813894487055
0 89 7.326923076923058 5.0268643144962075
1 89 2.8461538461538414 2.8888418715160515
2 89 5.307692307692295 4.163371793271345
0 90 7.115384615384598 4.890806412168249
1 90 2.3653846153846123 2.697899071299417
2 90 5.499999999999988 4.235233479123307
0 91 6.999999999999983 5.004376172399648
1 91 2.3653846153846123 2.7538560373456713
2 91 5.596153846153833 4.301649949918175
0 92 6.0961538461538325 4.4213565662000365
1 92 2.1923076923076907 2.6545342546263653
2 92 6.1153846153846 4.577185534128434
0 93 5.749999999999987 4.324668782064243
1 93 2.134615384615382 2.613717642938659
2 93 6.057692307692293 4.443578760742915
0 94 5.2307692307692175 4.125568321607283
1 94 2.211538461538459 2.648283113674649
2 94 5.249999999999988 4.146888988920426
0 95 5.038461538461527 4.018751483481988
1 95 1.6923076923076907 2.4271276311538665
2 95 5.346153846153833 4.215437567208211
0 96 4.326923076923069 3.784327287193357
1 96 1.7307692307692295 2.371988124355636
2 96 5.499999999999987 4.272131263352766
0 97 4.519230769230759 3.7711251484201136
1 97 1.7884615384615372 2.3772307085515547
2 97 5.038461538461527 4.113943697881077
0 98 3.6346153846153775 3.40797249629302
1 98 1.634615384615383 2.312106479679766
2 98 4.442307692307684 3.7590592033850263
0 99 3.826923076923069 3.5632821945193256
1 99 1.2692307692307692 2.1664906968338715
2 99 3.9807692307692224 3.555395037241941
0 100 3.4038461538461475 3.2837326652269025
1 100 1.4423076923076923 2.218105175523459
2 100 4.249999999999989 3.6429768603214363
0 101 2.7499999999999964 2.90142027804237
1 101 1.2307692307692306 2.1670910375891483
2 101 3.5576923076923 3.296174397963021
0 102 2.6346153846153806 2.8859906735351433
1 102 1.0961538461538465 2.0862829548565394
2 102 3.519230769230762 3.333768870932627
0 103 1.9615384615384595 2.511734174784384
1 103 1.1153846153846159 2.148900327402676
2 103 3.019230769230764 3.021422508991139
0 104 2.115384615384613 2.5386023405054954
1 104 1.0192307692307698 2.0945443532577466
2 104 2.8461538461538414 2.9027475786851347
0 105 2.0192307692307674 2.529764200517685
1 105 0.8269230769230774 1.9924927263255117
2 105 2.249999999999998 2.632486831602112
0 106 1.5961538461538451 2.323238978134384
1 106 0.7115384615384618 1.9615098774212425
2 106 1.71153846153846 2.3518451690026363
0 107 1.749999999999999 2.415564128392187
1 107 0.6730769230769232 1.9276775648234534
2 107 1.7692307692307678 2.354047845694086
0 108 1.7692307692307687 2.429568211192517
1 108 0.5769230769230769 1.906812694911414
2 108 1.5769230769230758 2.265552502468922
0 109 1.5961538461538456 2.352930518320909
1 109 0.3653846153846153 1.8735906841425634
2 109 1.576923076923076 2.3339116315703423
0 110 1.4807692307692297 2.2485433765753435
1 110 0.6153846153846154 1.968850595459471
2 110 1.8076923076923066 2.398507666715258
0 111 1.6538461538461529 2.34340481324831
1 111 0.653846153846154 1.9548174727324275
2 111 1.4999999999999993 2.2741231954561423
0 112 2.2115384615384595 2.6650152081598
1 112 0.6538461538461539 1.9490982594286017
2 112 1.923076923076921 2.486461174172114
0 113 2.730769230769226 2.8437375542739254
1 113 0.7500000000000001 1.9708041916195729
2 113 2.4423076923076894 2.7598766097717244
0 114 3.7307692307692233 3.374878495627403
1 114 1.0769230769230775 2.067236379036891
2 114 3.249999999999995 3.137032085942123
0 115 4.73076923076922 3.8827134274283748
1 115 1.4615384615384608 2.2938630642589786
2 115 4.326923076923069 3.5731360018169087
0 116 5.480769230769219 4.222512258048939
1 116 2.115384615384613 2.582769021601499
2 116 4.596153846153835 3.802493282615054
0 117 6.499999999999984 4.7276576115030675
1 117 3.134615384615378 3.1310874839152483
2 117 4.846153846153835 4.1145586026937675
0 118 7.173076923076906 5.0058934707447795
1 118 3.3269230769230713 3.2391726962293217
2 118 6.5769230769230616 4.69740375183619
0 119 8.826923076923077 5.64100295366403
1 119 3.769230769230762 3.4272191459893615
2 119 7.596153846153826 5.083356136032154
0 120 8.788461538461537 5.56918304335453
1 120 4.288461538461529 3.6297050308233416
2 120 8.519230769230756 5.620629918742059
0 121 10.326923076923114 6.119903082551675
1 121 4.153846153846145 3.5758944570100364
2 121 8.30769230769229 5.501373775580124
0 122 9.673076923076938 6.002478868351137
1 122 4.480769230769222 3.7743469160046836
2 122 9.211538461538463 6.184330352908089
0 123 10.30769230769233 6.195059789117727
1 123 4.153846153846146 3.5650239307622353
2 123 9.82692307692309 5.9628098492475115
0 124 9.94230769230771 5.989701597112991
1 124 4.153846153846145 3.6312861880612948
2 124 8.346153846153834 5.353584879144938
0 125 10.096153846153866 6.0846070011219435
1 125 4.461538461538452 3.7739462773512065
2 125 8.230769230769218 5.771404098109994
0 126 10.03846153846156 6.051930360240694
1 126 3.6346153846153775 3.3727768165525327
2 126 7.923076923076905 5.258824125069917
0 127 8.61538461538461 5.507808104854222
1 127 3.7499999999999925 3.387643680873916
2 127 7.576923076923058 5.149209103161052
0 128 9.538461538461544 5.894605920534995
1 128 3.2499999999999947 3.1916190852272743
2 128 6.942307692307676 4.784003385795909
0 129 8.596153846153834 5.524239160569972
1 129 3.6346153846153784 3.3478005344555934
2 129 6.942307692307676 4.9409126520539655
0 130 8.096153846153829 5.240631371109596
1 130 3.461538461538455 3.289187069859563
2 130 6.173076923076907 4.567801084466934
0 131 7.249999999999983 4.980964976406731
1 131 2.7307692307692273 2.908758528033122
2 131 6.134615384615369 4.5433130206093475
0 132 6.999999999999983 4.96606329913592
1 132 2.865384615384611 2.97365453521531
2 132 5.942307692307677 4.443235281533441
0 133 6.615384615384599 4.680350257018156
1 133 3.0384615384615334 3.0300802075345343
2 133 6.115384615384601 4.524031927622761
0 134 6.5384615384615214 4.7675619478936415
1 134 3.096153846153841 3.132072568746933
2 134 6.4230769230769065 4.632656960224723
0 135 7.115384615384599 4.910859742982488
1 135 2.749999999999996 2.888611856131664
2 135 6.326923076923062 4.695418765839082
0 136 5.94230769230768 4.4339800404400815
1 136 2.730769230769226 2.849361281391505
2 136 6.269230769230754 4.833065651694264
0 137 6.769230769230752 4.8054704379763935
1 137 2.2884615384615365 2.705794872475709
2 137 5.9615384615384475 4.721078197572068
0 138 6.499999999999984 4.654289732181376
1 138 2.980769230769226 3.024393891155331
2 138 5.346153846153833 4.164824214294977
0 139 5.923076923076909 4.416100885520179
1 139 2.249999999999998 2.6566106556739792
2 139 5.211538461538451 4.074745163865718
0 140 5.9807692307692175 4.438589087409604
1 140 2.4807692307692273 2.7742472930192
2 140 5.423076923076911 4.252099273706325
0 141 5.576923076923064 4.29294146106236
1 141 2.2115384615384595 2.609297945220571
2 141 4.442307692307683 3.7475214697889085
0 142 5.384615384615372 4.155874368291499
1 142 2.153846153846152 2.6212383339160295
2 142 4.6538461538461435 3.9361678822095345
0 143 4.653846153846144 3.877459507402275
1 143 2.403846153846151 2.770663573382024
2 143 4.461538461538452 3.80202916907344
0 144 4.6538461538461435 3.8191556541496947
1 144 2.2692307692307665 2.6911579768188947
2 144 4.230769230769222 3.758947612346545
0 145 4.307692307692299 3.6965201675330697
1 145 2.1730769230769202 2.631584050175357
2 145 4.692307692307682 3.902249235854472
0 146 3.9423076923076845 3.546956695660691
1 146 1.7115384615384603 2.403369862367801
2 146 3.634615384615378 3.356692736622509
0 147 3.9999999999999916 3.592713676563149
1 147 1.749999999999999 2.4172759791154235
2 147 3.557692307692301 3.3175900002711733
0 148 2.9423076923076876 2.9818609084607983
1 148 1.2115384615384617 2.1385755208582484
2 148 3.5576923076923013 3.3175006921487102
0 149 2.9423076923076876 2.989940769260822
1 149 1.4230769230769227 2.226906574770696
2 149 3.519230769230763 3.3180471024663323
0 150 2.8076923076923044 2.9733962713435873
1 150 1.4807692307692302 2.222173993686217
2 150 2.519230769230765 2.7714043461399096
0 151 2.346153846153843 2.656844895934436
1 151 0.9423076923076927 2.030643227474902
2 151 3.076923076923071 3.1538426426648174
0 152 2.519230769230766 2.7469060630561963
1 152 1.2307692307692308 2.1433132109794704
2 152 2.173076923076921 2.5544236777841447
0 153 1.980769230769229 2.4412041843778858
1 153 0.9423076923076931 2.0541656190230366
2 153 2.4615384615384586 2.795979177825213
0 154 2.0576923076923066 2.5537271115330205
1 154 1.1153846153846156 2.1216941001725766
2 154 2.0576923076923057 2.532610272336465
0 155 1.8076923076923062 2.366193005505781
1 155 0.8269230769230775 1.9787410593907984
2 155 1.596153846153846 2.258631597780824
0 156 1.7692307692307685 2.479523480517556
1 156 0.6346153846153847 1.9484397382476042
2 156 1.9230769230769207 2.4605119923387337
0 157 1.7692307692307674 2.394412867157577
1 157 0.653846153846154 1.9356153590481255
2 157 1.48076923076923 2.2430200732330987
0 158 1.8269230769230749 2.4712346615025558
1 158 0.6730769230769231 1.947431161111067
2 158 1.2884615384615379 2.162334948994604
0 159 1.8653846153846134 2.370506488838509
1 159 0.6153846153846154 1.9193899518233806
2 159 1.499999999999999 2.2364944338886628
0 160 2.3653846153846123 2.7492581817013373
1 160 0.8846153846153851 1.9908016065301561
2 160 1.6153846153846148 2.34964068778533
0 161 2.6923076923076885 2.9535611326548583
1 161 1.2115384615384617 2.116781970327134
2 161 1.8076923076923066 2.445420629901318
0 162 3.9038461538461458 3.4410241297992576
1 162 1.3076923076923075 2.1921425233078162
2 162 2.7307692307692264 2.8409007477367965
0 163 5.096153846153836 3.9900239741298535
1 163 1.8846153846153828 2.6653243115899774
2 163 3.5384615384615317 3.275449415106395
0 164 6.057692307692293 4.5007451656737505
1 164 2.4230769230769202 2.7041501073928838
2 164 4.96153846153845 4.209646732896818
0 165 7.326923076923059 5.057512531767438
1 165 2.9423076923076867 2.937143248709074
2 165 4.846153846153837 3.9525374360685808
0 166 8.596153846153832 5.8707325722888255
1 166 3.019230769230765 3.1344250453398437
2 166 6.4423076923076765 4.737160436131786
0 167 8.499999999999988 5.5386816682152595
1 167 3.5384615384615326 3.257023211086637
2 167 5.634615384615372 4.220102427345505
0 168 9.86538461538464 5.983393914856997
1 168 4.26923076923076 3.6513976083081436
2 168 7.692307692307672 5.184909688634158
0 169 10.788461538461576 6.382053030316384
1 169 4.557692307692298 3.8659818324255637
2 169 7.249999999999982 5.078710282580886
0 170 11.44230769230773 6.657928118013868
1 170 4.03846153846153 3.5747949305400994
2 170 8.192307692307674 5.334471265414492
0 171 10.403846153846178 6.155571906362989
1 171 4.461538461538454 3.731591714188633
2 171 8.692307692307685 5.572270917918772
0 172 10.865384615384661 6.244947136329678
1 172 4.134615384615376 3.641522113391947
2 172 7.346153846153827 5.028965154622218
0 173 11.134615384615413 6.406546321055139
1 173 4.480769230769221 4.177399504324455
2 173 7.884615384615365 5.245614614224356
0 174 10.115384615384642 6.038761729644564
1 174 3.403846153846148 3.3192514780497344
2 174 6.923076923076905 4.839058182542928
0 175 10.211538461538478 6.080000996709653
1 175 3.538461538461532 3.37126287293156
2 175 6.980769230769213 4.943591006516872
0 176 9.403846153846164 5.878202420656595
1 176 3.5384615384615326 3.3424475936351894
2 176 6.615384615384599 4.786947467684441
0 177 8.980769230769234 5.622886651709012
1 177 3.0769230769230713 3.3183526314717904
2 177 7.115384615384597 4.883496971322438
0 178 7.673076923076905 5.137951544609605
1 178 2.942307692307688 3.0047900998812875
2 178 5.90384615384614 4.468615447096944
0 179 7.403846153846137 4.969324233830232
1 179 2.7499999999999956 2.973268625508363
2 179 5.942307692307679 4.350682924463049
0 180 8.49999999999999 5.447869630397286
1 180 2.673076923076919 2.7763229817104196
2 180 6.538461538461523 4.702972941054791
0 181 7.846153846153826 5.283698706434737
1 181 2.615384615384612 2.807756200504858
2 181 5.346153846153833 4.168980703900606
0 182 7.865384615384594 5.2940426111804095
1 182 1.9038461538461522 2.4770748322492167
2 182 5.749999999999987 4.369319711453119
0 183 7.365384615384597 5.13142812333752
1 183 2.442307692307689 2.7387523311245885
2 183 4.942307692307681 3.944534370890446
0 184 6.980769230769214 4.942320836115462
1 184 2.807692307692303 2.943320020258836
2 184 5.519230769230756 4.278151485744044
0 185 6.999999999999982 4.8440457424039565
1 185 2.5961538461538427 2.8383982248226016
2 185 4.692307692307683 3.8559873058186604
0 186 7.076923076923058 4.927898353260724
1 186 2.5576923076923044 2.773202840382162
2 186 4.826923076923068 3.87419446261846
0 187 6.230769230769216 4.596939853949662
1 187 2.2307692307692286 2.6034985704714813
2 187 5.211538461538449 4.09893351194929
0 188 6.442307692307676 4.687627104446005
1 188 2.0576923076923057 2.5537008119458506
2 188 4.615384615384605 4.105771074934529
0 189 6.3653846153846 4.672836132802249
1 189 2.019230769230767 2.5588487921646816
2 189 5.096153846153834 4.108420825199034
0 190 5.519230769230757 4.231114303207762
1 190 1.6346153846153837 2.4090983042166907
2 190 4.8846153846153735 4.024457538258128
0 191 5.499999999999987 4.280146224840793
1 191 1.596153846153845 2.3360580972227116
2 191 4.826923076923066 4.019741296956771
0 192 4.495238095238085 3.876296264879713
1 192 1.5619047619047615 2.315880687850484
2 192 4.78095238095237 3.8984471729484036
0 193 4.819047619047608 3.979331720529721
1 193 1.1809523809523814 2.120407489571186
2 193 4.152380952380944 3.6492121897756964
0 194 4.685714285714276 3.9321257821008007
1 194 1.428571428571428 2.197169393747981
2 194 4.171428571428562 3.6117578254947262
0 195 3.7142857142857073 3.4096749076017745
1 195 1.2000000000000002 2.1373545289947407
2 195 3.942857142857134 3.50054486904063
0 196 3.5047619047618985 3.3855971536471463
1 196 1.1619047619047622 2.1571917779444
2 196 3.7333333333333263 3.431561415460906
0 197 3.2761904761904703 3.1695862409279894
1 197 0.8190476190476196 2.0075869981967824
2 197 3.714285714285706 3.46186317761149
0 198 2.7619047619047583 2.887269234500336
1 198 1.0666666666666673 2.0895717018727984
2 198 3.161904761904756 3.1358812811451324
0 199 2.7238095238095195 2.9377286015983
1 199 0.9904761904761914 2.090347167146726
2 199 2.819047619047615 2.974263178916633
0 200 2.8190476190476152 2.9774330213769447
1 200 0.9714285714285723 2.0549062088198164
2 200 2.761904761904758 2.982871755026625
0 201 2.5714285714285685 2.8621955715192535
1 201 0.6666666666666667 1.9428911033417853
2 201 2.266666666666664 2.6737551382689735
0 202 2.2857142857142834 2.6650579481614503
1 202 0.8761904761904767 2.0218281621566305
2 202 1.9809523809523788 2.455466284863365
0 203 2.3047619047619023 2.657514354096503
1 203 0.6666666666666669 1.9519161390653752
2 203 2.076190476190474 2.568323986693121
0 204 1.9428571428571415 2.4984951301124836
1 204 0.6857142857142859 1.9562510185493964
2 204 1.7904761904761888 2.420888204991012
0 205 2.0380952380952366 2.495360411442686
1 205 0.6095238095238096 1.9251927852254085
2 205 1.599999999999999 2.3137196920068477
0 206 1.6380952380952372 2.341978083279637
1 206 0.5333333333333332 1.929781249510667
2 206 1.5238095238095228 2.3178347774249333
0 207 1.542857142857142 2.321344949279205
1 207 0.4380952380952379 1.8877456725279362
2 207 1.1047619047619053 2.1810410142898795
0 208 2.6666666666666625 2.8895128749614414
1 208 0.8190476190476195 2.0110542481972753
2 208 1.9619047619047603 2.4803203266441454
0 209 3.047619047619043 3.083117192123732
1 209 0.9904761904761912 2.0625086503198595
2 209 2.266666666666664 2.6665912877109976
0 210 3.866666666666659 3.4337179333226966
1 210 1.4666666666666657 2.1985114771360057
2 210 3.3714285714285657 3.2514849783417796
0 211 4.952380952380941 4.044404173041519
1 211 1.6761904761904751 2.3676516276638706
2 211 3.923809523809515 3.5201826674516443
0 212 5.599999999999987 4.3119063445963794
1 212 2.3999999999999972 2.7160030117698732
2 212 4.4571428571428475 3.7936949688930452
0 213 6.971428571428554 4.917808939039292
1 213 2.8761904761904713 2.9806639677391074
2 213 5.90476190476189 4.4596661941533196
0 214 8.019047619047598 5.689364657236738
1 214 3.733333333333326 3.4092217225773767
2 214 6.399999999999984 4.55773052167975
0 215 8.361904761904741 5.514830947807583
1 215 3.961904761904754 3.524931412121657
2 215 6.30476190476189 4.622202818623556
0 216 8.628571428571407 5.541713215581728
1 216 4.152380952380944 3.6830186962572498
2 216 7.142857142857126 5.036039627996232
0 217 9.31428571428569 5.8623853798949
1 217 4.133333333333325 3.5567719075040505
2 217 7.961904761904741 5.285022374456572
0 218 8.628571428571407 5.574965089697324
1 218 4.895238095238085 3.917630039702755
2 218 8.628571428571407 5.552431059548968
0 219 10.28571428571426 6.149344903191154
1 219 4.914285714285703 4.059621173416073
2 219 8.438095238095217 5.4969433516976585
0 220 9.466666666666642 5.887952664906665
1 220 4.685714285714275 3.9702679698455063
2 220 8.114285714285696 5.392485135953336
0 221 9.104761904761881 5.75374653004506
1 221 4.304761904761895 3.732205733320211
2 221 7.904761904761883 5.287085165439517
0 222 9.29523809523807 5.826228305068737
1 222 3.942857142857135 3.5546659074402562
2 222 8.438095238095217 5.474130635362311
0 223 9.14285714285712 5.676857846600304
1 223 3.961904761904755 3.552618223090732
2 223 7.466666666666647 5.138085438675816
0 224 8.380952380952358 5.529915518229714
1 224 3.2761904761904703 3.203191276991935
2 224 7.485714285714266 5.12246650189361
0 225 8.399999999999979 5.5421681795879865
1 225 3.3523809523809462 3.2085307615864243
2 225 8.038095238095218 5.311201422660435
0 226 7.009523809523791 4.8793167296850894
1 226 3.0476190476190426 3.0682287059080178
2 226 6.342857142857127 4.62672661548413
0 227 7.657142857142837 5.155912640860682
1 227 3.3904761904761846 3.2485698182488485
2 227 5.638095238095225 4.321837770744203
0 228 7.0476190476190315 5.213463054942456
1 228 3.161904761904756 3.130563269867417
2 228 5.885714285714273 4.729846054660488
0 229 6.723809523809507 4.750676850473777
1 229 2.990476190476186 3.017706111227174
2 229 5.447619047619035 4.276322909807507
0 230 6.70476190476189 4.811791425467312
1 230 3.4285714285714217 3.2297242038281864
2 230 5.676190476190464 4.323432373706238
0 231 7.066666666666649 4.972084612322874
1 231 2.571428571428568 2.7791850945241157
2 231 5.56190476190475 4.278897186158496
0 232 5.961904761904747 4.4976814513331345
1 232 2.7999999999999963 2.967257096801079
2 232 5.999999999999986 4.504431049086515
0 233 6.609523809523793 4.770980954138997
1 233 3.066666666666663 3.0426089874673177
2 233 5.638095238095225 4.269377347597952
0 234 6.247619047619033 4.591395167827774
1 234 2.742857142857139 2.882165533818843
2 234 4.4761904761904665 3.8639186913840438
0 235 6.761904761904747 4.729173773534327
1 235 2.571428571428568 2.7649891571384173
2 235 4.876190476190464 4.396378016586862
0 236 5.314285714285702 4.129716985370032
1 236 2.1523809523809505 2.602029732974666
2 236 5.066666666666655 3.989264175390662
0 237 5.752380952380939 4.365444933085804
1 237 2.3428571428571408 2.7093771910571918
2 237 5.085714285714274 4.138391659342274
0 238 5.180952380952369 4.1962673651547275
1 238 2.0952380952380936 2.539673999332321
2 238 3.9238095238095156 3.545339215633518
0 239 5.580952380952367 4.312222388192672
1 239 2.1523809523809496 2.663180382478196
2 239 3.8285714285714216 3.665814131315277
0 240 4.838095238095228 4.313203165906379
1 240 1.8857142857142843 2.490012715481468
2 240 3.9428571428571355 3.5864558165175984
0 241 5.104761904761895 4.0350395701611825
1 241 1.7904761904761892 2.407148904420225
2 241 3.9619047619047545 3.5475617285932706
0 242 4.266666666666658 3.7149198690967187
1 242 1.790476190476189 2.437558222519219
2 242 3.2761904761904708 3.2372453120200264
0 243 4.380952380952372 3.71648418809626
1 243 1.447619047619047 2.2018782021410783
2 243 3.504761904761898 3.558731944951803
0 244 3.7142857142857073 3.38911014926443
1 244 1.5619047619047615 2.319261538557167
2 244 3.257142857142851 3.17617149793448
0 245 3.8857142857142786 3.5131024714868344
1 245 1.4857142857142849 2.2232458752031876
2 245 3.238095238095232 3.158360379300257
0 246 3.485714285714279 3.3436745121259643
1 246 1.6380952380952367 2.347584015829386
2 246 2.8571428571428523 3.021980414056907
0 247 3.6761904761904693 3.393430768886729
1 247 1.4285714285714282 2.2947340818419772
2 247 2.666666666666663 2.8350527158281262
0 248 3.0285714285714236 3.0448505304370372
1 248 1.4857142857142855 2.283916333690571
2 248 2.8380952380952347 2.9827262528069727
0 249 3.3333333333333277 3.260057990546185
1 249 1.0095238095238104 2.052203865889621
2 249 2.247619047619046 2.5945220679519814
0 250 2.4190476190476153 2.793357434192552
1 250 1.1428571428571432 2.120901312468849
2 250 2.342857142857141 2.684171825083727
0 251 2.323809523809521 2.659599956717125
1 251 1.104761904761905 2.0883118964381824
2 251 2.209523809523808 2.6011637074284675
0 252 2.838095238095233 2.9652536814701334
1 252 1.2952380952380955 2.2454711254153823
2 252 2.4190476190476162 2.7812766813854317
0 253 2.8761904761904717 3.033946326724722
1 253 0.8952380952380959 2.0379831965640625
2 253 2.2285714285714264 2.6429888632732657
0 254 2.91428571428571 2.984963668469343
1 254 1.0666666666666673 2.0686769248986403
2 254 1.7523809523809513 2.3594943814949683
0 255 2.5714285714285676 2.78485424003291
1 255 0.7619047619047622 2.0046415807094355
2 255 1.6571428571428564 2.3498816523957147
0 256 2.6857142857142815 2.835304000113603
1 256 1.1619047619047624 2.0871358130570306
2 256 2.1523809523809514 2.548159332531481
0 257 3.238095238095233 3.20647014277129
1 257 1.1047619047619053 2.088672103422014
2 257 2.495238095238092 2.714370272241266
0 258 3.9047619047618967 3.4371511041803755
1 258 1.9619047619047603 2.547460248425776
2 258 3.1428571428571384 3.1062432934190496
0 259 4.704761904761894 3.892368464946449
1 259 1.7142857142857135 2.357665484854303
2 259 3.580952380952374 3.2984299056818513
0 260 5.638095238095225 4.387112007824652
1 260 2.419047619047616 2.7417597119393062
2 260 4.495238095238086 3.7496143625229474
0 261 5.238095238095226 4.179906110474695
1 261 2.114285714285712 2.610305521571999
2 261 4.3619047619047535 3.667431700082093
0 262 6.819047619047602 4.870662115517818
1 262 3.1047619047618995 3.147291731200227
2 262 5.599999999999986 4.233347430966464
0 263 7.371428571428552 5.00664326517926
1 263 3.371428571428565 3.2865125083889883
2 263 6.514285714285699 4.649368940432933
0 264 8.438095238095217 5.4508600071838105
1 264 3.942857142857134 3.477801787427643
2 264 6.933333333333316 4.978462996407373
0 265 8.533333333333312 5.535191870741359
1 265 3.8666666666666583 3.4547596082191196
2 265 7.847619047619029 5.2413945741755565
0 266 8.799999999999978 5.642697104857407
1 266 4.03809523809523 3.6323500687957573
2 266 8.380952380952358 5.728768278228429
0 267 9.104761904761881 5.729000563197873
1 267 3.6761904761904685 3.3697139638953497
2 267 9.638095238095213 7.905223725112038
0 268 9.466666666666642 5.920824665604779
1 268 3.7142857142857073 3.492265444906441
2 268 8.34285714285712 5.548121739866622
0 269 8.514285714285693 6.086496172705732
1 269 4.647619047619037 3.8583351344742023
2 269 8.133333333333312 5.323304358510386
0 270 8.857142857142833 5.6704164494992035
1 270 3.5619047619047555 3.3210501426876453
2 270 7.790476190476172 5.203122097160004
0 271 8.74285714285712 5.867657022137347
1 271 3.5047619047618985 3.274594972868906
2 271 7.676190476190457 5.455988312047767
0 272 8.704761904761883 5.626678238790282
1 272 3.3714285714285657 3.280125989880502
2 272 7.523809523809505 5.099852271430082
0 273 7.695238095238076 5.187206513679001
1 273 3.7714285714285642 3.3883852956293747
2 273 6.742857142857126 4.815698648570752
0 274 7.0285714285714125 4.914471242965158
1 274 3.3142857142857074 3.2046407432462054
2 274 6.685714285714267 4.745782537793859
0 275 6.038095238095224 4.480173885701222
1 275 3.3904761904761855 3.259088004319244
2 275 5.961904761904748 4.4771029893321135
0 276 6.799999999999984 4.8810499289687534
1 276 3.2761904761904703 3.1758106216199704
2 276 6.438095238095223 4.6114881708702775
0 277 6.876190476190459 4.838690502093954
1 277 3.0666666666666607 3.1273336486802985
2 277 6.171428571428556 4.528075836685329
0 278 6.990476190476174 4.877155176271732
1 278 2.7238095238095203 2.8750463991266804
2 278 5.92380952380951 4.3510785838369195
0 279 6.66666666666665 4.759245374616525
1 279 2.628571428571425 2.8580522829841457
2 279 6.552380952380936 4.737206055445216
0 280 6.5142857142857 4.661181436829684
1 280 2.190476190476189 2.6349037446313788
2 280 5.695238095238082 4.367864781019885
0 281 5.904761904761891 4.4947138237984205
1 281 2.8571428571428523 2.9393648581881267
2 281 6.419047619047603 4.66855052050706
0 282 6.171428571428556 4.557258613313501
1 282 2.228571428571426 2.624523877929399
2 282 5.085714285714274 4.115926560263326
0 283 6.076190476190462 4.509975391241711
1 283 2.4952380952380917 2.7672806620872508
2 283 5.180952380952369 4.172927328204278
0 284 7.3142857142856945 5.143478646538574
1 284 2.0571428571428547 2.558524100626728
2 284 4.476190476190466 3.7862927836838365
0 285 6.247619047619033 4.58791509273912
1 285 1.828571428571426 2.496924160205338
2 285 4.59047619047618 3.876143190420922
0 286 6.3047619047618895 4.57152148023636
1 286 2.2285714285714273 2.629579069139023
2 286 4.190476190476182 3.7393278751525765
0 287 6.228571428571413 4.566700487723908
1 287 1.9619047619047596 2.4596805380894966
2 287 4.2857142857142785 3.933750847994003
0 288 4.914285714285704 4.050208111574578
1 288 2.1904761904761885 2.5285428499760294
2 288 4.3047619047618975 3.598930819748031
0 289 5.599999999999986 4.268684361877065
1 289 1.847619047619046 2.4797433776671456
2 289 4.057142857142849 3.5851391771426684
0 290 4.876190476190465 3.9385367656181223
1 290 1.599999999999999 2.3042194954127835
2 290 3.904761904761896 3.4780154049523317
0 291 4.876190476190464 4.004831722580807
1 291 1.809523809523808 2.4986062954208994
2 291 4.114285714285706 3.6700737637999294
0 292 4.247619047619038 3.702409460242399
1 292 1.39047619047619 2.199782535678575
2 292 3.599999999999993 3.578061604032436
0 293 4.666666666666657 3.8739543465246538
1 293 1.638095238095237 2.3833061676431
2 293 3.84761904761904 3.5421182272706
0 294 3.9238095238095156 3.5354385054403847
1 294 1.5047619047619039 2.225205898375903
2 294 3.638095238095232 3.533396261287714
0 295 4.361904761904753 3.641469463591888
1 295 1.7142857142857129 2.687181727143044
2 295 2.8190476190476144 2.9574412841580706
0 296 3.6380952380952305 3.3954984700629236
1 296 1.2000000000000004 2.1400195715447468
2 296 3.3333333333333273 3.235287879959149
0 297 3.276190476190471 3.121382804318619
1 297 1.5809523809523802 2.302532816792889
2 297 3.219047619047614 3.1253584626584074
0 298 3.371428571428566 3.2055619437154257
1 298 1.428571428571428 2.2609516848790734
2 298 3.27619047619047 3.1164576104473034
0 299 3.638095238095232 3.5946556087220234
1 299 1.1428571428571435 2.125019603936074
2 299 2.72380952380952 2.885859477033879
0 300 3.1238095238095185 3.1046494095124704
1 300 1.352380952380952 2.2406127401470717
2 300 2.1142857142857125 2.5106807549024417
0 301 3.0666666666666624 3.1152568395476194
1 301 0.9714285714285724 2.054588801820059
2 301 2.3238095238095218 2.659157128365301
0 302 3.1047619047618986 3.0137638557514164
1 302 1.0095238095238104 2.089032670918813
2 302 2.0190476190476163 2.4902694091517943
0 303 3.180952380952376 3.212923393503878
1 303 0.761904761904762 1.970484438912467
2 303 1.4666666666666661 2.2419469330159103
0 304 3.142857142857138 3.1092698629152613
1 304 1.066666666666667 2.0865067824290233
2 304 1.7523809523809517 2.3731476926857207
0 305 3.6952380952380888 3.3969524735112087
1 305 1.314285714285714 2.1767867537611365
2 305 2.419047619047615 2.7074015082951326
0 306 4.190476190476182 3.6576703942361317
1 306 1.3904761904761902 2.1985674605739836
2 306 2.6666666666666634 3.1254655696481257
0 307 4.761904761904752 3.978557342770873
1 307 2.0190476190476168 2.5028288997845927
2 307 3.3714285714285657 3.1939599184151377
0 308 5.676190476190463 4.337365244845137
1 308 1.9238095238095219 2.488168813160593
2 308 4.114285714285708 3.59016664210668
0 309 5.466666666666654 4.236802392456192
1 309 2.0571428571428547 2.5760638814269807
2 309 4.5333333333333234 4.892246654342397
0 310 6.1333333333333195 4.532631527225899
1 310 2.7428571428571393 2.8858400070299504
2 310 5.333333333333321 4.183828530100582
0 311 7.1999999999999815 5.039317712210422
1 311 2.7047619047619014 2.9537422338933594
2 311 5.3714285714285595 4.117930474429539
0 312 7.923809523809504 5.262311584851935
1 312 3.0285714285714227 3.0967384807558873
2 312 6.133333333333319 4.5830574380553415
0 313 8.533333333333312 5.6159549028793
1 313 3.9047619047618976 3.4834026327958822
2 313 5.752380952380939 4.423621169914439
0 314 8.304761904761884 5.424240119776171
1 314 3.638095238095231 3.3445107660083195
2 314 7.04761904761903 4.827149834859112
0 315 9.999999999999973 6.432829550038245
1 315 3.8666666666666587 3.4298840381879145
2 315 7.333333333333314 5.014348516877047
0 316 8.971428571428548 5.681561997446833
1 316 3.752380952380945 3.362295109074728
2 316 6.3238095238095084 4.651844742029232
0 317 9.409523809523785 6.152234412471593
1 317 3.828571428571421 3.5336709118985725
2 317 6.2666666666666515 5.10286179631905
0 318 8.323809523809503 5.423105362315861
1 318 3.2190476190476143 3.114382969708539
2 318 6.1333333333333195 4.420572113289221
0 319 8.514285714285691 5.516046783134277
1 319 3.676190476190469 3.453754396727302
2 319 6.1714285714285575 4.898451326598029
0 320 8.266666666666646 5.355000625958589
1 320 3.485714285714279 3.272609621192389
2 320 5.657142857142842 4.303484533125712
0 321 7.771428571428551 5.264489813590536
1 321 2.9523809523809477 3.0023483484692033
2 321 5.809523809523796 4.384490495522121
0 322 6.571428571428556 4.781551756381433
1 322 2.72380952380952 2.8697641394496074
2 322 5.333333333333321 4.250805801552877
0 323 6.761904761904745 4.836415624338576
1 323 2.685714285714282 2.8626452107088474
2 323 5.142857142857132 4.060261091385593
0 324 6.819047619047601 4.798449181271019
1 324 2.9904761904761847 3.0926769556951403
2 324 4.914285714285703 4.362239988363148
0 325 6.838095238095222 4.817002521678086
1 325 2.552380952380949 2.8512155472711718
2 325 5.561904761904749 4.570715282043952
0 326 6.45714285714284 4.641238342564985
1 326 2.3619047619047593 2.764509285581222
2 326 5.123809523809513 4.034443940694786
0 327 6.514285714285698 4.649559378323208
1 327 2.6476190476190444 2.830764346581306
2 327 5.085714285714274 4.061604714476005
0 328 6.3238095238095084 4.634459395281494
1 328 2.380952380952377 2.767371985084698
2 328 4.914285714285703 3.9710427724531367
0 329 6.266666666666652 4.576885875795896
1 329 2.380952380952378 2.741644035329009
2 329 4.857142857142846 3.9741965507959174
0 330 5.942857142857128 4.455163586965716
1 330 2.057142857142856 2.5782263468035613
2 330 4.552380952380942 3.7867348303540056
0 331 7.142857142857125 5.059183895355449
1 331 2.114285714285712 2.5590717976833552
2 331 4.609523809523799 3.933640289427362
0 332 6.399999999999984 4.720343420116525
1 332 1.8666666666666651 2.485442514855328
2 332 4.190476190476183 3.6785493436987187
0 333 6.571428571428555 4.685772242814691
1 333 1.676190476190475 2.418190915338872
2 333 4.571428571428561 3.8708185038003604
0 334 5.599999999999987 4.311332852038224
1 334 1.485714285714285 2.2269450358822667
2 334 4.5333333333333234 3.83629102762934
0 335 5.638095238095224 4.353800222000187
1 335 1.1047619047619053 2.125848035069633
2 335 4.076190476190468 3.580228975532484
