0 0 0.07059716599190283 0.05062915028269123
1 0 0.022014170040485833 0.01687725448710245
2 0 0.05642712550607286 0.04179025215343346
0 1 0.0652834008097166 0.047751632216331726
1 1 0.01492914979757085 0.01162063726102716
2 1 0.05212550607287448 0.04088291242633877
0 2 0.07236842105263158 0.05258781124468162
1 2 0.01720647773279352 0.013625684963104803
2 2 0.053896761133603234 0.04254353279128793
0 3 0.0680668016194332 0.04892969485927522
1 3 0.017459514170040484 0.013069777396564048
2 3 0.044534412955465584 0.03489135026326298
0 4 0.06098178137651821 0.0436485029725613
1 4 0.016700404858299597 0.012835825341645757
2 4 0.04655870445344129 0.03551088160148458
0 5 0.05516194331983805 0.040805241224543765
1 5 0.01568825910931174 0.010860529475610932
2 5 0.04352226720647773 0.03442095829285649
0 6 0.061993927125506054 0.045095290392316745
1 6 0.01771255060728745 0.014065359132394718
2 6 0.04807692307692309 0.03684265225183525
0 7 0.04326923076923077 0.033332235387856596
1 7 0.01189271255060729 0.008937475402213171
2 7 0.03365384615384616 0.02639961822565948
0 8 0.046558704453441284 0.03502626603194731
1 8 0.012651821862348178 0.009290024412274746
2 8 0.033400809716599186 0.02654811728076433
0 9 0.038461538461538464 0.02979971170791136
1 9 0.01341093117408907 0.01079023851260791
2 9 0.03289473684210527 0.024738869670648155
0 10 0.03491902834008097 0.026706296466510435
1 10 0.010374493927125505 0.006696969450661682
2 10 0.023785425101214577 0.01936355642609902
0 11 0.034665991902834016 0.0272093095025144
1 11 0.010374493927125505 0.007150428160383164
2 11 0.02176113360323887 0.01745821868192692
0 12 0.03542510121457489 0.027050867851899942
1 12 0.011639676113360324 0.00864962352422894
2 12 0.030111336032388664 0.023656445201239974
0 13 0.02656882591093117 0.019840503530983888
1 13 0.007844129554655872 0.00508813981224964
2 13 0.023279352226720645 0.016677680609482964
0 14 0.024544534412955465 0.018312456226847997
1 14 0.010121457489878543 0.006932722134005098
2 14 0.024038461538461533 0.018322441559931804
0 15 0.03061740890688259 0.023360516002292893
1 15 0.008350202429149797 0.0059526316708108165
2 15 0.023785425101214577 0.019239427982046482
0 16 0.037702429149797566 0.029766160774802167
1 16 0.013410931174089069 0.010750156862444243
2 16 0.024038461538461536 0.01903205817745835
0 17 0.044534412955465584 0.03217751224849089
1 17 0.014423076923076924 0.011349086092546909
2 17 0.030870445344129555 0.024670434391242932
0 18 0.05743927125506072 0.0417086031301104
1 18 0.02252024291497976 0.016347259767988353
2 18 0.04807692307692307 0.037563643917917396
0 19 0.06680161943319836 0.04693390448380897
1 19 0.025303643724696366 0.019611444513175633
2 19 0.0665485829959514 0.05084289712738346
0 20 0.08982793522267205 0.06212644982634968
1 20 0.036943319838056675 0.02931437939611739
2 20 0.07034412955465585 0.053945540898094356
0 21 0.09792510121457487 0.06563497692424317
1 21 0.04200404858299595 0.03408868610437138
2 21 0.08097165991902833 0.0600594533344137
0 22 0.09969635627530365 0.06808994725343039
1 22 0.0513663967611336 0.03845811169629462
2 22 0.09919028340080968 0.07158091756288192
0 23 0.1194331983805668 0.07706610575529578
1 23 0.06351214574898785 0.04532957808683172
2 23 0.11133603238866396 0.07536684924603845
0 24 0.12753036437246965 0.0844857281465549
1 24 0.059969635627530375 0.04459688847323546
2 24 0.1189271255060729 0.08210841272797889
0 25 0.13689271255060734 0.08611734710758444
1 25 0.0637651821862348 0.04767549811885626
2 25 0.11842105263157897 0.08027908251454911
0 26 0.14195344129554657 0.08770150316571515
1 26 0.06781376518218622 0.0486738104040135
2 26 0.11513157894736845 0.07455843722867256
0 27 0.13663967611336036 0.08735339970344912
1 27 0.07388663967611335 0.05348996336772645
2 27 0.1384109311740891 0.09001130882948667
0 28 0.13917004048583 0.09020954630203881
1 28 0.06578947368421054 0.04768767987741
2 28 0.12500000000000003 0.08331161931931748
0 29 0.1138663967611336 0.07486321452915186
1 29 0.06781376518218624 0.051406687590028734
2 29 0.12727732793522264 0.08341135576744758
0 30 0.11918016194331985 0.08199051893237279
1 30 0.05339068825910931 0.040673779269038014
2 30 0.11082995951417005 0.07631257633012722
0 31 0.11968623481781378 0.07980328502996809
1 31 0.057439271255060736 0.0420149315606053
2 31 0.10703441295546555 0.07411623288279555
0 32 0.11943319838056682 0.08242976608014822
1 32 0.05642712550607287 0.04034672471854641
2 32 0.10576923076923077 0.07317218400413003
0 33 0.11158906882591096 0.07528439575509893
1 33 0.05718623481781377 0.04568365066461987
2 33 0.11158906882591092 0.07567355027254945
0 34 0.11664979757085021 0.07805090365021672
1 34 0.05440283400809716 0.04060487241475754
2 34 0.08906882591093117 0.061206881587958895
0 35 0.10728744939271252 0.07510404258900544
1 35 0.04908906882591093 0.03822544155696361
2 35 0.08502024291497974 0.05889204026149067
0 36 0.10526315789473684 0.07255536769631078
1 36 0.050101214574898786 0.03589667843648903
2 36 0.08502024291497974 0.06126683002176452
0 37 0.09033400809716599 0.06452735428751134
1 37 0.042257085020242925 0.030557821392096823
2 37 0.09008097165991902 0.06487133275516736
0 38 0.09109311740890687 0.0643559980271204
1 38 0.039220647773279355 0.029730528580694342
2 38 0.09463562753036436 0.06553369055206994
0 39 0.08552631578947367 0.05828574445131325
1 39 0.04529352226720648 0.03634469283105723
2 39 0.08451417004048581 0.058770299206271026
0 40 0.08223684210526316 0.057416957207292584
1 40 0.042004048582995945 0.03067105506167766
2 40 0.08577935222672063 0.05985254845038596
0 41 0.08552631578947367 0.06026293557321277
1 41 0.04352226720647773 0.03394480764462471
2 41 0.08628542510121458 0.05985250567001545
0 42 0.08071862348178137 0.05774372032604074
1 42 0.03846153846153846 0.02988777287025727
2 42 0.07667004048582995 0.055609378770798946
0 43 0.08350202429149799 0.056403199491343335
1 43 0.040485829959514164 0.02955356274543109
2 43 0.08147773279352229 0.05674143963792524
0 44 0.0908400809716599 0.06313986178569424
1 44 0.030111336032388664 0.023384017727680905
2 44 0.0688259109311741 0.05033933961318565
0 45 0.08653846153846152 0.05987482658471059
1 45 0.02505060728744939 0.020732007552969174
2 45 0.06427125506072874 0.04792886437649365
0 46 0.06781376518218622 0.05123043017401785
1 46 0.030617408906882592 0.023671030209212726
2 46 0.06427125506072874 0.04878673218801331
0 47 0.0733805668016194 0.052244729884001695
1 47 0.025303643724696356 0.01979434675407589
2 47 0.05440283400809716 0.04094373330601022
0 48 0.06629554655870443 0.04753878776320152
1 48 0.028846153846153848 0.02228351239801138
2 48 0.06427125506072874 0.04767335524729502
0 49 0.069331983805668 0.05030935067439452
1 49 0.02505060728744939 0.018962619403834105
2 49 0.05516194331983806 0.04284960850634249
0 50 0.05642712550607286 0.044490025257587384
1 50 0.022520242914979758 0.01895223748859974
2 50 0.054655870445344125 0.043269693509740095
0 51 0.056933198380566784 0.041993005282257856
1 51 0.01695344129554656 0.013203077272660834
2 51 0.051113360323886636 0.04071266997674274
0 52 0.04453441295546558 0.03373685043088583
1 52 0.018724696356275303 0.014959549017112682
2 52 0.04478744939271256 0.03432316623906144
0 53 0.04883603238866396 0.037109925388037014
1 53 0.01543522267206478 0.012367173524621732
2 53 0.0430161943319838 0.03591409138099736
0 54 0.03770242914979758 0.030922249896114105
1 54 0.012145748987854251 0.0092757032134746
2 54 0.03162955465587044 0.026046946020516205
0 55 0.034412955465587036 0.027987786469528236
1 55 0.013663967611336031 0.010056370824983897
2 55 0.03593117408906883 0.02648587335255546
0 56 0.03137651821862347 0.02463668655595934
1 56 0.014423076923076922 0.010472815749289585
2 56 0.026062753036437247 0.02043865389661616
0 57 0.02834008097165992 0.022273238549821345
1 57 0.009615384615384618 0.0077948412909989145
2 57 0.02834008097165992 0.021812513688123404
0 58 0.027580971659919025 0.021999023266816076
1 58 0.008856275303643725 0.0059558658911070175
2 58 0.01973684210526316 0.015115142265838833
0 59 0.0270748987854251 0.020648277546726084
1 59 0.008350202429149798 0.007176593189158055
2 59 0.022014170040485833 0.016960587377595593
0 60 0.02656882591093117 0.020967417527448077
1 60 0.010627530364372468 0.007807883525275242
2 60 0.02049595141700405 0.016268342704184695
0 61 0.021508097165991905 0.01784917838350029
1 61 0.011133603238866396 0.008640026796142192
2 61 0.01923076923076924 0.015601381185085998
0 62 0.02758097165991903 0.020468243701506683
1 62 0.009109311740890691 0.006839383370266903
2 62 0.01821862348178137 0.014023647716627376
0 63 0.022267206477732792 0.017050893267845237
1 63 0.008603238866396763 0.0063403143203995494
2 63 0.014929149797570852 0.01162854755849935
0 64 0.031123481781376514 0.024696600053689406
1 64 0.01062753036437247 0.007691664422831771
2 64 0.023279352226720645 0.018735401626790615
0 65 0.0382085020242915 0.030350535391754883
1 65 0.01619433198380567 0.013253133916618467
2 65 0.027327935222672062 0.02190177953239183
0 66 0.048582995951417 0.039423364944348394
1 66 0.02049595141700405 0.016851751491975573
2 66 0.042004048582995945 0.03277147038787258
0 67 0.07009109311740891 0.052990964674505245
1 67 0.02403846153846154 0.018438088900463896
2 67 0.053643724696356275 0.040949637540044215
0 68 0.08324898785425101 0.05999810922983968
1 68 0.03238866396761133 0.025503527760095922
2 68 0.05971659919028339 0.04412426319543816
0 69 0.0888157894736842 0.06293347599260239
1 69 0.04124493927125505 0.03312719755134399
2 69 0.06983805668016194 0.05416847602475818
0 70 0.09716599190283401 0.06802374926015416
1 70 0.04073886639676113 0.030407067178600283
2 70 0.08274291497975708 0.06093272740277998
0 71 0.1328441295546559 0.0869803355257338
1 71 0.04731781376518218 0.038221631831114544
2 71 0.09640688259109309 0.0681650916275762
0 72 0.1280364372469636 0.08261083171209355
1 72 0.0609817813765182 0.04578310438409063
2 72 0.1014676113360324 0.06945422845902935
0 73 0.13992914979757085 0.092744335497012
1 73 0.06275303643724696 0.04717986922118812
2 73 0.11234817813765187 0.07982127773672751
0 74 0.14853238866396762 0.09117416111602415
1 74 0.06022267206477733 0.043195086072507854
2 74 0.10880566801619432 0.07484004797437145
0 75 0.1490384615384616 0.09191476493755948
1 75 0.06553643724696356 0.047438822829064496
2 75 0.11487854251012145 0.07714809961487909
0 76 0.13891700404858304 0.08657663223048277
1 76 0.060981781376518225 0.043790410248063905
2 76 0.11133603238866399 0.07641690861186451
0 77 0.13992914979757085 0.08560864419123526
1 77 0.05364372469635628 0.03970133519860863
2 77 0.11108299595141705 0.07618379702453675
0 78 0.1295546558704454 0.08103261075331751
1 78 0.048582995951417 0.036414618758395266
2 78 0.10222672064777329 0.07112281939201634
0 79 0.13259109311740896 0.08395446580852368
1 79 0.0513663967611336 0.039818760675112086
2 79 0.09843117408906882 0.06987183159262095
0 80 0.11740890688259109 0.0795183360230277
1 80 0.04757085020242914 0.03590126374136235
2 80 0.09665991902834008 0.06674082561892794
0 81 0.1189271255060729 0.07735097198781594
1 81 0.049848178137651813 0.0362923995480857
2 81 0.09843117408906883 0.06807225888500339
0 82 0.10475708502024292 0.07077886315867624
1 82 0.037702429149797566 0.02854034492129323
2 82 0.08527327935222671 0.05877122586521763
0 83 0.10273279352226722 0.067076943930306
1 83 0.04655870445344128 0.03422718173127073
2 83 0.08628542510121455 0.06101094910187537
0 84 0.09311740890688258 0.0674257819809792
1 84 0.042004048582995945 0.030766506888257876
2 84 0.07793522267206476 0.054135341361291264
0 85 0.10070850202429148 0.06640227354966638
1 85 0.04048582995951417 0.030822964120105947
2 85 0.06831983805668014 0.04963072741405524
0 86 0.10222672064777327 0.0694725210113815
1 86 0.039220647773279355 0.029883918329594687
2 86 0.07742914979757085 0.05727309126867924
0 87 0.09615384615384615 0.06680578780062314
1 87 0.043522267206477734 0.031953003125050616
2 87 0.07945344129554655 0.05850301640117627
0 88 0.09564777327935219 0.06844051293945264
1 88 0.031123481781376524 0.024509802007913913
2 88 0.0784412955465587 0.05727024510216111
0 89 0.09640688259109312 0.0630611870690278
1 89 0.0374493927125506 0.029384381085464237
2 89 0.06983805668016192 0.05142600064752132
0 90 0.09362348178137651 0.0669453458960948
1 90 0.031123481781376514 0.024187990572710677
2 90 0.07236842105263158 0.052196083061004976
0 91 0.09210526315789472 0.06764469933061505
1 91 0.031123481781376514 0.02346633637037951
2 91 0.0736336032388664 0.05414537149962377
0 92 0.08021255060728745 0.05439855478162848
1 92 0.028846153846153848 0.023101186037513276
2 92 0.0804655870445344 0.05930743635191429
0 93 0.07565789473684208 0.052341008025759306
1 93 0.028087044534412953 0.021984054213848626
2 93 0.0797064777327935 0.05758165686477357
0 94 0.06882591093117409 0.049409215846660616
1 94 0.02909919028340081 0.02247942350386333
2 94 0.06907894736842106 0.05024947040043668
0 95 0.06629554655870444 0.047299803043818055
1 95 0.022267206477732792 0.01679366215496116
2 95 0.07034412955465587 0.05149447240659009
0 96 0.05693319838056681 0.040570062023137045
1 96 0.022773279352226724 0.017641039109037332
2 96 0.07236842105263157 0.05136893590202648
0 97 0.05946356275303642 0.045186046663471126
1 97 0.02353238866396761 0.019499067704299423
2 97 0.06629554655870445 0.04728565695545562
0 98 0.04782388663967612 0.03586952878590946
1 98 0.0215080971659919 0.017901686045136228
2 98 0.0584514170040486 0.044122642159259456
0 99 0.050354251012145745 0.035897259449804875
1 99 0.01670040485829959 0.013178065765764494
2 99 0.05237854251012146 0.037677411005549194
0 100 0.04478744939271254 0.033770390147103126
1 100 0.018977732793522262 0.014604104392189808
2 100 0.055921052631578934 0.04179875104798167
0 101 0.036184210526315784 0.030480625801657658
1 101 0.016194331983805665 0.01320779681874144
2 101 0.04681174089068826 0.03661636946052455
0 102 0.03466599190283401 0.027731382790566094
1 102 0.014423076923076924 0.011189314527933288
2 102 0.04630566801619433 0.03542523445670681
0 103 0.02580971659919028 0.021114588772275206
1 103 0.014676113360323886 0.012407637438821544
2 103 0.039726720647773266 0.03145192402001581
0 104 0.027834008097165998 0.022669374835914476
1 104 0.01341093117408907 0.010703394258675709
2 104 0.0374493927125506 0.030416137652138693
0 105 0.02656882591093117 0.02064111096705197
1 105 0.010880566801619435 0.007620158901791036
2 105 0.029605263157894725 0.024430280146625672
0 106 0.021002024291497976 0.016936890754888963
1 106 0.009362348178137655 0.006950712703282413
2 106 0.022520242914979755 0.017001011562412228
0 107 0.023026315789473683 0.01829517172048664
1 107 0.008856275303643727 0.0073768079040730725
2 107 0.023279352226720645 0.019063264521169288
0 108 0.023279352226720645 0.018095064571007114
1 108 0.0075910931174089065 0.005700929165034238
2 108 0.020748987854251014 0.01723829828876868
0 109 0.02100202429149798 0.016761551606377517
1 109 0.004807692307692306 0.003337615864411564
2 109 0.020748987854251017 0.016160819683481962
0 110 0.0194838056680162 0.015299642345487415
1 110 0.008097165991902834 0.005566521384900321
2 110 0.023785425101214577 0.01932761660820605
0 111 0.021761133603238864 0.01745830063786899
1 111 0.008603238866396764 0.006287438448513208
2 111 0.019736842105263153 0.016141400856748395
0 112 0.029099190283400807 0.0218248498849574
1 112 0.00860323886639676 0.005902365825680964
2 112 0.025303643724696356 0.019458361690958374
0 113 0.03593117408906882 0.028787203767577332
1 113 0.009868421052631578 0.0068820744697096455
2 113 0.03213562753036437 0.024059484379058388
0 114 0.04908906882591093 0.0364726573455834
1 114 0.014170040485829956 0.01017480656459972
2 114 0.04276315789473685 0.03414587045839059
0 115 0.06224696356275303 0.04728941827212648
1 115 0.01923076923076923 0.014729626280042681
2 115 0.0569331983805668 0.04277719642405246
0 116 0.07211538461538462 0.05134398637337833
1 116 0.027834008097165998 0.021765674888060957
2 116 0.0604757085020243 0.04650893469051838
0 117 0.08552631578947369 0.059263974113242766
1 117 0.04124493927125505 0.031140017837731612
2 117 0.06376518218623481 0.05014799773953734
0 118 0.0943825910931174 0.06585927518518464
1 118 0.043775303643724686 0.0327190802594766
2 118 0.08653846153846152 0.06219152231763662
0 119 0.1161437246963563 0.0777094490233321
1 119 0.049595141700404854 0.037063709442083106
2 119 0.0999493927125506 0.07285723366021359
0 120 0.11563765182186235 0.07754766492605594
1 120 0.05642712550607286 0.04422138215871322
2 120 0.1120951417004049 0.07448544982917822
0 121 0.13588056680161947 0.08481891034535108
1 121 0.05465587044534411 0.04125228057043503
2 121 0.10931174089068825 0.07467061965632919
0 122 0.12727732793522273 0.08323696021010098
1 122 0.0589574898785425 0.04353165513671479
2 122 0.12120445344129557 0.08076286627044245
0 123 0.1356275303643725 0.08706574574282001
1 123 0.054655870445344125 0.04098873660172292
2 123 0.12930161943319837 0.08582292123872316
0 124 0.13081983805668018 0.08388019920631853
1 124 0.054655870445344125 0.03919290492612945
2 124 0.1098178137651822 0.07140431626891737
0 125 0.13284412955465585 0.08430616946755469
1 125 0.05870445344129554 0.041363715514119694
2 125 0.10829959514170041 0.07279943183623566
0 126 0.132085020242915 0.08400782927352343
1 126 0.04782388663967611 0.036053467154477235
2 126 0.10425101214574899 0.07064513159490397
0 127 0.11336032388663969 0.07627416215410554
1 127 0.04934210526315789 0.03896666962503477
2 127 0.09969635627530365 0.07014443420130509
0 128 0.12550607287449392 0.08058016089371008
1 128 0.04276315789473683 0.03239513972665708
2 128 0.09134615384615385 0.06067906432563572
0 129 0.11310728744939269 0.07321780045171147
1 129 0.047823886639676114 0.03548385491004822
2 129 0.09134615384615384 0.06593591077592313
0 130 0.10652834008097167 0.07233481233516698
1 130 0.04554655870445344 0.033352400840058576
2 130 0.0812246963562753 0.056839315334229805
0 131 0.09539473684210527 0.06737566923941672
1 131 0.03593117408906882 0.027101251574562633
2 131 0.08071862348178138 0.056391630117547144
0 132 0.09210526315789472 0.06405200566535192
1 132 0.03770242914979755 0.029849537209945962
2 132 0.07818825910931175 0.057501664669413775
0 133 0.08704453441295545 0.06117627304586827
1 133 0.03997975708502024 0.029513888744948803
2 133 0.08046558704453438 0.05524224612848755
0 134 0.08603238866396759 0.05879184211986622
1 134 0.04073886639676113 0.03086460656625847
2 134 0.08451417004048584 0.05860128853292448
0 135 0.09362348178137649 0.06282023118862068
1 135 0.03618421052631578 0.029937060985281046
2 135 0.083248987854251 0.059121890597495695
0 136 0.07818825910931174 0.053222978562718085
1 136 0.03593117408906882 0.028786459316830208
2 136 0.08248987854251012 0.05981590064236291
0 137 0.08906882591093117 0.06241024045232172
1 137 0.030111336032388667 0.0236018849526955
2 137 0.07844129554655871 0.056324205169084374
0 138 0.0855263157894737 0.0615602437196646
1 138 0.03922064777327935 0.02949981771156047
2 138 0.07034412955465584 0.052954183901640396
0 139 0.07793522267206479 0.05920019925595887
1 139 0.029605263157894735 0.02307144056094365
2 139 0.0685728744939271 0.04941095843281329
0 140 0.07869433198380564 0.05427984224764122
1 140 0.0326417004048583 0.025627535753699925
2 140 0.0713562753036437 0.05147490108590259
0 141 0.07338056680161942 0.05179933155128578
1 141 0.029099190283400817 0.02256381773297696
2 141 0.058451417004048566 0.04331717586794247
0 142 0.0708502024291498 0.05169852283223759
1 142 0.028340080971659912 0.021358525297675766
2 142 0.061234817813765184 0.046349737876693275
0 143 0.061234817813765184 0.044954853828580756
1 143 0.031629554655870445 0.02479355912201975
2 143 0.058704453441295545 0.042949715845796294
0 144 0.06123481781376518 0.044887349877095764
1 144 0.029858299595141705 0.02344393964901127
2 144 0.05566801619433198 0.04194576741354033
0 145 0.05668016194331984 0.04231470937132863
1 145 0.028593117408906875 0.022090583399232148
2 145 0.06174089068825911 0.045992304961858965
0 146 0.051872469635627534 0.03794974285988915
1 146 0.02252024291497976 0.017464404705012652
2 146 0.04782388663967611 0.03734037751609836
0 147 0.05263157894736842 0.03930088768710491
1 147 0.023026315789473686 0.018763796175503878
2 147 0.04681174089068824 0.03751811060440902
0 148 0.03871457489878542 0.029492076001649964
1 148 0.015941295546558706 0.012143540899445861
2 148 0.04681174089068826 0.03502745439340138
0 149 0.03871457489878543 0.030375470619501632
1 149 0.0187246963562753 0.01481164223310341
2 149 0.046305668016194325 0.03521370457710027
0 150 0.03694331983805667 0.028193927359976622
1 150 0.019483805668016198 0.015152384238195626
2 150 0.03314777327935223 0.02509665147989146
0 151 0.030870445344129555 0.02418067873396336
1 151 0.012398785425101217 0.010805246853197465
2 151 0.040485829959514164 0.031776327843980254
0 152 0.03314777327935223 0.02547457324477476
1 152 0.016194331983805665 0.011776473454619926
2 152 0.028593117408906882 0.023409768073068115
0 153 0.026062753036437243 0.02046204863812718
1 153 0.012398785425101215 0.008106007160220785
2 153 0.03238866396761133 0.024744188023266615
0 154 0.027074898785425103 0.02194798732201247
1 154 0.01467611336032389 0.012117039762431165
2 154 0.0270748987854251 0.020031220827023716
0 155 0.023785425101214574 0.017725404686795572
1 155 0.010880566801619432 0.007875256697455578
2 155 0.02100202429149798 0.016751790423421998
0 156 0.023279352226720652 0.01794183809221481
1 156 0.0083502024291498 0.0061842325942989005
2 156 0.025303643724696356 0.01992808787410252
0 157 0.023279352226720645 0.0184901380063597
1 157 0.008603238866396759 0.0072596976732755255
2 157 0.01948380566801619 0.015602639034766158
0 158 0.02403846153846154 0.018729310599663616
1 158 0.008856275303643725 0.006386208447152745
2 158 0.016953441295546556 0.013087152442245852
0 159 0.024544534412955465 0.019290630695623805
1 159 0.008097165991902836 0.005573731902738224
2 159 0.01973684210526316 0.016508639778715205
0 160 0.031123481781376517 0.02301586758377902
1 160 0.011639676113360323 0.009267279520170096
2 160 0.02125506072874494 0.016614471124237168
0 161 0.03542510121457489 0.029101854376033257
1 161 0.0159412955465587 0.012814338250261214
2 161 0.023785425101214574 0.019039969130397932
0 162 0.05136639676113361 0.03948446386126414
1 162 0.01720647773279352 0.01367795994780448
2 162 0.03593117408906883 0.02800646349651328
0 163 0.06705465587044535 0.04905323422576182
1 163 0.024797570850202434 0.020785966892139802
2 163 0.046558704453441305 0.036339300455138834
0 164 0.07970647773279349 0.05707921907063841
1 164 0.03188259109311741 0.02489802665356895
2 164 0.06528340080971659 0.049675392364855235
0 165 0.09640688259109309 0.06373610803481579
1 165 0.038714574898785416 0.028799370713024085
2 165 0.06376518218623481 0.04743362632510952
0 166 0.11310728744939272 0.07414783384843382
1 166 0.03972672064777328 0.02870239535104021
2 166 0.0847672064777328 0.05957237690708065
0 167 0.1118421052631579 0.07723838338095887
1 167 0.04655870445344129 0.03490152765475956
2 167 0.07413967611336032 0.057107297103000644
0 168 0.12980769230769232 0.08587366003781678
1 168 0.0561740890688259 0.04144362334439914
2 168 0.10121457489878542 0.0699505980506487
0 169 0.14195344129554652 0.09109105605461672
1 169 0.05996963562753036 0.041470147960004894
2 169 0.09539473684210527 0.06608669268729342
0 170 0.15055668016194332 0.09414092751877491
1 170 0.05313765182186234 0.04062004039335401
2 170 0.1077935222672065 0.07242254306863428
0 171 0.13689271255060728 0.0847971464923447
1 171 0.058704453441295545 0.04462893284928529
2 171 0.11437246963562754 0.07591323967249064
0 172 0.1429655870445344 0.09163153216580402
1 172 0.05440283400809716 0.04362947862303673
2 172 0.09665991902834008 0.0668483190597647
0 173 0.14650809716599192 0.09084863167371114
1 173 0.0589574898785425 0.043556547239574896
2 173 0.10374493927125508 0.07188060456089929
0 174 0.13309716599190285 0.08547331125792107
1 174 0.04478744939271254 0.03341318937292211
2 174 0.09109311740890687 0.06178466218630061
0 175 0.13436234817813766 0.08567299288079337
1 175 0.04655870445344129 0.03545584591086581
2 175 0.09185222672064776 0.06451840945547462
0 176 0.1237348178137652 0.0804671671170617
1 176 0.04655870445344129 0.03597469356727259
2 176 0.08704453441295545 0.06266937829778947
0 177 0.11816801619433197 0.07641702199694905
1 177 0.04048582995951417 0.030805301831195658
2 177 0.09362348178137651 0.06429306430156038
0 178 0.10096153846153845 0.06863772291143415
1 178 0.03871457489878542 0.03133289484321024
2 178 0.07768218623481782 0.05742278217608629
0 179 0.09741902834008098 0.06844819265103085
1 179 0.036184210526315784 0.02798440590134275
2 179 0.07818825910931172 0.05535427314431076
0 180 0.11184210526315792 0.07058931335410668
1 180 0.035172064777327934 0.026758234379975522
2 180 0.0860323886639676 0.06406178461998616
0 181 0.10323886639676112 0.06879527154892212
1 181 0.03441295546558704 0.026785497193265003
2 181 0.07034412955465587 0.052976781429916894
0 182 0.1034919028340081 0.06707604107406591
1 182 0.02505060728744939 0.01909421042306169
2 182 0.07565789473684209 0.05334041948298948
0 183 0.09691295546558702 0.0674795075126401
1 183 0.03213562753036437 0.02544099193150461
2 183 0.06503036437246963 0.04927180272840031
0 184 0.09185222672064777 0.06712245437955582
1 184 0.036943319838056675 0.029065788860318263
2 184 0.07262145748987857 0.051617523235578174
0 185 0.09210526315789473 0.06455918103464926
1 185 0.03415991902834008 0.02631491938117343
2 185 0.06174089068825911 0.04681005258267686
0 186 0.09311740890688257 0.06205138903032157
1 186 0.03365384615384616 0.025919860713296904
2 186 0.06351214574898785 0.04649975711866035
0 187 0.08198380566801618 0.05682020882440046
1 187 0.02935222672064777 0.023124306803294477
2 187 0.06857287449392711 0.05052399518289261
0 188 0.08476720647773281 0.05875537310722258
1 188 0.027074898785425093 0.02149476229359139
2 188 0.06072874493927125 0.046098882204985696
0 189 0.0837550607287449 0.060720782515637624
1 189 0.02656882591093118 0.020753192903021505
2 189 0.06705465587044533 0.04871918906046981
0 190 0.07262145748987855 0.05237246766527964
1 190 0.021508097165991905 0.016324431095545714
2 190 0.06427125506072874 0.046128895468358216
0 191 0.07236842105263155 0.05264728591758454
1 191 0.021002024291497976 0.016357707600198907
2 191 0.06351214574898784 0.048439893895219646
0 192 0.05914786967418546 0.04358796160936831
1 192 0.02055137844611529 0.01638116538848797
2 192 0.06290726817042606 0.046139375488839375
0 193 0.06340852130325812 0.0478223720227799
1 193 0.015538847117794484 0.011412119900240483
2 193 0.05463659147869673 0.0413574379074366
0 194 0.06165413533834586 0.04393105229403854
1 194 0.018796992481203006 0.015308337503325454
2 194 0.054887218045112776 0.04143358156752969
0 195 0.04887218045112782 0.03732636093759084
1 195 0.01578947368421053 0.012786244749682324
2 195 0.051879699248120296 0.03871178610074324
0 196 0.046115288220551366 0.03637695551351994
1 196 0.015288220551378448 0.011504911152778302
2 196 0.04912280701754384 0.03794242191371084
0 197 0.04310776942355889 0.033617810780112695
1 197 0.010776942355889727 0.007989734682030042
2 197 0.048872180451127824 0.03784324669575587
0 198 0.03634085213032581 0.028862008877960487
1 198 0.014035087719298248 0.011530412399343222
2 198 0.04160401002506266 0.0317518062703218
0 199 0.03583959899749373 0.02944586982916984
1 199 0.013032581453634087 0.009844684356414285
2 199 0.037092731829573934 0.02967243221013713
0 200 0.03709273182957393 0.03058994422091385
1 200 0.012781954887218047 0.009673612158428347
2 200 0.03634085213032582 0.027160577802157748
0 201 0.03383458646616541 0.025930350688139814
1 201 0.008771929824561406 0.006654943852638414
2 201 0.02982456140350877 0.02344913922774901
0 202 0.030075187969924817 0.02370903148982693
1 202 0.011528822055137845 0.008172463793805587
2 202 0.02606516290726817 0.02044837507172822
0 203 0.03032581453634085 0.0240593438945731
1 203 0.008771929824561405 0.006388751002899345
2 203 0.027318295739348374 0.021520425852026265
0 204 0.02556390977443609 0.01922673094059988
1 204 0.009022556390977444 0.006488564250831627
2 204 0.02355889724310777 0.020489234668201937
0 205 0.026817042606516288 0.021015556330485363
1 205 0.008020050125313283 0.005382080218344204
2 205 0.021052631578947368 0.01630129234557704
0 206 0.021553884711779447 0.0166965408099446
1 206 0.007017543859649123 0.005062463581614414
2 206 0.020050125313283207 0.015175071802949901
0 207 0.020300751879699253 0.01643463634006143
1 207 0.0057644110275689225 0.004308734339021134
2 207 0.014536340852130326 0.010638639008161732
0 208 0.035087719298245605 0.026763649658010667
1 208 0.010776942355889725 0.009019456694513421
2 208 0.025814536340852134 0.020677788147935264
0 209 0.04010025062656643 0.03158434248358917
1 209 0.01303258145363409 0.010019657443074804
2 209 0.029824561403508764 0.02388550197719071
0 210 0.05087719298245614 0.03859511296877399
1 210 0.01929824561403509 0.01566604630948571
2 210 0.0443609022556391 0.033866085237253596
0 211 0.06516290726817041 0.04897827938746857
1 211 0.02205513784461153 0.01734931263709393
2 211 0.05162907268170425 0.03976643430199488
0 212 0.07368421052631578 0.05262537225884683
1 212 0.031578947368421054 0.026240583315387447
2 212 0.0586466165413534 0.04312046177537665
0 213 0.09172932330827067 0.06409225244794352
1 213 0.03784461152882206 0.03003910081656868
2 213 0.07769423558897243 0.057358181786269884
0 214 0.1055137844611529 0.07241338628874718
1 214 0.04912280701754386 0.035422855759949724
2 214 0.08421052631578943 0.06107090121110923
0 215 0.11002506265664158 0.0746231103514856
1 215 0.05213032581453634 0.04048813188612366
2 215 0.08295739348370924 0.058070002863799194
0 216 0.11353383458646614 0.07705709407647826
1 216 0.05463659147869675 0.04158007663261086
2 216 0.09398496240601505 0.06485293286632715
0 217 0.12255639097744357 0.08081773435915879
1 217 0.0543859649122807 0.039911713381012945
2 217 0.10476190476190479 0.07391452567234351
0 218 0.11353383458646614 0.07762674658094426
1 218 0.0644110275689223 0.047362491277773366
2 218 0.11353383458646615 0.07700598766431736
0 219 0.13533834586466165 0.09011026636941284
1 219 0.06466165413533834 0.045310626313814606
2 219 0.11102756892230572 0.07858381222484148
0 220 0.12456140350877191 0.08242599983162298
1 220 0.06165413533834587 0.047599654772829125
2 220 0.10676691729323305 0.0740714986617351
0 221 0.11979949874686717 0.07565549296180996
1 221 0.05664160401002505 0.0411509358164376
2 221 0.10401002506265664 0.07387348599334916
0 222 0.12230576441102756 0.08058584526948383
1 222 0.0518796992481203 0.03814926744275138
2 222 0.11102756892230577 0.075420612637161
0 223 0.12030075187969921 0.08137866482110384
1 223 0.052130325814536346 0.03812679663625534
2 223 0.0982456140350877 0.06636144520926968
0 224 0.11027568922305762 0.07395888819480793
1 224 0.043107769423558887 0.03623535014410527
2 224 0.09849624060150373 0.06984501677876022
0 225 0.11052631578947367 0.07554199712513018
1 225 0.04411027568922305 0.0330820636500345
2 225 0.1057644110275689 0.07690990487042278
0 226 0.09223057644110276 0.06362924439010215
1 226 0.0401002506265664 0.03324528591472995
2 226 0.08345864661654134 0.05764109647181553
0 227 0.10075187969924813 0.07125262571669823
1 227 0.04461152882205513 0.03336526928716711
2 227 0.07418546365914787 0.05288261690500053
0 228 0.09273182957393485 0.06604119576316292
1 228 0.041604010025062664 0.030370535950397064
2 228 0.07744360902255637 0.05657769040172584
0 229 0.08847117794486213 0.06336258199024887
1 229 0.039348370927318285 0.031059304312384836
2 229 0.07167919799498745 0.0555490358076027
0 230 0.08822055137844609 0.06409622222359804
1 230 0.04511278195488723 0.034320196898148796
2 230 0.07468671679197995 0.054146383315644704
0 231 0.09298245614035086 0.0645218407573257
1 231 0.03383458646616542 0.02675779748160346
2 231 0.0731829573934837 0.05253239223328152
0 232 0.07844611528822053 0.054581384412627894
1 232 0.03684210526315789 0.028465781492320246
2 232 0.07894736842105261 0.06209092884508203
0 233 0.08696741854636589 0.06378690736813908
1 233 0.04035087719298246 0.031571121168856776
2 233 0.07418546365914785 0.052341634567592325
0 234 0.08220551378446114 0.05789966922027257
1 234 0.03609022556390978 0.028161577017502964
2 234 0.05889724310776941 0.043000852585207104
0 235 0.08897243107769423 0.06202474625028004
1 235 0.03383458646616541 0.026598307752612353
2 235 0.06416040100250626 0.04943159557024324
0 236 0.06992481203007517 0.05309450741086127
1 236 0.02832080200501253 0.022066121043652017
2 236 0.06666666666666665 0.05022925931879427
0 237 0.0756892230576441 0.054600543945650365
1 237 0.030827067669172935 0.024288488994176006
2 237 0.06691729323308271 0.04941483069616598
0 238 0.0681704260651629 0.04876807529005049
1 238 0.027568922305764406 0.023677988620991457
2 238 0.05162907268170426 0.03927662306553591
0 239 0.07343358395989975 0.05413348820204802
1 239 0.028320802005012524 0.02200922759545545
2 239 0.05037593984962405 0.039246547971107715
0 240 0.06365914786967418 0.04843510798837086
1 240 0.02481203007518797 0.020203950006060893
2 240 0.051879699248120296 0.039630392522635956
0 241 0.06716791979949877 0.05075970939761941
1 241 0.023558897243107776 0.018941345808136598
2 241 0.05213032581453634 0.03825475259300154
0 242 0.056140350877192956 0.04444982193204446
1 242 0.02355889724310777 0.017405323093781167
2 242 0.04310776942355889 0.03339836870663796
0 243 0.057644110275689206 0.04395381361045227
1 243 0.01904761904761905 0.015124784481447814
2 243 0.046115288220551366 0.035969640231222864
0 244 0.04887218045112781 0.03641359382810741
1 244 0.020551378446115286 0.01605790166683482
2 244 0.04285714285714285 0.03659471578193474
0 245 0.05112781954887219 0.0388965473335099
1 245 0.01954887218045112 0.014323061976065225
2 245 0.042606516290726815 0.031230453060065735
0 246 0.04586466165413534 0.034960057907824596
1 246 0.021553884711779447 0.01778671785250703
2 246 0.03759398496240601 0.029123495844790393
0 247 0.048370927318295724 0.03746232001391052
1 247 0.018796992481203006 0.013792794309241454
2 247 0.035087719298245605 0.0283176064471741
0 248 0.03984962406015038 0.030172105256257287
1 248 0.01954887218045113 0.01571212477389951
2 248 0.03734335839598997 0.028024037268414837
0 249 0.04385964912280701 0.03263455176217758
1 249 0.013283208020050128 0.010742771902050861
2 249 0.029573934837092725 0.023363204785042602
0 250 0.031829573934837097 0.024732056635418408
1 250 0.015037593984962409 0.011594674642059205
2 250 0.030827067669172935 0.023473322643488625
0 251 0.03057644110275689 0.024035556413249545
1 251 0.014536340852130326 0.010557841608683309
2 251 0.029072681704260653 0.022958487790897954
0 252 0.03734335839598997 0.028932747459933322
1 252 0.017042606516290727 0.013801999667876763
2 252 0.03182957393483708 0.024027089378376377
0 253 0.03784461152882205 0.028219175943522405
1 253 0.011779448621553888 0.009286083175240756
2 253 0.029323308270676685 0.024045313088917476
0 254 0.038345864661654135 0.028318374784887104
1 254 0.014035087719298246 0.010803781491385108
2 254 0.023057644110275693 0.018192021545519396
0 255 0.03383458646616541 0.0280292537719798
1 255 0.010025062656641603 0.007674732492042243
2 255 0.021804511278195493 0.0170819219621433
0 256 0.03533834586466164 0.02766566375347615
1 256 0.015288220551378448 0.012114904875283047
2 256 0.028320802005012524 0.022221760660734568
0 257 0.042606516290726815 0.03226736064838566
1 257 0.014536340852130326 0.012300929064027357
2 257 0.03283208020050125 0.026532104481305583
0 258 0.05137844611528821 0.03900075318256496
1 258 0.025814536340852127 0.020286086436730483
2 258 0.04135338345864661 0.03285673100974206
0 259 0.06190476190476191 0.04453067252127408
1 259 0.022556390977443608 0.0180074672994435
2 259 0.047117794486215545 0.041112771917816156
0 260 0.07418546365914787 0.050320527126034464
1 260 0.031829573934837076 0.025262818216363173
2 260 0.05914786967418545 0.041209377133925494
0 261 0.06892230576441101 0.05355679455835092
1 261 0.027819548872180445 0.022809736537978107
2 261 0.05739348370927318 0.04266780462229308
0 262 0.08972431077694236 0.06211935496587675
1 262 0.04085213032581453 0.030121530315600505
2 262 0.07368421052631577 0.05489928126244588
0 263 0.0969924812030075 0.06631141059258287
1 263 0.0443609022556391 0.03571825157547631
2 263 0.08571428571428569 0.061524536905495364
0 264 0.11102756892230577 0.07452162931322845
1 264 0.051879699248120296 0.03965182721150428
2 264 0.09122807017543859 0.06909355944277012
0 265 0.11228070175438597 0.07802414934222217
1 265 0.05087719298245614 0.040408351435661946
2 265 0.1032581453634085 0.07432985891870657
0 266 0.11578947368421051 0.07603389752374297
1 266 0.0531328320802005 0.04001664275839694
2 266 0.11027568922305765 0.07762984456739455
0 267 0.11979949874686714 0.07930474219528988
1 267 0.04837092731829573 0.036678282865771746
2 267 0.1268170426065163 0.08605926846977296
0 268 0.12456140350877191 0.0830194924140559
1 268 0.04887218045112781 0.037932341888737314
2 268 0.10977443609022555 0.07594973283397399
0 269 0.1120300751879699 0.07553578191845134
1 269 0.06115288220551378 0.04726630899756091
2 269 0.1070175438596491 0.07483600516291553
0 270 0.11654135338345865 0.07760423886589518
1 270 0.04686716791979949 0.03740078387884799
2 270 0.10250626566416039 0.07120594461686829
0 271 0.11503759398496237 0.07711850368669694
1 271 0.04611528822055137 0.03506545764108217
2 271 0.10100250626566414 0.06749612421440614
0 272 0.1145363408521303 0.07464806711974858
1 272 0.04436090225563909 0.03253286666337852
2 272 0.09899749373433582 0.06918474551933457
0 273 0.10125313283208018 0.06941496521642573
1 273 0.04962406015037593 0.035373329030853426
2 273 0.08872180451127819 0.0626677959660013
0 274 0.09248120300751879 0.06402701778969855
1 274 0.04360902255639098 0.03360324198076374
2 274 0.08796992481203005 0.06337634285496878
0 275 0.0794486215538847 0.05440014272338913
1 275 0.04461152882205512 0.03298170828484418
2 275 0.07844611528822051 0.05742927156648428
0 276 0.0894736842105263 0.0652998294440635
1 276 0.04310776942355889 0.033542347802085856
2 276 0.08471177944862153 0.062176815872036675
0 277 0.09047619047619045 0.06409720609651912
1 277 0.04035087719298245 0.03132055480969711
2 277 0.08120300751879696 0.06040489634452772
0 278 0.09197994987468672 0.062597315593405
1 278 0.035839598997493734 0.027338058284481232
2 278 0.07794486215538848 0.0566339594349961
0 279 0.08771929824561404 0.06315810933056407
1 279 0.03458646616541352 0.026150876053205888
2 279 0.08621553884711779 0.06406680323348617
0 280 0.0857142857142857 0.06231393909503997
1 280 0.028822055137844603 0.022450839706833533
2 280 0.07493734335839597 0.05651465899226333
0 281 0.07769423558897243 0.056444480529146926
1 281 0.03759398496240601 0.029558507919022658
2 281 0.0844611528822055 0.0627834776252411
0 282 0.08120300751879697 0.062185561594772995
1 282 0.029323308270676692 0.023714362423202327
2 282 0.06691729323308271 0.052082890141438895
0 283 0.07994987468671678 0.05629137324731139
1 283 0.03283208020050125 0.026756453908379302
2 283 0.0681704260651629 0.05216964185629374
0 284 0.0962406015037594 0.06783698386157173
1 284 0.027067669172932327 0.021630719981062294
2 284 0.05889724310776943 0.045755180425419255
0 285 0.08220551378446113 0.06073265686601832
1 285 0.024060150375939848 0.01886489319448832
2 285 0.06040100250626566 0.04394239837765128
0 286 0.08295739348370924 0.06034638664916114
1 286 0.029323308270676685 0.022876509034803587
2 286 0.05513784461152881 0.04217447159328404
0 287 0.08195488721804511 0.058945438859849035
1 287 0.02581453634085213 0.020233910418936747
2 287 0.05639097744360902 0.04278455512223019
0 288 0.06466165413533832 0.047907551575829814
1 288 0.02882205513784461 0.02382327542577133
2 288 0.05664160401002506 0.04415779774123514
0 289 0.07368421052631578 0.053526386217328616
1 289 0.024310776942355887 0.018836077513927074
2 289 0.05338345864661654 0.041906789265070875
0 290 0.06416040100250626 0.04840238169408423
1 290 0.02105263157894737 0.01761789498651972
2 290 0.05137844611528821 0.03937513604745779
0 291 0.06416040100250626 0.0459935475894721
1 291 0.023809523809523808 0.017927969206534996
2 291 0.054135338345864654 0.045039256165461464
0 292 0.055889724310776934 0.04030740156722734
1 292 0.01829573934837093 0.015614301166605582
2 292 0.047368421052631574 0.03711337110392109
0 293 0.061403508771929814 0.04711353788190216
1 293 0.02155388471177945 0.017030436045809828
2 293 0.0506265664160401 0.03904636174391287
0 294 0.05162907268170426 0.03832747123471721
1 294 0.01979949874686717 0.01611121884927517
2 294 0.04786967418546366 0.03836857423975378
0 295 0.05739348370927318 0.04412405350199664
1 295 0.022556390977443604 0.01807832697592596
2 295 0.03709273182957393 0.028450485709762156
0 296 0.04786967418546366 0.038624273656388985
1 296 0.015789473684210527 0.011676149122251974
2 296 0.04385964912280701 0.033987437086591486
0 297 0.04310776942355889 0.033588456584065784
1 297 0.020802005012531332 0.016051445439621403
2 297 0.042355889724310765 0.03343868649401889
0 298 0.0443609022556391 0.03313640023688528
1 298 0.01879699248120301 0.014918687012914454
2 298 0.04310776942355889 0.0350334499647454
0 299 0.04786967418546365 0.03789532502551233
1 299 0.015037593984962409 0.011896030784497058
2 299 0.03583959899749373 0.02874180394050818
0 300 0.04110275689223055 0.0319216021885941
1 300 0.01779448621553885 0.013427842897841108
2 300 0.027819548872180452 0.022077333477709033
0 301 0.04035087719298245 0.029814533571040292
1 301 0.012781954887218047 0.009750360632779592
2 301 0.03057644110275689 0.02406632053854135
0 302 0.04085213032581452 0.03486455080313136
1 302 0.013283208020050124 0.00994344000013928
2 302 0.02656641604010025 0.021063100281353636
0 303 0.04185463659147869 0.03306521084817258
1 303 0.010025062656641607 0.0071214978096317185
2 303 0.019298245614035082 0.015255531480854682
0 304 0.041353383458646614 0.03290231518579151
1 304 0.014035087719298248 0.010575881810766513
2 304 0.023057644110275687 0.018893129417359517
0 305 0.04862155388471177 0.03660713227132657
1 305 0.01729323308270677 0.012819647584296948
2 305 0.031829573934837097 0.02574017768158615
0 306 0.05513784461152881 0.04256682726242502
1 306 0.01829573934837093 0.015355986185441232
2 306 0.03508771929824562 0.027520728446369016
0 307 0.06265664160401002 0.0489425077535647
1 307 0.02656641604010025 0.022216000844027722
2 307 0.0443609022556391 0.03551393869257593
0 308 0.07468671679197997 0.05483683076026643
1 308 0.025313283208020055 0.02010775029354282
2 308 0.05413533834586465 0.03983574613021921
0 309 0.07192982456140351 0.05358159217559275
1 309 0.027067669172932327 0.020728663420033343
2 309 0.05964912280701753 0.056761042397087784
0 310 0.08070175438596489 0.058268711124165457
1 310 0.036090225563909756 0.02856913256403701
2 310 0.07017543859649122 0.05359336748550225
0 311 0.09473684210526313 0.06815328418316657
1 311 0.0355889724310777 0.025885620247573907
2 311 0.0706766917293233 0.055146419777604115
0 312 0.10426065162907266 0.07118263531643475
1 312 0.03984962406015037 0.0317653305510254
2 312 0.0807017543859649 0.05971348593913404
0 313 0.11228070175438597 0.0790550877408489
1 313 0.05137844611528821 0.03710910475504491
2 313 0.0756892230576441 0.05502203462395543
0 314 0.10927318295739352 0.07578108416675298
1 314 0.04786967418546366 0.03611471033615393
2 314 0.09273182957393482 0.06531071905777536
0 315 0.13157894736842102 0.0893638542572543
1 315 0.05087719298245613 0.03874982527462126
2 315 0.09649122807017542 0.06826118949412932
0 316 0.11804511278195488 0.0774026422351338
1 316 0.049373433583959875 0.03710944823895202
2 316 0.0832080200501253 0.06175782044034311
0 317 0.12380952380952377 0.08228022005746853
1 317 0.05037593984962405 0.03890642832299789
2 317 0.08245614035087716 0.060406359639689454
0 318 0.10952380952380954 0.07745398181615819
1 318 0.042355889724310765 0.03170191207979594
2 318 0.0807017543859649 0.06024529583176659
0 319 0.1120300751879699 0.07616317388240033
1 319 0.04837092731829575 0.035223972720977055
2 319 0.08120300751879697 0.058502234116924685
0 320 0.10877192982456141 0.07330174295157917
1 320 0.04586466165413533 0.0350459742442556
2 320 0.0744360902255639 0.054787500454879186
0 321 0.10225563909774438 0.06804039440260495
1 321 0.03884711779448622 0.03020513310230202
2 321 0.07644110275689224 0.05802573230794361
0 322 0.08646616541353382 0.06128241605265941
1 322 0.035839598997493734 0.028307209929062726
2 322 0.07017543859649118 0.05440675582217437
0 323 0.08897243107769423 0.061862559447922155
1 323 0.03533834586466165 0.027605730785963546
2 323 0.0676691729323308 0.05353363414554447
0 324 0.08972431077694235 0.06362645843568838
1 324 0.03934837092731829 0.029008499637077943
2 324 0.06466165413533834 0.048311699085437365
0 325 0.08997493734335839 0.06509066646037877
1 325 0.03358395989974936 0.024965715485170903
2 325 0.0731829573934837 0.05489878581815594
0 326 0.08496240601503756 0.0637047228664431
1 326 0.031077694235588968 0.024458462681906535
2 326 0.0674185463659148 0.053015389353292634
0 327 0.0857142857142857 0.06365076622103799
1 327 0.03483709273182957 0.02744177840432269
2 327 0.06691729323308268 0.051183948568539514
0 328 0.08320802005012533 0.061055680447159366
1 328 0.03132832080200501 0.024708679294896407
2 328 0.06466165413533832 0.049866214387749914
0 329 0.08245614035087717 0.06225941325392479
1 329 0.03132832080200501 0.02453365974292695
2 329 0.06390977443609021 0.04869616167354416
0 330 0.07819548872180448 0.05803501924578856
1 330 0.027067669172932327 0.02215041628880518
2 330 0.05989974937343357 0.045794666028861786
0 331 0.09398496240601505 0.06574822256920797
1 331 0.027819548872180456 0.02131725757470414
2 331 0.0606516290726817 0.046406047415681335
0 332 0.08421052631578949 0.06170724950685904
1 332 0.024561403508771926 0.019618697601530944
2 332 0.055137844611528826 0.04247210560334458
0 333 0.0864661654135338 0.059516539843786805
1 333 0.02205513784461153 0.016608108239638708
2 333 0.06015037593984961 0.04500863048866073
0 334 0.07368421052631578 0.055218457568896914
1 334 0.01954887218045112 0.015387781764412958
2 334 0.059649122807017556 0.044144246792845426
0 335 0.07418546365914788 0.055048466661762566
1 335 0.014536340852130325 0.012097628578087015
2 335 0.053634085213032576 0.04191258082448777
